"","943951","377820","1061254","1227269","1954122","1022116","825707","619138","382694","3","1054467","1228656","1222757","1229088","358709","595384","1757157","1014773","1330946","80491","277668","809835","1396684","1547790","42360","1585411","1650389","871454","890402","86075","1558822","1985204","1220820","1229575","945260","1522","618856","1610","585405","1959583","1948051","1020356","1054436","1035451","1640669","1788476","965171","1537801","1771567","1640971","748949","1546972","610","1072229","276611","906245","924083","339592","948743","1061169","86929","592595","821875","1474445","1221672","1221019","1054097","1015291","1663663","1940351","7253","834094","1650833","592575","1585471","1062109","1397213","1546839","770466","1562351","595759","1650972","1221800","42800","815962","810590","1034988","1249933","1397529","1650816","1229640","1020311","1925456","623226","1955438","1399240","716093","955527","1615547","87434","1650788","881827","1338325","1555181","7839","1245394","923876","939680","833789","1757508","1407210","1650978","850231","7716","276658","1940473","377828","618569","769751","7155","1948409","808593","715708","1656602","1547463","275521","618021","848172","722320","1229037","1948341","1645185","948225","1660876","1783581","1757870","1641247","221759","1650372","592233","1756130","834191","1613308","1061431","772340","1546622","985767","1640716","1054510","595731","1338378","1061435","86903","381495","253947","1755681","738925","1594247","1229795","964082","618289","1947988","595723","868331","1097349","1991177","86506","1771380","1573679","815841","1613690","715081","1817","810801","1947950","1612953","340216","943742","1650160","1062310","596713","715458","1582192","1756841","1686221","800436","42041","1546083","618723","965200","1819","1585730","823229","943760","381502","948425","1650725","42716","1758061","1948338","608267","1396712","1947889","1995621","1220751","1559232","611618","1553084","1756965","799245","42072","618059","560776","608344","1653317","950190","1641028","1099381","1548000","963290","1791686","1948313","1926414","1640991","339302","823945","596031","1792957","1757962","1788377","1788637","871464","1396912","1651056","586116","605138","1255008","724468","1948289","985798","1767636","7798","948908","618883","498807","1472157","964480","619882","1019542","1585563","1643660","1407804","939693","1091","1110391","42765","358127","1756401","340831","1619652","1396691","893041","1472017","611644","1229462","1620091","948010","808300","278975","1330915","715295","1396810","811568","1114429","1756140","983149","1472173","1959544","1633748","940540","1756695","1948186","1639426","86622","964264","737498","42251","1788462","1622335","359266","771657","1787964","215855","1592340","1471874","1397294","1547726","86881","955487","1022281","1788106","706876","1619631","1039032","1261667","85466","1313407","884962","1396999","714988","948771","597089","42308","2008368","1547541","964235","1947674","1757035","8398","715075","893064","963822","965207","947859","1658931","940016","963492","964191","8202","1788061","1650690","817726","1475251","1620260","1397259","1472038","358959","1646804","1613349","799838","385481","923871","7287","1221415","1669601","1816560","1472039","611502","1641036","408","1236377","1546740","1605001","42848","619462","8223","3371","618389","808247","1756550","955539","1024089","1474849","1229839","871687","1396833","276542","1771789","1767804","596884","1755705","7786","1338557","905580","714767","1252655","1545927","1650634","1784579","1954784","826240","1789","8618","592370","1758025","611597","360059","1640949","2013765","823579","1561021","1547015","1757404","1582584","1613303","1650581","1010637","1102195","612060","1640890","850277","249466","611504","1947804","1264","42598","1282108","1252804","1937869","1471309","608885","722338","1396776","1475271","1620148","618685","276072","1633597","85","595722","1786680","1038526","1335756","1555172","810473","1019548","1061162","1601198","1583804","1174","611711","1585831","983210","1757911","1755661","1397256","1948216","1023482","715792","1925","1053754","947752","1788415","618991","1650187","1055233","868381","1787769","1948425","1255007","963161","1732032","1220960","1691","85428","618978","939700","605156","1014709","607761","86305","595627","844625","1651073","514","1229163","1053861","619217","1547003","1757787","608806","42706","1054325","983299","1940334","276660","808487","940441","1757075","2011418","618351","498839","563124","1788048","822969","1053575","884756","1547630","823940","1586055","1984028","1020349","357981","42546","42200","1652165","1991415","280578","1633722","1614082","940701","278971","1585329","1948193","85434","1249974","1014705","943956","1757378","1940860","1633702","1947803","1682619","1984626","1586171","1700113","339443","1020992","1614246","1396908","923882","1651174","1942964","7251","1472130","1725290","948642","1650448","7226","1787716","1101877","1221448","1783083","964933","885194","1035457","1335988","169","707069","592834","715139","1102165","1396821","931908","940309","594447","843922","810877","964873","1673311","1585547","1940308","948001","929710","1022082","1910200","714678","1756455","844315","570495","1228566","1808539","1995024","8653","1311709","1954546","1948376","1584256","951777","1948434","1662931","1756252","608175","1788696","1471938","1948142","722264","1633630","793205","1784535","277997","943434","8626","1582119","1915837","360042","1586096","1954718","1673146","1061186","1017678","1396629","358257","596960","1760140","770822","592763","340272","42714","585271","1313564","1407382","611232","1939984","942955","1228982","1787762","1120649","1229409","1619907","1229019","715473","1656589","596825","939975","1757763","1668","618925","714995","359330","571930","1022092","948088","1222406","1054228","608874","816115","1229338","947862","611605","1771783","1220941","1053772","1620067","810813","632504","1756248","1401958","591656","1547366","358485","1010545","43056","342004","1650701","1757042","1039633","1948473","714713","832031","947775","885648","943919","1788668","825404","924133","943480","1782528","1695339","1396586","8006","1651022","948421","1641440","1476529","42683","1023683","85613","215612","1299716","1331037","963697","815919","948352","83495","1054000","1629163","619832","1016250","1954669","963367","618697","825725","1338535","295552","1940413","1099353","948814","716015","283059","948223","264246","608674","1456353","1022202","1582779","83474","355095","1407605","1787811","964732","948111","593156","604854","1620198","1641230","1953188","716013","715008","1039622","385611","1756509","1053517","923859","1010567","597419","881095","1053816","1601214","948586","42419","594431","618519","498775","808933","611905","611505","948781","1229560","1397422","1585733","715671","1580592","807274","611660","943400","964489","1619947","1650429","223490","612262","1613357","1110958","1737700","359023","1757819","1757619","780764","943424","276104","1593909","943904","1229670","1695333","382931","903937","1784674","1338372","1760928","1947477","1651018","1396936","965378","607733","42703","1229774","1054456","815948","836611","855483","1546113","1699","344","850052","1034994","943414","619219","1613958","352560","1614243","817395","1407379","948191","1221709","6971","1052154","817641","358464","951365","1547575","715159","611630","1038413","276134","358487","1613775","80542","1585379","1613243","1791677","227635","1270464","1650147","1053809","715874","1118","592443","591767","1758098","596844","1727110","338250","893085","8263","1633700","941619","1061405","86313","1619884","983309","1053675","1585751","1560598","983217","1613931","944757","1039513","1658943","821909","1016222","1727107","963379","618465","1547161","1229848","382692","1547043","1943039","1756227","246481","1061356","1613859","2011404","944734","1396698","1229175","1788425","8140","595812","951208","1221196","1619552","1024211","338173","1252610","86913","282868","618521","950","1629171","794482","1650971","809838","800484","1062002","939891","1757616","1942858","1729642","339167","1054159","944670","1613005","1547423","1547512","1035450","1249381","722281","752573","1054088","353354","1619530","608492","595979","1651168","903969","1221286","1620199","1053462","632549","595465","596621","385823","832080","1948105","1022362","1715407","618187","224203","1221202","595640","1586041","1220746","358305","42832","868273","1941951","358429","1620279","1641303","1014549","834211","1613947","1061259","1650545","262775","1650269","335866","1713","1547237","1061445","1229333","1641583","1756223","596568","948896","848141","1586210","632574","282696","1613950","827636","1677842","611283","1249820","1725514","42794","1613824","592475","1656640","1052141","618987","227672","618800","1991186","1120624","1941981","1249410","42359","810268","825772","1071878","608852","1645186","944777","1650567","596611","809794","608444","1640723","1396843","948581","1592313","1558286","1984998","1117604","939958","1652170","1940396","1124260","715789","1663289","1756188","1788104","947827","276100","706590","1724212","963679","612148","948837","1116914","1640749","1959593","825849","940265","1101802","943321","715419","629011","1830","42133","1071436","1640789","592510","1053695","714799","358168","1938277","1942939","1784573","1615142","1758438","1739024","1276484","632621","338207","1397211","1725279","42972","1038239","42457","611892","605349","1397563","826133","86398","1116861","1650407","358701","1053896","815750","385360","1651130","1330911","1771243","607767","1472073","827649","1757784","1014846","1220722","275506","1396896","1054150","1856","592645","1613093","1652138","611392","86838","1641403","1940444","340230","86831","1585625","884904","1253602","1233572","808507","1737718","618962","1594006","1613968","810038","951298","275952","1613455","1615244","1757577","1640796","1650862","1585413","809814","1619941","1250126","1947604","1629181","1594408","1652166","1641470","358086","1788174","1194","1787984","963185","575639","943679","605169","359897","1397376","1229763","1614","985764","348387","42356","1677850","611042","612167","1771844","2013606","1656601","1931","1472181","1062414","1760178","1229378","1229431","943274","612000","799943","340266","1584068","940189","1053499","1758368","944845","1116470","608125","1771804","1221947","1641043","592894","800702","593049","943328","570501","1021063","1053851","1260047","1062025","1756498","595682","706714","881735","951074","1758153","715836","1220997","822419","629023","8218","1397383","1771352","715390","923920","772226","604811","1615217","947663","1788138","592389","1787923","722355","1396501","611805","715945","1788024","1546471","358939","1545963","850194","1599485","1732086","833348","1729","1547918","1613299","597301","1816307","940702","963406","1015680","1229516","1619529","1685140","943878","1019839","985810","1054451","275562","1948331","1758174","964947","7291","619356","1771371","1788130","1948189","1547510","1228577","1942922","612188","823611","833959","574413","1641291","939675","86389","823280","1613579","1053805","1456349","1014746","1947839","788990","595416","1863","943350","1615377","706934","619152","1613242","940466","722242","1925222","964343","1220878","1229103","1613402","611812","948872","1021966","1757159","119","1612974","618700","42537","620078","1958442","1052228","1228617","943556","1641579","1054130","707047","1585407","620091","1560855","1594386","944857","1255095","1962424","498829","751866","612185","1054275","881091","947639","42126","943867","608419","1021412","629010","1651046","1099398","42195","1620262","1615137","942951","618938","619343","611875","1758026","358145","42278","8054","1221370","1756593","832021","1055428","1229308","611790","275520","1788311","278020","929642","1619864","359850","1227154","1562338","1757719","358317","1661","338761","597057","822029","815223","1476042","595599","1931893","1938252","1757809","715765","1330640","1053439","1021963","1954688","381515","1954506","1547158","594533","595902","1022241","1650888","1662889","1933186","943291","1396599","1014877","844277","619324","842","799531","42627","575823","608652","1725338","598798","385352","1586021","1397584","695128","1613741","1053807","338198","948776","1620012","799289","1948131","8550","1016442","1338278","257968","770314","1620129","618738","1613191","560922","358225","592977","1663648","358610","881778","1209","1293486","1622334","1788127","810750","1156","706948","889419","1014169","1034995","358408","1629168","983","618369","1756950","1620139","1547156","618849","940628","783927","569007","608190","1020296","43036","1292839","939920","1582785","592615","1613559","942973","1633740","809906","1880","1304560","1674034","1679746","265254","823208","1397075","1991199","1100677","940807","948834","381514","1585571","1954650","594733","1061336","715431","1586244","608452","844349","1784684","215842","1650805","85470","1053964","940103","706990","611044","1220694","1593904","823001","1776375","1472035","1662748","280070","83663","611474","358782","1594464","1757611","1926365","1991232","1407217","1228880","358374","1397180","948613","1054479","593032","611461","42438","7169","1889","726057","7142","1399122","608284","948624","618981","1732","929800","1582211","351892","1471884","1054499","1641293","1407280","1407018","1641304","1055259","964487","820362","1601171","808327","948635","1951","948104","714797","799643","611312","963375","1594983","42713","608044","1615357","1757497","770538","868292","257841","1335741","1221039","1338354","799981","715738","940428","1787831","1117498","1586561","185","1756797","809995","1948101","1771867","1397179","1743011","1911376","940962","592858","1755699","1222451","715025","722311","1787698","1641721","358964","592871","948731","381510","1641222","1629198","2011235","608714","1250171","1054969","1229226","868315","808325","1221227","827797","1962655","1038476","1658926","1641617","42511","1946494","983285","955530","1947827","610208","1071674","1397030","1053694","1632556","948200","1397237","1054534","886079","359343","1962431","1054084","1586497","1229123","1220726","275597","779672","8121","1054558","1727139","1252940","831849","1227171","608375","1238664","1547719","1620154","280421","889606","1293744","963197","1023506","1061209","964321","1038412","1757754","524","1947599","940483","1695329","1651199","808498","1547254","947842","1650885","42178","963827","1633572","1926353","1948365","1062395","1545635","1229400","769406","1756605","1210","1585806","8203","1641245","1650459","1220651","618853","1474428","334911","929886","1229976","1102403","1221819","1640644","1641445","1284","633346","358313","1547997","86409","1991179","1995124","1547394","596326","1034991","1048929","594554","1689320","871480","498834","608168","964119","1547593","1474984","1948288","1229235","595792","1474442","1586359","1620767","1645176","1054709","42292","1053862","1651047","948844","715816","382664","955514","1594354","722270","1116920","1397533","592999","1650241","1222151","1582161","809262","1650812","609938","1619879","1048390","1660411","943893","607985","779637","940712","1054117","847953","2008373","1114910","770858","1678005","1948046","943997","747564","595788","1948063","1948321","722803","277110","827822","596724","1619653","1663180","1613457","1399294","8156","827796","1054363","1573515","1010678","597225","1994955","1787917","1229185","1125371","1114725","1787817","1396496","1732028","596350","596731","1022345","1758288","771489","1547614","1099811","607618","1221466","1418","1615306","881825","1756286","1546458","809935","611370","1985101","1620302","7817","1221645","1948447","42009","1757077","1547292","1016534","1314371","1568153","1027359","1682170","1255587","1053606","770525","1546320","1757802","1471952","1061165","1757696","1250041","1615175","1641503","1349348","1547736","948101","339596","1396458","1788673","1757613","940058","1061814","1761018","1619517","612057","1788357","1757331","1962663","947975","605115","810684","1338271","1662932","1787874","8173","1330858","1102440","1221747","1558271","1620315","355204","1757806","335007","612130","964847","1613757","1545971","1547885","1641016","1757045","1023354","1954705","1586612","359181","42274","1633585","1663824","930155","1017701","1954844","577036","1650951","1940420","1710228","943713","948849","1756958","1401949","809780","586087","1252671","1061392","817760","940320","1547208","1694420","1792002","42994","1227240","715000","1335980","619382","1229662","1114624","1586137","1645167","1643545","850048","42529","1911374","1221307","847954","1221771","1650789","1604816","1397161","611696","618326","42171","595705","964174","595994","716150","1646781","1756572","1408100","1053643","1650704","816036","948549","1757606","280055","335012","1396969","1940503","619084","43061","1303045","810021","850268","1048355","1229410","1640888","619468","1227373","1789048","1547351","1940316","1757932","715599","1585489","1015250","596748","1619862","385058","794324","632483","604870","1991194","942965","1260040","632647","358479","811237","592501","781233","227637","1537923","722257","1726036","1396941","1573736","1102247","844466","1041019","611610","585774","1700702","359419","1196","1757384","42160","1757566","1407024","1782009","929730","7277","618692","929727","948679","1022277","1061805","1010583","7209","86830","631129","963350","822851","1291221","824000","2028","1039523","939658","944862","256487","1650476","1758367","1756510","338247","1708896","1594349","1228888","940215","1570036","1229769","498793","8511","1035452","1612","1221225","940349","1650924","330028","1573688","715052","1041014","1940394","235","810300","868376","592778","1127535","800214","834241","963325","884809","707104","1236579","608835","617515","1580474","809522","1396731","1990099","592176","586036","381541","1221006","1547448","719228","1472069","355243","963324","562908","1757177","1725265","1126","1034114","1305995","1335843","799880","1221312","833230","822252","1097313","1221244","1261654","1601172","1652570","1221591","608605","963174","1222196","282785","619297","1640989","607892","1017569","1220760","1612948","1940220","1061181","1297289","594704","1053955","1250286","1721643","948898","618355","597416","1255065","1650936","608549","1784637","1787686","1215","1613259","1653322","1788548","1757683","715328","1061966","1229260","1016440","940460","585607","1613997","42580","1401739","1940453","1615260","1995136","943411","596477","7928","1547246","943897","1110735","608154","1229809","358715","1620430","1475156","597335","1252703","963653","1645194","276493","1613895","779631","1280330","1582773","1021293","810161","1669603","1754","948376","1947388","1221656","1071421","1641414","1756936","931784","632559","1613121","351968","280046","604864","1788465","983221","1947752","1401984","2001577","8383","722239","1574049","1641612","1614012","983187","1592209","714830","844344","83424","943802","833123","1650257","611016","226257","1613560","634907","1651139","1582746","940216","8126","1061317","1950346","964462","1747112","1930217","595730","1547858","608374","825809","939966","844613","591933","1788047","42294","1615449","1947534","1695309","1573646","42323","1942959","145","1054442","1619971","1407497","1756259","1776119","940244","834143","618924","360259","1620344","1110770","385712","618600","1989627","793276","86931","619445","619870","810566","956058","1474939","714735","1124239","608690","1335722","1620766","1053910","948868","1756244","1053374","632844","1054502","1756306","1039526","815391","1229698","608832","595789","943306","7146","810239","1586771","7234","1261729","595716","618041","1948187","607889","770476","595724","1585416","1072069","1054024","1272193","1650923","1546922","799519","571929","833780","340929","340292","1101799","715402","1547777","1288454","781255","608227","1915727","1613173","728485","1673424","1650267","571569","608607","1695341","770133","1220882","1594479","1580478","223811","1102396","780806","938287","592175","611864","42647","939703","358926","1582163","965213","592599","1614098","766879","1546454","929647","1284650","887840","1229803","1250130","618885","1651100","619257","1053547","1291966","707140","1260067","1222384","707002","382683","7244","85996","629008","834260","632512","964501","1650572","612176","1673397","1788487","1962622","42634","80573","728","215644","1791832","1787700","1674","715628","612069","1910216","1629093","1099385","1547535","358607","1585469","632586","1221713","948854","955492","1015066","1053789","1238681","1221136","1593970","831308","965161","586125","1756250","940642","1784718","956077","1651342","810725","1330658","1071555","940337","268253","1116498","1053972","629164","7903","608243","1613835","810429","2086","1641032","1258","611894","843992","87235","1054316","7678","8201","1948048","829766","1586140","1471922","793247","632264","1789414","1993181","1546088","276688","1757669","278136","1035462","1474918","608","1474974","1594310","586","1015370","1670628","595835","8623","1239885","1650358","1238","1583867","340222","559337","929666","1408314","1940464","221791","714677","1022296","1035359","1757307","1281221","1991195","770864","1601196","715586","1254619","86784","1272146","340297","1229668","1101851","1071561","1330674","963114","1965","1776354","1948428","86950","1585321","1943086","86782","1647520","358064","944722","1039472","1650994","1054036","595593","1580005","262054","799526","1756893","593048","1942935","706726","963159","1660872","1015285","892513","277707","358258","1236606","1053883","1071414","1756563","592578","940518","1789121","1757803","1613163","715563","815076","1053410","939971","1915844","1757947","612046","1222086","1472151","1632577","223821","939822","951103","834089","618545","1475279","86960","1650226","1756222","605145","823064","266778","1962386","1014129","951963","1396911","341622","1396594","808477","1260052","1791865","964459","607994","1620520","1472099","1065732","1757514","1229678","947974","1695","608655","1238671","611594","1771782","42058","7306","359185","1788310","1627","1547261","1592343","612186","1250242","1613855","809361","1061862","593144","1055367","1697077","1589","1641068","1547742","382663","630173","948302","789885","964237","923788","1398906","834113","1396818","1035461","1788710","886407","1660281","810547","1788744","986826","1619936","850051","964327","1784762","86365","1641553","1726046","8431","550","940661","1338486","1220860","1229841","1658970","1245238","42966","1636","1758071","799241","833339","905574","1472143","1547490","1054003","1016773","721736","1984078","1641475","1942713","1757976","868355","944211","85932","1927412","1605","1788709","825433","42569","815232","1788394","595779","868386","943584","221808","608504","1615350","810361","1221008","596394","1582574","8104","618298","1991992","942980","905582","363685","586084","771005","1638990","1546881","1948457","825703","330225","1396721","634921","1788796","619017","595819","1338277","360240","629047","604866","1669616","41988","1613920","385645","1097890","608014","608417","7138","844577","715737","1757858","1010687","1633634","1546575","607358","1114622","608463","1220945","1053447","619229","715559","1585839","1948484","608577","1757910","1062464","850255","781257","359115","1222426","1651224","357966","827738","1788389","1221768","1585893","881826","1938269","629030","1061271","1757615","340789","612218","256486","1016210","42500","1930162","964116","1954785","1682182","1582133","1252660","592566","1233629","611996","1546130","1221142","1747109","611942","1035455","1615301","1940748","810347","893183","807858","1063379","1613156","940066","1061806","1221715","1757737","715837","1396765","608914","834126","1538","1619520","1100699","42420","948621","963203","8000","358940","1615370","771024","1038409","1547946","1546811","1252773","963342","1937794","618718","770816","1220818","1547604","1125409","611375","929636","1110976","1940765","1338442","277329","1102635","715437","1615548","1053932","596612","1054974","1407067","618481","1660362","629193","1662958","1612975","780282","346","778038","1756308","1071944","1016011","608285","948698","1021594","940099","8456","1061697","1222354","823081","781252","1034866","1592349","1613923","1099406","1937789","1053982","964888","1229134","165","87171","706835","8206","1710023","1397411","595895","42329","780697","1782534","964950","1019575","339617","563134","1627583","7995","1014600","963698","948339","1760935","1757729","89","1407268","335871","964936","792842","1546179","943684","940144","1663261","358988","1229357","618110","715643","1547620","632765","1546742","1585431","42788","1061736","1396567","815770","1046178","1784773","810127","39","620074","1444","1102378","1330950","1586060","822394","847832","1594302","1338562","1620096","8067","1397314","1641573","892896","595804","1984629","2001616","611235","1586223","1035263","1478","1062421","1407396","42814","1757310","595772","341696","1757434","810245","1948146","948577","1641424","844459","827722","944748","607773","1330927","597135","1633669","1055458","619425","1392385","810670","940489","7818","1585842","1620519","948231","1640833","1253438","1640757","226365","608269","277969","595652","1071487","1236592","1613697","1645202","714687","963664","827761","1114927","1099377","611451","1756784","948151","1062393","1788507","1229666","1102397","1546127","955414","1220939","1788203","359141","871452","359363","43002","1580597","8429","1397377","629034","1547978","799528","1641393","592740","836616","1613842","382681","1023369","1335959","278008","41992","385666","1126305","964117","585396","868277","41990","1586097","1640731","1620830","618159","1019538","1250082","1229171","1221493","1061754","1407038","339278","1641726","1229703","940101","592465","1071527","1220766","252679","1946523","1651150","1757500","85529","1940419","823207","276675","1641377","42432","611489","1620607","1053568","1756973","1471895","1586004","1685724","8424","1220880","1942875","611314","1050446","1397145","1102242","1930212","964848","1562435","770677","1756873","1650875","1016386","810156","722324","810030","1221135","357984","1054332","1650756","1939999","42277","1757945","1927698","1125628","1614042","223963","891237","929670","591732","1784540","1776278","1021090","608039","1252548","1742874","951357","595803","1784738","351935","1771812","779797","563131","844473","276950","1061970","800213","892900","827626","1053923","1641471","1756186","618973","964155","618934","1756980","1641279","1561020","1747047","340599","955418","42326","1053752","1652586","906399","360","1583896","633305","1396470","1756634","1633628","1620087","964861","1397528","594559","1547891","771748","1585324","1102177","1227464","1995341","341619","1120644","948601","833788","619226","1229776","611411","810437","1010577","8305","1229777","821993","1757687","1948461","339314","1035142","1150","943926","1991969","7761","1620608","964290","1984934","596983","926269","1632673","1940410","611861","595969","584122","822966","1222568","1776037","385972","1619680","947856","1546953","358724","893043","771404","385554","1125389","338214","940583","964198","1335777","829610","706927","944740","1054261","608685","1173","939600","591705","1927697","1249698","1547280","1650977","963335","596901","1229747","355069","586105","1586010","608860","610197","1756537","339543","224196","771652","964935","1948258","2026","1948107","808876","1947813","722393","2011238","1769842","943429","592392","1954422","42310","617866","1222597","7966","592983","722295","3465","1407057","1245241","931734","1250109","1472141","1651228","43103","1650281","1200","774102","1586050","1650762","1771878","1471984","596665","1039938","593148","1653307","8582","944216","715195","1938225","265251","1397208","940269","7255","597436","382930","1650772","611661","1619952","359341","611279","1814838","940375","938119","1547923","605325","1948435","715695","889964"
"6013",87.5,100,35.9375,100,100,45.3125,68.75,100,20.3125,95.3125,57.8125,100,100,100,90.625,73.4375,92.1875,79.6875,45.3125,100,96.875,100,100,100,59.375,100,100,87.5,85.9375,100,100,100,100,100,100,93.75,84.375,100,90.625,100,57.8125,65.625,81.25,100,100,100,100,100,60.9375,32.8125,67.1875,100,100,81.25,81.25,100,9.375,100,100,40.625,92.1875,56.25,98.4375,85.9375,100,100,59.375,100,65.625,100,46.875,60.9375,100,100,70.3125,90.625,100,87.5,50,100,85.9375,100,31.25,78.125,82.8125,100,100,71.875,100,100,54.6875,82.8125,100,48.4375,93.75,82.8125,100,57.8125,100,92.1875,79.6875,100,100,92.1875,100,20.3125,100,100,48.4375,76.5625,85.9375,76.5625,100,100,34.375,100,100,100,100,84.375,87.5,100,100,92.1875,79.6875,54.6875,100,18.75,100,100,100,100,100,100,95.3125,59.375,57.8125,78.125,100,100,100,73.4375,48.4375,64.0625,100,100,100,100,45.3125,75,46.875,35.9375,79.6875,93.75,98.4375,81.25,75,100,100,4.6875,100,100,100,100,89.0625,70.3125,35.9375,89.0625,21.875,100,92.1875,70.3125,53.125,100,100,98.4375,89.0625,100,100,100,100,100,100,73.4375,100,9.375,29.6875,100,100,87.5,100,93.75,71.875,100,100,100,76.5625,82.8125,100,100,42.1875,39.0625,96.875,100,100,100,100,100,85.9375,100,35.9375,100,100,100,85.9375,78.125,42.1875,95.3125,100,70.3125,100,75,100,100,100,53.125,96.875,9.375,67.1875,100,82.8125,70.3125,100,100,100,100,79.6875,100,84.375,100,100,100,100,100,100,25,53.125,90.625,100,100,100,81.25,76.5625,98.4375,100,68.75,100,67.1875,100,100,100,98.4375,29.6875,98.4375,42.1875,100,100,100,100,100,64.0625,78.125,100,98.4375,100,68.75,25,100,59.375,100,62.5,100,100,100,100,100,31.25,100,85.9375,96.875,81.25,100,21.875,57.8125,100,100,100,87.5,56.25,75,50,100,93.75,70.3125,100,84.375,78.125,62.5,90.625,100,100,73.4375,31.25,100,100,95.3125,100,100,82.8125,40.625,87.5,100,50,100,43.75,71.875,98.4375,70.3125,100,100,85.9375,100,76.5625,100,100,29.6875,100,89.0625,100,100,100,79.6875,53.125,100,100,64.0625,21.875,100,60.9375,76.5625,100,71.875,100,93.75,67.1875,100,100,62.5,56.25,100,79.6875,85.9375,100,21.875,78.125,39.0625,82.8125,85.9375,98.4375,100,100,100,92.1875,68.75,93.75,100,87.5,65.625,68.75,100,87.5,100,42.1875,100,100,100,100,100,57.8125,84.375,100,82.8125,100,92.1875,100,71.875,100,50,95.3125,57.8125,100,100,100,100,100,62.5,42.1875,81.25,70.3125,98.4375,64.0625,96.875,100,64.0625,100,70.3125,39.0625,51.5625,100,87.5,64.0625,100,100,100,100,39.0625,35.9375,100,96.875,81.25,82.8125,100,78.125,100,75,85.9375,39.0625,100,100,100,100,90.625,81.25,85.9375,100,100,100,84.375,100,92.1875,92.1875,100,100,100,84.375,71.875,100,96.875,100,100,76.5625,100,67.1875,100,64.0625,53.125,100,89.0625,100,100,82.8125,34.375,76.5625,100,100,89.0625,100,100,100,100,71.875,100,100,60.9375,100,100,48.4375,100,68.75,75,100,78.125,81.25,46.875,40.625,93.75,100,100,75,65.625,62.5,100,100,100,85.9375,62.5,100,82.8125,100,100,71.875,78.125,81.25,100,100,100,100,100,100,100,100,71.875,59.375,57.8125,25,95.3125,100,92.1875,35.9375,100,51.5625,100,89.0625,100,84.375,70.3125,100,82.8125,79.6875,67.1875,81.25,100,100,35.9375,75,100,84.375,98.4375,100,79.6875,96.875,100,100,100,75,46.875,100,100,68.75,100,100,71.875,100,100,89.0625,100,34.375,76.5625,100,100,65.625,100,92.1875,100,32.8125,100,100,70.3125,100,100,68.75,100,100,100,70.3125,100,64.0625,73.4375,100,62.5,100,70.3125,100,100,100,100,81.25,100,62.5,100,100,100,100,81.25,68.75,64.0625,59.375,57.8125,100,53.125,60.9375,56.25,78.125,100,78.125,100,100,100,100,96.875,57.8125,100,100,56.25,100,60.9375,100,100,100,98.4375,84.375,100,100,100,100,100,100,89.0625,100,96.875,100,100,26.5625,57.8125,67.1875,39.0625,100,100,98.4375,100,100,93.75,90.625,100,46.875,6.25,81.25,53.125,50,100,100,100,14.0625,100,100,31.25,100,84.375,34.375,53.125,81.25,59.375,50,98.4375,71.875,82.8125,92.1875,17.1875,75,68.75,40.625,85.9375,93.75,42.1875,100,100,100,100,100,100,100,78.125,100,40.625,68.75,100,100,65.625,56.25,90.625,46.875,100,67.1875,100,100,32.8125,100,100,100,57.8125,100,85.9375,90.625,84.375,100,100,60.9375,100,100,100,34.375,100,100,100,78.125,100,100,100,100,100,90.625,100,100,100,100,82.8125,100,100,100,100,96.875,100,70.3125,100,100,100,64.0625,100,100,35.9375,89.0625,100,95.3125,96.875,65.625,100,100,93.75,100,100,100,100,100,100,31.25,87.5,20.3125,100,100,48.4375,48.4375,85.9375,75,7.8125,100,85.9375,18.75,37.5,100,48.4375,84.375,100,100,95.3125,100,100,90.625,100,100,93.75,100,98.4375,42.1875,65.625,100,100,78.125,100,100,100,100,57.8125,81.25,100,100,37.5,100,100,100,56.25,54.6875,84.375,100,78.125,54.6875,100,35.9375,93.75,100,100,51.5625,76.5625,76.5625,100,100,100,100,96.875,62.5,100,100,56.25,93.75,35.9375,35.9375,42.1875,100,70.3125,82.8125,96.875,100,100,46.875,100,73.4375,100,100,78.125,57.8125,70.3125,100,100,100,68.75,100,76.5625,40.625,67.1875,100,100,82.8125,100,100,100,96.875,92.1875,87.5,100,100,84.375,100,100,100,100,100,60.9375,43.75,100,70.3125,96.875,75,100,53.125,64.0625,100,37.5,100,95.3125,57.8125,100,68.75,100,73.4375,76.5625,100,98.4375,23.4375,59.375,100,100,73.4375,60.9375,100,100,75,98.4375,100,60.9375,100,100,100,100,100,100,100,100,100,79.6875,100,79.6875,60.9375,100,87.5,68.75,100,100,35.9375,100,87.5,100,92.1875,98.4375,75,82.8125,96.875,100,51.5625,71.875,100,59.375,84.375,81.25,90.625,100,73.4375,100,100,59.375,100,100,39.0625,100,100,100,100,68.75,100,100,96.875,100,100,100,93.75,95.3125,100,100,100,100,100,100,96.875,59.375,70.3125,100,100,31.25,25,100,79.6875,100,100,100,98.4375,100,31.25,100,45.3125,78.125,76.5625,70.3125,100,73.4375,90.625,100,100,100,90.625,100,100,100,100,100,4.6875,79.6875,32.8125,100,98.4375,95.3125,95.3125,79.6875,73.4375,26.5625,17.1875,92.1875,100,84.375,100,82.8125,32.8125,31.25,79.6875,100,100,45.3125,100,100,82.8125,28.125,100,100,78.125,100,70.3125,87.5,96.875,100,100,100,100,100,82.8125,100,100,100,76.5625,64.0625,70.3125,100,100,54.6875,100,100,100,100,100,100,81.25,100,40.625,100,100,100,100,85.9375,82.8125,87.5,87.5,93.75,100,100,100,100,70.3125,28.125,100,82.8125,51.5625,100,100,71.875,70.3125,100,89.0625,79.6875,100,45.3125,100,50,100,100,68.75,100,100,23.4375,100,100,87.5,73.4375,82.8125,65.625,76.5625,100,100,62.5,100,15.625,100,87.5,100,96.875,100,93.75,100,100,100,79.6875,84.375,62.5,98.4375,89.0625,87.5,100,73.4375,100,85.9375,100,100,100,100,100,75,100,100,95.3125,100,100,82.8125,67.1875,100,82.8125,100,51.5625,79.6875,50,100,100,100,65.625,100,92.1875,100,100,100,51.5625,100,100,73.4375,65.625,100,93.75,100,89.0625,100,100,84.375,100,93.75,100,100,100,100,100,100,100,42.1875,100,100,100,100,100,100,100,81.25,100,89.0625,76.5625,100,93.75,100,96.875,100,75,76.5625,100,100,100,85.9375,100,90.625,90.625,82.8125,100,96.875,100,100,62.5,96.875,100,68.75,51.5625,100,100,68.75,53.125,100,100,100,85.9375,53.125,100,87.5,26.5625,92.1875,100,100,100,100,100,100,100,100,100,100,67.1875,98.4375,51.5625,100,76.5625,100,100,100,17.1875,95.3125,81.25,100,100,34.375,100,100,67.1875,96.875,95.3125,100,100,100,31.25,100,73.4375,100,100,100,68.75,100,35.9375,70.3125,100,100,84.375,89.0625,53.125,100,43.75,100,100,100,60.9375,34.375,67.1875,100,67.1875,100,100,100,100,100,93.75,84.375,57.8125,89.0625,78.125,100,85.9375,100,71.875,92.1875,67.1875,59.375,50,100,100,62.5,78.125,100,73.4375,37.5,100,73.4375,89.0625,100,95.3125,100,100,100,96.875,100,71.875,100,100,100,87.5,100,93.75,100,92.1875,79.6875,95.3125,100,84.375,100,100,100,70.3125,100,93.75,100,68.75,100,100,76.5625,100,100,89.0625,100,100,100,100,85.9375,67.1875,100,100,100,78.125,100,57.8125,100,100,64.0625,31.25,87.5,75,100,100,64.0625,54.6875,48.4375,39.0625,48.4375,100,100,82.8125,62.5,60.9375,100,65.625,92.1875,96.875,95.3125,90.625,100,67.1875,100,82.8125,53.125,93.75,100,67.1875,100,62.5,100,79.6875,85.9375,79.6875,100,90.625,100,100,100,73.4375,25,100,18.75,100,82.8125,100,78.125,100,67.1875,65.625,85.9375,100,90.625,100,100,100,100,50,67.1875,48.4375,46.875,76.5625,51.5625,95.3125,98.4375,100,100,84.375,100,100,85.9375,26.5625,90.625,100,73.4375,70.3125,100,92.1875,56.25,100,100,48.4375,100,46.875,100,78.125,100,96.875,92.1875,100,79.6875,9.375,93.75,100,100,100,84.375,100,100,89.0625,17.1875,100,100,100,100,85.9375,87.5,100,100,100,68.75,84.375,100,90.625,100,29.6875,82.8125,60.9375,100,100,82.8125,100,90.625,76.5625,42.1875,100,100,92.1875,78.125,76.5625,96.875,100,93.75,100,100,100,100,64.0625,100,100,81.25,35.9375,67.1875,100,59.375,100,100,100,100,100,100,100,100,100,90.625,95.3125,100,85.9375,100,100,100,100,100,100,100,100,93.75,100,46.875,59.375,90.625,100,100,100,90.625,90.625,100,98.4375,37.5,7.8125,37.5,100,76.5625,100,100,100,92.1875,100,100,100,95.3125,32.8125,100,75,100,100,100,85.9375,100,100,100,100,67.1875,87.5,100,100,84.375,90.625,100,100,98.4375,100,75,100,81.25,67.1875,84.375,54.6875,82.8125,31.25,79.6875,67.1875,100,100,100,100,71.875,100,100,73.4375,81.25,60.9375,29.6875,81.25,84.375,100,100,100,100,100,100,100,62.5,28.125,87.5,100,100,100,20.3125,81.25,100,98.4375,100,100,100,71.875,100,100,100,100,92.1875,100,100,100,100,92.1875,100,81.25,100,100,100,100,100,57.8125,100,96.875,100,39.0625,92.1875,100,100,100,87.5,71.875,100,65.625,100,100,76.5625,31.25,100,90.625,68.75,100,92.1875,100,34.375,100,100,100,71.875,56.25,25,85.9375,100,100,85.9375,100,26.5625,82.8125,75,48.4375,100,100,90.625,100,100,100,100,100,85.9375,75,100,25,31.25,100,95.3125,78.125,100,56.25,78.125,100,96.875,100,89.0625,100,26.5625,20.3125,100,100,100,100,82.8125,100,100,100,100,100,100,100,95.3125,100,100,85.9375,90.625,100,100,100,100,100,100,65.625,53.125,100,100,100,100,90.625,31.25,100,100,100,100,35.9375,100,100,100,59.375,73.4375,100,67.1875,100,100,26.5625,59.375,62.5,96.875,84.375,100,96.875,100,92.1875,100,76.5625,23.4375,100,100,100,100,95.3125,100,100,100,100,71.875,100,59.375,100,12.5,84.375,100,100,100,100,100,82.8125,100,31.25,68.75,68.75,100,54.6875,95.3125,100,100,100,100,82.8125,100,100,78.125,100,43.75,17.1875,100,84.375,100,100,100,98.4375,82.8125,100,76.5625,100,100,26.5625,79.6875,100,23.4375,10.9375,51.5625,100,100,73.4375,100,100,100,68.75,78.125,98.4375,73.4375,100,37.5,62.5,62.5,42.1875,51.5625,65.625,65.625,75,100,54.6875,84.375,93.75,39.0625,100,96.875,100,100,100,100,40.625,73.4375,100,100,100,100,67.1875,78.125,100,70.3125,100,96.875,64.0625,100,51.5625,85.9375,95.3125,100,73.4375,87.5,79.6875,85.9375,100,100,65.625,79.6875,100,64.0625,100,100,100,100,84.375,95.3125,46.875,100,100,82.8125,100,100,100,100,29.6875,79.6875,96.875,82.8125,100,100,87.5,100,89.0625,23.4375,100,100,81.25,51.5625,100,67.1875,100,100,35.9375,100,70.3125,76.5625,100,31.25,100,100,100,56.25,100,92.1875,48.4375,100,98.4375,100,93.75,67.1875,26.5625,100,70.3125,100,100,93.75,100,100,57.8125,26.5625,37.5,100,70.3125,62.5,89.0625,100,73.4375,85.9375,95.3125,96.875,54.6875,100,42.1875,100,100,75,84.375,62.5,100,100,100,42.1875,81.25,100,100,100,81.25,100,100,100,100,100,100,100,62.5,67.1875,100,100,75,100,43.75,100,32.8125,84.375,100,92.1875,100,76.5625,82.8125,81.25,100,84.375,100,100,100,100,100,70.3125,51.5625,78.125,76.5625,95.3125,100,100,100,96.875,98.4375,34.375,100,96.875,98.4375,100,89.0625,100,78.125,100,100,100,100,100,100,100,100,76.5625,100,76.5625,78.125,100,100,100,93.75,100,100,100,67.1875,100,100,68.75,100,100,75,85.9375,81.25,84.375,100,65.625,81.25,59.375,93.75,100,89.0625,100,100,100,32.8125,100,42.1875,100,100,68.75,100,98.4375,39.0625,89.0625,76.5625,100,100,34.375,100,100,100,26.5625,89.0625,56.25,100,100,100,95.3125,65.625,76.5625,100,100,89.0625,81.25,100,100,65.625,100,100,100,71.875,100,100,85.9375,100,100,73.4375,100,100,100,100,100,100,39.0625,81.25,100,89.0625,92.1875,100,100,37.5,100,90.625,100,45.3125,100,100,53.125,100,54.6875,100,82.8125,89.0625,70.3125,67.1875,100,60.9375,100,100,100,71.875,81.25,48.4375,100,75,46.875,31.25,98.4375,100,76.5625,100,100,78.125,100,89.0625,59.375,90.625,100,100,87.5,50,100,90.625,100,21.875,75,79.6875,100,100,100,39.0625,78.125,34.375,93.75,100,100,100,39.0625,100,100,76.5625,6.25,100,84.375,78.125,73.4375,68.75,100,90.625,100,100,56.25,95.3125,21.875,45.3125,73.4375,71.875,37.5,100,64.0625,100,100,56.25,100,79.6875,34.375,100,89.0625,75,92.1875,37.5,100,100,17.1875,100,100,45.3125,100,90.625,79.6875,100,100,17.1875,62.5,87.5,100,89.0625,100,100,93.75,57.8125,57.8125,100,100,100,100,95.3125,100,100,79.6875,87.5,71.875,100,93.75,62.5,100,100,87.5,100,35.9375,60.9375,98.4375,100,32.8125,100,100,100,100,100,42.1875,79.6875,31.25,60.9375,100,43.75,40.625,35.9375,40.625,100,100,75,85.9375,100,98.4375,98.4375,96.875,68.75,42.1875,75,100,100,100,100,100,68.75,73.4375,100,89.0625,100,87.5,68.75,39.0625,14.0625,100,68.75,62.5,9.375,84.375,68.75,85.9375,100,76.5625,93.75,54.6875,93.75,100,100,100,45.3125,100,95.3125,84.375,100,100,96.875,100,100,82.8125,93.75,78.125,100,87.5,100,100,71.875,96.875,100,56.25,100,100,84.375,100,100,95.3125,100,35.9375,90.625,95.3125,100,100,100,100,100,100,78.125,57.8125,100,75,64.0625,100,82.8125,100,31.25,100,43.75,100,100,100,100,100,96.875,100,81.25,100,100,85.9375,100,90.625,96.875,87.5,100,100,68.75,53.125,98.4375,98.4375,100,100,26.5625,73.4375,100,100,100,100,100,100,100,45.3125,29.6875,100,73.4375,96.875,100,100,100,100,68.75,89.0625,100,100,71.875,100,100,59.375,71.875,89.0625,26.5625,100,100,100,100,81.25,100,45.3125,100,100,26.5625,100,95.3125,95.3125,78.125,67.1875,100,25,100,100,18.75,56.25,95.3125,100,50,84.375,100,95.3125,100,100,81.25,78.125,96.875,75,100,90.625,100,23.4375,100,100,79.6875,62.5,100,100,100,100,98.4375,100,100,82.8125,81.25,100,60.9375,56.25,100,90.625,84.375,100,100,93.75,50,95.3125,100,100,100,100,96.875,100,79.6875,54.6875,76.5625,60.9375,100,100,64.0625,100,100,65.625,100,100,100,100,100,100,100,56.25,71.875,40.625,100,29.6875,76.5625,17.1875,100,51.5625,48.4375,100,73.4375,92.1875,100,100,73.4375,100,70.3125,100,62.5,100,100,100,46.875,95.3125,100,100,89.0625,50,100,90.625,100,56.25,100,100,100,93.75,100,100,100,100,76.5625,42.1875,100,100,100,82.8125,100,29.6875,100,37.5,82.8125,59.375,100,100,100,100,100,73.4375,60.9375,100,100,100,100,79.6875,100,71.875,100,100,100,100,90.625,100,57.8125,100,100,84.375,45.3125,17.1875,100,96.875,32.8125,100,100,85.9375,85.9375,85.9375,84.375,35.9375,100,100,39.0625,18.75,100,53.125,100,100,100,75,100,87.5,100,100,100,100,26.5625,100,70.3125,93.75,100,95.3125,93.75,100,64.0625,100,64.0625,56.25,100,100,100,79.6875,100,100,54.6875,81.25,87.5,100,50,43.75,62.5,23.4375,100,100,92.1875,93.75,100,100,92.1875,79.6875,100,84.375,100,100,100,96.875,100,75,60.9375,68.75,64.0625,87.5,18.75,45.3125,31.25,62.5,98.4375,46.875,56.25,100,100,84.375,100,78.125,78.125,25,85.9375,6.25,100,26.5625,65.625,100,100,17.1875,53.125,100,59.375,100,51.5625,42.1875,79.6875,100,70.3125,54.6875,100,100,85.9375,100,73.4375,39.0625,100,100,53.125,100,100,100,53.125,100,100,64.0625,90.625,98.4375,100,96.875,100,78.125,100,100,100,100,37.5,100,100,73.4375,100,95.3125,65.625,100,100,65.625,100,100,100,96.875,100,100,81.25,87.5,100,100,100,100,100,60.9375,100,89.0625,100,81.25,85.9375,76.5625,100,100,100,35.9375,34.375,37.5,93.75,93.75,100,100,100,98.4375,100,81.25,100,75,54.6875,50,100,45.3125,100,100,79.6875,73.4375,100,50,100,84.375,100,71.875,100,78.125,60.9375,87.5,75,98.4375,18.75,96.875,81.25,100,28.125,23.4375,100,67.1875,100,100,28.125,100,100,59.375,100,76.5625,100,76.5625,67.1875,82.8125,82.8125,93.75,100,100,100,60.9375,100,100,90.625,100,100,76.5625,84.375,100,100,56.25,100,37.5,100,100,51.5625,100,29.6875,100,81.25,93.75,100,53.125,54.6875,82.8125,100,65.625,85.9375,100,100,100,100,73.4375,90.625,65.625,100,48.4375,100,100,100,78.125,70.3125,28.125,100,100,56.25,68.75,100,100,100,100,100,100,100,54.6875,100,100,100,90.625,100,93.75,71.875,100,93.75,73.4375,71.875,32.8125,51.5625,100,100,100,18.75,100,89.0625,100,57.8125,100,100,100,100,100,87.5,73.4375,100,95.3125,100,100,100,93.75,100,42.1875,65.625,100,81.25,25,100,100,100,100,43.75,1.5625,96.875,60.9375,28.125,100,78.125,100,100,100,100,100,100,100,100,100,100,95.3125,100,100,82.8125,100,100,48.4375,35.9375,35.9375,100,57.8125,100,100,100,98.4375,100,50,64.0625,100,100,51.5625,100,100,54.6875,100,98.4375,73.4375,100,100,26.5625,92.1875,98.4375,54.6875,29.6875,98.4375,90.625,100,100,100,100,42.1875,100,79.6875,59.375,68.75,81.25,100,98.4375,75,100,85.9375,100,100,54.6875,17.1875,73.4375,51.5625,100,85.9375,100,100,57.8125,100,100,96.875,92.1875,100,100,31.25,70.3125,95.3125,62.5,71.875,100,100,54.6875,85.9375,95.3125,81.25,32.8125,68.75,81.25,100,100,100,45.3125,100,60.9375,29.6875,100,71.875,100,100,100,31.25,90.625,100,54.6875,100,100,53.125,67.1875,26.5625,78.125,60.9375,100,100,71.875,54.6875,78.125,100,89.0625,98.4375,100,100,100
"6014",89.0625,100,32.8125,100,45.3125,35.9375,85.9375,96.875,25,98.4375,53.125,98.4375,100,100,54.6875,18.75,87.5,89.0625,100,100,96.875,100,100,100,64.0625,100,28.125,78.125,85.9375,100,100,100,100,100,100,82.8125,84.375,100,100,100,60.9375,65.625,75,100,100,100,100,100,62.5,87.5,75,100,68.75,71.875,82.8125,100,12.5,100,100,50,89.0625,100,98.4375,100,100,100,59.375,100,73.4375,100,46.875,62.5,100,100,54.6875,81.25,100,56.25,50,100,100,100,85.9375,79.6875,59.375,100,100,81.25,100,100,71.875,82.8125,100,46.875,100,96.875,100,50,100,100,75,100,100,92.1875,50,17.1875,100,56.25,85.9375,100,89.0625,73.4375,60.9375,100,34.375,100,71.875,100,100,84.375,68.75,100,100,100,100,53.125,100,18.75,100,34.375,100,100,100,100,100,59.375,70.3125,78.125,70.3125,100,100,93.75,50,54.6875,100,100,100,43.75,60.9375,73.4375,54.6875,35.9375,78.125,92.1875,96.875,84.375,76.5625,100,100,7.8125,100,100,100,100,89.0625,70.3125,100,90.625,21.875,100,92.1875,73.4375,71.875,46.875,100,81.25,90.625,100,100,100,100,100,100,100,100,100,32.8125,54.6875,100,87.5,100,100,78.125,100,93.75,100,70.3125,81.25,100,100,28.125,98.4375,98.4375,100,100,100,100,12.5,76.5625,100,56.25,100,100,100,78.125,78.125,53.125,93.75,100,40.625,68.75,81.25,100,100,100,100,100,46.875,89.0625,100,82.8125,82.8125,100,100,100,100,79.6875,62.5,100,100,100,75,100,89.0625,100,25,43.75,87.5,100,98.4375,100,78.125,75,96.875,100,71.875,100,60.9375,100,100,46.875,98.4375,29.6875,100,68.75,100,100,100,93.75,100,70.3125,79.6875,100,100,100,67.1875,32.8125,100,67.1875,100,90.625,100,100,100,100,100,32.8125,98.4375,70.3125,82.8125,81.25,100,25,56.25,100,100,100,90.625,53.125,75,59.375,100,93.75,73.4375,100,89.0625,76.5625,65.625,42.1875,54.6875,90.625,59.375,29.6875,100,73.4375,93.75,100,75,75,42.1875,89.0625,100,51.5625,100,45.3125,67.1875,98.4375,71.875,100,100,85.9375,100,76.5625,87.5,100,35.9375,100,90.625,100,100,100,81.25,53.125,71.875,73.4375,65.625,21.875,100,100,73.4375,100,73.4375,100,95.3125,68.75,100,93.75,79.6875,53.125,100,64.0625,87.5,100,100,85.9375,53.125,81.25,84.375,98.4375,100,100,100,92.1875,68.75,100,100,92.1875,67.1875,100,100,82.8125,82.8125,60.9375,100,100,64.0625,100,100,56.25,90.625,100,100,100,100,100,65.625,100,81.25,100,20.3125,100,100,100,100,100,59.375,40.625,100,70.3125,96.875,68.75,79.6875,90.625,82.8125,100,85.9375,39.0625,48.4375,100,93.75,65.625,100,100,100,100,34.375,42.1875,100,96.875,100,82.8125,100,100,100,78.125,92.1875,53.125,100,100,100,100,90.625,100,73.4375,54.6875,100,100,85.9375,87.5,92.1875,73.4375,100,100,100,82.8125,71.875,100,76.5625,100,100,76.5625,81.25,65.625,100,85.9375,56.25,100,100,100,100,12.5,39.0625,48.4375,100,100,89.0625,100,100,100,100,76.5625,100,100,70.3125,100,100,50,100,65.625,73.4375,100,79.6875,78.125,81.25,40.625,100,100,100,68.75,67.1875,23.4375,100,100,100,89.0625,71.875,73.4375,82.8125,100,100,71.875,79.6875,68.75,100,100,45.3125,100,100,100,95.3125,100,59.375,100,59.375,29.6875,93.75,100,90.625,40.625,100,51.5625,100,85.9375,92.1875,85.9375,68.75,100,82.8125,75,100,100,87.5,100,35.9375,43.75,100,84.375,93.75,100,70.3125,93.75,100,100,100,100,43.75,89.0625,100,70.3125,96.875,100,71.875,100,79.6875,100,100,39.0625,73.4375,100,100,73.4375,100,90.625,100,32.8125,100,100,64.0625,100,100,100,98.4375,100,100,92.1875,98.4375,100,73.4375,100,64.0625,100,62.5,100,67.1875,100,100,89.0625,100,65.625,100,100,100,100,76.5625,70.3125,76.5625,54.6875,59.375,100,46.875,100,96.875,81.25,100,53.125,100,100,71.875,100,100,53.125,100,100,56.25,100,100,84.375,37.5,100,78.125,81.25,100,100,100,100,100,100,79.6875,100,96.875,100,100,34.375,79.6875,68.75,79.6875,100,100,96.875,100,100,92.1875,90.625,100,45.3125,7.8125,87.5,53.125,50,100,100,100,100,100,100,29.6875,100,82.8125,35.9375,59.375,81.25,59.375,53.125,98.4375,76.5625,90.625,92.1875,67.1875,78.125,64.0625,40.625,87.5,93.75,40.625,96.875,100,85.9375,100,100,100,100,32.8125,100,42.1875,68.75,100,100,67.1875,64.0625,56.25,48.4375,100,54.6875,100,100,100,100,100,100,73.4375,100,79.6875,89.0625,84.375,100,100,64.0625,53.125,100,98.4375,34.375,100,100,100,79.6875,100,100,100,100,100,100,95.3125,100,100,100,87.5,100,100,100,100,96.875,100,68.75,100,100,100,62.5,100,100,35.9375,87.5,100,73.4375,64.0625,68.75,100,100,73.4375,81.25,100,87.5,100,76.5625,100,31.25,92.1875,98.4375,100,100,48.4375,56.25,76.5625,75,9.375,100,100,23.4375,40.625,100,48.4375,84.375,100,100,100,100,100,98.4375,100,100,93.75,100,100,46.875,62.5,93.75,100,100,100,100,100,93.75,57.8125,98.4375,100,100,48.4375,95.3125,100,93.75,82.8125,100,78.125,100,89.0625,54.6875,100,54.6875,95.3125,100,100,53.125,100,79.6875,84.375,100,100,100,96.875,62.5,100,100,56.25,75,100,100,40.625,100,70.3125,92.1875,79.6875,48.4375,100,25,89.0625,54.6875,100,100,65.625,48.4375,73.4375,100,100,100,68.75,100,75,37.5,59.375,93.75,100,95.3125,100,96.875,100,96.875,96.875,76.5625,59.375,100,100,100,100,100,100,100,65.625,40.625,100,68.75,93.75,76.5625,100,56.25,100,100,48.4375,100,100,56.25,73.4375,64.0625,81.25,85.9375,75,100,100,100,54.6875,100,100,73.4375,62.5,100,100,87.5,98.4375,82.8125,71.875,100,100,100,100,100,46.875,100,20.3125,100,79.6875,100,79.6875,62.5,100,62.5,68.75,89.0625,100,35.9375,100,78.125,100,85.9375,98.4375,71.875,60.9375,100,100,54.6875,100,90.625,65.625,75,81.25,93.75,100,71.875,100,100,50,95.3125,100,40.625,100,100,100,100,67.1875,100,45.3125,92.1875,100,45.3125,100,93.75,100,100,100,100,100,100,100,100,62.5,67.1875,76.5625,85.9375,32.8125,20.3125,100,81.25,100,100,98.4375,92.1875,64.0625,31.25,100,45.3125,100,81.25,70.3125,100,79.6875,100,100,100,100,95.3125,100,85.9375,100,100,100,60.9375,79.6875,100,46.875,98.4375,75,93.75,82.8125,73.4375,31.25,100,100,29.6875,84.375,100,62.5,93.75,78.125,68.75,100,100,50,100,100,92.1875,31.25,100,100,78.125,100,81.25,100,95.3125,98.4375,90.625,100,100,26.5625,81.25,100,100,100,76.5625,78.125,29.6875,100,100,100,100,100,100,100,79.6875,100,84.375,100,100,87.5,100,100,96.875,87.5,81.25,85.9375,100,93.75,100,100,100,100,60.9375,75,100,64.0625,43.75,100,90.625,73.4375,82.8125,100,87.5,96.875,100,46.875,100,51.5625,100,100,75,100,100,23.4375,100,100,93.75,100,90.625,59.375,85.9375,100,100,56.25,68.75,15.625,100,100,100,98.4375,100,100,100,100,92.1875,78.125,76.5625,65.625,100,87.5,81.25,98.4375,65.625,100,85.9375,100,100,100,100,100,75,75,62.5,95.3125,100,100,82.8125,59.375,100,82.8125,100,60.9375,100,73.4375,100,100,100,60.9375,100,81.25,100,100,100,56.25,100,100,57.8125,65.625,100,93.75,100,87.5,100,98.4375,73.4375,78.125,98.4375,89.0625,100,100,100,100,100,100,42.1875,60.9375,100,100,100,100,100,100,90.625,100,87.5,100,100,59.375,100,98.4375,100,81.25,75,100,73.4375,100,85.9375,96.875,100,87.5,81.25,100,89.0625,100,100,81.25,95.3125,100,57.8125,51.5625,100,100,68.75,96.875,100,100,100,85.9375,51.5625,100,90.625,29.6875,96.875,100,68.75,100,100,100,100,100,100,100,100,71.875,98.4375,56.25,51.5625,65.625,100,100,100,23.4375,95.3125,81.25,100,100,32.8125,100,100,70.3125,100,68.75,100,100,100,34.375,100,59.375,57.8125,100,100,93.75,100,37.5,64.0625,87.5,100,100,89.0625,50,100,45.3125,100,100,100,95.3125,34.375,68.75,100,67.1875,100,87.5,100,100,100,85.9375,68.75,57.8125,89.0625,78.125,100,76.5625,82.8125,71.875,92.1875,67.1875,60.9375,51.5625,100,100,64.0625,78.125,37.5,71.875,35.9375,100,40.625,85.9375,100,89.0625,100,100,37.5,100,96.875,73.4375,100,100,100,96.875,100,93.75,100,85.9375,34.375,100,100,79.6875,100,100,100,87.5,100,85.9375,92.1875,62.5,100,9.375,100,100,100,89.0625,100,100,100,100,93.75,53.125,100,100,100,73.4375,100,42.1875,100,100,62.5,37.5,90.625,89.0625,100,100,56.25,57.8125,53.125,37.5,45.3125,100,100,76.5625,60.9375,60.9375,100,67.1875,92.1875,95.3125,100,90.625,100,68.75,85.9375,76.5625,70.3125,100,100,67.1875,100,100,100,84.375,96.875,71.875,95.3125,93.75,100,100,100,73.4375,26.5625,100,93.75,100,100,21.875,82.8125,100,100,68.75,89.0625,100,90.625,100,100,100,100,37.5,70.3125,51.5625,50,76.5625,46.875,95.3125,100,79.6875,100,84.375,100,100,95.3125,26.5625,84.375,100,76.5625,71.875,100,95.3125,56.25,100,100,40.625,100,59.375,100,92.1875,100,100,92.1875,50,78.125,100,95.3125,100,100,100,92.1875,40.625,100,100,90.625,100,81.25,100,100,82.8125,85.9375,73.4375,100,100,70.3125,73.4375,100,96.875,100,76.5625,85.9375,50,100,98.4375,78.125,100,96.875,100,50,100,100,90.625,81.25,100,100,100,100,100,100,100,100,100,100,100,81.25,39.0625,68.75,100,54.6875,100,100,100,100,100,100,100,100,100,92.1875,98.4375,100,87.5,100,100,100,100,90.625,100,100,100,81.25,100,46.875,100,90.625,100,100,100,85.9375,67.1875,100,96.875,39.0625,9.375,35.9375,100,100,100,95.3125,100,100,100,100,92.1875,68.75,34.375,100,81.25,100,100,100,92.1875,100,100,100,51.5625,40.625,100,100,100,95.3125,100,100,100,93.75,100,75,100,81.25,87.5,75,56.25,81.25,29.6875,70.3125,73.4375,100,87.5,100,100,89.0625,100,89.0625,79.6875,81.25,62.5,29.6875,62.5,87.5,100,100,100,79.6875,100,100,100,64.0625,31.25,81.25,100,100,100,23.4375,82.8125,100,73.4375,100,100,100,87.5,96.875,100,100,100,92.1875,100,100,100,100,100,79.6875,25,100,100,100,65.625,100,57.8125,100,100,96.875,51.5625,100,100,100,100,100,71.875,56.25,67.1875,100,100,70.3125,23.4375,100,92.1875,70.3125,100,92.1875,100,100,100,100,100,75,59.375,100,85.9375,100,100,89.0625,100,29.6875,28.125,85.9375,65.625,100,100,87.5,100,76.5625,84.375,100,100,78.125,82.8125,100,26.5625,53.125,100,95.3125,54.6875,62.5,68.75,85.9375,100,100,100,95.3125,100,28.125,23.4375,100,100,100,100,92.1875,100,100,100,100,100,93.75,57.8125,100,100,100,84.375,100,100,100,100,100,87.5,100,60.9375,78.125,100,100,100,95.3125,100,100,100,96.875,100,85.9375,35.9375,100,100,100,100,76.5625,100,73.4375,100,100,25,59.375,62.5,98.4375,82.8125,100,92.1875,100,100,100,82.8125,84.375,100,100,100,100,93.75,98.4375,100,100,100,64.0625,100,59.375,100,14.0625,85.9375,100,100,100,100,100,82.8125,100,32.8125,53.125,87.5,100,67.1875,90.625,100,100,100,100,90.625,100,98.4375,76.5625,100,32.8125,100,68.75,81.25,100,100,100,93.75,87.5,100,73.4375,100,98.4375,31.25,70.3125,100,20.3125,100,57.8125,100,100,75,100,100,100,62.5,68.75,100,92.1875,100,100,90.625,35.9375,46.875,59.375,65.625,70.3125,71.875,100,59.375,82.8125,93.75,17.1875,100,73.4375,100,100,100,100,53.125,73.4375,100,82.8125,95.3125,100,62.5,73.4375,100,92.1875,100,98.4375,64.0625,100,50,87.5,100,100,75,90.625,100,14.0625,100,100,26.5625,79.6875,100,25,100,100,100,100,84.375,12.5,46.875,100,100,82.8125,100,98.4375,100,100,100,81.25,100,82.8125,100,100,84.375,100,89.0625,21.875,96.875,100,85.9375,62.5,100,100,100,23.4375,35.9375,100,56.25,76.5625,100,31.25,100,100,100,62.5,96.875,98.4375,100,70.3125,87.5,100,42.1875,60.9375,32.8125,100,70.3125,100,100,90.625,67.1875,100,54.6875,32.8125,100,100,60.9375,59.375,89.0625,100,75,85.9375,95.3125,100,64.0625,100,100,100,100,65.625,100,100,100,100,100,42.1875,84.375,100,100,100,75,100,100,100,100,100,100,100,57.8125,67.1875,100,100,100,100,39.0625,100,40.625,78.125,100,84.375,100,76.5625,79.6875,81.25,100,87.5,100,100,100,100,100,73.4375,54.6875,53.125,100,100,100,89.0625,100,96.875,98.4375,34.375,100,100,98.4375,100,92.1875,92.1875,68.75,100,98.4375,100,85.9375,100,100,100,100,100,100,76.5625,90.625,100,100,100,89.0625,100,100,100,67.1875,100,100,64.0625,100,100,39.0625,81.25,81.25,100,98.4375,65.625,71.875,59.375,87.5,100,90.625,100,100,100,43.75,100,51.5625,100,100,51.5625,100,100,42.1875,31.25,79.6875,100,100,39.0625,100,98.4375,45.3125,23.4375,90.625,10.9375,98.4375,100,100,100,92.1875,79.6875,100,100,98.4375,78.125,100,100,18.75,100,100,100,71.875,100,100,100,100,100,85.9375,100,100,100,100,100,100,37.5,81.25,100,100,89.0625,100,100,95.3125,100,73.4375,100,45.3125,100,100,50,100,48.4375,100,78.125,79.6875,75,100,100,100,100,100,100,100,84.375,54.6875,100,87.5,56.25,31.25,100,100,90.625,100,100,95.3125,100,89.0625,59.375,100,93.75,100,78.125,50,100,100,79.6875,100,75,93.75,100,100,71.875,35.9375,64.0625,39.0625,84.375,100,100,100,59.375,100,79.6875,59.375,4.6875,100,84.375,78.125,57.8125,75,100,92.1875,100,100,59.375,95.3125,23.4375,45.3125,73.4375,70.3125,39.0625,100,60.9375,100,100,54.6875,100,82.8125,35.9375,100,90.625,75,90.625,60.9375,89.0625,100,18.75,100,84.375,71.875,100,84.375,93.75,100,100,35.9375,59.375,98.4375,100,96.875,100,100,98.4375,67.1875,57.8125,100,100,100,100,93.75,100,100,14.0625,81.25,65.625,84.375,100,64.0625,100,100,75,100,31.25,100,96.875,71.875,34.375,100,96.875,100,100,100,100,48.4375,31.25,75,100,43.75,40.625,87.5,42.1875,100,100,71.875,89.0625,100,95.3125,100,71.875,67.1875,65.625,48.4375,100,100,100,100,100,100,84.375,100,84.375,100,85.9375,100,46.875,23.4375,100,70.3125,62.5,14.0625,84.375,60.9375,70.3125,31.25,100,93.75,54.6875,90.625,18.75,100,100,18.75,78.125,100,96.875,100,100,100,100,98.4375,78.125,93.75,82.8125,73.4375,92.1875,100,100,71.875,70.3125,45.3125,65.625,100,100,100,100,100,95.3125,68.75,42.1875,90.625,100,100,100,89.0625,100,100,100,37.5,60.9375,87.5,100,89.0625,100,85.9375,100,28.125,100,43.75,100,100,100,100,100,92.1875,96.875,89.0625,100,100,92.1875,92.1875,64.0625,96.875,100,100,92.1875,70.3125,51.5625,96.875,93.75,100,100,28.125,76.5625,79.6875,67.1875,81.25,100,100,100,100,68.75,29.6875,100,81.25,100,100,82.8125,93.75,89.0625,62.5,67.1875,100,100,100,96.875,100,95.3125,87.5,82.8125,25,100,100,100,100,90.625,100,64.0625,100,100,100,100,93.75,87.5,90.625,39.0625,100,25,100,100,51.5625,54.6875,70.3125,100,51.5625,100,84.375,96.875,26.5625,100,81.25,78.125,98.4375,92.1875,100,90.625,100,26.5625,100,100,81.25,65.625,18.75,100,100,100,98.4375,100,100,82.8125,65.625,100,60.9375,54.6875,100,100,81.25,100,100,81.25,37.5,100,100,100,42.1875,100,100,95.3125,68.75,54.6875,85.9375,59.375,100,100,64.0625,100,100,65.625,100,100,95.3125,100,100,100,100,57.8125,71.875,53.125,100,26.5625,65.625,46.875,100,73.4375,100,100,70.3125,93.75,100,100,73.4375,100,76.5625,100,100,100,100,100,48.4375,100,100,100,59.375,100,100,81.25,100,48.4375,100,82.8125,100,100,100,100,100,100,75,100,100,46.875,100,90.625,100,37.5,100,32.8125,100,29.6875,62.5,100,100,100,64.0625,79.6875,100,100,100,100,100,53.125,100,73.4375,100,100,100,100,87.5,100,59.375,100,100,100,50,100,90.625,100,32.8125,100,100,84.375,100,84.375,82.8125,31.25,100,100,39.0625,14.0625,100,51.5625,100,100,100,75,100,87.5,100,23.4375,100,100,26.5625,100,100,96.875,73.4375,95.3125,76.5625,100,64.0625,92.1875,64.0625,53.125,100,100,92.1875,98.4375,100,100,100,67.1875,87.5,100,93.75,75,68.75,42.1875,93.75,98.4375,92.1875,92.1875,100,100,84.375,81.25,75,84.375,100,100,100,96.875,50,62.5,64.0625,68.75,100,89.0625,20.3125,50,100,100,84.375,45.3125,54.6875,100,100,100,100,70.3125,79.6875,26.5625,85.9375,15.625,59.375,100,68.75,100,82.8125,100,64.0625,100,57.8125,100,79.6875,53.125,81.25,100,70.3125,54.6875,48.4375,100,89.0625,100,75,39.0625,100,100,51.5625,100,100,64.0625,78.125,100,100,60.9375,90.625,100,100,100,85.9375,93.75,100,100,100,100,37.5,95.3125,100,73.4375,100,100,81.25,100,100,64.0625,100,100,50,87.5,100,90.625,85.9375,100,100,100,100,100,100,60.9375,100,85.9375,100,84.375,87.5,100,100,100,100,35.9375,73.4375,40.625,92.1875,93.75,100,100,100,98.4375,89.0625,87.5,100,100,59.375,50,100,100,100,100,73.4375,40.625,98.4375,54.6875,100,79.6875,85.9375,70.3125,100,87.5,53.125,100,73.4375,98.4375,23.4375,95.3125,81.25,100,29.6875,32.8125,100,78.125,100,100,26.5625,100,96.875,57.8125,100,84.375,100,68.75,9.375,81.25,87.5,29.6875,100,100,100,78.125,100,100,89.0625,100,100,96.875,84.375,100,100,57.8125,100,35.9375,100,100,51.5625,100,34.375,100,78.125,51.5625,100,53.125,48.4375,82.8125,100,62.5,64.0625,100,100,87.5,100,81.25,100,64.0625,100,100,100,100,100,81.25,59.375,29.6875,100,100,53.125,68.75,100,100,100,100,100,100,100,68.75,100,100,100,85.9375,100,76.5625,37.5,100,92.1875,73.4375,57.8125,31.25,51.5625,100,100,100,51.5625,100,92.1875,100,70.3125,100,100,100,100,100,82.8125,73.4375,100,96.875,100,100,100,85.9375,100,45.3125,64.0625,100,81.25,100,100,100,100,100,42.1875,1.5625,100,100,23.4375,100,73.4375,100,100,100,100,100,100,100,100,100,100,100,100,100,100,100,100,71.875,35.9375,40.625,100,60.9375,100,100,100,96.875,100,45.3125,64.0625,100,32.8125,65.625,100,100,51.5625,100,100,92.1875,100,100,100,93.75,96.875,71.875,28.125,92.1875,87.5,100,100,100,100,42.1875,100,71.875,57.8125,71.875,100,100,100,76.5625,100,87.5,100,100,56.25,100,67.1875,48.4375,100,100,100,100,92.1875,100,100,96.875,76.5625,68.75,42.1875,37.5,73.4375,98.4375,85.9375,64.0625,100,100,68.75,79.6875,100,82.8125,29.6875,68.75,60.9375,100,100,100,53.125,100,62.5,29.6875,100,78.125,100,100,95.3125,48.4375,84.375,100,54.6875,100,100,53.125,100,39.0625,79.6875,85.9375,84.375,100,100,100,78.125,100,82.8125,100,100,100,100
"6015",89.0625,100,100,100,100,39.0625,75,100,20.3125,98.4375,79.6875,100,100,100,71.875,76.5625,87.5,85.9375,100,100,96.875,100,100,100,65.625,100,53.125,87.5,79.6875,100,100,100,100,92.1875,100,76.5625,84.375,100,100,100,70.3125,68.75,90.625,100,100,100,100,100,60.9375,84.375,75,100,71.875,84.375,81.25,100,4.6875,100,100,39.0625,84.375,53.125,98.4375,100,100,100,57.8125,100,59.375,100,46.875,62.5,100,100,67.1875,85.9375,100,54.6875,48.4375,100,100,100,84.375,76.5625,59.375,100,100,89.0625,100,73.4375,56.25,84.375,100,46.875,82.8125,100,100,54.6875,100,100,71.875,98.4375,100,92.1875,100,15.625,100,53.125,85.9375,100,87.5,68.75,100,92.1875,34.375,92.1875,100,100,95.3125,82.8125,56.25,100,100,100,82.8125,60.9375,100,18.75,100,45.3125,100,100,89.0625,100,100,57.8125,56.25,78.125,100,100,100,92.1875,42.1875,100,100,100,100,100,60.9375,71.875,59.375,45.3125,78.125,93.75,96.875,81.25,73.4375,100,100,10.9375,100,100,100,100,100,71.875,100,90.625,20.3125,43.75,81.25,68.75,100,81.25,100,100,82.8125,79.6875,100,100,75,100,100,89.0625,98.4375,100,29.6875,100,100,85.9375,100,100,84.375,100,93.75,100,75,81.25,100,100,20.3125,100,96.875,100,100,100,100,62.5,85.9375,78.125,35.9375,100,100,100,81.25,79.6875,46.875,93.75,100,42.1875,100,70.3125,100,100,100,98.4375,60.9375,96.875,100,100,78.125,82.8125,100,100,100,100,81.25,59.375,93.75,100,100,100,70.3125,84.375,100,28.125,65.625,70.3125,100,64.0625,100,76.5625,79.6875,100,100,73.4375,100,60.9375,100,100,100,95.3125,31.25,87.5,54.6875,100,100,100,100,100,64.0625,50,100,100,89.0625,57.8125,29.6875,100,64.0625,18.75,92.1875,100,100,100,100,100,34.375,100,75,92.1875,79.6875,100,26.5625,56.25,100,100,100,92.1875,54.6875,75,35.9375,100,78.125,78.125,100,85.9375,78.125,64.0625,92.1875,100,100,59.375,32.8125,100,73.4375,93.75,100,21.875,65.625,39.0625,89.0625,100,50,100,34.375,62.5,93.75,67.1875,100,76.5625,85.9375,100,65.625,90.625,100,34.375,100,87.5,85.9375,100,76.5625,78.125,56.25,100,70.3125,67.1875,25,100,84.375,76.5625,100,76.5625,100,98.4375,56.25,100,100,59.375,46.875,59.375,68.75,89.0625,100,100,84.375,53.125,82.8125,81.25,98.4375,100,100,100,93.75,64.0625,100,100,93.75,70.3125,90.625,100,87.5,90.625,100,100,100,100,96.875,100,60.9375,92.1875,100,81.25,100,100,100,71.875,100,70.3125,68.75,14.0625,100,100,100,100,100,53.125,40.625,100,71.875,95.3125,71.875,84.375,84.375,73.4375,100,92.1875,39.0625,50,100,84.375,50,100,100,100,100,45.3125,57.8125,100,93.75,100,82.8125,100,92.1875,100,68.75,71.875,45.3125,100,100,100,100,89.0625,100,89.0625,100,100,100,100,87.5,92.1875,90.625,100,100,100,82.8125,70.3125,100,65.625,100,100,76.5625,56.25,67.1875,93.75,100,54.6875,100,100,100,79.6875,75,34.375,48.4375,100,100,89.0625,100,100,100,100,81.25,100,75,68.75,82.8125,100,56.25,100,65.625,75,100,78.125,79.6875,95.3125,51.5625,100,100,100,59.375,100,73.4375,100,100,100,90.625,76.5625,82.8125,82.8125,100,100,71.875,78.125,68.75,100,100,100,100,100,100,100,100,56.25,57.8125,57.8125,25,93.75,100,95.3125,40.625,100,51.5625,100,85.9375,92.1875,84.375,68.75,100,82.8125,84.375,48.4375,79.6875,57.8125,100,35.9375,48.4375,100,84.375,92.1875,57.8125,70.3125,100,100,100,100,96.875,45.3125,78.125,100,73.4375,100,100,71.875,100,100,100,100,34.375,81.25,100,100,68.75,100,85.9375,92.1875,37.5,78.125,100,60.9375,100,100,100,100,100,100,100,95.3125,60.9375,71.875,100,73.4375,100,68.75,100,100,100,48.4375,82.8125,100,68.75,100,100,100,100,78.125,95.3125,100,64.0625,31.25,100,45.3125,60.9375,100,76.5625,100,75,100,87.5,87.5,100,100,53.125,100,100,53.125,90.625,100,100,82.8125,100,100,81.25,100,100,100,100,100,100,100,100,96.875,100,100,26.5625,50,70.3125,78.125,100,95.3125,96.875,35.9375,100,81.25,90.625,100,43.75,28.125,100,59.375,50,95.3125,100,100,90.625,100,100,46.875,100,87.5,35.9375,59.375,64.0625,64.0625,56.25,98.4375,78.125,81.25,92.1875,79.6875,78.125,62.5,40.625,81.25,93.75,51.5625,79.6875,100,90.625,100,100,100,100,31.25,100,42.1875,68.75,100,100,64.0625,60.9375,46.875,46.875,100,45.3125,100,25,100,100,100,100,56.25,100,75,89.0625,84.375,100,100,62.5,100,100,100,34.375,100,100,100,78.125,100,92.1875,100,100,100,81.25,100,100,42.1875,100,85.9375,100,100,100,100,92.1875,100,68.75,100,92.1875,100,56.25,100,100,35.9375,89.0625,100,53.125,75,57.8125,100,100,60.9375,84.375,100,96.875,100,75,76.5625,37.5,87.5,100,100,96.875,48.4375,70.3125,84.375,70.3125,31.25,100,85.9375,14.0625,39.0625,100,60.9375,84.375,100,100,95.3125,100,100,76.5625,87.5,100,100,100,100,42.1875,62.5,100,100,100,100,100,100,60.9375,56.25,84.375,100,100,39.0625,85.9375,100,100,82.8125,100,81.25,100,82.8125,60.9375,100,39.0625,93.75,100,100,54.6875,39.0625,59.375,100,100,100,100,92.1875,62.5,76.5625,100,54.6875,96.875,100,100,46.875,100,70.3125,87.5,79.6875,100,100,43.75,100,73.4375,100,100,65.625,37.5,70.3125,100,100,100,68.75,98.4375,76.5625,32.8125,67.1875,100,100,76.5625,100,79.6875,100,93.75,100,82.8125,100,100,100,100,98.4375,100,100,100,67.1875,40.625,100,68.75,93.75,73.4375,100,51.5625,100,100,25,100,76.5625,56.25,100,57.8125,82.8125,85.9375,73.4375,100,100,100,67.1875,100,100,73.4375,67.1875,100,100,85.9375,100,100,64.0625,100,100,100,100,100,65.625,100,21.875,100,79.6875,100,100,51.5625,100,57.8125,67.1875,95.3125,100,35.9375,100,90.625,100,73.4375,39.0625,70.3125,100,100,100,54.6875,92.1875,100,53.125,76.5625,81.25,53.125,100,75,100,100,53.125,100,100,39.0625,67.1875,100,100,100,65.625,100,100,93.75,100,100,100,93.75,100,100,100,35.9375,100,98.4375,100,100,57.8125,64.0625,100,87.5,28.125,78.125,100,81.25,100,96.875,100,87.5,100,31.25,100,45.3125,73.4375,71.875,70.3125,100,79.6875,23.4375,100,100,100,100,100,100,100,100,100,60.9375,78.125,23.4375,100,98.4375,64.0625,93.75,84.375,65.625,76.5625,95.3125,100,78.125,84.375,100,60.9375,65.625,70.3125,53.125,100,100,43.75,100,100,87.5,29.6875,82.8125,100,73.4375,100,78.125,100,75,100,100,100,100,100,81.25,100,100,90.625,76.5625,68.75,68.75,100,100,100,100,100,100,100,71.875,100,84.375,100,95.3125,100,100,100,100,87.5,89.0625,89.0625,100,92.1875,100,100,100,100,70.3125,65.625,100,82.8125,75,100,87.5,75,79.6875,100,81.25,81.25,15.625,46.875,100,53.125,100,93.75,100,100,100,28.125,92.1875,100,85.9375,90.625,90.625,34.375,87.5,100,100,100,71.875,15.625,100,100,100,100,100,100,100,100,100,82.8125,75,64.0625,46.875,70.3125,84.375,92.1875,79.6875,100,82.8125,100,100,70.3125,100,100,75,70.3125,100,95.3125,100,100,82.8125,68.75,25,79.6875,100,51.5625,100,100,100,100,100,39.0625,100,87.5,100,100,100,60.9375,100,100,59.375,65.625,100,93.75,100,87.5,100,95.3125,73.4375,79.6875,96.875,84.375,100,100,100,100,100,100,42.1875,56.25,100,100,68.75,100,100,100,87.5,100,85.9375,100,100,64.0625,100,96.875,100,79.6875,76.5625,100,100,100,85.9375,98.4375,89.0625,85.9375,73.4375,90.625,95.3125,100,100,60.9375,95.3125,100,67.1875,51.5625,100,100,68.75,87.5,100,100,70.3125,82.8125,45.3125,100,92.1875,31.25,100,96.875,100,100,100,100,100,100,100,100,100,68.75,98.4375,57.8125,57.8125,76.5625,100,100,100,31.25,95.3125,81.25,100,71.875,32.8125,100,100,73.4375,100,95.3125,100,100,100,31.25,100,39.0625,57.8125,100,100,100,100,35.9375,53.125,100,100,68.75,89.0625,46.875,100,28.125,100,100,100,100,59.375,67.1875,100,67.1875,100,84.375,100,100,100,95.3125,89.0625,53.125,89.0625,76.5625,100,93.75,73.4375,84.375,92.1875,67.1875,60.9375,50,100,100,62.5,87.5,51.5625,71.875,35.9375,100,71.875,98.4375,100,95.3125,100,100,28.125,98.4375,100,71.875,100,100,100,89.0625,100,93.75,100,85.9375,42.1875,78.125,100,100,100,100,100,57.8125,100,90.625,60.9375,60.9375,100,68.75,73.4375,98.4375,100,89.0625,100,100,100,100,87.5,62.5,100,56.25,100,71.875,100,42.1875,95.3125,100,62.5,29.6875,90.625,89.0625,100,100,54.6875,62.5,59.375,40.625,45.3125,100,100,76.5625,59.375,60.9375,100,68.75,89.0625,95.3125,100,90.625,100,67.1875,75,100,50,100,100,68.75,100,100,100,84.375,93.75,67.1875,89.0625,92.1875,100,100,100,73.4375,31.25,100,46.875,100,100,100,100,100,100,68.75,87.5,100,68.75,100,100,100,100,34.375,65.625,45.3125,50,79.6875,53.125,93.75,100,100,100,18.75,100,100,95.3125,28.125,78.125,100,71.875,70.3125,100,100,89.0625,100,100,53.125,100,100,100,45.3125,100,100,92.1875,100,81.25,100,95.3125,100,100,100,90.625,93.75,100,100,100,100,75,100,100,82.8125,85.9375,71.875,100,100,70.3125,71.875,100,100,100,76.5625,84.375,62.5,100,98.4375,76.5625,100,90.625,100,87.5,95.3125,100,92.1875,81.25,76.5625,100,100,56.25,100,57.8125,100,28.125,100,100,100,81.25,37.5,65.625,100,60.9375,100,100,100,100,100,100,100,100,100,90.625,93.75,100,90.625,100,100,100,100,93.75,96.875,100,100,53.125,100,46.875,100,92.1875,100,100,100,93.75,68.75,100,100,25,9.375,39.0625,100,100,100,100,50,100,100,100,100,98.4375,34.375,100,76.5625,100,100,100,70.3125,100,100,100,100,40.625,100,100,100,90.625,100,100,90.625,90.625,100,85.9375,18.75,73.4375,81.25,79.6875,98.4375,79.6875,26.5625,81.25,73.4375,100,100,100,100,90.625,100,89.0625,82.8125,78.125,81.25,29.6875,73.4375,85.9375,100,100,100,100,100,98.4375,100,64.0625,31.25,87.5,100,93.75,100,20.3125,79.6875,100,95.3125,100,100,98.4375,71.875,100,100,100,100,92.1875,100,100,100,100,96.875,92.1875,100,100,100,100,100,100,59.375,100,100,96.875,50,71.875,100,100,82.8125,84.375,71.875,59.375,60.9375,100,100,75,31.25,100,81.25,68.75,100,92.1875,100,25,100,100,100,64.0625,57.8125,100,90.625,100,100,85.9375,67.1875,29.6875,31.25,81.25,65.625,100,100,85.9375,100,98.4375,100,100,100,89.0625,100,100,25,43.75,100,95.3125,100,100,70.3125,87.5,100,100,100,95.3125,100,31.25,23.4375,100,100,100,100,84.375,100,100,100,100,100,92.1875,59.375,95.3125,75,100,81.25,85.9375,100,90.625,100,100,100,100,64.0625,56.25,100,100,100,54.6875,92.1875,100,100,89.0625,100,78.125,65.625,100,100,100,100,76.5625,100,64.0625,100,100,26.5625,59.375,62.5,96.875,84.375,100,100,100,100,100,73.4375,89.0625,100,100,100,100,92.1875,100,100,62.5,100,56.25,100,60.9375,100,34.375,87.5,100,100,100,100,100,90.625,100,28.125,70.3125,100,100,71.875,79.6875,100,100,100,100,92.1875,100,56.25,78.125,100,32.8125,100,67.1875,84.375,100,100,100,75,89.0625,100,45.3125,100,98.4375,23.4375,68.75,100,29.6875,100,51.5625,100,100,75,100,100,100,68.75,76.5625,96.875,81.25,100,100,90.625,62.5,42.1875,62.5,67.1875,76.5625,79.6875,100,59.375,81.25,93.75,23.4375,100,75,100,100,100,100,37.5,76.5625,95.3125,87.5,100,100,76.5625,100,100,98.4375,100,90.625,64.0625,100,50,90.625,100,100,73.4375,96.875,82.8125,56.25,100,100,78.125,76.5625,100,54.6875,100,100,100,100,92.1875,96.875,48.4375,100,100,84.375,100,76.5625,100,96.875,100,81.25,100,81.25,100,100,93.75,29.6875,76.5625,21.875,95.3125,93.75,84.375,60.9375,100,53.125,100,43.75,35.9375,100,79.6875,73.4375,100,31.25,100,100,100,60.9375,35.9375,100,50,100,84.375,100,79.6875,70.3125,29.6875,100,70.3125,100,100,90.625,70.3125,100,57.8125,32.8125,34.375,100,68.75,59.375,89.0625,100,71.875,85.9375,95.3125,100,57.8125,100,37.5,100,100,64.0625,100,100,100,100,79.6875,40.625,100,100,100,100,71.875,100,100,45.3125,100,100,100,100,56.25,70.3125,100,100,76.5625,53.125,39.0625,100,56.25,79.6875,100,70.3125,100,76.5625,87.5,82.8125,100,90.625,100,100,100,100,100,70.3125,59.375,100,98.4375,100,100,100,100,98.4375,100,35.9375,100,100,98.4375,100,87.5,89.0625,75,100,100,100,51.5625,100,100,100,100,100,100,76.5625,79.6875,100,100,81.25,100,90.625,100,100,67.1875,100,100,67.1875,100,100,53.125,81.25,79.6875,70.3125,100,67.1875,68.75,59.375,81.25,100,100,100,100,100,73.4375,100,45.3125,100,100,57.8125,100,57.8125,43.75,43.75,81.25,100,100,39.0625,100,81.25,46.875,21.875,92.1875,56.25,100,100,100,93.75,90.625,79.6875,100,100,84.375,78.125,100,100,100,100,100,100,71.875,100,100,100,100,100,60.9375,100,100,100,100,100,100,40.625,81.25,100,90.625,81.25,100,100,76.5625,100,85.9375,100,53.125,100,100,51.5625,100,50,100,73.4375,75,71.875,67.1875,100,100,100,100,100,71.875,81.25,35.9375,100,70.3125,60.9375,75,85.9375,100,90.625,100,89.0625,79.6875,100,89.0625,60.9375,100,100,100,76.5625,48.4375,100,100,95.3125,40.625,73.4375,92.1875,100,100,100,43.75,65.625,57.8125,84.375,53.125,100,100,59.375,100,100,60.9375,4.6875,100,87.5,79.6875,70.3125,78.125,100,92.1875,100,100,53.125,95.3125,20.3125,48.4375,70.3125,71.875,39.0625,100,53.125,100,100,56.25,100,82.8125,34.375,100,87.5,75,90.625,60.9375,92.1875,100,17.1875,100,100,68.75,100,93.75,87.5,100,100,39.0625,59.375,98.4375,100,85.9375,100,100,93.75,57.8125,60.9375,100,42.1875,100,100,98.4375,21.875,100,85.9375,78.125,65.625,79.6875,95.3125,62.5,100,100,78.125,100,45.3125,89.0625,100,100,35.9375,100,100,100,100,100,100,28.125,40.625,100,100,57.8125,40.625,87.5,65.625,100,100,70.3125,87.5,100,96.875,95.3125,85.9375,67.1875,67.1875,37.5,100,90.625,100,100,100,100,95.3125,100,81.25,100,87.5,68.75,48.4375,14.0625,100,71.875,100,100,82.8125,67.1875,75,92.1875,60.9375,93.75,54.6875,95.3125,67.1875,100,100,28.125,100,100,85.9375,100,100,59.375,100,100,84.375,93.75,85.9375,71.875,78.125,100,100,79.6875,100,42.1875,65.625,96.875,100,100,100,100,98.4375,60.9375,42.1875,90.625,100,100,100,87.5,100,100,100,98.4375,71.875,100,100,92.1875,100,85.9375,100,28.125,100,84.375,100,100,100,100,100,92.1875,89.0625,71.875,100,100,92.1875,100,84.375,96.875,100,100,100,76.5625,54.6875,96.875,93.75,100,100,26.5625,73.4375,37.5,100,100,100,100,100,100,62.5,34.375,100,85.9375,100,100,79.6875,93.75,87.5,53.125,87.5,100,100,92.1875,92.1875,100,100,71.875,84.375,21.875,75,100,100,100,100,100,62.5,96.875,100,76.5625,100,93.75,70.3125,95.3125,65.625,100,26.5625,100,100,90.625,56.25,70.3125,100,50,100,76.5625,96.875,100,100,82.8125,78.125,84.375,75,100,89.0625,100,29.6875,100,100,81.25,65.625,81.25,100,42.1875,100,98.4375,100,100,82.8125,62.5,100,60.9375,56.25,100,100,39.0625,100,100,92.1875,56.25,96.875,100,100,93.75,100,100,100,70.3125,64.0625,75,60.9375,100,100,64.0625,100,56.25,64.0625,100,100,87.5,100,100,100,100,56.25,70.3125,46.875,100,26.5625,76.5625,75,100,56.25,82.8125,76.5625,78.125,92.1875,100,100,73.4375,100,73.4375,100,100,100,100,90.625,46.875,100,100,100,92.1875,100,100,82.8125,100,42.1875,100,53.125,62.5,100,100,100,100,100,75,100,100,100,100,92.1875,100,29.6875,100,43.75,100,23.4375,100,45.3125,100,100,100,79.6875,100,100,100,100,100,76.5625,100,75,100,100,100,100,81.25,100,56.25,100,100,100,65.625,100,92.1875,90.625,34.375,100,100,84.375,100,89.0625,82.8125,40.625,100,100,39.0625,10.9375,100,53.125,100,100,100,75,100,70.3125,100,100,100,100,26.5625,100,100,96.875,76.5625,95.3125,76.5625,100,51.5625,92.1875,64.0625,50,100,100,93.75,75,100,100,100,68.75,85.9375,100,92.1875,32.8125,68.75,92.1875,96.875,100,90.625,70.3125,85.9375,100,87.5,76.5625,85.9375,84.375,100,100,100,96.875,100,76.5625,67.1875,10.9375,81.25,89.0625,17.1875,45.3125,100,100,100,48.4375,60.9375,100,100,100,100,73.4375,78.125,40.625,87.5,65.625,96.875,100,64.0625,100,48.4375,100,54.6875,100,60.9375,100,65.625,57.8125,79.6875,100,71.875,54.6875,100,100,84.375,100,73.4375,37.5,100,100,53.125,100,100,68.75,51.5625,100,100,57.8125,90.625,100,100,100,78.125,79.6875,100,100,96.875,100,37.5,100,100,100,100,100,65.625,100,100,84.375,54.6875,100,81.25,89.0625,100,100,84.375,93.75,100,100,93.75,100,100,60.9375,100,90.625,100,54.6875,85.9375,100,100,100,100,35.9375,28.125,37.5,79.6875,93.75,93.75,100,71.875,100,92.1875,100,100,59.375,54.6875,48.4375,100,46.875,100,100,82.8125,64.0625,100,53.125,100,67.1875,100,71.875,100,76.5625,28.125,92.1875,73.4375,98.4375,18.75,95.3125,81.25,39.0625,29.6875,40.625,100,26.5625,100,100,26.5625,100,100,59.375,100,73.4375,100,84.375,93.75,68.75,81.25,95.3125,100,93.75,100,57.8125,100,100,89.0625,100,100,81.25,84.375,100,100,57.8125,100,39.0625,100,100,53.125,100,35.9375,100,82.8125,53.125,100,48.4375,45.3125,98.4375,98.4375,67.1875,70.3125,100,100,100,100,82.8125,96.875,64.0625,100,51.5625,100,70.3125,100,100,65.625,31.25,100,100,51.5625,68.75,100,73.4375,100,100,100,100,100,56.25,100,100,100,75,100,75,56.25,100,92.1875,79.6875,62.5,35.9375,51.5625,100,28.125,100,79.6875,98.4375,82.8125,100,57.8125,100,100,100,92.1875,100,78.125,73.4375,100,100,100,100,100,93.75,100,45.3125,65.625,78.125,81.25,87.5,100,100,100,100,43.75,1.5625,89.0625,15.625,21.875,100,76.5625,100,75,100,100,100,100,100,87.5,100,100,100,100,100,90.625,100,84.375,54.6875,37.5,35.9375,100,50,100,100,82.8125,79.6875,100,53.125,64.0625,100,100,45.3125,100,100,65.625,100,98.4375,75,100,92.1875,76.5625,93.75,96.875,73.4375,29.6875,100,92.1875,100,100,42.1875,23.4375,39.0625,100,92.1875,60.9375,76.5625,78.125,100,100,78.125,100,89.0625,100,100,56.25,75,79.6875,71.875,96.875,100,100,100,65.625,100,100,96.875,85.9375,100,100,31.25,65.625,95.3125,81.25,64.0625,100,100,68.75,78.125,100,96.875,31.25,64.0625,78.125,100,100,100,46.875,100,65.625,34.375,76.5625,100,100,100,100,100,64.0625,100,54.6875,89.0625,100,53.125,100,21.875,89.0625,100,87.5,100,100,32.8125,60.9375,100,92.1875,100,100,100,100
"6016",90.625,100,35.9375,100,100,32.8125,67.1875,93.75,23.4375,98.4375,81.25,100,100,100,73.4375,73.4375,85.9375,76.5625,100,100,96.875,100,100,100,64.0625,100,100,93.75,82.8125,100,100,100,100,82.8125,100,93.75,82.8125,100,100,100,71.875,64.0625,76.5625,100,100,100,100,100,65.625,87.5,75,100,100,68.75,73.4375,100,32.8125,100,100,39.0625,93.75,54.6875,98.4375,100,100,98.4375,59.375,100,73.4375,100,46.875,75,100,84.375,50,100,100,100,50,100,64.0625,100,84.375,78.125,59.375,100,100,100,100,37.5,53.125,82.8125,100,46.875,85.9375,98.4375,100,60.9375,100,100,75,96.875,100,90.625,100,15.625,100,48.4375,85.9375,100,84.375,79.6875,100,95.3125,34.375,84.375,100,100,100,95.3125,78.125,100,100,75,87.5,53.125,100,18.75,100,100,100,100,100,100,100,59.375,56.25,79.6875,100,100,100,98.4375,50,60.9375,100,100,100,100,60.9375,82.8125,59.375,34.375,76.5625,92.1875,96.875,85.9375,76.5625,100,100,7.8125,100,100,100,100,89.0625,70.3125,15.625,90.625,18.75,100,100,68.75,43.75,100,87.5,92.1875,84.375,84.375,100,87.5,100,98.4375,100,100,96.875,100,29.6875,100,25,93.75,100,92.1875,81.25,100,92.1875,100,73.4375,85.9375,100,100,17.1875,100,96.875,100,100,100,92.1875,100,95.3125,100,37.5,100,100,100,87.5,78.125,45.3125,95.3125,100,42.1875,95.3125,84.375,87.5,62.5,100,54.6875,100,90.625,56.25,100,81.25,81.25,23.4375,100,100,100,79.6875,59.375,100,100,100,100,100,100,100,26.5625,68.75,85.9375,100,76.5625,100,78.125,75,90.625,100,73.4375,100,73.4375,100,100,100,96.875,31.25,93.75,28.125,92.1875,100,100,100,100,87.5,54.6875,100,100,81.25,39.0625,29.6875,65.625,62.5,100,90.625,100,100,100,100,100,31.25,98.4375,70.3125,90.625,81.25,100,20.3125,54.6875,100,100,95.3125,95.3125,57.8125,75,35.9375,100,78.125,75,100,87.5,81.25,65.625,85.9375,100,100,100,31.25,100,100,93.75,100,57.8125,82.8125,43.75,89.0625,100,50,100,34.375,60.9375,100,70.3125,100,84.375,87.5,100,50,93.75,100,39.0625,100,89.0625,100,100,100,79.6875,57.8125,100,68.75,56.25,23.4375,100,84.375,71.875,100,35.9375,100,100,43.75,100,98.4375,71.875,50,100,75,85.9375,100,100,59.375,53.125,79.6875,79.6875,98.4375,100,100,100,90.625,65.625,95.3125,100,90.625,76.5625,82.8125,100,82.8125,100,100,100,100,26.5625,100,100,59.375,90.625,100,81.25,100,76.5625,100,65.625,100,62.5,100,15.625,100,100,100,100,100,59.375,59.375,100,81.25,84.375,70.3125,92.1875,100,85.9375,100,100,39.0625,50,89.0625,76.5625,65.625,100,100,100,100,35.9375,32.8125,100,93.75,100,82.8125,100,84.375,100,71.875,64.0625,45.3125,100,96.875,100,60.9375,90.625,100,73.4375,93.75,46.875,100,82.8125,95.3125,92.1875,95.3125,100,100,100,85.9375,67.1875,100,62.5,100,100,75,46.875,64.0625,96.875,84.375,56.25,100,87.5,100,87.5,73.4375,32.8125,48.4375,100,100,89.0625,100,100,100,100,100,100,100,62.5,82.8125,100,56.25,100,67.1875,73.4375,100,81.25,79.6875,84.375,35.9375,100,100,100,53.125,65.625,79.6875,100,100,100,85.9375,71.875,100,84.375,100,100,73.4375,79.6875,68.75,100,68.75,57.8125,100,100,100,100,100,54.6875,100,59.375,25,92.1875,100,95.3125,35.9375,100,51.5625,100,98.4375,100,84.375,68.75,100,82.8125,82.8125,70.3125,93.75,60.9375,100,34.375,45.3125,100,84.375,100,100,70.3125,100,81.25,100,100,100,46.875,67.1875,100,65.625,95.3125,100,70.3125,100,100,100,100,32.8125,81.25,100,100,68.75,100,90.625,100,32.8125,73.4375,100,62.5,100,100,100,98.4375,100,100,100,92.1875,98.4375,73.4375,100,64.0625,100,56.25,100,100,100,100,82.8125,100,67.1875,100,84.375,100,100,81.25,90.625,100,57.8125,12.5,100,50,71.875,100,78.125,100,79.6875,100,100,98.4375,100,100,35.9375,100,100,53.125,100,59.375,100,51.5625,100,100,79.6875,73.4375,100,100,100,100,100,100,100,96.875,100,100,26.5625,53.125,70.3125,32.8125,100,100,96.875,53.125,100,89.0625,90.625,100,45.3125,6.25,70.3125,87.5,50,93.75,100,87.5,100,100,100,29.6875,100,87.5,37.5,59.375,48.4375,68.75,59.375,98.4375,78.125,100,90.625,35.9375,78.125,60.9375,40.625,92.1875,93.75,35.9375,87.5,100,100,100,100,100,100,46.875,100,42.1875,68.75,100,100,68.75,56.25,40.625,46.875,100,67.1875,100,51.5625,100,100,100,100,56.25,100,75,89.0625,84.375,100,89.0625,65.625,100,100,100,40.625,100,100,100,76.5625,100,100,100,100,100,81.25,67.1875,100,100,100,82.8125,100,100,100,84.375,100,100,68.75,100,100,100,64.0625,100,100,35.9375,89.0625,100,100,64.0625,57.8125,100,100,73.4375,81.25,100,96.875,100,70.3125,62.5,31.25,87.5,100,100,96.875,48.4375,60.9375,68.75,67.1875,23.4375,100,100,100,40.625,75,100,84.375,100,100,68.75,100,100,73.4375,100,6.25,93.75,100,100,40.625,62.5,84.375,100,95.3125,100,100,100,71.875,56.25,96.875,100,100,57.8125,100,21.875,100,79.6875,46.875,84.375,100,85.9375,62.5,100,39.0625,93.75,100,100,53.125,60.9375,100,100,100,100,100,96.875,62.5,100,100,39.0625,78.125,100,100,40.625,100,70.3125,82.8125,79.6875,100,100,35.9375,100,57.8125,100,100,100,71.875,71.875,100,100,100,67.1875,100,76.5625,12.5,67.1875,100,100,93.75,100,73.4375,100,92.1875,100,84.375,100,100,100,85.9375,100,100,100,100,59.375,42.1875,100,68.75,93.75,71.875,100,54.6875,54.6875,100,21.875,100,93.75,50,100,59.375,67.1875,85.9375,76.5625,100,98.4375,9.375,48.4375,100,100,73.4375,67.1875,100,100,89.0625,98.4375,95.3125,60.9375,87.5,100,100,100,100,100,100,20.3125,100,84.375,95.3125,100,57.8125,100,82.8125,67.1875,90.625,100,35.9375,100,100,84.375,75,92.1875,70.3125,60.9375,100,100,57.8125,67.1875,90.625,48.4375,62.5,81.25,82.8125,100,65.625,100,100,54.6875,100,100,40.625,68.75,100,100,100,67.1875,100,100,95.3125,100,100,100,93.75,100,100,100,79.6875,100,100,100,100,62.5,70.3125,100,100,26.5625,31.25,76.5625,81.25,100,100,100,87.5,59.375,31.25,100,46.875,95.3125,70.3125,70.3125,100,82.8125,21.875,100,98.4375,100,92.1875,100,96.875,100,100,100,60.9375,79.6875,100,100,96.875,70.3125,93.75,85.9375,64.0625,70.3125,100,100,100,84.375,100,57.8125,81.25,81.25,93.75,100,100,50,100,100,96.875,29.6875,100,100,81.25,100,78.125,100,96.875,100,100,100,100,100,81.25,100,100,100,76.5625,70.3125,70.3125,100,100,79.6875,100,100,100,100,76.5625,100,78.125,100,93.75,100,100,100,70.3125,78.125,82.8125,85.9375,100,89.0625,100,100,100,100,70.3125,93.75,100,82.8125,75,100,96.875,79.6875,81.25,100,81.25,79.6875,100,48.4375,100,50,100,100,100,100,53.125,26.5625,100,100,76.5625,48.4375,90.625,42.1875,78.125,100,100,68.75,67.1875,15.625,100,100,100,100,100,100,100,100,100,81.25,87.5,65.625,53.125,87.5,92.1875,100,89.0625,100,79.6875,100,100,95.3125,100,100,75,98.4375,100,95.3125,100,100,82.8125,57.8125,100,82.8125,100,50,100,90.625,100,100,100,46.875,100,73.4375,100,100,100,42.1875,100,100,57.8125,65.625,100,93.75,100,60.9375,100,100,82.8125,79.6875,96.875,100,100,100,100,100,100,100,40.625,53.125,100,100,40.625,100,100,100,73.4375,100,87.5,100,100,89.0625,100,98.4375,100,81.25,76.5625,100,100,96.875,84.375,96.875,96.875,68.75,73.4375,100,90.625,100,100,89.0625,96.875,100,50,51.5625,100,100,67.1875,95.3125,100,100,100,89.0625,45.3125,100,92.1875,32.8125,98.4375,100,100,100,100,100,100,100,100,100,100,68.75,98.4375,57.8125,100,76.5625,100,100,100,18.75,95.3125,81.25,100,100,35.9375,100,100,75,98.4375,85.9375,100,100,100,31.25,100,43.75,56.25,100,100,100,100,35.9375,42.1875,23.4375,73.4375,87.5,89.0625,48.4375,100,43.75,100,100,100,100,64.0625,67.1875,100,68.75,100,100,100,100,100,95.3125,84.375,56.25,89.0625,75,100,76.5625,39.0625,70.3125,90.625,67.1875,60.9375,56.25,100,98.4375,62.5,93.75,59.375,73.4375,42.1875,100,51.5625,85.9375,100,87.5,100,100,37.5,82.8125,84.375,73.4375,96.875,100,100,100,100,93.75,100,85.9375,89.0625,100,100,59.375,100,100,100,70.3125,100,87.5,62.5,60.9375,100,26.5625,71.875,100,21.875,89.0625,100,100,100,100,90.625,89.0625,100,32.8125,100,70.3125,100,67.1875,100,100,64.0625,28.125,89.0625,89.0625,100,100,50,62.5,60.9375,40.625,45.3125,100,100,76.5625,59.375,60.9375,100,68.75,70.3125,93.75,100,90.625,100,68.75,95.3125,70.3125,53.125,78.125,100,59.375,100,100,100,84.375,92.1875,68.75,87.5,93.75,100,100,100,73.4375,26.5625,78.125,6.25,100,100,100,81.25,95.3125,39.0625,60.9375,85.9375,100,92.1875,100,100,100,100,56.25,70.3125,50,50,76.5625,54.6875,96.875,100,100,98.4375,87.5,100,100,100,26.5625,89.0625,100,76.5625,68.75,93.75,98.4375,54.6875,100,100,100,54.6875,100,100,98.4375,100,100,100,100,81.25,100,100,100,100,100,93.75,68.75,75,100,62.5,100,75,100,100,84.375,90.625,75,100,100,67.1875,71.875,100,100,100,43.75,89.0625,68.75,100,100,84.375,100,100,100,100,100,21.875,92.1875,81.25,73.4375,100,100,100,100,45.3125,57.8125,40.625,100,100,100,82.8125,34.375,65.625,100,60.9375,100,100,93.75,100,100,100,100,100,100,89.0625,95.3125,100,100,100,100,100,100,93.75,100,100,98.4375,59.375,100,53.125,100,92.1875,100,100,100,93.75,81.25,100,100,39.0625,9.375,43.75,100,100,100,100,45.3125,98.4375,100,100,100,48.4375,42.1875,100,76.5625,100,100,100,87.5,100,100,100,100,34.375,90.625,100,62.5,82.8125,98.4375,100,82.8125,96.875,100,81.25,100,60.9375,79.6875,78.125,82.8125,82.8125,68.75,68.75,71.875,100,75,100,100,85.9375,100,87.5,95.3125,82.8125,59.375,29.6875,100,85.9375,100,100,100,95.3125,100,100,100,62.5,29.6875,87.5,100,100,100,20.3125,81.25,100,96.875,100,100,100,100,100,59.375,100,67.1875,92.1875,93.75,100,100,100,100,100,89.0625,100,100,100,100,100,59.375,100,65.625,98.4375,60.9375,65.625,100,100,100,100,71.875,60.9375,67.1875,81.25,59.375,68.75,45.3125,100,87.5,70.3125,100,87.5,100,56.25,100,100,100,64.0625,56.25,100,59.375,100,100,89.0625,100,26.5625,85.9375,78.125,64.0625,100,100,87.5,100,81.25,87.5,100,100,95.3125,100,100,25,39.0625,100,95.3125,62.5,100,68.75,85.9375,100,100,100,28.125,100,28.125,20.3125,100,100,100,100,100,100,100,100,100,100,81.25,10.9375,81.25,100,100,79.6875,89.0625,100,100,100,100,89.0625,78.125,64.0625,62.5,100,100,100,76.5625,90.625,95.3125,100,96.875,100,100,70.3125,100,100,100,67.1875,73.4375,100,73.4375,100,100,26.5625,57.8125,62.5,98.4375,84.375,100,95.3125,100,85.9375,100,81.25,87.5,95.3125,100,100,100,93.75,100,100,100,100,82.8125,100,64.0625,100,34.375,85.9375,100,100,100,100,100,89.0625,39.0625,28.125,50,100,100,87.5,67.1875,100,100,100,100,92.1875,96.875,85.9375,84.375,100,46.875,100,65.625,79.6875,100,100,100,84.375,82.8125,65.625,76.5625,100,100,23.4375,70.3125,100,20.3125,100,71.875,100,100,71.875,100,100,100,68.75,70.3125,98.4375,82.8125,100,100,90.625,62.5,42.1875,73.4375,65.625,78.125,73.4375,100,54.6875,81.25,93.75,45.3125,100,75,100,100,100,100,35.9375,64.0625,100,76.5625,100,100,64.0625,98.4375,100,98.4375,100,92.1875,64.0625,100,51.5625,78.125,21.875,100,73.4375,92.1875,100,79.6875,100,100,100,79.6875,100,53.125,100,100,100,100,93.75,85.9375,50,100,100,65.625,100,62.5,100,100,100,81.25,46.875,78.125,100,100,84.375,100,81.25,20.3125,100,98.4375,81.25,45.3125,100,64.0625,100,34.375,35.9375,100,68.75,79.6875,100,31.25,100,100,100,51.5625,92.1875,87.5,59.375,100,84.375,100,93.75,46.875,29.6875,100,71.875,100,100,90.625,68.75,100,56.25,32.8125,100,100,82.8125,59.375,89.0625,100,70.3125,9.375,95.3125,90.625,62.5,100,39.0625,100,100,100,59.375,100,100,100,100,35.9375,100,100,100,100,64.0625,100,100,54.6875,60.9375,100,100,100,54.6875,76.5625,100,100,59.375,60.9375,32.8125,100,70.3125,81.25,100,64.0625,100,76.5625,82.8125,81.25,100,90.625,100,100,100,100,100,67.1875,62.5,56.25,93.75,100,100,98.4375,100,96.875,95.3125,39.0625,92.1875,92.1875,98.4375,100,92.1875,92.1875,76.5625,100,100,100,60.9375,100,100,85.9375,100,57.8125,100,76.5625,75,100,100,100,90.625,100,100,100,67.1875,100,100,60.9375,100,100,42.1875,84.375,79.6875,96.875,100,78.125,68.75,59.375,62.5,100,96.875,100,100,100,37.5,100,48.4375,100,100,68.75,100,100,39.0625,26.5625,70.3125,100,98.4375,34.375,98.4375,90.625,100,20.3125,96.875,9.375,100,100,90.625,100,48.4375,81.25,100,100,100,78.125,100,100,18.75,100,100,100,78.125,100,100,100,100,100,57.8125,100,100,100,100,100,100,40.625,81.25,59.375,100,82.8125,100,100,100,100,93.75,100,42.1875,100,100,54.6875,100,65.625,100,82.8125,73.4375,70.3125,48.4375,100,100,100,100,98.4375,78.125,62.5,35.9375,98.4375,100,54.6875,29.6875,100,100,90.625,100,62.5,78.125,100,87.5,62.5,100,100,100,100,48.4375,100,93.75,96.875,79.6875,73.4375,51.5625,100,100,100,37.5,73.4375,46.875,95.3125,70.3125,100,100,59.375,100,100,64.0625,4.6875,100,89.0625,79.6875,96.875,93.75,100,90.625,100,100,53.125,96.875,20.3125,46.875,68.75,71.875,39.0625,100,56.25,100,100,59.375,100,85.9375,39.0625,100,89.0625,75,89.0625,62.5,98.4375,100,17.1875,100,98.4375,46.875,90.625,84.375,75,100,100,23.4375,62.5,90.625,100,81.25,100,100,93.75,57.8125,59.375,100,100,59.375,100,93.75,100,100,90.625,76.5625,65.625,73.4375,84.375,67.1875,100,100,98.4375,46.875,26.5625,92.1875,100,100,35.9375,100,100,100,100,100,59.375,26.5625,34.375,100,100,57.8125,40.625,87.5,81.25,100,100,70.3125,82.8125,73.4375,90.625,100,100,67.1875,67.1875,54.6875,100,100,68.75,100,100,56.25,75,100,60.9375,100,82.8125,64.0625,53.125,18.75,100,70.3125,59.375,51.5625,84.375,100,78.125,100,68.75,93.75,54.6875,90.625,100,100,100,17.1875,100,95.3125,96.875,100,100,37.5,100,100,100,93.75,82.8125,62.5,100,100,100,59.375,71.875,46.875,64.0625,100,100,100,100,100,95.3125,62.5,35.9375,92.1875,100,100,100,73.4375,100,100,100,75,56.25,100,100,100,100,85.9375,100,29.6875,100,45.3125,100,100,100,100,100,89.0625,100,82.8125,100,100,92.1875,100,90.625,89.0625,100,100,93.75,78.125,57.8125,93.75,93.75,100,100,28.125,76.5625,100,100,100,100,100,100,100,60.9375,29.6875,100,81.25,100,100,100,93.75,98.4375,54.6875,85.9375,100,100,93.75,100,57.8125,39.0625,73.4375,93.75,23.4375,76.5625,100,100,100,87.5,100,64.0625,98.4375,100,100,78.125,100,93.75,85.9375,65.625,100,25,100,100,100,54.6875,100,92.1875,50,82.8125,78.125,96.875,100,100,76.5625,79.6875,100,71.875,100,90.625,100,28.125,68.75,81.25,81.25,64.0625,76.5625,100,100,100,98.4375,100,100,84.375,57.8125,100,60.9375,57.8125,100,100,62.5,100,100,100,100,100,100,100,100,100,79.6875,34.375,70.3125,78.125,93.75,64.0625,100,100,64.0625,100,100,64.0625,100,100,90.625,100,100,100,100,56.25,71.875,79.6875,100,26.5625,78.125,56.25,100,100,100,100,71.875,92.1875,100,98.4375,76.5625,12.5,65.625,100,78.125,100,100,100,46.875,100,100,71.875,92.1875,100,100,98.4375,100,46.875,100,100,100,100,76.5625,57.8125,100,100,75,100,100,14.0625,100,90.625,100,29.6875,100,35.9375,56.25,25,43.75,100,100,100,81.25,71.875,100,100,78.125,100,100,100,100,75,100,100,100,100,84.375,100,53.125,100,100,89.0625,50,100,87.5,100,32.8125,100,100,84.375,56.25,81.25,82.8125,40.625,100,100,45.3125,10.9375,100,53.125,100,100,29.6875,75,100,67.1875,100,100,100,100,25,100,100,87.5,76.5625,95.3125,85.9375,100,46.875,92.1875,64.0625,51.5625,100,100,79.6875,84.375,100,100,100,89.0625,79.6875,100,59.375,100,56.25,92.1875,100,98.4375,89.0625,100,100,96.875,96.875,82.8125,100,84.375,100,100,100,96.875,100,100,68.75,100,76.5625,87.5,20.3125,48.4375,100,100,100,46.875,57.8125,100,100,93.75,95.3125,75,79.6875,50,85.9375,43.75,70.3125,100,65.625,100,95.3125,100,46.875,89.0625,57.8125,100,46.875,46.875,68.75,100,65.625,54.6875,100,100,81.25,100,73.4375,39.0625,100,100,53.125,100,100,65.625,39.0625,100,100,60.9375,89.0625,82.8125,100,98.4375,95.3125,100,100,100,92.1875,100,40.625,100,81.25,100,100,100,64.0625,100,78.125,59.375,100,100,100,87.5,100,92.1875,78.125,73.4375,100,100,70.3125,100,100,60.9375,100,92.1875,100,100,89.0625,100,100,100,100,35.9375,43.75,35.9375,81.25,93.75,100,100,100,87.5,100,100,100,56.25,56.25,48.4375,45.3125,100,100,100,82.8125,78.125,100,56.25,100,76.5625,98.4375,71.875,60.9375,57.8125,68.75,59.375,79.6875,100,18.75,95.3125,82.8125,100,28.125,15.625,100,93.75,100,100,26.5625,100,100,59.375,100,100,100,79.6875,90.625,59.375,39.0625,82.8125,100,98.4375,100,60.9375,100,100,89.0625,100,100,84.375,84.375,100,100,57.8125,100,35.9375,100,100,51.5625,100,35.9375,100,87.5,57.8125,100,48.4375,60.9375,95.3125,95.3125,60.9375,85.9375,93.75,100,100,100,81.25,95.3125,62.5,100,50,100,89.0625,100,100,71.875,28.125,100,100,51.5625,68.75,100,100,68.75,100,100,100,100,60.9375,100,100,100,70.3125,100,76.5625,96.875,100,92.1875,65.625,59.375,35.9375,51.5625,100,51.5625,100,100,100,90.625,93.75,59.375,100,100,100,100,100,78.125,75,100,100,100,100,100,89.0625,100,43.75,90.625,84.375,81.25,100,100,100,100,100,45.3125,1.5625,100,100,35.9375,100,90.625,100,100,100,100,100,100,100,85.9375,100,100,100,100,100,82.8125,100,100,32.8125,37.5,46.875,100,54.6875,39.0625,100,100,76.5625,93.75,46.875,64.0625,100,100,54.6875,100,100,59.375,100,98.4375,87.5,98.4375,100,100,93.75,98.4375,62.5,28.125,100,79.6875,100,100,68.75,34.375,39.0625,100,65.625,59.375,82.8125,76.5625,100,100,75,100,87.5,100,100,56.25,23.4375,78.125,84.375,100,93.75,100,100,56.25,100,100,96.875,51.5625,100,100,31.25,70.3125,100,85.9375,64.0625,100,100,56.25,87.5,100,82.8125,31.25,68.75,85.9375,100,100,100,40.625,100,62.5,32.8125,100,87.5,100,100,89.0625,54.6875,53.125,100,54.6875,65.625,100,51.5625,100,64.0625,84.375,100,82.8125,100,87.5,100,54.6875,100,100,98.4375,100,93.75,100
"6017",87.5,100,40.625,100,100,34.375,67.1875,100,20.3125,98.4375,65.625,100,100,100,100,76.5625,87.5,78.125,100,100,96.875,100,100,100,62.5,100,100,90.625,82.8125,100,100,89.0625,100,100,100,75,82.8125,100,100,100,100,62.5,75,100,100,100,100,100,62.5,87.5,75,100,100,78.125,71.875,100,9.375,100,100,42.1875,82.8125,54.6875,98.4375,100,100,73.4375,57.8125,100,65.625,100,46.875,65.625,100,100,48.4375,82.8125,100,53.125,51.5625,100,71.875,100,73.4375,75,60.9375,100,100,100,100,23.4375,56.25,84.375,100,46.875,71.875,90.625,100,62.5,100,100,84.375,96.875,100,92.1875,100,14.0625,93.75,48.4375,85.9375,98.4375,82.8125,100,100,100,34.375,96.875,100,100,100,90.625,60.9375,100,100,68.75,98.4375,54.6875,100,18.75,100,100,100,100,89.0625,100,100,65.625,59.375,78.125,100,100,100,100,78.125,48.4375,100,100,96.875,100,60.9375,84.375,60.9375,34.375,84.375,90.625,100,82.8125,76.5625,100,100,7.8125,100,100,82.8125,100,90.625,70.3125,100,85.9375,20.3125,100,85.9375,75,100,65.625,100,95.3125,84.375,100,100,100,100,100,100,71.875,100,100,29.6875,87.5,100,85.9375,100,100,79.6875,100,95.3125,100,70.3125,85.9375,100,100,18.75,100,98.4375,100,100,100,100,100,84.375,100,35.9375,100,100,100,89.0625,79.6875,40.625,68.75,100,48.4375,100,73.4375,70.3125,90.625,100,54.6875,25,92.1875,60.9375,100,78.125,82.8125,100,100,100,100,82.8125,62.5,87.5,100,100,100,100,100,100,26.5625,29.6875,87.5,100,51.5625,100,78.125,81.25,100,100,68.75,100,60.9375,100,100,100,98.4375,31.25,100,62.5,100,100,100,57.8125,100,54.6875,54.6875,96.875,100,100,35.9375,29.6875,100,64.0625,100,28.125,100,67.1875,76.5625,100,100,31.25,98.4375,85.9375,92.1875,85.9375,100,20.3125,56.25,100,100,100,85.9375,60.9375,75,32.8125,100,67.1875,100,100,85.9375,76.5625,65.625,89.0625,100,100,57.8125,31.25,100,64.0625,93.75,100,100,81.25,42.1875,87.5,100,50,100,70.3125,60.9375,98.4375,71.875,100,100,92.1875,100,76.5625,100,100,37.5,100,87.5,85.9375,100,100,78.125,56.25,100,68.75,67.1875,23.4375,100,100,73.4375,100,78.125,100,98.4375,64.0625,100,96.875,71.875,53.125,87.5,71.875,89.0625,100,100,82.8125,53.125,100,76.5625,98.4375,100,100,100,96.875,68.75,100,100,98.4375,78.125,100,100,87.5,87.5,100,100,100,56.25,100,100,50,92.1875,100,78.125,100,100,100,76.5625,100,100,45.3125,14.0625,50,100,100,100,100,67.1875,59.375,100,68.75,92.1875,70.3125,92.1875,95.3125,90.625,100,100,37.5,51.5625,100,78.125,56.25,100,100,100,100,25,57.8125,100,92.1875,100,82.8125,100,76.5625,100,89.0625,65.625,43.75,100,100,100,100,93.75,100,100,100,100,100,75,84.375,90.625,93.75,100,100,95.3125,82.8125,71.875,100,67.1875,100,100,76.5625,65.625,60.9375,96.875,23.4375,56.25,100,85.9375,100,100,67.1875,34.375,59.375,100,100,89.0625,100,100,100,100,90.625,100,78.125,64.0625,82.8125,100,50,100,68.75,73.4375,100,78.125,78.125,92.1875,45.3125,100,100,100,46.875,76.5625,78.125,100,100,100,84.375,56.25,82.8125,84.375,100,100,73.4375,78.125,68.75,100,100,92.1875,100,100,100,70.3125,100,53.125,87.5,64.0625,26.5625,95.3125,100,100,34.375,100,51.5625,100,89.0625,92.1875,84.375,67.1875,100,82.8125,82.8125,84.375,79.6875,57.8125,100,35.9375,46.875,100,85.9375,95.3125,100,70.3125,81.25,95.3125,100,100,93.75,48.4375,62.5,100,67.1875,100,100,71.875,100,100,100,78.125,35.9375,79.6875,100,100,62.5,100,93.75,100,32.8125,100,100,62.5,100,100,100,100,93.75,100,95.3125,100,96.875,90.625,100,62.5,51.5625,67.1875,100,100,100,100,84.375,100,70.3125,95.3125,68.75,90.625,100,100,92.1875,59.375,62.5,35.9375,100,100,70.3125,100,76.5625,100,54.6875,100,100,100,100,96.875,35.9375,100,100,67.1875,100,68.75,100,100,100,78.125,79.6875,100,100,57.8125,100,100,100,100,100,98.4375,100,100,29.6875,96.875,70.3125,59.375,100,100,95.3125,43.75,100,90.625,96.875,100,43.75,6.25,70.3125,48.4375,50,92.1875,100,96.875,89.0625,76.5625,100,29.6875,100,85.9375,34.375,59.375,57.8125,68.75,59.375,98.4375,78.125,71.875,100,95.3125,79.6875,65.625,40.625,84.375,93.75,39.0625,85.9375,100,100,100,100,100,78.125,76.5625,100,45.3125,68.75,100,100,70.3125,67.1875,57.8125,46.875,100,50,100,32.8125,100,100,100,100,59.375,100,87.5,89.0625,84.375,100,100,59.375,85.9375,100,100,34.375,100,100,100,87.5,100,100,51.5625,100,100,75,93.75,100,100,100,84.375,100,100,100,100,100,100,68.75,100,100,100,64.0625,79.6875,100,35.9375,89.0625,100,76.5625,64.0625,57.8125,100,100,98.4375,98.4375,100,93.75,100,75,31.25,31.25,73.4375,100,100,100,48.4375,50,67.1875,73.4375,10.9375,100,100,45.3125,40.625,100,48.4375,84.375,100,100,76.5625,100,100,75,100,100,100,100,89.0625,34.375,60.9375,100,100,71.875,100,100,100,100,54.6875,84.375,100,100,37.5,96.875,29.6875,100,71.875,87.5,81.25,100,89.0625,62.5,100,37.5,93.75,100,100,53.125,82.8125,23.4375,100,100,100,100,96.875,62.5,100,100,68.75,90.625,100,100,34.375,100,70.3125,81.25,81.25,100,100,65.625,100,53.125,93.75,100,100,82.8125,71.875,100,71.875,100,68.75,100,76.5625,26.5625,67.1875,100,54.6875,92.1875,90.625,89.0625,100,96.875,100,89.0625,100,100,100,100,100,100,100,100,60.9375,37.5,100,68.75,100,78.125,100,51.5625,60.9375,100,18.75,100,100,54.6875,85.9375,65.625,100,82.8125,76.5625,100,98.4375,15.625,100,100,75,73.4375,64.0625,100,100,90.625,98.4375,70.3125,70.3125,100,100,100,100,100,60.9375,100,20.3125,100,82.8125,100,96.875,51.5625,100,54.6875,70.3125,100,100,35.9375,100,100,100,87.5,43.75,70.3125,53.125,100,100,56.25,78.125,98.4375,45.3125,65.625,89.0625,84.375,92.1875,32.8125,100,100,48.4375,100,100,39.0625,100,100,100,100,68.75,100,51.5625,12.5,100,100,100,93.75,100,100,100,93.75,100,100,100,98.4375,59.375,67.1875,54.6875,84.375,25,53.125,100,79.6875,100,100,100,85.9375,54.6875,31.25,100,45.3125,100,87.5,70.3125,100,71.875,90.625,100,100,100,100,100,100,100,100,100,60.9375,78.125,43.75,100,98.4375,64.0625,93.75,84.375,54.6875,59.375,100,100,71.875,84.375,100,51.5625,75,81.25,68.75,100,100,42.1875,100,100,85.9375,31.25,56.25,100,71.875,100,81.25,100,95.3125,100,100,100,100,100,81.25,95.3125,100,100,76.5625,100,70.3125,100,100,39.0625,79.6875,100,100,100,76.5625,100,78.125,100,100,100,100,100,100,85.9375,100,92.1875,65.625,100,100,100,100,100,65.625,64.0625,100,84.375,75,100,98.4375,70.3125,81.25,100,95.3125,100,100,46.875,100,50,100,89.0625,100,100,100,28.125,100,100,89.0625,100,92.1875,35.9375,78.125,100,100,18.75,75,18.75,100,100,100,100,100,100,100,100,100,79.6875,79.6875,65.625,100,92.1875,100,100,89.0625,100,81.25,100,32.8125,87.5,100,100,75,81.25,100,95.3125,100,100,82.8125,46.875,100,56.25,100,50,100,89.0625,100,100,100,93.75,70.3125,78.125,100,100,100,42.1875,100,100,56.25,65.625,100,96.875,100,60.9375,100,93.75,79.6875,78.125,100,100,100,100,100,100,100,100,42.1875,53.125,100,100,42.1875,100,100,100,92.1875,100,87.5,100,100,59.375,100,96.875,100,79.6875,76.5625,100,100,100,85.9375,100,100,84.375,90.625,100,93.75,100,100,82.8125,95.3125,100,46.875,51.5625,100,100,67.1875,50,100,100,100,100,45.3125,100,89.0625,31.25,100,100,100,100,100,100,100,100,100,100,100,65.625,96.875,56.25,68.75,71.875,100,100,100,28.125,95.3125,81.25,100,81.25,35.9375,100,100,76.5625,100,95.3125,100,100,100,31.25,100,37.5,64.0625,100,100,100,100,35.9375,53.125,100,100,89.0625,89.0625,50,100,29.6875,100,100,100,100,60.9375,67.1875,100,70.3125,100,100,100,100,100,90.625,82.8125,54.6875,87.5,75,100,92.1875,70.3125,71.875,100,67.1875,60.9375,51.5625,100,98.4375,62.5,87.5,37.5,67.1875,37.5,100,35.9375,92.1875,100,96.875,100,100,82.8125,100,100,71.875,100,100,100,87.5,100,96.875,100,85.9375,75,100,100,60.9375,100,93.75,100,60.9375,100,90.625,60.9375,60.9375,100,48.4375,95.3125,100,100,89.0625,100,100,100,65.625,93.75,53.125,100,100,100,84.375,100,82.8125,98.4375,98.4375,62.5,29.6875,84.375,81.25,100,100,50,62.5,59.375,40.625,42.1875,100,100,75,59.375,60.9375,100,64.0625,84.375,95.3125,100,90.625,100,68.75,100,75,53.125,100,100,64.0625,100,100,100,84.375,93.75,64.0625,95.3125,73.4375,100,100,100,73.4375,28.125,100,18.75,100,100,100,75,100,100,59.375,89.0625,100,98.4375,100,100,100,100,45.3125,67.1875,46.875,39.0625,76.5625,65.625,90.625,100,100,100,85.9375,100,100,84.375,26.5625,84.375,100,76.5625,70.3125,100,100,53.125,100,100,67.1875,100,100,100,73.4375,100,100,98.4375,100,79.6875,100,92.1875,100,100,100,92.1875,100,100,100,25,100,81.25,100,100,82.8125,92.1875,100,100,100,68.75,70.3125,100,100,100,76.5625,90.625,70.3125,100,98.4375,76.5625,100,100,79.6875,100,90.625,100,100,81.25,76.5625,100,100,76.5625,100,75,100,20.3125,92.1875,100,100,82.8125,35.9375,60.9375,100,64.0625,100,100,100,100,100,100,100,100,100,89.0625,62.5,100,90.625,100,100,100,100,95.3125,100,100,98.4375,95.3125,100,60.9375,100,85.9375,100,93.75,100,89.0625,73.4375,100,98.4375,37.5,9.375,39.0625,100,100,98.4375,71.875,43.75,89.0625,100,100,100,100,34.375,100,75,100,100,100,76.5625,100,100,98.4375,100,65.625,100,100,70.3125,93.75,100,100,92.1875,98.4375,100,75,100,79.6875,79.6875,82.8125,100,81.25,35.9375,79.6875,57.8125,100,100,100,43.75,90.625,100,87.5,81.25,81.25,60.9375,31.25,96.875,79.6875,100,100,43.75,100,100,100,100,60.9375,29.6875,100,100,100,100,21.875,76.5625,100,93.75,100,100,98.4375,76.5625,100,100,100,100,90.625,100,100,100,100,87.5,100,100,100,100,100,100,100,59.375,100,48.4375,96.875,75,50,100,100,96.875,9.375,71.875,100,64.0625,100,100,75,29.6875,31.25,93.75,76.5625,100,92.1875,100,23.4375,100,100,100,73.4375,50,100,21.875,100,100,89.0625,100,26.5625,78.125,78.125,64.0625,100,100,90.625,100,46.875,100,100,100,90.625,56.25,100,25,51.5625,100,95.3125,78.125,100,59.375,87.5,100,100,100,95.3125,100,31.25,18.75,100,100,100,100,100,100,100,100,100,100,89.0625,54.6875,76.5625,100,100,82.8125,90.625,100,100,84.375,100,89.0625,100,65.625,100,100,100,100,100,95.3125,100,98.4375,100,100,92.1875,67.1875,100,100,100,51.5625,76.5625,100,64.0625,100,100,26.5625,53.125,62.5,98.4375,84.375,100,95.3125,100,92.1875,100,100,89.0625,100,100,100,100,93.75,100,100,100,100,68.75,100,64.0625,100,32.8125,84.375,82.8125,100,100,100,100,87.5,100,31.25,48.4375,87.5,100,53.125,98.4375,100,100,100,100,92.1875,81.25,54.6875,78.125,100,46.875,100,71.875,89.0625,100,100,100,100,93.75,100,76.5625,100,95.3125,26.5625,68.75,100,25,100,50,100,100,76.5625,100,100,100,68.75,87.5,35.9375,82.8125,100,100,90.625,67.1875,42.1875,79.6875,60.9375,76.5625,81.25,100,62.5,82.8125,93.75,18.75,100,78.125,100,100,100,100,39.0625,65.625,100,96.875,100,100,71.875,100,100,96.875,100,92.1875,64.0625,100,57.8125,84.375,87.5,100,73.4375,89.0625,100,60.9375,100,100,100,79.6875,100,54.6875,100,100,100,100,95.3125,96.875,48.4375,100,100,85.9375,100,70.3125,100,100,100,81.25,100,84.375,92.1875,100,75,100,100,20.3125,98.4375,96.875,82.8125,43.75,100,54.6875,100,45.3125,35.9375,100,70.3125,79.6875,100,31.25,100,100,100,59.375,54.6875,92.1875,57.8125,100,84.375,100,96.875,62.5,29.6875,100,73.4375,100,100,92.1875,100,100,56.25,32.8125,18.75,100,67.1875,60.9375,89.0625,100,73.4375,9.375,89.0625,89.0625,56.25,100,100,100,100,71.875,92.1875,100,100,100,70.3125,31.25,100,100,100,100,100,100,100,25,60.9375,87.5,100,100,56.25,65.625,100,100,60.9375,54.6875,32.8125,100,42.1875,85.9375,100,70.3125,100,76.5625,84.375,81.25,100,89.0625,100,100,100,100,100,65.625,60.9375,53.125,100,100,100,78.125,100,96.875,95.3125,32.8125,100,92.1875,20.3125,100,100,98.4375,67.1875,100,98.4375,100,51.5625,100,100,100,100,64.0625,100,76.5625,78.125,100,100,96.875,87.5,100,100,100,67.1875,100,100,67.1875,100,100,35.9375,82.8125,79.6875,76.5625,100,100,67.1875,59.375,71.875,100,84.375,100,100,100,34.375,100,48.4375,100,100,89.0625,100,96.875,39.0625,65.625,76.5625,100,95.3125,34.375,100,82.8125,53.125,20.3125,90.625,56.25,100,100,62.5,100,92.1875,87.5,100,100,87.5,75,100,100,21.875,100,100,100,78.125,100,100,100,100,100,50,100,100,100,100,100,100,42.1875,81.25,100,100,81.25,100,100,100,100,90.625,51.5625,43.75,100,100,54.6875,100,68.75,100,78.125,92.1875,70.3125,70.3125,100,100,100,100,85.9375,100,71.875,35.9375,96.875,100,56.25,42.1875,85.9375,100,92.1875,100,54.6875,82.8125,100,87.5,60.9375,100,100,100,100,50,100,100,87.5,100,75,84.375,100,100,100,35.9375,65.625,46.875,85.9375,90.625,100,100,60.9375,100,100,64.0625,4.6875,100,84.375,29.6875,81.25,81.25,100,92.1875,100,100,56.25,93.75,20.3125,50,71.875,71.875,35.9375,100,54.6875,100,100,57.8125,100,95.3125,39.0625,100,84.375,75,92.1875,62.5,92.1875,100,17.1875,100,82.8125,68.75,100,84.375,75,100,100,29.6875,62.5,92.1875,100,84.375,100,100,95.3125,57.8125,56.25,100,100,100,100,93.75,100,100,85.9375,78.125,65.625,71.875,100,62.5,100,100,87.5,100,17.1875,85.9375,98.4375,100,34.375,100,100,100,100,84.375,100,28.125,34.375,89.0625,100,46.875,40.625,89.0625,70.3125,100,100,70.3125,84.375,100,98.4375,96.875,100,68.75,65.625,71.875,60.9375,57.8125,100,100,100,46.875,100,20.3125,100,100,76.5625,70.3125,48.4375,14.0625,100,70.3125,53.125,100,82.8125,68.75,85.9375,78.125,78.125,93.75,54.6875,90.625,100,100,100,100,92.1875,100,81.25,34.375,100,100,100,100,79.6875,93.75,78.125,57.8125,92.1875,100,100,76.5625,67.1875,37.5,34.375,100,48.4375,100,100,100,98.4375,64.0625,42.1875,100,73.4375,100,100,100,100,100,100,79.6875,100,100,100,100,100,84.375,100,28.125,100,45.3125,78.125,100,100,89.0625,100,85.9375,90.625,84.375,100,100,92.1875,98.4375,92.1875,98.4375,100,100,100,100,54.6875,93.75,93.75,100,100,28.125,76.5625,100,75,100,100,100,100,100,48.4375,29.6875,100,82.8125,100,100,100,56.25,84.375,57.8125,87.5,100,100,92.1875,100,100,100,100,92.1875,21.875,75,100,100,100,73.4375,100,34.375,96.875,100,92.1875,64.0625,100,68.75,90.625,64.0625,100,25,100,100,82.8125,54.6875,100,100,50,92.1875,75,100,100,100,90.625,78.125,90.625,70.3125,100,82.8125,100,29.6875,100,100,81.25,65.625,82.8125,100,100,100,98.4375,100,100,79.6875,54.6875,100,60.9375,57.8125,100,62.5,71.875,100,100,98.4375,100,100,100,100,98.4375,100,100,28.125,68.75,78.125,100,60.9375,100,100,64.0625,100,96.875,64.0625,100,100,90.625,100,100,95.3125,100,56.25,71.875,39.0625,100,26.5625,76.5625,57.8125,100,48.4375,100,57.8125,70.3125,92.1875,100,100,76.5625,100,84.375,100,62.5,100,100,100,50,100,100,100,92.1875,100,100,100,100,53.125,100,92.1875,46.875,100,76.5625,100,100,100,76.5625,100,100,31.25,100,92.1875,100,31.25,100,40.625,100,59.375,23.4375,100,100,100,100,67.1875,100,100,56.25,100,100,100,100,75,100,100,100,100,84.375,46.875,53.125,100,100,100,50,76.5625,100,100,32.8125,100,92.1875,82.8125,100,96.875,81.25,43.75,100,100,39.0625,10.9375,100,56.25,100,100,100,75,100,70.3125,100,73.4375,100,100,26.5625,100,82.8125,100,82.8125,93.75,98.4375,100,17.1875,87.5,64.0625,48.4375,100,100,100,76.5625,100,100,100,67.1875,84.375,100,92.1875,100,50,90.625,98.4375,98.4375,89.0625,95.3125,100,100,78.125,76.5625,65.625,84.375,100,100,100,96.875,100,98.4375,68.75,25,59.375,90.625,17.1875,46.875,100,100,100,48.4375,57.8125,100,100,100,100,81.25,78.125,46.875,84.375,50,100,100,64.0625,100,67.1875,100,48.4375,100,57.8125,100,57.8125,37.5,81.25,100,84.375,54.6875,100,100,85.9375,100,73.4375,37.5,100,59.375,53.125,100,100,65.625,95.3125,100,100,56.25,87.5,54.6875,100,100,76.5625,98.4375,100,100,90.625,100,42.1875,100,75,45.3125,100,26.5625,65.625,100,100,62.5,46.875,100,100,67.1875,100,98.4375,76.5625,90.625,100,100,70.3125,100,100,60.9375,100,64.0625,100,54.6875,95.3125,100,100,96.875,100,35.9375,100,35.9375,75,93.75,62.5,100,100,93.75,100,84.375,100,51.5625,62.5,48.4375,100,100,100,100,78.125,62.5,100,64.0625,100,73.4375,85.9375,71.875,100,75,67.1875,93.75,75,98.4375,21.875,100,79.6875,100,28.125,26.5625,100,53.125,100,100,29.6875,100,100,57.8125,100,100,100,84.375,65.625,73.4375,82.8125,90.625,100,100,100,62.5,100,100,90.625,100,96.875,78.125,84.375,100,100,57.8125,100,34.375,100,100,50,100,34.375,100,79.6875,87.5,100,54.6875,100,82.8125,92.1875,65.625,85.9375,95.3125,100,100,100,78.125,100,59.375,100,56.25,100,92.1875,100,76.5625,70.3125,28.125,100,100,51.5625,68.75,100,100,70.3125,100,100,100,100,57.8125,100,100,100,76.5625,100,100,65.625,100,93.75,64.0625,50,35.9375,51.5625,100,42.1875,100,100,100,87.5,100,64.0625,100,100,100,90.625,100,78.125,75,100,100,100,100,100,82.8125,100,56.25,67.1875,100,81.25,100,100,100,100,100,43.75,1.5625,100,67.1875,32.8125,100,73.4375,100,100,100,100,100,100,100,85.9375,100,100,100,100,45.3125,85.9375,100,95.3125,42.1875,37.5,50,100,51.5625,100,100,98.4375,73.4375,87.5,48.4375,64.0625,100,100,53.125,100,100,57.8125,100,98.4375,75,100,100,100,93.75,95.3125,67.1875,31.25,68.75,71.875,100,71.875,18.75,100,39.0625,100,85.9375,53.125,78.125,81.25,100,100,76.5625,100,81.25,100,85.9375,54.6875,100,67.1875,84.375,100,48.4375,100,100,59.375,100,100,96.875,100,100,100,35.9375,68.75,92.1875,73.4375,67.1875,100,100,71.875,84.375,100,82.8125,31.25,65.625,34.375,100,100,100,34.375,100,62.5,32.8125,100,98.4375,100,100,100,100,54.6875,100,54.6875,82.8125,100,51.5625,100,51.5625,87.5,100,100,100,100,100,100,100,92.1875,100,100,100,100
"6018",90.625,100,37.5,100,100,39.0625,65.625,93.75,21.875,98.4375,57.8125,100,100,100,73.4375,75,93.75,76.5625,100,100,96.875,100,100,100,67.1875,100,100,84.375,87.5,100,100,100,100,93.75,100,73.4375,82.8125,100,60.9375,100,89.0625,64.0625,82.8125,100,100,90.625,100,100,64.0625,81.25,75,100,100,70.3125,73.4375,100,34.375,100,100,40.625,89.0625,53.125,98.4375,100,100,90.625,57.8125,100,67.1875,100,53.125,64.0625,100,98.4375,50,78.125,100,95.3125,53.125,100,78.125,100,85.9375,79.6875,71.875,100,100,20.3125,100,100,68.75,82.8125,100,46.875,81.25,100,100,64.0625,100,100,85.9375,98.4375,100,92.1875,100,15.625,100,65.625,85.9375,96.875,89.0625,78.125,100,87.5,34.375,84.375,100,100,96.875,81.25,67.1875,100,100,70.3125,93.75,53.125,100,18.75,100,100,100,100,92.1875,42.1875,100,65.625,79.6875,79.6875,100,100,100,100,59.375,51.5625,100,100,95.3125,59.375,57.8125,82.8125,60.9375,34.375,84.375,92.1875,98.4375,82.8125,75,100,100,100,100,100,89.0625,100,100,70.3125,10.9375,90.625,21.875,100,84.375,70.3125,100,64.0625,100,100,89.0625,100,100,100,100,100,100,92.1875,98.4375,100,29.6875,100,100,85.9375,100,100,82.8125,100,93.75,100,100,85.9375,100,95.3125,18.75,100,95.3125,100,100,100,100,100,96.875,100,35.9375,100,100,98.4375,79.6875,78.125,45.3125,82.8125,100,51.5625,100,71.875,100,62.5,100,54.6875,100,96.875,100,100,76.5625,82.8125,100,100,100,100,79.6875,60.9375,78.125,100,100,100,100,100,100,26.5625,59.375,92.1875,100,53.125,100,76.5625,81.25,100,100,70.3125,100,59.375,100,100,100,98.4375,31.25,90.625,54.6875,100,100,100,25,100,50,51.5625,100,100,98.4375,79.6875,28.125,100,62.5,100,90.625,100,34.375,100,100,100,31.25,96.875,73.4375,59.375,79.6875,100,21.875,53.125,100,100,87.5,92.1875,62.5,75,32.8125,100,89.0625,100,100,87.5,82.8125,65.625,89.0625,89.0625,100,57.8125,31.25,100,65.625,92.1875,100,81.25,78.125,40.625,87.5,100,50,100,39.0625,54.6875,100,68.75,100,100,92.1875,51.5625,75,85.9375,100,35.9375,100,85.9375,100,100,100,76.5625,59.375,84.375,67.1875,68.75,23.4375,100,96.875,76.5625,87.5,78.125,100,100,48.4375,100,95.3125,68.75,59.375,75,73.4375,89.0625,100,100,82.8125,53.125,100,78.125,98.4375,100,100,100,85.9375,73.4375,85.9375,100,87.5,67.1875,87.5,100,84.375,90.625,100,100,100,12.5,100,100,60.9375,92.1875,100,75,100,100,100,68.75,100,100,100,14.0625,100,100,100,100,100,60.9375,59.375,81.25,70.3125,75,70.3125,92.1875,100,56.25,100,98.4375,39.0625,59.375,100,75,67.1875,100,100,100,100,35.9375,57.8125,100,100,100,82.8125,100,100,100,98.4375,81.25,59.375,100,100,100,100,89.0625,75,84.375,98.4375,100,100,67.1875,85.9375,92.1875,90.625,100,100,100,84.375,71.875,100,56.25,100,100,76.5625,70.3125,62.5,87.5,51.5625,57.8125,100,85.9375,100,71.875,75,34.375,43.75,100,100,89.0625,100,100,100,100,71.875,100,100,62.5,82.8125,100,48.4375,100,67.1875,75,100,79.6875,79.6875,90.625,37.5,100,100,100,48.4375,67.1875,79.6875,100,100,100,85.9375,70.3125,100,84.375,100,100,76.5625,76.5625,68.75,100,100,100,100,100,100,100,82.8125,100,100,64.0625,28.125,93.75,100,95.3125,32.8125,100,51.5625,100,90.625,93.75,84.375,70.3125,100,82.8125,82.8125,78.125,82.8125,67.1875,100,35.9375,40.625,100,85.9375,93.75,100,70.3125,100,100,100,100,90.625,78.125,70.3125,100,71.875,100,100,70.3125,95.3125,100,100,51.5625,37.5,96.875,100,100,68.75,100,89.0625,100,34.375,75,100,84.375,100,100,100,100,100,100,100,100,100,73.4375,100,62.5,100,71.875,100,100,100,100,82.8125,100,67.1875,95.3125,100,100,100,81.25,95.3125,100,60.9375,67.1875,100,56.25,100,100,78.125,100,54.6875,100,100,71.875,100,100,35.9375,100,85.9375,76.5625,100,60.9375,92.1875,100,100,73.4375,81.25,100,100,100,100,100,100,100,100,100,100,100,26.5625,50,75,60.9375,100,95.3125,98.4375,29.6875,100,90.625,93.75,100,43.75,6.25,73.4375,53.125,50,92.1875,100,98.4375,100,100,100,29.6875,100,85.9375,34.375,59.375,67.1875,68.75,62.5,98.4375,76.5625,92.1875,93.75,73.4375,78.125,100,37.5,78.125,93.75,35.9375,85.9375,100,100,100,100,100,100,76.5625,100,51.5625,68.75,100,100,67.1875,57.8125,43.75,46.875,100,48.4375,100,70.3125,100,100,100,100,54.6875,100,70.3125,90.625,84.375,100,100,67.1875,100,100,100,34.375,100,100,100,84.375,100,73.4375,100,100,100,76.5625,67.1875,100,100,100,87.5,100,100,100,100,100,100,68.75,100,96.875,100,64.0625,100,100,35.9375,89.0625,100,67.1875,64.0625,56.25,100,100,67.1875,100,100,100,100,56.25,62.5,31.25,85.9375,100,100,32.8125,48.4375,59.375,70.3125,68.75,9.375,100,100,37.5,42.1875,100,48.4375,82.8125,100,100,79.6875,100,100,75,100,100,90.625,100,100,46.875,60.9375,85.9375,100,62.5,100,100,100,100,54.6875,89.0625,100,100,37.5,100,100,100,68.75,92.1875,82.8125,100,87.5,62.5,100,37.5,92.1875,100,100,64.0625,26.5625,81.25,100,100,100,100,96.875,62.5,100,70.3125,76.5625,100,100,100,57.8125,100,70.3125,78.125,79.6875,42.1875,100,21.875,100,53.125,100,100,100,84.375,68.75,100,100,100,68.75,100,76.5625,34.375,67.1875,46.875,100,79.6875,100,84.375,100,93.75,95.3125,82.8125,100,100,100,100,100,100,100,100,62.5,40.625,100,68.75,100,76.5625,100,56.25,51.5625,100,37.5,100,100,56.25,100,65.625,76.5625,85.9375,76.5625,100,98.4375,100,67.1875,100,100,73.4375,67.1875,100,100,85.9375,98.4375,100,62.5,100,100,100,100,100,84.375,100,21.875,100,79.6875,100,100,50,76.5625,65.625,70.3125,100,100,35.9375,100,75,100,89.0625,28.125,70.3125,62.5,100,100,57.8125,67.1875,93.75,37.5,62.5,82.8125,85.9375,100,42.1875,100,100,50,100,100,37.5,68.75,100,100,100,67.1875,100,100,93.75,100,100,100,93.75,100,100,100,96.875,100,92.1875,100,100,64.0625,64.0625,100,89.0625,28.125,46.875,100,79.6875,100,100,100,100,100,29.6875,100,46.875,78.125,68.75,70.3125,100,76.5625,84.375,100,100,100,100,100,100,100,100,100,60.9375,79.6875,71.875,100,95.3125,67.1875,93.75,84.375,65.625,81.25,100,96.875,65.625,84.375,100,56.25,89.0625,75,84.375,100,75,51.5625,100,100,78.125,31.25,62.5,100,75,100,79.6875,100,96.875,96.875,100,100,100,100,81.25,100,100,100,76.5625,70.3125,67.1875,100,100,100,100,100,100,100,82.8125,100,76.5625,100,100,100,100,100,100,87.5,84.375,89.0625,90.625,90.625,100,100,100,100,68.75,96.875,100,59.375,35.9375,100,71.875,70.3125,81.25,100,81.25,100,100,46.875,100,54.6875,100,89.0625,100,100,100,28.125,100,100,75,92.1875,100,35.9375,78.125,100,100,70.3125,71.875,20.3125,100,100,100,85.9375,100,100,100,100,100,92.1875,93.75,62.5,71.875,87.5,78.125,100,89.0625,100,81.25,100,100,100,100,100,75,95.3125,100,95.3125,100,100,82.8125,59.375,100,82.8125,100,51.5625,82.8125,100,100,100,100,40.625,100,85.9375,100,100,100,62.5,100,70.3125,57.8125,65.625,100,96.875,100,60.9375,100,98.4375,78.125,81.25,93.75,92.1875,100,100,100,100,100,100,42.1875,100,100,100,70.3125,100,100,100,75,100,100,100,100,60.9375,100,96.875,100,15.625,76.5625,100,100,100,85.9375,96.875,100,87.5,73.4375,100,92.1875,100,100,100,95.3125,100,50,51.5625,100,100,67.1875,85.9375,100,23.4375,100,79.6875,53.125,93.75,100,31.25,98.4375,100,100,37.5,100,100,100,100,100,100,100,70.3125,96.875,59.375,39.0625,73.4375,100,100,100,14.0625,95.3125,81.25,100,100,32.8125,100,100,78.125,100,81.25,100,100,100,31.25,100,39.0625,76.5625,100,100,100,100,35.9375,53.125,100,100,100,89.0625,51.5625,100,29.6875,100,100,100,100,60.9375,68.75,100,73.4375,100,100,18.75,100,100,59.375,82.8125,59.375,87.5,76.5625,100,87.5,81.25,71.875,92.1875,67.1875,60.9375,50,100,100,62.5,85.9375,100,65.625,37.5,100,40.625,95.3125,100,92.1875,100,100,78.125,100,100,70.3125,82.8125,100,79.6875,87.5,100,96.875,100,85.9375,81.25,100,100,92.1875,100,98.4375,100,68.75,100,100,59.375,60.9375,100,12.5,73.4375,100,100,89.0625,100,100,100,100,95.3125,59.375,100,100,100,73.4375,100,85.9375,89.0625,100,64.0625,29.6875,85.9375,87.5,100,100,60.9375,62.5,59.375,40.625,50,100,100,76.5625,59.375,60.9375,100,62.5,89.0625,95.3125,100,90.625,100,68.75,100,64.0625,51.5625,100,100,60.9375,100,100,100,82.8125,100,98.4375,100,100,100,100,100,73.4375,28.125,100,73.4375,96.875,95.3125,100,75,100,56.25,57.8125,90.625,100,100,100,100,100,100,56.25,64.0625,40.625,50,76.5625,64.0625,90.625,50,100,100,87.5,100,100,85.9375,25,89.0625,100,71.875,70.3125,100,100,87.5,100,100,59.375,100,100,100,100,100,76.5625,98.4375,100,79.6875,100,95.3125,100,100,100,89.0625,100,100,100,92.1875,100,78.125,100,100,82.8125,100,68.75,100,100,73.4375,71.875,100,100,100,76.5625,82.8125,62.5,100,98.4375,76.5625,100,100,100,98.4375,92.1875,100,92.1875,81.25,76.5625,100,100,100,100,76.5625,100,46.875,100,100,100,81.25,34.375,68.75,100,67.1875,100,100,100,100,100,100,100,100,100,89.0625,90.625,100,75,100,100,100,100,89.0625,100,100,100,95.3125,100,70.3125,100,84.375,20.3125,100,100,93.75,76.5625,82.8125,98.4375,37.5,14.0625,35.9375,100,87.5,100,100,59.375,84.375,100,100,100,100,34.375,100,82.8125,100,100,100,65.625,100,100,100,100,43.75,87.5,100,82.8125,95.3125,53.125,100,95.3125,92.1875,100,75,65.625,75,79.6875,79.6875,89.0625,100,34.375,70.3125,56.25,100,62.5,100,100,90.625,100,87.5,79.6875,89.0625,68.75,31.25,100,85.9375,100,100,71.875,100,100,100,100,81.25,28.125,87.5,100,98.4375,100,20.3125,78.125,100,98.4375,100,100,100,75,100,100,100,100,92.1875,100,100,100,100,85.9375,100,100,100,100,100,87.5,100,43.75,100,100,100,81.25,67.1875,100,100,100,15.625,71.875,56.25,67.1875,100,100,71.875,100,100,85.9375,70.3125,100,89.0625,100,100,100,100,100,76.5625,54.6875,100,92.1875,100,100,89.0625,100,25,85.9375,71.875,64.0625,100,100,85.9375,100,100,95.3125,60.9375,100,85.9375,56.25,100,26.5625,51.5625,100,95.3125,62.5,100,57.8125,85.9375,100,100,100,95.3125,100,31.25,20.3125,100,100,100,93.75,100,100,100,100,100,100,89.0625,59.375,82.8125,100,100,82.8125,100,100,100,100,100,84.375,89.0625,64.0625,48.4375,100,100,100,100,90.625,100,100,48.4375,100,64.0625,67.1875,100,100,100,100,75,100,65.625,100,100,26.5625,59.375,62.5,82.8125,71.875,100,92.1875,100,84.375,100,82.8125,90.625,100,100,100,100,93.75,100,100,100,40.625,59.375,100,64.0625,100,32.8125,84.375,100,100,100,100,100,82.8125,100,31.25,59.375,100,100,89.0625,81.25,100,100,100,98.4375,90.625,76.5625,75,76.5625,100,37.5,100,67.1875,76.5625,100,100,100,84.375,82.8125,100,75,100,89.0625,25,68.75,100,34.375,100,50,100,60.9375,73.4375,100,100,100,67.1875,87.5,57.8125,76.5625,100,100,93.75,62.5,40.625,81.25,60.9375,81.25,71.875,100,56.25,82.8125,93.75,34.375,100,96.875,100,100,100,100,39.0625,65.625,100,100,50,100,75,100,100,98.4375,100,85.9375,64.0625,100,56.25,82.8125,100,100,75,92.1875,43.75,82.8125,100,12.5,59.375,68.75,100,53.125,100,100,100,100,92.1875,93.75,46.875,100,98.4375,84.375,100,60.9375,100,100,73.4375,81.25,100,81.25,100,100,65.625,100,79.6875,21.875,89.0625,100,87.5,46.875,100,70.3125,100,39.0625,35.9375,100,78.125,78.125,100,31.25,100,100,100,62.5,92.1875,89.0625,100,100,84.375,100,92.1875,60.9375,29.6875,100,73.4375,100,100,90.625,71.875,98.4375,56.25,34.375,100,100,76.5625,60.9375,89.0625,100,73.4375,85.9375,95.3125,98.4375,56.25,100,39.0625,100,100,62.5,100,100,100,100,73.4375,39.0625,100,100,100,100,100,100,100,100,100,100,98.4375,100,57.8125,70.3125,100,100,59.375,73.4375,31.25,100,100,87.5,100,82.8125,100,76.5625,85.9375,79.6875,100,90.625,100,100,100,50,100,82.8125,60.9375,54.6875,75,100,100,75,100,96.875,98.4375,32.8125,90.625,100,23.4375,100,93.75,90.625,100,100,100,100,60.9375,100,100,100,100,65.625,100,76.5625,79.6875,100,100,98.4375,89.0625,100,100,100,67.1875,100,100,62.5,100,100,35.9375,81.25,81.25,76.5625,100,75,67.1875,59.375,64.0625,100,100,100,100,100,34.375,100,48.4375,100,100,93.75,100,100,43.75,35.9375,78.125,100,96.875,32.8125,98.4375,100,100,21.875,78.125,9.375,100,100,89.0625,100,87.5,75,100,100,89.0625,100,100,100,26.5625,100,100,100,73.4375,100,100,95.3125,100,100,64.0625,100,100,100,100,100,100,46.875,79.6875,100,100,79.6875,100,100,93.75,100,89.0625,100,42.1875,100,100,56.25,100,68.75,100,76.5625,73.4375,71.875,75,100,100,100,100,100,100,67.1875,35.9375,95.3125,100,48.4375,60.9375,64.0625,100,90.625,100,67.1875,84.375,100,87.5,62.5,100,100,100,78.125,50,100,100,100,18.75,73.4375,87.5,100,100,100,37.5,65.625,43.75,96.875,46.875,100,100,59.375,100,100,67.1875,4.6875,100,84.375,75,73.4375,78.125,100,84.375,100,100,59.375,92.1875,21.875,54.6875,100,71.875,39.0625,100,56.25,100,100,59.375,100,100,37.5,100,84.375,79.6875,90.625,64.0625,93.75,100,17.1875,100,100,70.3125,100,85.9375,75,100,100,29.6875,60.9375,87.5,100,100,32.8125,100,100,57.8125,57.8125,100,100,96.875,100,93.75,100,100,79.6875,78.125,67.1875,76.5625,100,62.5,100,100,82.8125,100,39.0625,100,100,17.1875,35.9375,100,92.1875,100,100,100,85.9375,35.9375,34.375,100,100,32.8125,40.625,39.0625,40.625,100,87.5,70.3125,76.5625,100,96.875,96.875,100,65.625,37.5,75,100,100,100,100,100,45.3125,75,100,100,100,79.6875,68.75,50,14.0625,100,73.4375,62.5,100,81.25,64.0625,71.875,79.6875,67.1875,93.75,54.6875,90.625,79.6875,100,100,84.375,90.625,81.25,81.25,100,100,95.3125,100,100,84.375,93.75,93.75,64.0625,82.8125,100,100,73.4375,81.25,37.5,65.625,100,100,89.0625,100,100,98.4375,64.0625,42.1875,100,81.25,100,100,100,100,100,100,100,20.3125,100,98.4375,100,100,92.1875,100,29.6875,100,48.4375,100,100,100,100,100,92.1875,92.1875,92.1875,100,100,92.1875,100,92.1875,100,100,100,96.875,67.1875,53.125,98.4375,93.75,100,100,28.125,75,51.5625,100,100,100,100,100,100,65.625,34.375,100,75,100,100,100,31.25,93.75,53.125,70.3125,100,100,84.375,98.4375,100,100,75,76.5625,21.875,78.125,100,100,100,92.1875,100,100,98.4375,100,79.6875,81.25,100,67.1875,93.75,67.1875,100,25,100,100,100,54.6875,100,100,54.6875,89.0625,75,90.625,100,100,89.0625,78.125,85.9375,73.4375,100,76.5625,100,29.6875,100,100,45.3125,64.0625,75,100,100,100,98.4375,100,100,84.375,64.0625,100,60.9375,54.6875,100,100,78.125,100,100,93.75,53.125,46.875,100,100,100,100,100,100,68.75,70.3125,100,59.375,100,100,64.0625,100,90.625,64.0625,100,100,100,100,100,85.9375,100,56.25,71.875,56.25,100,29.6875,78.125,70.3125,100,53.125,70.3125,100,67.1875,92.1875,100,100,81.25,100,81.25,100,65.625,100,100,68.75,46.875,42.1875,100,100,92.1875,56.25,100,100,100,57.8125,100,100,26.5625,100,100,34.375,100,100,76.5625,100,100,100,100,92.1875,100,29.6875,100,90.625,59.375,59.375,100,35.9375,100,100,100,71.875,68.75,100,60.9375,100,100,81.25,100,75,100,100,100,95.3125,89.0625,100,54.6875,81.25,100,100,57.8125,100,85.9375,78.125,32.8125,100,100,87.5,90.625,85.9375,78.125,40.625,100,100,39.0625,10.9375,100,65.625,100,100,18.75,75,95.3125,70.3125,100,100,100,100,25,100,100,96.875,89.0625,95.3125,100,100,26.5625,82.8125,64.0625,54.6875,100,100,100,100,98.4375,100,100,65.625,85.9375,100,100,40.625,50,92.1875,89.0625,98.4375,85.9375,95.3125,100,100,85.9375,82.8125,84.375,84.375,100,100,100,96.875,100,100,64.0625,67.1875,89.0625,90.625,31.25,45.3125,100,100,100,46.875,60.9375,100,100,100,100,81.25,78.125,98.4375,79.6875,32.8125,81.25,100,65.625,100,100,59.375,50,100,59.375,100,100,37.5,65.625,100,70.3125,54.6875,100,100,70.3125,100,75,37.5,100,100,53.125,100,100,64.0625,43.75,100,100,57.8125,87.5,76.5625,100,96.875,76.5625,100,100,100,100,100,43.75,100,73.4375,100,100,100,62.5,73.4375,100,64.0625,26.5625,100,100,71.875,100,100,78.125,87.5,100,100,100,100,100,62.5,100,90.625,100,56.25,95.3125,100,100,84.375,100,35.9375,64.0625,37.5,82.8125,93.75,43.75,100,79.6875,95.3125,81.25,100,100,56.25,54.6875,50,100,100,100,100,100,65.625,100,59.375,100,82.8125,73.4375,71.875,100,68.75,68.75,85.9375,71.875,89.0625,20.3125,100,79.6875,100,26.5625,34.375,100,71.875,100,100,26.5625,100,100,59.375,62.5,100,100,84.375,100,64.0625,84.375,100,100,100,100,59.375,100,100,90.625,100,100,100,84.375,100,100,57.8125,100,35.9375,100,100,48.4375,100,34.375,87.5,89.0625,54.6875,100,50,46.875,98.4375,100,68.75,85.9375,96.875,100,100,100,84.375,93.75,62.5,100,48.4375,100,100,100,73.4375,59.375,28.125,100,100,51.5625,68.75,100,100,56.25,100,100,93.75,100,59.375,100,100,100,84.375,100,100,81.25,100,90.625,73.4375,64.0625,37.5,51.5625,100,46.875,100,100,100,100,100,92.1875,100,100,100,100,100,78.125,73.4375,100,93.75,100,100,100,93.75,81.25,45.3125,100,100,81.25,100,100,100,100,100,40.625,1.5625,100,100,28.125,71.875,78.125,100,100,100,100,100,57.8125,100,84.375,100,100,100,100,100,96.875,100,93.75,37.5,37.5,56.25,100,64.0625,100,100,100,75,100,59.375,64.0625,100,100,54.6875,100,100,56.25,100,98.4375,92.1875,100,95.3125,100,90.625,100,59.375,28.125,98.4375,100,100,65.625,75,93.75,39.0625,100,62.5,93.75,71.875,100,100,100,78.125,100,82.8125,100,82.8125,56.25,35.9375,67.1875,82.8125,100,93.75,100,100,100,100,100,96.875,90.625,100,100,31.25,68.75,92.1875,65.625,62.5,100,100,73.4375,75,100,84.375,32.8125,67.1875,71.875,100,92.1875,100,46.875,100,59.375,34.375,37.5,81.25,100,100,100,71.875,60.9375,100,54.6875,85.9375,100,51.5625,100,62.5,79.6875,100,81.25,100,82.8125,56.25,60.9375,100,79.6875,100,100,100,100
"6019",92.1875,100,40.625,100,100,39.0625,67.1875,100,21.875,98.4375,60.9375,100,100,100,71.875,76.5625,87.5,84.375,84.375,100,96.875,100,100,100,65.625,100,100,82.8125,79.6875,100,100,100,100,92.1875,100,95.3125,84.375,100,100,100,71.875,64.0625,76.5625,100,100,100,100,100,62.5,85.9375,75,100,100,70.3125,82.8125,100,17.1875,100,100,40.625,82.8125,59.375,98.4375,35.9375,100,100,57.8125,100,67.1875,100,54.6875,67.1875,100,100,48.4375,100,100,51.5625,50,100,78.125,100,81.25,78.125,60.9375,100,100,18.75,100,100,56.25,82.8125,100,46.875,93.75,100,100,64.0625,100,100,73.4375,100,100,92.1875,100,17.1875,100,75,85.9375,100,87.5,78.125,100,100,34.375,100,100,100,100,96.875,64.0625,100,100,71.875,100,53.125,100,18.75,100,100,100,100,93.75,100,98.4375,60.9375,62.5,79.6875,100,100,100,100,56.25,62.5,100,100,98.4375,100,60.9375,82.8125,56.25,39.0625,78.125,92.1875,100,85.9375,76.5625,100,100,6.25,100,100,73.4375,100,89.0625,68.75,100,81.25,21.875,100,78.125,70.3125,100,59.375,100,78.125,82.8125,89.0625,100,87.5,100,95.3125,100,84.375,96.875,95.3125,29.6875,54.6875,100,84.375,100,100,82.8125,100,100,100,73.4375,87.5,100,100,18.75,100,96.875,100,100,100,100,100,75,100,35.9375,100,100,100,81.25,78.125,45.3125,48.4375,100,50,100,75,100,90.625,100,54.6875,62.5,100,59.375,100,75,79.6875,100,100,100,100,79.6875,60.9375,87.5,100,100,100,100,100,100,26.5625,100,92.1875,100,46.875,45.3125,65.625,79.6875,100,64.0625,71.875,100,65.625,100,100,100,98.4375,31.25,90.625,46.875,95.3125,100,100,100,100,56.25,60.9375,100,100,79.6875,42.1875,31.25,100,64.0625,100,92.1875,100,23.4375,100,100,100,31.25,100,79.6875,93.75,79.6875,100,20.3125,56.25,100,100,96.875,84.375,62.5,75,34.375,100,65.625,100,100,81.25,79.6875,60.9375,90.625,100,100,67.1875,29.6875,100,62.5,92.1875,100,100,76.5625,48.4375,71.875,100,50,100,31.25,71.875,95.3125,68.75,100,64.0625,85.9375,100,76.5625,100,100,39.0625,100,85.9375,96.875,100,100,79.6875,57.8125,100,67.1875,67.1875,25,100,65.625,70.3125,100,76.5625,100,98.4375,57.8125,100,100,70.3125,54.6875,100,75,90.625,100,100,84.375,53.125,100,82.8125,98.4375,100,100,100,96.875,67.1875,98.4375,100,95.3125,67.1875,75,100,87.5,82.8125,96.875,100,100,100,98.4375,100,75,92.1875,100,100,100,100,100,70.3125,100,48.4375,100,14.0625,100,100,100,95.3125,100,59.375,59.375,81.25,67.1875,84.375,70.3125,96.875,100,96.875,100,82.8125,39.0625,54.6875,100,76.5625,65.625,100,100,100,100,37.5,42.1875,100,100,100,82.8125,100,39.0625,100,76.5625,82.8125,46.875,100,100,100,100,89.0625,67.1875,75,96.875,100,100,67.1875,84.375,92.1875,95.3125,100,100,100,84.375,73.4375,100,56.25,100,100,76.5625,73.4375,62.5,100,40.625,59.375,100,81.25,100,73.4375,78.125,34.375,56.25,100,100,89.0625,100,100,100,64.0625,73.4375,100,85.9375,60.9375,82.8125,100,50,100,71.875,75,100,78.125,79.6875,82.8125,35.9375,100,100,100,50,59.375,37.5,100,100,100,85.9375,57.8125,100,84.375,68.75,100,75,76.5625,70.3125,100,100,100,100,100,100,100,100,92.1875,67.1875,67.1875,29.6875,95.3125,100,87.5,35.9375,100,51.5625,100,89.0625,92.1875,84.375,71.875,100,82.8125,84.375,100,84.375,56.25,100,34.375,45.3125,100,84.375,95.3125,100,70.3125,100,100,100,100,100,50,85.9375,100,71.875,98.4375,100,71.875,100,84.375,100,100,32.8125,76.5625,100,100,78.125,100,92.1875,100,34.375,78.125,100,67.1875,100,100,100,100,100,100,100,90.625,100,76.5625,100,64.0625,100,65.625,100,100,100,100,95.3125,100,67.1875,93.75,100,100,100,71.875,95.3125,100,56.25,62.5,100,48.4375,98.4375,78.125,75,100,56.25,100,100,90.625,100,100,35.9375,100,98.4375,84.375,100,46.875,71.875,98.4375,100,79.6875,81.25,100,100,100,100,100,100,84.375,100,98.4375,100,100,26.5625,42.1875,64.0625,67.1875,100,79.6875,100,20.3125,100,93.75,100,100,48.4375,4.6875,76.5625,57.8125,50,93.75,100,100,28.125,100,100,34.375,100,89.0625,39.0625,59.375,64.0625,65.625,65.625,98.4375,76.5625,96.875,93.75,59.375,82.8125,82.8125,40.625,82.8125,93.75,40.625,95.3125,100,95.3125,100,100,100,100,78.125,100,51.5625,68.75,100,100,60.9375,56.25,42.1875,46.875,100,45.3125,100,100,100,100,100,100,65.625,100,71.875,90.625,82.8125,100,100,54.6875,100,100,100,34.375,100,100,100,82.8125,100,82.8125,100,100,100,76.5625,70.3125,100,100,100,100,100,100,100,100,100,100,68.75,100,100,100,42.1875,100,100,35.9375,89.0625,100,73.4375,100,57.8125,100,100,76.5625,81.25,100,100,100,70.3125,31.25,31.25,89.0625,100,100,100,48.4375,50,70.3125,71.875,20.3125,100,100,100,42.1875,71.875,48.4375,84.375,100,100,85.9375,100,100,71.875,100,100,89.0625,100,96.875,32.8125,64.0625,100,100,62.5,100,100,100,100,57.8125,90.625,95.3125,100,45.3125,92.1875,100,100,70.3125,14.0625,82.8125,100,85.9375,60.9375,100,42.1875,93.75,100,100,54.6875,100,85.9375,100,100,100,100,96.875,62.5,100,100,75,90.625,100,100,54.6875,100,70.3125,81.25,81.25,42.1875,100,65.625,90.625,53.125,100,100,96.875,84.375,76.5625,100,100,100,68.75,100,76.5625,32.8125,67.1875,100,100,78.125,73.4375,85.9375,100,93.75,100,81.25,100,100,65.625,100,100,100,100,100,62.5,40.625,100,68.75,100,73.4375,100,54.6875,65.625,100,37.5,100,95.3125,56.25,100,62.5,67.1875,85.9375,76.5625,100,98.4375,100,56.25,100,100,73.4375,67.1875,100,100,82.8125,100,68.75,64.0625,87.5,100,100,100,100,98.4375,100,21.875,100,81.25,100,84.375,56.25,100,75,70.3125,96.875,100,35.9375,100,95.3125,100,95.3125,92.1875,70.3125,70.3125,100,100,56.25,82.8125,93.75,100,67.1875,81.25,100,95.3125,40.625,100,53.125,53.125,100,100,40.625,71.875,100,100,100,68.75,100,100,100,100,100,100,93.75,100,100,100,87.5,100,98.4375,100,100,65.625,65.625,100,87.5,29.6875,35.9375,100,81.25,100,100,100,85.9375,53.125,29.6875,100,46.875,65.625,70.3125,70.3125,100,76.5625,85.9375,100,100,100,95.3125,100,100,100,100,100,60.9375,87.5,68.75,100,93.75,65.625,95.3125,84.375,62.5,48.4375,100,96.875,39.0625,84.375,100,78.125,100,81.25,100,100,100,71.875,100,100,81.25,32.8125,100,100,76.5625,100,78.125,100,92.1875,100,37.5,100,100,100,81.25,89.0625,100,100,76.5625,68.75,68.75,100,100,100,100,100,100,100,79.6875,100,82.8125,100,100,100,100,100,100,87.5,95.3125,87.5,100,93.75,100,100,100,100,65.625,89.0625,100,84.375,37.5,100,95.3125,70.3125,81.25,100,81.25,100,100,46.875,100,50,100,93.75,100,100,100,29.6875,96.875,100,85.9375,56.25,89.0625,37.5,79.6875,100,100,29.6875,81.25,15.625,100,100,100,98.4375,100,100,100,100,95.3125,100,100,65.625,40.625,89.0625,81.25,100,87.5,100,85.9375,100,100,81.25,100,100,75,54.6875,100,93.75,100,100,82.8125,59.375,100,81.25,100,53.125,100,81.25,100,100,100,45.3125,100,85.9375,100,100,100,100,100,100,57.8125,65.625,100,95.3125,100,60.9375,100,95.3125,75,79.6875,100,100,100,100,100,100,100,100,43.75,64.0625,98.4375,100,100,100,100,100,76.5625,67.1875,92.1875,100,100,53.125,100,96.875,100,81.25,76.5625,100,100,100,85.9375,96.875,100,87.5,75,100,89.0625,100,100,81.25,96.875,100,50,51.5625,73.4375,100,67.1875,78.125,100,100,100,81.25,46.875,100,98.4375,31.25,100,100,100,100,100,100,100,100,100,100,60.9375,68.75,96.875,59.375,62.5,75,100,100,100,18.75,95.3125,79.6875,100,65.625,32.8125,100,100,82.8125,100,81.25,100,100,100,31.25,100,34.375,82.8125,100,100,100,100,35.9375,59.375,100,100,100,89.0625,48.4375,100,29.6875,100,100,100,100,59.375,68.75,100,73.4375,100,81.25,100,100,100,81.25,78.125,60.9375,89.0625,75,100,96.875,81.25,70.3125,92.1875,67.1875,62.5,51.5625,100,100,64.0625,84.375,32.8125,67.1875,37.5,100,54.6875,87.5,100,93.75,100,100,56.25,89.0625,46.875,73.4375,100,100,100,100,100,96.875,100,85.9375,81.25,100,100,64.0625,100,100,20.3125,70.3125,100,95.3125,60.9375,60.9375,100,20.3125,70.3125,100,100,89.0625,100,100,100,100,92.1875,78.125,100,100,100,75,100,82.8125,76.5625,100,62.5,29.6875,87.5,89.0625,100,100,67.1875,62.5,71.875,35.9375,43.75,100,100,76.5625,59.375,81.25,100,64.0625,84.375,95.3125,95.3125,90.625,100,68.75,100,100,100,100,100,68.75,100,98.4375,100,82.8125,96.875,59.375,84.375,90.625,100,100,100,73.4375,28.125,51.5625,23.4375,100,100,100,93.75,100,100,59.375,89.0625,100,85.9375,100,100,75,100,46.875,65.625,43.75,50,75,53.125,90.625,100,100,100,87.5,100,100,73.4375,26.5625,84.375,100,73.4375,68.75,100,93.75,50,100,100,100,100,100,100,100,100,100,92.1875,100,81.25,100,90.625,100,100,100,85.9375,100,100,90.625,96.875,100,78.125,100,100,84.375,93.75,71.875,100,100,68.75,68.75,100,100,100,71.875,84.375,71.875,100,98.4375,76.5625,100,100,93.75,100,100,100,89.0625,82.8125,78.125,98.4375,100,56.25,100,96.875,100,100,100,100,100,81.25,35.9375,64.0625,100,73.4375,100,100,100,100,100,100,100,100,100,90.625,95.3125,100,87.5,100,100,100,100,92.1875,100,100,100,95.3125,100,71.875,100,93.75,82.8125,100,100,93.75,73.4375,93.75,95.3125,39.0625,9.375,37.5,100,100,100,100,48.4375,76.5625,100,100,96.875,93.75,40.625,39.0625,76.5625,100,100,100,78.125,100,100,100,100,40.625,95.3125,100,65.625,95.3125,96.875,100,98.4375,89.0625,100,75,21.875,60.9375,79.6875,81.25,65.625,82.8125,100,81.25,65.625,100,92.1875,100,92.1875,87.5,100,87.5,75,90.625,70.3125,29.6875,68.75,85.9375,100,100,78.125,100,100,100,100,67.1875,28.125,89.0625,100,87.5,100,20.3125,78.125,100,92.1875,100,100,100,100,100,100,100,100,93.75,100,100,100,100,81.25,100,100,100,100,100,100,100,59.375,100,100,96.875,82.8125,68.75,100,96.875,100,100,71.875,56.25,62.5,100,100,70.3125,70.3125,100,89.0625,73.4375,100,92.1875,100,21.875,100,100,100,76.5625,56.25,100,70.3125,100,100,79.6875,100,26.5625,84.375,75,64.0625,100,100,85.9375,100,79.6875,100,100,100,90.625,56.25,100,25,40.625,100,95.3125,60.9375,100,67.1875,87.5,100,100,100,95.3125,100,31.25,18.75,100,100,100,100,93.75,100,100,100,100,100,89.0625,59.375,81.25,100,100,81.25,93.75,100,98.4375,100,100,87.5,100,70.3125,48.4375,100,100,100,81.25,93.75,100,100,96.875,100,64.0625,65.625,100,68.75,100,100,76.5625,100,62.5,100,100,26.5625,59.375,62.5,93.75,84.375,100,95.3125,100,100,100,78.125,92.1875,92.1875,100,100,100,90.625,100,100,100,100,71.875,100,67.1875,100,32.8125,84.375,100,100,100,100,100,90.625,100,28.125,54.6875,92.1875,100,64.0625,95.3125,100,100,100,100,89.0625,73.4375,100,76.5625,100,32.8125,100,70.3125,75,100,100,100,81.25,87.5,100,62.5,100,100,25,68.75,100,20.3125,100,57.8125,100,100,76.5625,100,100,100,42.1875,76.5625,100,100,100,100,85.9375,62.5,40.625,81.25,65.625,81.25,73.4375,100,57.8125,82.8125,93.75,45.3125,100,100,100,100,100,100,40.625,68.75,93.75,98.4375,100,100,79.6875,100,100,93.75,100,95.3125,64.0625,100,59.375,95.3125,100,100,73.4375,100,15.625,64.0625,100,100,100,81.25,100,53.125,100,100,100,100,95.3125,89.0625,48.4375,100,100,79.6875,100,100,100,100,100,81.25,100,82.8125,100,100,75,98.4375,76.5625,23.4375,93.75,100,81.25,40.625,100,92.1875,100,26.5625,35.9375,100,43.75,76.5625,100,34.375,100,100,100,62.5,84.375,67.1875,56.25,100,90.625,100,93.75,32.8125,29.6875,100,73.4375,100,100,92.1875,71.875,96.875,56.25,35.9375,20.3125,100,98.4375,60.9375,89.0625,100,76.5625,84.375,95.3125,100,56.25,100,100,100,100,60.9375,70.3125,100,100,100,90.625,35.9375,100,100,100,100,71.875,100,100,100,64.0625,100,100,100,57.8125,57.8125,100,100,60.9375,93.75,34.375,100,54.6875,82.8125,100,90.625,100,76.5625,81.25,81.25,100,85.9375,100,100,100,100,100,73.4375,53.125,54.6875,82.8125,100,100,95.3125,100,96.875,100,32.8125,100,92.1875,23.4375,100,95.3125,89.0625,70.3125,100,98.4375,100,54.6875,90.625,100,100,100,65.625,100,76.5625,79.6875,100,100,100,76.5625,100,100,100,67.1875,100,100,65.625,100,95.3125,37.5,85.9375,79.6875,89.0625,100,68.75,68.75,59.375,93.75,100,92.1875,100,100,100,34.375,100,50,100,100,93.75,100,12.5,42.1875,51.5625,75,100,100,32.8125,100,90.625,45.3125,23.4375,90.625,56.25,100,100,100,100,90.625,76.5625,100,100,89.0625,82.8125,100,100,100,100,100,100,73.4375,100,100,96.875,100,100,64.0625,100,100,100,100,100,100,53.125,81.25,96.875,100,79.6875,100,100,62.5,100,84.375,100,57.8125,84.375,100,53.125,100,70.3125,100,78.125,75,70.3125,75,100,25,100,100,100,100,73.4375,35.9375,95.3125,100,60.9375,31.25,81.25,100,90.625,100,93.75,82.8125,100,87.5,62.5,100,100,100,78.125,50,100,95.3125,100,18.75,75,81.25,100,100,100,34.375,64.0625,28.125,84.375,76.5625,100,100,59.375,100,90.625,67.1875,4.6875,100,85.9375,70.3125,93.75,75,100,92.1875,100,100,82.8125,93.75,20.3125,56.25,71.875,71.875,39.0625,100,53.125,100,100,59.375,100,100,34.375,100,89.0625,75,89.0625,34.375,100,100,17.1875,100,82.8125,79.6875,100,85.9375,76.5625,100,100,15.625,59.375,93.75,100,82.8125,100,100,95.3125,56.25,57.8125,100,100,100,100,93.75,100,100,87.5,75,67.1875,78.125,98.4375,62.5,100,100,92.1875,90.625,100,78.125,100,100,35.9375,100,100,100,100,100,100,51.5625,35.9375,100,100,56.25,40.625,93.75,17.1875,100,32.8125,73.4375,87.5,100,93.75,100,100,65.625,67.1875,78.125,100,100,100,100,100,62.5,73.4375,100,90.625,100,84.375,67.1875,50,25,100,73.4375,64.0625,100,84.375,100,76.5625,100,57.8125,95.3125,54.6875,92.1875,100,100,100,100,100,78.125,84.375,100,100,100,100,100,79.6875,93.75,71.875,56.25,90.625,100,100,78.125,79.6875,39.0625,65.625,100,100,100,100,100,95.3125,65.625,62.5,93.75,100,100,100,100,100,100,100,40.625,62.5,100,100,100,100,93.75,100,31.25,100,48.4375,100,100,100,87.5,100,92.1875,89.0625,73.4375,100,100,92.1875,100,90.625,98.4375,100,100,100,71.875,54.6875,100,100,100,100,28.125,75,73.4375,100,100,100,100,100,100,59.375,29.6875,100,75,100,100,100,90.625,93.75,64.0625,87.5,100,100,81.25,100,73.4375,100,68.75,82.8125,21.875,76.5625,100,100,100,100,100,87.5,100,100,17.1875,100,100,65.625,73.4375,67.1875,100,25,100,100,100,54.6875,100,100,50,100,81.25,90.625,100,100,100,78.125,85.9375,71.875,100,79.6875,100,29.6875,100,100,81.25,57.8125,68.75,100,100,100,98.4375,100,100,81.25,65.625,100,60.9375,56.25,90.625,100,76.5625,100,100,95.3125,60.9375,93.75,100,100,98.4375,100,100,46.875,68.75,100,76.5625,59.375,100,100,67.1875,100,98.4375,64.0625,50,100,78.125,100,100,82.8125,100,57.8125,71.875,53.125,100,26.5625,76.5625,67.1875,100,53.125,84.375,100,76.5625,100,82.8125,78.125,76.5625,100,85.9375,89.0625,75,100,100,100,46.875,92.1875,100,10.9375,92.1875,100,100,76.5625,100,64.0625,100,100,100,100,98.4375,100,100,100,76.5625,100,100,26.5625,100,92.1875,100,29.6875,100,28.125,71.875,59.375,100,100,100,100,100,71.875,100,100,57.8125,100,100,81.25,100,75,100,100,100,87.5,92.1875,100,53.125,100,100,100,67.1875,53.125,85.9375,62.5,32.8125,100,100,85.9375,56.25,85.9375,82.8125,37.5,100,100,40.625,10.9375,100,51.5625,100,100,100,75,93.75,89.0625,100,100,100,100,26.5625,100,100,96.875,81.25,93.75,100,100,96.875,82.8125,64.0625,50,100,100,90.625,75,98.4375,100,100,64.0625,78.125,100,87.5,56.25,65.625,92.1875,89.0625,98.4375,89.0625,100,89.0625,100,100,82.8125,100,84.375,100,100,100,96.875,100,100,67.1875,68.75,100,89.0625,18.75,48.4375,100,100,100,46.875,62.5,100,100,100,100,75,78.125,45.3125,79.6875,43.75,100,100,67.1875,100,100,79.6875,100,100,57.8125,100,50,39.0625,65.625,100,71.875,54.6875,100,100,85.9375,100,73.4375,46.875,100,100,53.125,100,100,68.75,42.1875,100,100,56.25,89.0625,78.125,100,100,81.25,82.8125,100,100,92.1875,100,37.5,34.375,73.4375,87.5,100,100,65.625,100,100,67.1875,100,100,100,98.4375,100,95.3125,84.375,95.3125,100,100,70.3125,100,100,59.375,100,85.9375,100,51.5625,87.5,100,100,76.5625,100,39.0625,54.6875,45.3125,75,93.75,100,100,60.9375,95.3125,95.3125,89.0625,100,50,56.25,50,100,100,100,100,82.8125,62.5,100,60.9375,100,79.6875,90.625,71.875,100,70.3125,68.75,100,70.3125,98.4375,18.75,98.4375,79.6875,100,28.125,40.625,100,26.5625,39.0625,100,26.5625,93.75,100,54.6875,68.75,67.1875,100,78.125,100,68.75,85.9375,100,100,90.625,100,100,100,100,87.5,100,100,71.875,84.375,100,100,57.8125,100,37.5,100,100,48.4375,100,34.375,100,79.6875,56.25,100,46.875,56.25,82.8125,100,68.75,85.9375,100,100,98.4375,98.4375,100,95.3125,60.9375,100,53.125,100,100,100,79.6875,70.3125,28.125,100,100,51.5625,68.75,100,100,53.125,100,100,100,100,67.1875,100,100,100,84.375,100,75,56.25,100,100,75,68.75,39.0625,51.5625,100,100,100,100,100,84.375,100,62.5,100,100,100,89.0625,100,76.5625,73.4375,100,96.875,100,100,100,89.0625,100,35.9375,81.25,100,81.25,100,100,100,100,100,42.1875,1.5625,98.4375,100,28.125,100,92.1875,100,100,100,96.875,100,100,100,85.9375,100,100,100,100,75,95.3125,100,98.4375,37.5,35.9375,56.25,100,56.25,100,100,100,76.5625,100,43.75,65.625,100,100,62.5,100,46.875,43.75,100,98.4375,73.4375,100,100,100,92.1875,100,60.9375,28.125,92.1875,100,100,100,32.8125,100,42.1875,100,67.1875,53.125,70.3125,79.6875,100,100,81.25,100,82.8125,100,93.75,54.6875,76.5625,67.1875,81.25,100,68.75,96.875,100,57.8125,100,100,96.875,84.375,87.5,100,31.25,70.3125,93.75,75,62.5,100,100,71.875,85.9375,100,85.9375,32.8125,57.8125,39.0625,100,100,100,57.8125,100,60.9375,34.375,100,76.5625,100,100,96.875,45.3125,60.9375,100,54.6875,87.5,100,51.5625,100,62.5,90.625,100,73.4375,100,100,39.0625,60.9375,100,98.4375,96.875,100,96.875,100
"6020",89.0625,100,39.0625,100,100,50,65.625,89.0625,21.875,93.75,62.5,100,100,100,76.5625,76.5625,87.5,90.625,100,100,96.875,100,100,100,59.375,100,100,81.25,75,100,100,100,100,98.4375,100,98.4375,84.375,100,100,100,78.125,62.5,82.8125,100,100,100,100,100,67.1875,82.8125,75,100,100,68.75,81.25,100,7.8125,100,100,39.0625,87.5,68.75,98.4375,100,100,100,59.375,100,71.875,100,54.6875,71.875,100,89.0625,46.875,79.6875,100,54.6875,51.5625,100,78.125,100,84.375,76.5625,64.0625,100,100,31.25,100,100,56.25,82.8125,100,45.3125,76.5625,45.3125,100,64.0625,100,100,85.9375,100,100,92.1875,100,21.875,90.625,46.875,85.9375,87.5,85.9375,62.5,100,100,34.375,90.625,100,100,100,100,65.625,100,100,70.3125,89.0625,54.6875,100,18.75,100,100,100,100,100,100,100,65.625,57.8125,76.5625,100,100,100,100,42.1875,73.4375,100,100,100,100,60.9375,76.5625,56.25,35.9375,79.6875,92.1875,96.875,84.375,76.5625,100,93.75,4.6875,100,100,73.4375,100,87.5,70.3125,25,87.5,23.4375,79.6875,85.9375,71.875,100,59.375,100,82.8125,90.625,100,100,100,98.4375,98.4375,100,84.375,100,100,29.6875,100,100,87.5,96.875,100,84.375,100,93.75,100,73.4375,82.8125,100,100,17.1875,100,95.3125,100,100,100,100,100,71.875,100,35.9375,100,100,100,39.0625,78.125,43.75,95.3125,100,51.5625,100,75,62.5,67.1875,100,54.6875,62.5,100,57.8125,100,78.125,81.25,100,100,100,100,81.25,60.9375,92.1875,89.0625,100,100,100,87.5,100,26.5625,100,89.0625,100,100,100,78.125,73.4375,100,46.875,62.5,100,71.875,100,100,100,96.875,31.25,96.875,21.875,90.625,100,32.8125,65.625,100,60.9375,62.5,100,100,93.75,37.5,31.25,95.3125,64.0625,100,92.1875,100,46.875,100,100,100,31.25,100,76.5625,90.625,85.9375,100,21.875,56.25,100,100,100,92.1875,65.625,75,37.5,100,70.3125,82.8125,100,85.9375,78.125,59.375,90.625,100,100,57.8125,29.6875,100,73.4375,93.75,100,100,82.8125,45.3125,89.0625,64.0625,50,100,42.1875,62.5,100,64.0625,100,73.4375,85.9375,100,76.5625,100,100,37.5,100,87.5,12.5,100,100,81.25,60.9375,93.75,70.3125,65.625,25,100,59.375,73.4375,100,68.75,100,90.625,43.75,100,92.1875,71.875,51.5625,64.0625,76.5625,87.5,100,100,82.8125,51.5625,70.3125,85.9375,98.4375,100,100,100,100,79.6875,85.9375,100,96.875,65.625,84.375,93.75,54.6875,100,64.0625,100,100,12.5,100,100,53.125,92.1875,100,71.875,100,100,100,76.5625,100,50,79.6875,21.875,100,100,100,59.375,100,43.75,59.375,79.6875,79.6875,87.5,70.3125,98.4375,87.5,85.9375,100,93.75,39.0625,50,95.3125,76.5625,60.9375,100,100,100,100,29.6875,48.4375,100,100,100,82.8125,100,92.1875,100,75,89.0625,35.9375,100,100,100,100,92.1875,100,84.375,100,100,100,81.25,87.5,92.1875,82.8125,100,100,100,84.375,71.875,100,75,100,100,76.5625,71.875,70.3125,90.625,100,62.5,100,87.5,100,73.4375,25,34.375,48.4375,100,100,89.0625,100,100,100,100,71.875,100,78.125,65.625,82.8125,100,56.25,100,68.75,73.4375,100,76.5625,78.125,64.0625,42.1875,100,100,100,54.6875,70.3125,34.375,100,98.4375,100,87.5,56.25,100,82.8125,96.875,100,79.6875,76.5625,68.75,100,100,100,100,98.4375,100,100,100,57.8125,100,67.1875,29.6875,98.4375,100,100,39.0625,100,51.5625,100,87.5,93.75,84.375,70.3125,100,82.8125,64.0625,70.3125,79.6875,62.5,100,35.9375,46.875,100,84.375,92.1875,100,70.3125,100,100,100,100,95.3125,46.875,67.1875,100,71.875,100,100,71.875,92.1875,54.6875,100,71.875,34.375,100,100,100,73.4375,100,89.0625,100,35.9375,70.3125,100,64.0625,100,100,100,100,90.625,100,100,92.1875,100,76.5625,100,64.0625,100,67.1875,100,100,100,100,85.9375,100,67.1875,95.3125,100,96.875,100,85.9375,100,100,100,64.0625,100,51.5625,64.0625,100,76.5625,100,43.75,100,100,89.0625,100,100,35.9375,100,100,87.5,100,54.6875,17.1875,35.9375,100,64.0625,82.8125,100,100,100,100,100,100,100,100,95.3125,100,100,26.5625,46.875,29.6875,79.6875,93.75,92.1875,95.3125,100,100,93.75,90.625,100,45.3125,6.25,87.5,60.9375,46.875,92.1875,100,100,96.875,100,100,29.6875,100,84.375,43.75,60.9375,76.5625,68.75,67.1875,98.4375,78.125,100,100,70.3125,67.1875,56.25,40.625,81.25,93.75,31.25,81.25,100,100,100,100,100,100,78.125,100,42.1875,68.75,100,100,68.75,67.1875,59.375,46.875,100,42.1875,100,100,100,100,100,100,53.125,100,71.875,89.0625,84.375,100,100,53.125,78.125,100,100,34.375,100,100,100,79.6875,100,96.875,100,100,100,76.5625,70.3125,100,100,100,81.25,100,100,100,100,90.625,18.75,70.3125,100,93.75,100,62.5,100,100,34.375,89.0625,100,76.5625,64.0625,57.8125,98.4375,100,67.1875,100,100,82.8125,100,70.3125,32.8125,31.25,85.9375,92.1875,100,100,48.4375,92.1875,71.875,68.75,7.8125,100,85.9375,20.3125,43.75,62.5,48.4375,84.375,100,93.75,87.5,100,100,81.25,100,100,96.875,100,100,35.9375,64.0625,100,100,89.0625,100,100,100,100,56.25,100,100,100,39.0625,85.9375,100,100,73.4375,31.25,79.6875,100,85.9375,56.25,100,40.625,93.75,100,100,54.6875,50,23.4375,100,100,100,100,96.875,62.5,100,100,76.5625,87.5,100,100,53.125,100,70.3125,92.1875,79.6875,39.0625,100,18.75,100,59.375,100,100,64.0625,81.25,71.875,26.5625,100,100,68.75,100,76.5625,15.625,65.625,100,100,79.6875,93.75,96.875,100,98.4375,100,95.3125,100,100,100,100,100,100,100,100,68.75,40.625,100,68.75,95.3125,76.5625,100,57.8125,76.5625,100,26.5625,100,75,53.125,67.1875,65.625,100,82.8125,75,100,98.4375,100,67.1875,100,100,71.875,67.1875,100,100,70.3125,98.4375,48.4375,65.625,96.875,100,100,100,100,59.375,100,20.3125,100,79.6875,100,93.75,46.875,100,62.5,70.3125,95.3125,100,35.9375,100,89.0625,100,100,98.4375,70.3125,60.9375,100,100,56.25,76.5625,100,67.1875,67.1875,81.25,100,70.3125,59.375,100,100,53.125,100,95.3125,39.0625,100,100,100,100,70.3125,100,100,100,100,100,100,92.1875,100,37.5,100,92.1875,100,98.4375,100,100,65.625,64.0625,90.625,87.5,28.125,23.4375,100,82.8125,100,100,67.1875,85.9375,100,31.25,100,46.875,93.75,68.75,70.3125,100,71.875,85.9375,100,100,100,100,100,100,100,100,100,60.9375,87.5,100,100,96.875,76.5625,95.3125,67.1875,71.875,46.875,98.4375,65.625,100,84.375,100,70.3125,93.75,71.875,84.375,100,100,46.875,92.1875,100,76.5625,34.375,100,100,75,100,79.6875,100,95.3125,93.75,100,100,100,100,81.25,100,100,100,76.5625,100,65.625,100,100,39.0625,100,100,100,100,81.25,100,78.125,100,100,100,100,100,100,85.9375,100,90.625,100,100,100,100,79.6875,100,67.1875,95.3125,100,70.3125,45.3125,100,100,68.75,82.8125,100,78.125,100,100,42.1875,100,53.125,100,92.1875,100,100,100,31.25,56.25,100,81.25,100,100,37.5,78.125,100,100,21.875,85.9375,15.625,100,100,100,98.4375,100,100,100,100,75,84.375,93.75,65.625,85.9375,89.0625,100,100,85.9375,100,87.5,100,100,73.4375,100,100,76.5625,100,100,93.75,100,100,82.8125,57.8125,100,82.8125,100,59.375,100,75,100,100,100,48.4375,100,85.9375,100,100,100,48.4375,100,100,59.375,65.625,100,93.75,100,60.9375,100,95.3125,65.625,79.6875,95.3125,100,100,81.25,100,100,100,100,43.75,59.375,100,100,100,100,100,100,96.875,100,85.9375,100,100,62.5,100,96.875,100,81.25,76.5625,100,100,100,84.375,90.625,100,65.625,70.3125,100,43.75,100,100,82.8125,96.875,100,48.4375,51.5625,29.6875,100,68.75,89.0625,100,100,96.875,100,40.625,100,92.1875,31.25,100,100,100,100,100,100,100,100,100,100,84.375,68.75,96.875,59.375,65.625,53.125,100,95.3125,48.4375,12.5,95.3125,78.125,100,100,32.8125,100,100,84.375,100,95.3125,100,100,100,31.25,100,40.625,100,100,100,100,100,35.9375,62.5,100,100,85.9375,89.0625,50,100,29.6875,100,100,100,100,68.75,67.1875,100,73.4375,93.75,82.8125,100,100,100,98.4375,82.8125,57.8125,87.5,76.5625,100,100,73.4375,82.8125,92.1875,67.1875,62.5,50,100,100,62.5,87.5,12.5,76.5625,39.0625,100,43.75,87.5,100,93.75,100,100,26.5625,100,98.4375,73.4375,100,100,65.625,100,100,93.75,100,85.9375,81.25,100,100,100,100,100,100,75,100,95.3125,60.9375,62.5,100,68.75,67.1875,100,100,89.0625,100,100,100,100,89.0625,70.3125,100,100,100,71.875,100,84.375,100,100,68.75,35.9375,84.375,84.375,100,100,68.75,68.75,62.5,40.625,43.75,100,100,76.5625,59.375,60.9375,100,70.3125,89.0625,93.75,100,90.625,100,68.75,100,100,59.375,100,100,60.9375,100,100,100,84.375,100,70.3125,85.9375,90.625,100,100,98.4375,73.4375,31.25,31.25,20.3125,100,93.75,100,75,100,57.8125,59.375,85.9375,100,85.9375,100,100,100,100,48.4375,64.0625,42.1875,50,79.6875,53.125,90.625,100,100,100,87.5,100,100,67.1875,26.5625,89.0625,59.375,71.875,71.875,100,96.875,60.9375,95.3125,100,100,100,100,100,68.75,100,100,92.1875,100,76.5625,100,93.75,100,100,100,90.625,100,100,100,9.375,92.1875,73.4375,100,100,81.25,84.375,73.4375,100,100,70.3125,71.875,100,100,100,67.1875,79.6875,75,100,98.4375,79.6875,100,100,78.125,100,98.4375,100,100,79.6875,78.125,100,100,65.625,100,82.8125,100,100,100,100,100,82.8125,35.9375,65.625,100,76.5625,100,100,100,100,100,100,100,100,100,90.625,93.75,100,78.125,100,100,100,100,93.75,100,100,100,95.3125,100,71.875,100,93.75,100,100,100,95.3125,98.4375,96.875,100,39.0625,7.8125,34.375,100,100,100,100,50,78.125,100,100,100,71.875,34.375,57.8125,79.6875,100,100,100,85.9375,100,100,100,100,60.9375,93.75,100,100,90.625,93.75,100,100,95.3125,100,75,100,67.1875,71.875,84.375,67.1875,82.8125,89.0625,70.3125,60.9375,100,81.25,100,100,90.625,100,89.0625,81.25,90.625,100,29.6875,100,87.5,100,76.5625,81.25,100,100,100,100,67.1875,29.6875,96.875,100,96.875,100,20.3125,79.6875,100,92.1875,100,100,100,100,100,32.8125,100,100,93.75,98.4375,100,100,100,98.4375,100,90.625,100,100,100,100,100,25,100,100,96.875,75,64.0625,90.625,100,100,100,71.875,56.25,70.3125,100,100,73.4375,65.625,100,89.0625,71.875,100,92.1875,100,34.375,100,100,100,70.3125,54.6875,100,87.5,100,100,89.0625,100,26.5625,75,78.125,64.0625,79.6875,100,87.5,100,68.75,93.75,100,100,92.1875,57.8125,100,25,51.5625,100,95.3125,78.125,100,68.75,87.5,100,100,100,95.3125,100,32.8125,18.75,100,100,100,100,98.4375,100,100,100,100,100,90.625,59.375,78.125,100,100,81.25,100,100,81.25,100,100,82.8125,65.625,68.75,50,100,100,100,96.875,92.1875,100,100,93.75,100,62.5,68.75,100,87.5,100,60.9375,75,100,96.875,100,100,26.5625,37.5,62.5,98.4375,85.9375,100,95.3125,100,85.9375,100,81.25,90.625,100,100,100,100,95.3125,98.4375,100,84.375,100,68.75,100,60.9375,100,34.375,85.9375,65.625,100,100,100,100,90.625,100,28.125,76.5625,93.75,100,56.25,92.1875,100,100,100,100,90.625,73.4375,98.4375,79.6875,100,34.375,90.625,73.4375,85.9375,100,100,100,76.5625,84.375,100,76.5625,100,95.3125,28.125,68.75,100,21.875,100,53.125,100,100,75,100,100,100,67.1875,75,90.625,81.25,100,100,87.5,59.375,42.1875,32.8125,65.625,82.8125,73.4375,100,54.6875,82.8125,93.75,45.3125,100,100,100,100,100,100,42.1875,64.0625,100,70.3125,100,100,65.625,100,100,68.75,35.9375,100,64.0625,100,57.8125,95.3125,100,100,73.4375,95.3125,20.3125,76.5625,100,100,100,79.6875,100,54.6875,100,100,100,100,93.75,89.0625,46.875,100,100,84.375,100,75,100,100,100,79.6875,100,81.25,100,100,20.3125,100,79.6875,23.4375,96.875,100,84.375,45.3125,100,56.25,100,40.625,37.5,100,65.625,75,42.1875,31.25,98.4375,100,100,65.625,89.0625,92.1875,57.8125,100,85.9375,100,93.75,56.25,29.6875,100,73.4375,100,100,89.0625,64.0625,90.625,56.25,37.5,100,100,100,60.9375,89.0625,100,73.4375,84.375,60.9375,100,65.625,100,32.8125,100,100,62.5,39.0625,100,100,100,79.6875,32.8125,100,100,100,100,81.25,100,100,21.875,100,100,100,100,57.8125,67.1875,100,100,60.9375,60.9375,37.5,100,56.25,87.5,100,45.3125,100,76.5625,87.5,81.25,100,89.0625,100,100,100,100,100,79.6875,28.125,53.125,96.875,100,100,100,100,98.4375,100,34.375,81.25,96.875,93.75,100,93.75,100,79.6875,100,93.75,100,64.0625,100,100,100,95.3125,73.4375,100,76.5625,62.5,100,100,100,89.0625,96.875,100,100,67.1875,100,100,62.5,100,100,34.375,82.8125,79.6875,81.25,100,64.0625,67.1875,59.375,71.875,100,100,100,100,100,45.3125,100,50,100,100,93.75,100,98.4375,39.0625,45.3125,78.125,100,100,32.8125,100,100,46.875,23.4375,85.9375,9.375,100,100,100,92.1875,90.625,78.125,100,100,84.375,82.8125,100,100,100,100,100,100,71.875,100,100,90.625,65.625,100,75,100,100,100,100,100,100,60.9375,81.25,20.3125,100,79.6875,100,100,100,100,81.25,98.4375,70.3125,100,100,53.125,100,70.3125,100,78.125,89.0625,71.875,75,100,100,100,100,100,100,62.5,35.9375,100,96.875,59.375,31.25,70.3125,100,92.1875,100,87.5,92.1875,100,87.5,62.5,100,96.875,100,100,50,100,89.0625,89.0625,20.3125,75,82.8125,100,100,100,34.375,60.9375,31.25,84.375,48.4375,100,100,59.375,100,100,65.625,4.6875,100,84.375,79.6875,60.9375,76.5625,100,92.1875,100,100,89.0625,95.3125,20.3125,56.25,70.3125,71.875,39.0625,100,56.25,100,100,60.9375,100,100,34.375,100,89.0625,76.5625,87.5,31.25,90.625,100,17.1875,100,84.375,65.625,70.3125,81.25,78.125,100,100,34.375,57.8125,90.625,100,85.9375,100,100,82.8125,56.25,56.25,100,100,100,100,98.4375,100,100,79.6875,71.875,65.625,87.5,100,62.5,100,98.4375,85.9375,100,18.75,87.5,100,100,35.9375,100,100,100,100,100,100,43.75,37.5,100,100,57.8125,40.625,90.625,20.3125,100,100,73.4375,84.375,100,95.3125,100,100,65.625,43.75,78.125,100,100,100,98.4375,100,45.3125,90.625,100,100,100,75,68.75,48.4375,14.0625,100,82.8125,60.9375,100,82.8125,100,70.3125,100,75,95.3125,54.6875,93.75,87.5,100,100,25,100,100,81.25,100,100,100,100,100,89.0625,93.75,73.4375,84.375,93.75,100,100,65.625,60.9375,40.625,67.1875,100,100,100,100,100,100,60.9375,42.1875,84.375,62.5,100,100,100,100,100,100,85.9375,64.0625,100,100,96.875,65.625,93.75,100,32.8125,100,42.1875,100,96.875,100,100,100,87.5,89.0625,92.1875,100,100,92.1875,95.3125,93.75,95.3125,100,100,100,68.75,57.8125,95.3125,93.75,100,100,28.125,70.3125,100,100,100,100,100,100,100,68.75,29.6875,100,76.5625,73.4375,100,84.375,89.0625,95.3125,67.1875,87.5,100,100,89.0625,93.75,100,100,85.9375,82.8125,25,76.5625,100,100,100,98.4375,100,92.1875,100,100,100,81.25,93.75,59.375,67.1875,65.625,100,25,100,100,12.5,54.6875,100,100,65.625,100,75,89.0625,100,100,96.875,79.6875,84.375,73.4375,100,87.5,100,31.25,100,100,12.5,79.6875,78.125,100,100,100,98.4375,100,100,81.25,64.0625,100,60.9375,54.6875,100,100,78.125,100,100,95.3125,56.25,100,100,100,98.4375,100,100,62.5,67.1875,100,100,59.375,100,100,64.0625,100,100,64.0625,50,100,84.375,100,100,79.6875,100,57.8125,71.875,78.125,100,28.125,76.5625,51.5625,100,56.25,100,100,65.625,93.75,100,89.0625,78.125,100,89.0625,43.75,73.4375,100,100,100,46.875,90.625,100,100,89.0625,100,100,75,100,70.3125,100,71.875,100,100,100,40.625,100,100,76.5625,100,100,89.0625,100,92.1875,100,29.6875,100,21.875,68.75,59.375,100,100,100,100,100,68.75,18.75,100,67.1875,100,100,81.25,100,75,100,100,100,100,85.9375,100,64.0625,100,100,100,62.5,43.75,82.8125,100,32.8125,100,100,85.9375,95.3125,82.8125,100,35.9375,100,100,54.6875,10.9375,100,54.6875,100,100,100,75,95.3125,85.9375,100,100,100,100,26.5625,100,100,92.1875,67.1875,100,100,100,37.5,81.25,64.0625,87.5,100,100,92.1875,82.8125,100,100,100,62.5,78.125,100,92.1875,62.5,73.4375,92.1875,92.1875,100,93.75,96.875,100,100,85.9375,82.8125,100,84.375,100,100,100,96.875,100,100,60.9375,67.1875,68.75,90.625,26.5625,45.3125,100,100,100,46.875,65.625,100,100,100,92.1875,68.75,78.125,20.3125,79.6875,43.75,100,100,67.1875,100,100,82.8125,43.75,100,57.8125,100,51.5625,45.3125,71.875,100,81.25,54.6875,100,100,90.625,100,75,46.875,100,100,53.125,100,54.6875,70.3125,42.1875,100,100,57.8125,90.625,78.125,100,96.875,89.0625,82.8125,100,100,100,100,37.5,100,73.4375,60.9375,100,100,62.5,100,100,59.375,100,100,100,90.625,100,92.1875,84.375,84.375,100,100,73.4375,100,100,59.375,100,92.1875,100,62.5,89.0625,67.1875,100,75,100,35.9375,56.25,45.3125,100,93.75,100,100,100,87.5,89.0625,92.1875,100,48.4375,56.25,50,100,100,100,100,82.8125,68.75,100,48.4375,100,82.8125,87.5,71.875,100,68.75,68.75,95.3125,70.3125,87.5,18.75,95.3125,79.6875,100,28.125,35.9375,100,84.375,100,100,34.375,67.1875,95.3125,45.3125,70.3125,67.1875,100,79.6875,100,62.5,84.375,100,100,98.4375,100,67.1875,100,100,87.5,100,100,70.3125,85.9375,100,100,56.25,100,34.375,100,100,50,100,35.9375,100,79.6875,56.25,100,54.6875,42.1875,100,100,67.1875,85.9375,100,100,100,100,79.6875,100,42.1875,100,57.8125,100,100,100,79.6875,75,28.125,100,100,6.25,68.75,100,100,59.375,100,100,100,100,68.75,100,100,100,76.5625,100,71.875,54.6875,100,81.25,67.1875,59.375,42.1875,51.5625,100,100,100,100,100,90.625,96.875,54.6875,100,100,100,100,100,70.3125,68.75,100,100,100,100,100,93.75,95.3125,48.4375,65.625,100,81.25,87.5,100,100,100,100,40.625,1.5625,96.875,18.75,35.9375,100,93.75,100,100,100,100,100,100,100,84.375,100,100,100,100,100,87.5,100,100,32.8125,37.5,57.8125,100,56.25,100,100,93.75,78.125,100,56.25,64.0625,100,100,82.8125,100,100,46.875,100,98.4375,92.1875,98.4375,93.75,100,93.75,98.4375,56.25,26.5625,100,20.3125,100,100,51.5625,100,42.1875,100,60.9375,56.25,71.875,87.5,100,100,78.125,100,84.375,100,100,56.25,100,84.375,81.25,100,92.1875,98.4375,100,56.25,100,100,96.875,100,100,100,31.25,76.5625,98.4375,57.8125,71.875,100,100,60.9375,79.6875,100,81.25,32.8125,40.625,100,100,100,100,45.3125,100,59.375,35.9375,100,73.4375,100,100,100,92.1875,64.0625,100,54.6875,73.4375,100,51.5625,100,60.9375,82.8125,81.25,100,100,89.0625,89.0625,65.625,100,85.9375,100,100,100,100
"6021",90.625,100,34.375,100,100,64.0625,64.0625,100,21.875,93.75,57.8125,100,100,100,73.4375,75,87.5,81.25,100,100,96.875,100,100,100,56.25,100,100,95.3125,89.0625,100,100,100,100,92.1875,100,67.1875,84.375,100,100,100,87.5,65.625,75,100,100,100,100,100,82.8125,60.9375,75,100,100,70.3125,68.75,100,7.8125,100,79.6875,39.0625,85.9375,60.9375,98.4375,29.6875,100,100,59.375,100,64.0625,100,54.6875,68.75,100,96.875,51.5625,79.6875,100,43.75,48.4375,100,75,100,48.4375,78.125,65.625,100,100,25,100,87.5,56.25,82.8125,100,48.4375,79.6875,82.8125,100,64.0625,100,100,73.4375,100,100,90.625,85.9375,25,100,100,85.9375,95.3125,82.8125,68.75,100,100,34.375,100,100,100,89.0625,100,87.5,100,100,68.75,96.875,59.375,100,18.75,100,100,100,100,93.75,60.9375,100,65.625,60.9375,78.125,100,100,100,100,54.6875,46.875,100,100,100,100,28.125,78.125,57.8125,35.9375,78.125,92.1875,98.4375,89.0625,75,100,100,7.8125,100,100,73.4375,100,87.5,71.875,100,84.375,25,100,89.0625,70.3125,100,59.375,100,100,85.9375,100,100,90.625,100,93.75,100,71.875,100,100,29.6875,100,100,85.9375,100,100,82.8125,100,95.3125,100,98.4375,79.6875,100,100,34.375,100,96.875,100,100,100,100,100,87.5,23.4375,35.9375,100,100,100,85.9375,78.125,42.1875,89.0625,100,46.875,92.1875,70.3125,100,96.875,100,54.6875,100,98.4375,100,92.1875,82.8125,81.25,100,100,100,100,87.5,62.5,100,100,100,100,100,89.0625,100,26.5625,37.5,14.0625,100,53.125,100,78.125,81.25,90.625,100,65.625,100,92.1875,100,100,100,98.4375,31.25,100,56.25,100,100,100,51.5625,100,67.1875,60.9375,100,39.0625,100,23.4375,32.8125,100,62.5,100,90.625,100,29.6875,100,100,100,31.25,100,75,100,82.8125,100,21.875,56.25,100,17.1875,100,90.625,65.625,75,35.9375,100,59.375,84.375,100,87.5,76.5625,59.375,89.0625,100,100,60.9375,32.8125,100,76.5625,93.75,100,98.4375,75,42.1875,64.0625,100,50,100,56.25,59.375,100,70.3125,100,71.875,85.9375,100,75,78.125,100,39.0625,100,89.0625,100,100,100,81.25,62.5,100,100,68.75,26.5625,100,100,68.75,100,76.5625,100,87.5,46.875,100,87.5,70.3125,62.5,81.25,75,89.0625,100,100,85.9375,53.125,100,89.0625,98.4375,100,100,100,100,76.5625,100,100,96.875,65.625,100,100,64.0625,93.75,98.4375,100,100,31.25,100,100,76.5625,93.75,100,75,100,71.875,100,70.3125,100,67.1875,95.3125,15.625,100,100,100,100,100,56.25,59.375,79.6875,71.875,87.5,67.1875,98.4375,100,89.0625,100,84.375,39.0625,46.875,100,76.5625,67.1875,89.0625,100,100,100,29.6875,100,100,96.875,100,82.8125,100,85.9375,100,76.5625,81.25,70.3125,100,100,100,100,90.625,90.625,75,100,100,100,70.3125,100,92.1875,95.3125,100,100,100,84.375,73.4375,100,73.4375,100,100,76.5625,73.4375,67.1875,100,35.9375,67.1875,100,89.0625,100,60.9375,68.75,34.375,46.875,100,100,89.0625,100,98.4375,100,79.6875,79.6875,100,98.4375,62.5,82.8125,100,59.375,100,68.75,75,100,81.25,78.125,70.3125,37.5,100,100,100,54.6875,71.875,32.8125,100,100,100,84.375,54.6875,100,84.375,100,100,76.5625,73.4375,68.75,100,100,100,82.8125,100,100,37.5,46.875,59.375,76.5625,62.5,31.25,100,100,92.1875,37.5,100,51.5625,100,87.5,92.1875,84.375,70.3125,100,82.8125,84.375,100,71.875,59.375,100,35.9375,100,56.25,82.8125,93.75,100,70.3125,100,100,100,100,100,43.75,100,100,71.875,96.875,100,71.875,100,89.0625,100,79.6875,34.375,75,100,100,64.0625,100,84.375,100,35.9375,71.875,100,65.625,100,100,92.1875,100,100,100,100,98.4375,100,71.875,100,65.625,100,57.8125,100,100,100,100,82.8125,100,64.0625,93.75,100,100,100,73.4375,100,100,59.375,28.125,98.4375,60.9375,60.9375,100,78.125,100,60.9375,100,100,100,100,79.6875,35.9375,100,100,87.5,100,62.5,17.1875,100,100,92.1875,82.8125,14.0625,78.125,100,100,100,100,79.6875,100,96.875,100,100,26.5625,96.875,71.875,64.0625,100,93.75,96.875,100,100,93.75,90.625,92.1875,45.3125,6.25,65.625,54.6875,50,92.1875,100,100,95.3125,100,100,35.9375,100,89.0625,43.75,59.375,71.875,68.75,68.75,98.4375,76.5625,100,100,100,79.6875,54.6875,40.625,81.25,93.75,37.5,100,100,100,100,100,100,100,78.125,100,42.1875,68.75,100,100,67.1875,100,51.5625,46.875,100,48.4375,100,96.875,85.9375,100,100,100,51.5625,100,73.4375,89.0625,84.375,100,100,71.875,76.5625,100,100,37.5,100,62.5,100,84.375,100,100,100,100,100,76.5625,65.625,100,100,100,84.375,100,100,100,100,100,100,68.75,100,100,100,54.6875,100,100,35.9375,89.0625,100,79.6875,100,59.375,100,100,95.3125,79.6875,100,100,100,100,34.375,31.25,89.0625,60.9375,100,100,48.4375,100,71.875,68.75,9.375,100,100,32.8125,43.75,62.5,48.4375,84.375,100,79.6875,64.0625,100,100,76.5625,100,100,100,100,100,43.75,65.625,100,100,96.875,100,100,100,100,56.25,100,100,100,37.5,100,100,100,73.4375,45.3125,78.125,100,79.6875,60.9375,100,45.3125,90.625,100,100,53.125,100,46.875,100,100,100,100,96.875,62.5,87.5,71.875,76.5625,100,100,100,53.125,100,70.3125,81.25,81.25,43.75,100,75,89.0625,64.0625,100,100,100,82.8125,71.875,100,100,100,68.75,100,76.5625,12.5,67.1875,100,67.1875,78.125,92.1875,95.3125,100,95.3125,100,85.9375,100,100,100,100,96.875,100,100,100,62.5,43.75,100,68.75,98.4375,76.5625,100,57.8125,78.125,100,17.1875,100,100,56.25,100,65.625,100,64.0625,76.5625,89.0625,98.4375,100,60.9375,100,96.875,71.875,65.625,100,100,78.125,98.4375,100,60.9375,96.875,100,100,100,100,62.5,100,21.875,100,79.6875,100,76.5625,50,100,79.6875,67.1875,100,100,35.9375,100,76.5625,100,75,92.1875,70.3125,62.5,96.875,100,54.6875,79.6875,92.1875,73.4375,100,82.8125,100,100,53.125,100,100,51.5625,98.4375,100,39.0625,70.3125,100,100,100,70.3125,100,100,96.875,100,100,100,93.75,92.1875,100,100,100,100,100,100,100,57.8125,65.625,100,95.3125,28.125,23.4375,100,81.25,100,100,100,85.9375,81.25,31.25,100,45.3125,75,71.875,71.875,100,76.5625,84.375,100,100,100,100,100,100,100,100,100,60.9375,87.5,95.3125,100,98.4375,89.0625,95.3125,81.25,73.4375,65.625,100,82.8125,100,84.375,100,59.375,82.8125,62.5,68.75,100,100,46.875,100,100,84.375,34.375,100,100,76.5625,100,71.875,100,95.3125,100,100,100,100,100,81.25,92.1875,100,100,76.5625,78.125,65.625,100,100,100,100,100,100,100,100,100,76.5625,79.6875,100,100,100,100,100,87.5,90.625,89.0625,90.625,100,100,100,96.875,100,70.3125,96.875,100,84.375,76.5625,100,100,70.3125,20.3125,100,84.375,100,100,43.75,100,68.75,100,95.3125,100,100,100,31.25,100,100,89.0625,75,81.25,100,76.5625,100,100,100,100,15.625,100,100,100,100,100,100,100,100,100,81.25,92.1875,65.625,60.9375,90.625,100,100,85.9375,100,87.5,100,100,85.9375,100,100,71.875,100,100,93.75,100,100,82.8125,57.8125,40.625,82.8125,100,50,100,67.1875,100,100,100,90.625,100,84.375,100,100,100,62.5,100,100,68.75,65.625,100,93.75,100,60.9375,100,100,84.375,76.5625,100,59.375,100,100,100,100,100,100,48.4375,100,100,100,100,100,100,100,71.875,100,89.0625,100,100,59.375,100,96.875,100,81.25,76.5625,100,100,100,85.9375,95.3125,96.875,87.5,81.25,67.1875,79.6875,100,100,84.375,95.3125,100,45.3125,51.5625,100,100,68.75,84.375,100,100,100,100,48.4375,100,92.1875,32.8125,100,100,100,100,100,100,100,100,100,100,100,68.75,96.875,59.375,45.3125,65.625,100,100,100,18.75,95.3125,82.8125,100,100,34.375,100,100,82.8125,100,93.75,100,100,100,31.25,100,45.3125,59.375,100,100,100,100,35.9375,71.875,100,100,78.125,89.0625,51.5625,100,43.75,100,100,100,100,62.5,68.75,100,73.4375,100,100,100,100,100,95.3125,84.375,62.5,89.0625,76.5625,100,75,79.6875,70.3125,89.0625,67.1875,62.5,51.5625,100,100,62.5,93.75,26.5625,76.5625,39.0625,100,90.625,85.9375,100,90.625,100,100,96.875,89.0625,100,73.4375,100,100,100,100,100,96.875,95.3125,85.9375,82.8125,100,100,65.625,100,100,100,64.0625,100,87.5,100,60.9375,100,12.5,79.6875,100,100,89.0625,100,100,100,59.375,93.75,50,100,100,100,65.625,100,60.9375,92.1875,98.4375,73.4375,29.6875,87.5,45.3125,100,100,84.375,68.75,62.5,40.625,45.3125,84.375,100,76.5625,60.9375,76.5625,100,70.3125,90.625,95.3125,100,89.0625,100,68.75,100,100,50,68.75,100,68.75,100,98.4375,100,82.8125,87.5,62.5,100,62.5,100,100,100,73.4375,29.6875,31.25,14.0625,100,100,100,100,100,100,67.1875,89.0625,100,90.625,100,100,100,100,57.8125,54.6875,43.75,50,78.125,53.125,90.625,100,100,100,85.9375,100,100,65.625,25,81.25,100,73.4375,70.3125,100,92.1875,53.125,100,100,100,100,100,100,68.75,100,100,92.1875,100,78.125,100,90.625,100,100,100,92.1875,100,60.9375,100,42.1875,100,100,100,100,92.1875,87.5,73.4375,100,100,70.3125,78.125,100,100,100,75,92.1875,76.5625,100,100,76.5625,100,100,93.75,100,100,100,100,60.9375,76.5625,100,100,71.875,100,82.8125,100,100,100,100,100,81.25,34.375,68.75,100,71.875,100,100,100,100,100,100,100,100,100,95.3125,85.9375,100,100,100,100,100,100,92.1875,100,100,100,95.3125,100,71.875,100,92.1875,78.125,90.625,100,92.1875,68.75,93.75,100,39.0625,7.8125,37.5,100,100,100,100,46.875,78.125,100,100,100,68.75,34.375,100,75,100,100,100,68.75,100,100,100,100,42.1875,100,100,56.25,93.75,100,100,95.3125,92.1875,100,75,100,60.9375,67.1875,65.625,92.1875,28.125,48.4375,81.25,71.875,100,100,100,100,90.625,100,87.5,81.25,60.9375,68.75,31.25,81.25,85.9375,100,100,81.25,100,100,100,100,68.75,28.125,85.9375,100,93.75,100,20.3125,78.125,100,92.1875,92.1875,100,100,100,100,100,100,100,92.1875,100,100,100,100,100,100,96.875,100,100,100,95.3125,75,59.375,100,48.4375,98.4375,82.8125,100,100,100,100,100,71.875,64.0625,65.625,100,100,68.75,42.1875,100,92.1875,71.875,100,92.1875,100,20.3125,100,100,100,67.1875,57.8125,87.5,79.6875,100,100,89.0625,100,26.5625,84.375,75,65.625,100,100,85.9375,100,100,100,100,89.0625,89.0625,62.5,100,25,46.875,100,95.3125,70.3125,100,64.0625,87.5,100,100,100,95.3125,100,32.8125,21.875,100,100,100,100,85.9375,100,100,100,100,100,90.625,100,100,100,100,81.25,95.3125,100,98.4375,100,100,84.375,100,67.1875,53.125,100,100,100,64.0625,92.1875,100,100,100,100,78.125,64.0625,100,18.75,100,76.5625,73.4375,100,64.0625,100,100,26.5625,59.375,62.5,89.0625,85.9375,100,100,100,100,100,79.6875,81.25,100,100,100,100,93.75,100,100,100,100,75,100,62.5,100,21.875,84.375,78.125,100,100,100,100,89.0625,21.875,28.125,56.25,100,100,54.6875,82.8125,100,100,100,100,89.0625,75,85.9375,82.8125,100,35.9375,100,65.625,78.125,100,85.9375,100,100,95.3125,100,76.5625,100,96.875,23.4375,68.75,100,18.75,100,59.375,100,96.875,73.4375,100,100,100,67.1875,87.5,76.5625,98.4375,100,100,87.5,54.6875,42.1875,81.25,65.625,82.8125,75,100,60.9375,81.25,93.75,93.75,100,70.3125,100,100,100,100,56.25,64.0625,98.4375,98.4375,100,100,73.4375,100,34.375,81.25,100,95.3125,64.0625,100,59.375,100,82.8125,100,75,100,59.375,68.75,100,100,100,79.6875,100,54.6875,100,100,100,100,90.625,89.0625,43.75,100,100,84.375,100,65.625,100,100,100,81.25,100,82.8125,100,100,93.75,100,65.625,25,100,73.4375,85.9375,34.375,100,56.25,100,29.6875,35.9375,100,78.125,75,17.1875,32.8125,95.3125,100,100,57.8125,100,90.625,68.75,100,98.4375,100,26.5625,64.0625,31.25,100,71.875,100,100,90.625,71.875,15.625,56.25,37.5,35.9375,100,34.375,60.9375,89.0625,100,73.4375,84.375,53.125,100,67.1875,100,25,100,100,59.375,92.1875,100,100,100,81.25,40.625,100,100,100,100,79.6875,100,100,100,46.875,100,100,100,57.8125,67.1875,100,100,76.5625,100,42.1875,100,65.625,81.25,100,100,100,76.5625,87.5,79.6875,100,90.625,100,100,100,100,100,82.8125,14.0625,53.125,98.4375,100,100,100,100,95.3125,98.4375,32.8125,100,100,95.3125,100,93.75,87.5,67.1875,100,98.4375,100,67.1875,100,100,100,100,93.75,100,76.5625,81.25,100,100,100,85.9375,93.75,100,100,67.1875,100,100,70.3125,100,98.4375,71.875,85.9375,79.6875,82.8125,100,68.75,64.0625,59.375,65.625,100,93.75,100,100,100,32.8125,100,51.5625,98.4375,100,93.75,100,90.625,42.1875,50,79.6875,100,90.625,37.5,100,100,40.625,26.5625,70.3125,54.6875,100,100,100,100,90.625,75,96.875,100,93.75,82.8125,100,100,18.75,100,100,100,71.875,100,98.4375,96.875,96.875,100,76.5625,100,100,48.4375,100,100,100,70.3125,79.6875,92.1875,100,79.6875,100,100,100,100,82.8125,89.0625,45.3125,100,100,53.125,100,70.3125,100,78.125,92.1875,70.3125,73.4375,100,37.5,100,71.875,100,100,68.75,35.9375,96.875,100,59.375,31.25,68.75,100,92.1875,100,100,90.625,100,87.5,60.9375,100,73.4375,100,98.4375,50,100,87.5,96.875,20.3125,73.4375,57.8125,100,100,70.3125,35.9375,60.9375,37.5,92.1875,35.9375,100,100,59.375,100,51.5625,65.625,4.6875,100,89.0625,71.875,73.4375,70.3125,100,90.625,100,100,84.375,93.75,21.875,59.375,78.125,70.3125,39.0625,100,54.6875,100,100,57.8125,100,90.625,34.375,100,90.625,75,92.1875,32.8125,100,100,17.1875,100,100,68.75,100,85.9375,76.5625,100,100,31.25,57.8125,90.625,100,84.375,100,100,84.375,64.0625,57.8125,100,100,100,100,93.75,100,100,76.5625,78.125,65.625,96.875,100,64.0625,100,100,85.9375,98.4375,21.875,85.9375,98.4375,100,34.375,100,100,100,100,100,98.4375,45.3125,37.5,100,100,45.3125,40.625,62.5,20.3125,100,100,75,84.375,100,96.875,100,100,65.625,67.1875,78.125,100,100,100,100,100,45.3125,82.8125,100,100,100,87.5,71.875,46.875,14.0625,100,70.3125,60.9375,100,82.8125,75,73.4375,85.9375,67.1875,93.75,54.6875,92.1875,92.1875,100,87.5,17.1875,100,100,82.8125,100,100,15.625,100,100,76.5625,93.75,100,51.5625,93.75,100,100,67.1875,71.875,39.0625,65.625,100,100,87.5,100,100,95.3125,90.625,42.1875,93.75,85.9375,100,100,71.875,100,100,100,62.5,100,98.4375,98.4375,53.125,100,95.3125,100,35.9375,100,46.875,100,100,100,100,100,89.0625,100,71.875,100,100,92.1875,92.1875,90.625,95.3125,96.875,100,100,90.625,59.375,100,98.4375,100,100,28.125,76.5625,100,100,100,100,100,100,100,68.75,31.25,100,90.625,89.0625,100,87.5,100,95.3125,65.625,89.0625,100,100,100,98.4375,100,100,68.75,75,21.875,89.0625,100,100,100,89.0625,100,59.375,100,100,75,67.1875,93.75,68.75,76.5625,67.1875,100,25,100,100,20.3125,54.6875,100,100,82.8125,70.3125,93.75,90.625,100,100,100,78.125,78.125,76.5625,100,90.625,96.875,32.8125,100,100,81.25,54.6875,57.8125,100,90.625,100,98.4375,100,100,79.6875,62.5,100,60.9375,54.6875,100,100,79.6875,100,100,93.75,60.9375,100,100,100,95.3125,100,100,84.375,68.75,100,82.8125,59.375,100,100,64.0625,100,100,64.0625,100,100,78.125,100,100,79.6875,100,56.25,68.75,92.1875,100,29.6875,75,76.5625,100,54.6875,75,100,73.4375,90.625,100,100,75,100,85.9375,54.6875,68.75,100,100,100,46.875,60.9375,100,100,84.375,100,100,76.5625,68.75,75,100,73.4375,100,100,100,18.75,100,100,71.875,100,100,89.0625,100,92.1875,100,29.6875,100,20.3125,75,59.375,15.625,100,100,100,96.875,76.5625,100,100,65.625,100,100,76.5625,100,75,100,100,100,100,85.9375,100,53.125,100,100,100,50,100,85.9375,100,35.9375,100,100,87.5,79.6875,84.375,78.125,35.9375,100,100,39.0625,10.9375,100,54.6875,100,100,100,75,100,65.625,100,100,100,100,25,100,100,95.3125,96.875,95.3125,100,100,17.1875,100,64.0625,53.125,100,100,95.3125,81.25,100,100,100,60.9375,82.8125,100,87.5,100,79.6875,92.1875,82.8125,100,85.9375,92.1875,100,100,85.9375,76.5625,100,84.375,90.625,100,100,96.875,100,100,60.9375,68.75,46.875,87.5,18.75,50,100,100,100,50,64.0625,100,100,100,100,70.3125,78.125,31.25,81.25,100,93.75,100,64.0625,100,95.3125,81.25,40.625,100,59.375,100,56.25,35.9375,70.3125,100,82.8125,56.25,100,100,84.375,100,71.875,39.0625,100,100,53.125,100,100,100,42.1875,100,100,57.8125,90.625,78.125,100,96.875,81.25,73.4375,100,100,100,93.75,39.0625,100,73.4375,100,100,100,67.1875,100,100,67.1875,100,100,100,82.8125,100,95.3125,87.5,93.75,100,100,68.75,100,100,59.375,100,85.9375,100,53.125,87.5,20.3125,100,82.8125,100,35.9375,81.25,42.1875,96.875,93.75,100,100,100,100,90.625,100,100,100,56.25,50,100,20.3125,100,100,89.0625,70.3125,100,39.0625,100,71.875,81.25,67.1875,100,62.5,68.75,67.1875,84.375,98.4375,18.75,95.3125,82.8125,100,26.5625,37.5,100,75,100,100,28.125,93.75,98.4375,59.375,84.375,67.1875,100,76.5625,100,60.9375,85.9375,100,84.375,84.375,100,65.625,100,100,90.625,100,100,71.875,84.375,100,100,57.8125,100,35.9375,100,100,50,100,35.9375,100,90.625,46.875,100,53.125,18.75,82.8125,100,64.0625,85.9375,100,100,100,100,79.6875,93.75,42.1875,100,53.125,100,62.5,100,73.4375,76.5625,28.125,100,100,51.5625,67.1875,100,100,100,100,100,100,100,87.5,100,100,100,79.6875,100,62.5,39.0625,100,93.75,68.75,67.1875,43.75,51.5625,100,100,100,100,100,90.625,100,57.8125,100,100,100,76.5625,100,85.9375,71.875,100,96.875,100,100,100,90.625,100,43.75,64.0625,100,81.25,100,100,100,100,100,45.3125,1.5625,100,50,34.375,100,87.5,100,100,100,100,100,100,100,84.375,100,100,100,100,100,92.1875,100,84.375,37.5,59.375,59.375,100,62.5,100,100,100,78.125,100,45.3125,64.0625,100,100,54.6875,100,100,56.25,100,98.4375,75,98.4375,100,100,93.75,98.4375,71.875,28.125,98.4375,87.5,100,100,73.4375,100,42.1875,100,78.125,62.5,76.5625,84.375,100,100,76.5625,100,90.625,100,79.6875,54.6875,100,53.125,59.375,100,100,51.5625,100,56.25,100,100,96.875,78.125,75,100,31.25,68.75,100,76.5625,64.0625,100,100,59.375,79.6875,100,87.5,34.375,67.1875,46.875,100,100,100,59.375,100,60.9375,37.5,100,75,15.625,100,98.4375,78.125,90.625,100,54.6875,92.1875,100,51.5625,100,53.125,96.875,78.125,93.75,100,100,64.0625,57.8125,100,85.9375,100,100,100,100
"6022",89.0625,100,43.75,100,60.9375,62.5,64.0625,100,26.5625,98.4375,57.8125,100,100,100,79.6875,59.375,87.5,81.25,100,100,96.875,96.875,100,100,56.25,100,100,90.625,81.25,100,100,100,100,89.0625,100,96.875,84.375,100,100,100,56.25,65.625,92.1875,100,100,100,100,100,67.1875,89.0625,75,100,100,60.9375,81.25,100,26.5625,100,100,39.0625,90.625,50,98.4375,96.875,100,100,60.9375,100,78.125,100,56.25,64.0625,100,100,50,81.25,100,48.4375,56.25,100,78.125,78.125,84.375,79.6875,62.5,100,100,26.5625,100,53.125,56.25,82.8125,100,48.4375,100,93.75,100,64.0625,100,100,73.4375,100,100,92.1875,62.5,28.125,100,64.0625,85.9375,96.875,84.375,67.1875,100,100,32.8125,100,100,100,100,100,65.625,100,100,68.75,79.6875,59.375,100,18.75,100,93.75,100,100,82.8125,100,100,65.625,56.25,79.6875,100,100,100,100,43.75,53.125,100,100,98.4375,100,60.9375,76.5625,60.9375,34.375,78.125,93.75,98.4375,84.375,75,100,100,7.8125,100,100,73.4375,100,89.0625,70.3125,100,85.9375,25,100,81.25,70.3125,100,65.625,100,93.75,85.9375,100,100,100,100,87.5,100,92.1875,100,35.9375,31.25,64.0625,100,85.9375,100,100,81.25,100,98.4375,100,92.1875,79.6875,100,100,20.3125,54.6875,98.4375,100,100,100,100,100,90.625,100,46.875,100,100,100,78.125,78.125,42.1875,95.3125,100,50,60.9375,73.4375,57.8125,78.125,100,100,57.8125,100,56.25,100,76.5625,78.125,100,100,100,100,81.25,62.5,84.375,100,100,100,100,100,100,32.8125,59.375,60.9375,100,46.875,100,76.5625,82.8125,82.8125,100,64.0625,100,71.875,100,100,100,98.4375,32.8125,89.0625,48.4375,100,100,100,100,100,56.25,90.625,100,100,82.8125,39.0625,37.5,100,64.0625,100,90.625,100,82.8125,100,100,100,32.8125,100,84.375,65.625,79.6875,100,21.875,57.8125,100,100,100,95.3125,64.0625,75,50,100,87.5,73.4375,100,89.0625,78.125,62.5,42.1875,100,100,56.25,29.6875,100,62.5,95.3125,100,100,100,40.625,73.4375,100,54.6875,100,26.5625,62.5,100,75,100,73.4375,85.9375,100,76.5625,89.0625,98.4375,40.625,18.75,90.625,100,100,65.625,81.25,62.5,85.9375,84.375,68.75,26.5625,100,78.125,73.4375,100,79.6875,100,95.3125,50,100,100,89.0625,48.4375,79.6875,71.875,32.8125,100,100,81.25,53.125,100,84.375,98.4375,100,100,100,76.5625,81.25,73.4375,100,89.0625,67.1875,79.6875,100,78.125,76.5625,100,100,100,100,98.4375,100,60.9375,92.1875,100,92.1875,100,95.3125,100,70.3125,100,60.9375,65.625,50,100,98.4375,100,100,100,59.375,59.375,79.6875,73.4375,98.4375,71.875,98.4375,100,85.9375,100,100,39.0625,50,100,76.5625,37.5,92.1875,100,100,100,28.125,100,100,95.3125,100,82.8125,100,100,100,67.1875,68.75,62.5,100,100,100,100,93.75,100,84.375,100,100,100,67.1875,76.5625,92.1875,95.3125,100,100,100,84.375,73.4375,100,71.875,100,100,76.5625,73.4375,68.75,100,100,79.6875,100,100,100,76.5625,73.4375,39.0625,59.375,100,100,40.625,100,100,100,71.875,85.9375,100,79.6875,70.3125,82.8125,100,50,100,57.8125,75,100,78.125,78.125,81.25,53.125,100,100,100,54.6875,70.3125,14.0625,100,100,100,84.375,56.25,100,82.8125,100,100,68.75,78.125,68.75,100,100,100,100,90.625,100,45.3125,64.0625,75,100,65.625,34.375,95.3125,100,81.25,42.1875,100,51.5625,100,87.5,100,84.375,68.75,100,82.8125,84.375,82.8125,100,60.9375,100,35.9375,46.875,100,85.9375,93.75,100,70.3125,100,100,100,100,100,48.4375,65.625,100,71.875,100,100,71.875,100,78.125,100,100,34.375,76.5625,100,100,78.125,100,92.1875,100,40.625,71.875,100,60.9375,100,100,65.625,90.625,100,100,100,92.1875,100,71.875,100,65.625,100,62.5,100,73.4375,100,100,85.9375,100,65.625,93.75,100,95.3125,100,79.6875,100,100,84.375,7.8125,100,53.125,53.125,89.0625,79.6875,100,75,100,100,75,100,100,35.9375,100,100,87.5,100,64.0625,60.9375,90.625,100,75,100,100,100,100,100,34.375,100,100,100,95.3125,100,100,39.0625,100,71.875,78.125,100,100,84.375,100,100,92.1875,92.1875,100,46.875,6.25,71.875,54.6875,50,92.1875,100,100,71.875,100,100,32.8125,100,85.9375,48.4375,59.375,81.25,64.0625,71.875,98.4375,78.125,79.6875,92.1875,35.9375,78.125,50,40.625,81.25,92.1875,42.1875,100,100,100,100,100,100,100,78.125,100,51.5625,68.75,100,100,70.3125,60.9375,50,46.875,100,48.4375,100,100,100,100,100,100,46.875,100,79.6875,90.625,84.375,100,100,75,73.4375,100,100,34.375,100,95.3125,100,81.25,100,100,100,100,100,96.875,67.1875,100,100,100,85.9375,100,100,100,100,100,100,68.75,100,100,100,62.5,100,100,35.9375,89.0625,100,89.0625,62.5,57.8125,93.75,100,62.5,92.1875,100,100,87.5,70.3125,32.8125,31.25,92.1875,100,100,100,48.4375,71.875,70.3125,68.75,14.0625,100,45.3125,100,43.75,68.75,48.4375,84.375,100,40.625,100,100,100,78.125,100,96.875,95.3125,100,100,53.125,64.0625,100,100,100,100,100,100,100,57.8125,90.625,100,100,37.5,100,100,100,79.6875,100,82.8125,100,82.8125,60.9375,100,40.625,93.75,100,100,51.5625,100,87.5,100,100,100,100,95.3125,62.5,100,100,78.125,87.5,100,100,51.5625,100,70.3125,87.5,79.6875,42.1875,100,65.625,100,60.9375,100,100,93.75,84.375,73.4375,100,100,100,68.75,100,76.5625,6.25,67.1875,100,100,81.25,100,84.375,100,95.3125,100,84.375,100,100,100,100,100,100,100,100,60.9375,48.4375,100,68.75,95.3125,79.6875,100,59.375,78.125,100,10.9375,100,100,57.8125,100,65.625,70.3125,53.125,75,100,98.4375,100,56.25,100,100,71.875,51.5625,100,100,78.125,98.4375,67.1875,70.3125,95.3125,100,100,100,100,50,100,21.875,100,79.6875,100,87.5,45.3125,100,53.125,64.0625,93.75,100,35.9375,100,79.6875,100,87.5,92.1875,70.3125,54.6875,100,100,56.25,100,90.625,84.375,65.625,82.8125,100,89.0625,53.125,100,100,64.0625,93.75,100,45.3125,71.875,100,100,100,71.875,100,100,57.8125,100,100,100,93.75,100,100,100,70.3125,100,100,100,100,70.3125,70.3125,100,100,26.5625,23.4375,100,82.8125,100,100,100,79.6875,60.9375,31.25,100,46.875,100,71.875,71.875,100,68.75,87.5,100,100,100,100,100,100,100,100,100,60.9375,87.5,42.1875,100,98.4375,67.1875,93.75,79.6875,73.4375,51.5625,45.3125,100,100,84.375,100,56.25,84.375,65.625,89.0625,100,100,67.1875,100,100,82.8125,35.9375,100,100,79.6875,100,67.1875,100,96.875,100,100,100,100,100,81.25,100,100,100,76.5625,65.625,29.6875,100,100,17.1875,100,100,100,100,75,100,84.375,93.75,98.4375,98.4375,100,100,96.875,82.8125,89.0625,84.375,100,85.9375,100,100,100,100,68.75,89.0625,100,84.375,75,100,100,75,82.8125,100,78.125,100,100,42.1875,100,57.8125,100,100,100,100,100,31.25,100,100,89.0625,93.75,93.75,42.1875,76.5625,100,100,76.5625,79.6875,17.1875,100,100,100,95.3125,100,100,100,100,100,76.5625,100,65.625,100,92.1875,100,100,85.9375,100,87.5,100,100,82.8125,100,100,73.4375,100,100,95.3125,100,100,82.8125,57.8125,82.8125,82.8125,100,51.5625,45.3125,34.375,100,100,100,43.75,57.8125,87.5,100,100,100,51.5625,100,100,59.375,65.625,100,96.875,100,87.5,100,95.3125,73.4375,78.125,100,100,100,100,100,100,100,100,50,64.0625,100,100,100,100,100,100,75,100,100,100,100,62.5,100,96.875,100,81.25,76.5625,100,100,100,85.9375,100,100,87.5,71.875,100,95.3125,100,100,95.3125,96.875,100,53.125,51.5625,75,100,68.75,98.4375,100,42.1875,60.9375,100,42.1875,40.625,90.625,32.8125,100,100,100,100,100,100,100,100,100,100,100,68.75,98.4375,60.9375,48.4375,71.875,100,100,100,17.1875,95.3125,82.8125,100,100,37.5,100,100,82.8125,100,100,100,100,100,34.375,100,56.25,60.9375,100,100,100,100,35.9375,64.0625,100,100,100,89.0625,51.5625,100,35.9375,100,100,100,39.0625,60.9375,67.1875,100,73.4375,100,82.8125,100,100,100,96.875,81.25,51.5625,89.0625,73.4375,100,90.625,81.25,84.375,92.1875,67.1875,60.9375,50,100,100,62.5,93.75,100,78.125,37.5,100,42.1875,87.5,100,95.3125,100,100,68.75,82.8125,100,73.4375,100,100,100,81.25,100,96.875,100,85.9375,57.8125,100,100,62.5,100,92.1875,100,87.5,100,100,62.5,60.9375,100,25,71.875,100,62.5,89.0625,100,100,100,100,90.625,57.8125,100,100,100,71.875,100,43.75,89.0625,100,71.875,37.5,84.375,89.0625,100,100,79.6875,68.75,62.5,40.625,45.3125,85.9375,100,76.5625,59.375,60.9375,100,78.125,89.0625,93.75,100,89.0625,100,68.75,100,84.375,56.25,100,100,73.4375,100,100,100,82.8125,92.1875,68.75,100,92.1875,100,100,100,73.4375,31.25,35.9375,18.75,100,87.5,100,73.4375,98.4375,100,62.5,90.625,100,98.4375,100,100,89.0625,100,57.8125,59.375,45.3125,50,79.6875,57.8125,90.625,100,100,95.3125,84.375,100,100,60.9375,26.5625,89.0625,100,76.5625,75,100,92.1875,87.5,100,100,100,100,100,100,70.3125,100,100,92.1875,100,78.125,100,90.625,100,100,100,90.625,100,100,100,87.5,81.25,87.5,100,100,92.1875,89.0625,71.875,100,100,70.3125,73.4375,100,92.1875,100,73.4375,90.625,73.4375,100,100,76.5625,100,100,85.9375,100,100,100,90.625,62.5,76.5625,100,100,51.5625,100,100,100,100,100,68.75,100,70.3125,37.5,64.0625,100,65.625,100,100,100,100,100,100,100,100,100,89.0625,95.3125,100,73.4375,100,100,100,100,89.0625,100,100,100,95.3125,100,71.875,100,93.75,100,100,100,95.3125,68.75,92.1875,95.3125,39.0625,7.8125,42.1875,100,100,100,100,100,92.1875,100,100,100,67.1875,32.8125,100,81.25,100,100,100,84.375,100,100,100,100,78.125,92.1875,100,100,93.75,100,100,89.0625,93.75,100,75,100,48.4375,51.5625,78.125,100,81.25,89.0625,70.3125,67.1875,100,89.0625,100,68.75,90.625,100,87.5,76.5625,60.9375,62.5,29.6875,82.8125,85.9375,100,100,81.25,100,100,100,100,71.875,28.125,82.8125,100,79.6875,100,23.4375,76.5625,100,68.75,100,100,100,100,100,92.1875,100,100,92.1875,100,100,100,100,75,100,29.6875,100,100,100,100,100,57.8125,100,53.125,96.875,79.6875,95.3125,100,100,100,100,71.875,67.1875,71.875,100,100,68.75,35.9375,100,87.5,68.75,100,92.1875,100,70.3125,100,100,100,75,56.25,100,92.1875,100,20.3125,89.0625,100,28.125,85.9375,75,64.0625,100,100,87.5,100,76.5625,100,100,100,93.75,56.25,100,26.5625,37.5,100,95.3125,60.9375,64.0625,75,87.5,100,100,90.625,95.3125,100,34.375,20.3125,100,100,100,100,100,100,100,100,100,100,93.75,57.8125,81.25,100,100,82.8125,95.3125,100,100,100,100,90.625,87.5,68.75,53.125,100,100,100,60.9375,92.1875,100,100,90.625,100,96.875,71.875,100,100,100,68.75,75,100,65.625,100,100,26.5625,59.375,62.5,98.4375,85.9375,100,100,100,95.3125,100,78.125,71.875,100,100,98.4375,100,92.1875,100,100,100,100,76.5625,100,57.8125,100,31.25,84.375,70.3125,100,100,100,100,79.6875,100,32.8125,75,92.1875,100,56.25,98.4375,100,100,100,100,87.5,75,84.375,81.25,100,34.375,100,43.75,84.375,100,96.875,100,81.25,85.9375,100,76.5625,100,95.3125,31.25,68.75,100,25,100,57.8125,100,73.4375,73.4375,100,100,100,68.75,76.5625,90.625,82.8125,100,100,93.75,45.3125,42.1875,81.25,65.625,82.8125,75,100,59.375,85.9375,93.75,46.875,100,70.3125,100,100,100,100,40.625,65.625,100,98.4375,100,100,85.9375,100,100,65.625,100,85.9375,65.625,100,60.9375,89.0625,100,100,75,92.1875,100,54.6875,100,100,100,79.6875,100,53.125,100,100,100,100,92.1875,98.4375,32.8125,100,100,60.9375,100,73.4375,100,85.9375,100,81.25,100,82.8125,100,100,93.75,100,87.5,25,87.5,100,84.375,50,100,54.6875,100,50,35.9375,100,71.875,75,100,31.25,100,100,100,53.125,93.75,90.625,68.75,100,100,100,90.625,68.75,32.8125,100,78.125,100,100,90.625,70.3125,51.5625,54.6875,42.1875,100,100,67.1875,60.9375,89.0625,100,73.4375,84.375,95.3125,100,60.9375,100,100,100,100,64.0625,21.875,100,100,100,100,32.8125,100,100,100,100,82.8125,100,100,100,100,100,100,100,60.9375,70.3125,100,100,84.375,62.5,43.75,100,67.1875,87.5,100,100,100,76.5625,84.375,82.8125,100,90.625,100,100,100,100,100,84.375,37.5,53.125,90.625,100,100,100,100,96.875,93.75,34.375,100,100,98.4375,100,92.1875,92.1875,68.75,100,98.4375,100,68.75,100,100,100,100,82.8125,100,76.5625,73.4375,100,100,100,89.0625,100,100,100,67.1875,100,85.9375,68.75,100,98.4375,32.8125,81.25,79.6875,100,100,64.0625,67.1875,59.375,62.5,100,84.375,100,100,100,35.9375,100,51.5625,100,100,93.75,100,96.875,57.8125,85.9375,79.6875,100,96.875,39.0625,100,78.125,40.625,28.125,78.125,9.375,100,100,18.75,98.4375,92.1875,76.5625,100,100,95.3125,81.25,100,100,10.9375,100,100,100,71.875,100,100,93.75,100,100,73.4375,100,100,100,100,100,100,73.4375,78.125,100,100,93.75,100,100,100,100,79.6875,100,48.4375,100,100,53.125,100,70.3125,100,78.125,93.75,73.4375,75,100,100,100,71.875,100,78.125,68.75,35.9375,100,53.125,59.375,35.9375,100,100,92.1875,100,64.0625,87.5,100,87.5,60.9375,100,81.25,100,79.6875,50,100,89.0625,100,89.0625,75,100,100,100,100,34.375,64.0625,60.9375,93.75,48.4375,100,100,59.375,100,53.125,65.625,6.25,100,85.9375,79.6875,73.4375,82.8125,100,92.1875,100,100,90.625,93.75,21.875,59.375,70.3125,70.3125,39.0625,100,59.375,100,100,57.8125,100,98.4375,39.0625,100,90.625,75,89.0625,37.5,100,100,17.1875,100,100,45.3125,92.1875,85.9375,71.875,100,100,14.0625,62.5,89.0625,100,81.25,100,100,95.3125,68.75,56.25,100,100,100,100,93.75,100,100,78.125,71.875,65.625,100,100,62.5,100,100,84.375,100,21.875,95.3125,93.75,100,34.375,100,100,100,100,100,100,54.6875,40.625,100,100,43.75,40.625,89.0625,31.25,100,100,71.875,82.8125,100,96.875,100,100,68.75,67.1875,76.5625,100,100,100,100,100,46.875,79.6875,100,92.1875,100,87.5,100,50,14.0625,100,71.875,64.0625,100,82.8125,67.1875,71.875,75,73.4375,93.75,54.6875,90.625,100,100,73.4375,28.125,100,100,82.8125,100,100,100,100,100,85.9375,93.75,71.875,93.75,89.0625,100,100,73.4375,73.4375,39.0625,67.1875,100,100,100,100,100,100,73.4375,42.1875,82.8125,60.9375,100,100,76.5625,100,100,100,100,100,100,100,100,100,92.1875,100,32.8125,100,48.4375,82.8125,100,100,98.4375,100,93.75,92.1875,82.8125,100,100,92.1875,100,92.1875,96.875,100,100,100,85.9375,54.6875,100,95.3125,100,100,29.6875,65.625,100,100,100,100,100,100,100,45.3125,29.6875,100,92.1875,100,100,73.4375,92.1875,95.3125,70.3125,85.9375,100,100,98.4375,100,100,100,73.4375,90.625,32.8125,78.125,100,100,100,93.75,100,89.0625,100,100,100,84.375,93.75,67.1875,87.5,59.375,100,25,100,100,54.6875,54.6875,100,100,50,100,70.3125,89.0625,46.875,100,100,78.125,87.5,81.25,100,79.6875,100,34.375,100,100,76.5625,70.3125,100,100,100,100,98.4375,100,100,84.375,65.625,100,62.5,54.6875,100,100,76.5625,100,100,96.875,53.125,92.1875,100,100,98.4375,100,89.0625,100,68.75,100,81.25,59.375,100,100,68.75,100,100,64.0625,100,100,73.4375,100,100,81.25,100,56.25,70.3125,45.3125,100,29.6875,75,31.25,100,54.6875,89.0625,100,76.5625,92.1875,100,100,75,100,85.9375,50,85.9375,100,100,96.875,46.875,75,100,100,89.0625,100,100,78.125,65.625,82.8125,100,100,100,100,100,100,100,45.3125,71.875,95.3125,100,100,100,92.1875,100,34.375,100,42.1875,71.875,59.375,100,100,100,100,100,67.1875,100,100,75,100,100,81.25,100,75,100,100,100,100,89.0625,100,56.25,100,90.625,100,46.875,87.5,85.9375,100,32.8125,100,100,87.5,100,90.625,82.8125,42.1875,100,100,35.9375,15.625,100,53.125,100,100,100,75,100,70.3125,100,100,100,100,25,100,81.25,96.875,73.4375,95.3125,100,100,20.3125,92.1875,64.0625,53.125,100,100,95.3125,89.0625,100,100,100,62.5,87.5,100,82.8125,56.25,79.6875,92.1875,100,100,85.9375,87.5,100,100,87.5,82.8125,100,84.375,100,100,100,96.875,100,100,59.375,68.75,60.9375,89.0625,20.3125,35.9375,100,100,65.625,48.4375,60.9375,100,100,100,100,84.375,78.125,84.375,79.6875,46.875,95.3125,100,68.75,100,100,81.25,45.3125,100,68.75,76.5625,50,39.0625,64.0625,100,87.5,54.6875,100,100,87.5,100,73.4375,40.625,100,100,56.25,100,100,67.1875,75,100,100,57.8125,90.625,71.875,100,100,85.9375,70.3125,100,100,100,100,37.5,100,73.4375,100,100,100,67.1875,100,100,79.6875,100,100,100,79.6875,100,87.5,89.0625,100,100,100,68.75,100,100,59.375,100,89.0625,100,59.375,89.0625,100,100,78.125,100,35.9375,20.3125,37.5,78.125,92.1875,100,100,100,100,85.9375,100,100,93.75,56.25,50,100,100,100,100,84.375,76.5625,100,50,100,71.875,95.3125,68.75,100,59.375,68.75,81.25,84.375,98.4375,21.875,96.875,81.25,39.0625,34.375,42.1875,100,45.3125,100,100,26.5625,65.625,100,59.375,51.5625,73.4375,100,79.6875,100,60.9375,84.375,100,100,100,100,60.9375,100,100,89.0625,100,100,73.4375,84.375,100,100,56.25,100,37.5,100,100,51.5625,100,37.5,100,87.5,51.5625,100,53.125,50,100,100,64.0625,84.375,100,100,100,100,70.3125,89.0625,40.625,100,57.8125,100,100,100,79.6875,85.9375,31.25,100,100,53.125,67.1875,100,100,100,100,100,100,100,92.1875,100,100,100,82.8125,100,67.1875,82.8125,100,93.75,82.8125,59.375,46.875,51.5625,100,100,100,100,100,76.5625,100,56.25,100,100,100,100,100,81.25,68.75,100,100,100,100,100,100,100,50,65.625,100,81.25,100,100,100,100,100,43.75,1.5625,100,65.625,28.125,100,71.875,100,20.3125,100,100,100,100,93.75,84.375,100,100,100,100,100,98.4375,100,75,35.9375,35.9375,57.8125,100,53.125,18.75,100,92.1875,75,100,45.3125,64.0625,100,100,51.5625,100,100,70.3125,100,98.4375,87.5,96.875,100,100,93.75,89.0625,54.6875,29.6875,71.875,93.75,100,56.25,100,100,42.1875,100,78.125,78.125,76.5625,79.6875,100,100,78.125,100,84.375,100,84.375,56.25,100,64.0625,84.375,100,100,87.5,100,51.5625,100,100,96.875,93.75,92.1875,100,35.9375,67.1875,95.3125,59.375,73.4375,100,100,70.3125,82.8125,100,92.1875,32.8125,67.1875,18.75,100,100,100,64.0625,100,62.5,39.0625,100,78.125,100,100,93.75,100,64.0625,100,54.6875,100,100,51.5625,100,54.6875,79.6875,60.9375,78.125,100,100,53.125,57.8125,100,84.375,100,100,98.4375,100
"6023",89.0625,100,34.375,100,100,62.5,67.1875,87.5,21.875,93.75,82.8125,100,100,100,92.1875,76.5625,89.0625,78.125,100,100,96.875,100,100,100,59.375,100,100,95.3125,79.6875,100,100,100,100,87.5,100,96.875,84.375,100,100,90.625,78.125,64.0625,98.4375,100,100,100,100,100,65.625,85.9375,75,100,100,68.75,75,100,7.8125,100,100,39.0625,84.375,56.25,98.4375,100,100,90.625,62.5,100,78.125,100,57.8125,75,100,100,70.3125,75,100,48.4375,48.4375,100,75,100,82.8125,79.6875,62.5,100,100,23.4375,100,100,56.25,82.8125,100,48.4375,85.9375,98.4375,100,64.0625,100,100,75,100,100,92.1875,71.875,29.6875,100,51.5625,85.9375,100,89.0625,70.3125,35.9375,100,34.375,95.3125,100,100,100,100,60.9375,100,100,73.4375,98.4375,54.6875,100,18.75,100,100,100,100,93.75,100,100,67.1875,64.0625,79.6875,100,100,100,100,48.4375,56.25,100,100,100,100,48.4375,76.5625,59.375,37.5,78.125,92.1875,98.4375,85.9375,76.5625,100,100,4.6875,100,100,73.4375,100,89.0625,71.875,100,81.25,28.125,100,87.5,68.75,100,56.25,100,100,84.375,100,100,100,82.8125,87.5,100,82.8125,100,100,28.125,100,100,87.5,100,100,81.25,100,98.4375,100,78.125,81.25,100,100,26.5625,100,96.875,100,100,100,100,100,90.625,100,35.9375,100,100,100,76.5625,78.125,43.75,51.5625,100,46.875,60.9375,75,100,100,100,53.125,96.875,100,59.375,45.3125,82.8125,81.25,100,100,100,100,82.8125,62.5,92.1875,100,100,100,100,87.5,100,29.6875,100,90.625,100,65.625,43.75,79.6875,79.6875,100,100,67.1875,100,60.9375,100,100,100,98.4375,32.8125,79.6875,45.3125,100,100,100,100,100,56.25,62.5,100,100,96.875,79.6875,31.25,100,64.0625,42.1875,90.625,100,100,100,100,100,32.8125,100,82.8125,90.625,81.25,100,23.4375,56.25,100,100,100,90.625,64.0625,75,39.0625,100,75,73.4375,100,81.25,76.5625,100,89.0625,100,100,46.875,29.6875,100,64.0625,92.1875,100,100,73.4375,40.625,89.0625,100,50,100,46.875,59.375,100,65.625,100,73.4375,85.9375,100,57.8125,93.75,98.4375,39.0625,100,85.9375,100,100,100,81.25,64.0625,100,71.875,67.1875,31.25,100,100,73.4375,100,78.125,100,95.3125,60.9375,100,100,67.1875,46.875,73.4375,73.4375,78.125,100,100,85.9375,53.125,81.25,81.25,98.4375,100,100,100,96.875,79.6875,85.9375,100,98.4375,68.75,81.25,100,59.375,90.625,100,100,100,100,100,100,100,92.1875,100,79.6875,100,100,100,70.3125,100,75,100,26.5625,100,100,100,100,100,56.25,59.375,79.6875,67.1875,96.875,71.875,92.1875,100,92.1875,100,85.9375,39.0625,51.5625,100,76.5625,67.1875,87.5,100,100,100,37.5,45.3125,100,96.875,100,82.8125,100,76.5625,100,75,57.8125,54.6875,100,100,100,100,89.0625,100,70.3125,96.875,100,100,65.625,89.0625,92.1875,92.1875,100,100,100,84.375,73.4375,100,56.25,100,100,76.5625,73.4375,67.1875,100,32.8125,71.875,100,84.375,100,79.6875,65.625,34.375,73.4375,100,100,48.4375,100,100,100,100,62.5,100,81.25,64.0625,82.8125,100,48.4375,100,67.1875,75,100,81.25,78.125,84.375,50,100,100,82.8125,56.25,100,34.375,100,100,100,85.9375,62.5,100,82.8125,100,100,64.0625,78.125,68.75,100,100,81.25,100,100,100,100,68.75,60.9375,60.9375,70.3125,29.6875,95.3125,100,100,40.625,100,51.5625,100,87.5,100,84.375,71.875,100,82.8125,84.375,100,84.375,62.5,100,35.9375,53.125,100,84.375,96.875,100,70.3125,90.625,100,100,100,84.375,45.3125,87.5,100,71.875,100,100,68.75,95.3125,100,100,100,35.9375,100,100,100,78.125,100,93.75,100,46.875,73.4375,100,64.0625,100,100,100,100,100,100,82.8125,90.625,100,73.4375,100,68.75,100,67.1875,100,100,100,35.9375,79.6875,100,62.5,98.4375,100,56.25,100,62.5,100,100,100,37.5,100,50,100,93.75,75,100,57.8125,100,100,70.3125,100,100,35.9375,100,100,82.8125,93.75,100,84.375,92.1875,100,81.25,100,100,100,100,100,100,100,92.1875,100,95.3125,100,100,26.5625,60.9375,68.75,57.8125,100,84.375,92.1875,100,100,93.75,90.625,100,43.75,6.25,85.9375,64.0625,50,93.75,100,100,54.6875,100,100,35.9375,100,82.8125,50,59.375,73.4375,68.75,73.4375,98.4375,78.125,98.4375,92.1875,100,79.6875,56.25,39.0625,84.375,93.75,60.9375,98.4375,100,100,100,100,100,100,75,100,53.125,68.75,100,100,65.625,54.6875,60.9375,46.875,100,48.4375,100,100,100,100,100,100,53.125,100,73.4375,90.625,82.8125,100,100,73.4375,100,100,100,37.5,100,100,100,79.6875,100,79.6875,100,100,100,79.6875,67.1875,100,100,100,85.9375,100,100,100,100,100,100,68.75,100,100,100,62.5,100,100,35.9375,87.5,100,71.875,62.5,60.9375,93.75,100,76.5625,100,100,90.625,100,100,100,35.9375,87.5,100,100,96.875,48.4375,89.0625,92.1875,67.1875,9.375,100,100,82.8125,43.75,100,48.4375,84.375,100,42.1875,82.8125,100,100,75,78.125,75,92.1875,79.6875,100,48.4375,65.625,100,100,78.125,100,100,100,100,56.25,100,100,100,37.5,90.625,100,100,25,76.5625,85.9375,100,89.0625,59.375,100,40.625,90.625,100,100,54.6875,21.875,64.0625,100,100,100,100,96.875,62.5,100,100,75,68.75,100,100,45.3125,100,70.3125,84.375,79.6875,40.625,100,40.625,100,54.6875,100,100,73.4375,81.25,68.75,100,100,100,68.75,100,76.5625,32.8125,67.1875,100,100,76.5625,100,82.8125,100,98.4375,100,100,100,100,100,100,96.875,100,100,100,68.75,43.75,100,68.75,96.875,79.6875,100,57.8125,78.125,100,40.625,100,95.3125,56.25,78.125,64.0625,78.125,100,73.4375,23.4375,100,100,70.3125,100,100,71.875,57.8125,100,100,60.9375,98.4375,100,71.875,98.4375,100,100,100,100,56.25,100,20.3125,100,79.6875,100,85.9375,46.875,100,71.875,60.9375,100,100,35.9375,100,82.8125,100,92.1875,100,70.3125,100,100,100,54.6875,82.8125,87.5,39.0625,82.8125,90.625,100,100,56.25,100,100,56.25,93.75,92.1875,25,100,100,100,100,70.3125,100,100,95.3125,100,100,100,93.75,100,100,100,73.4375,100,100,89.0625,81.25,70.3125,65.625,100,95.3125,43.75,32.8125,100,82.8125,100,25,59.375,84.375,50,31.25,100,46.875,73.4375,71.875,70.3125,100,67.1875,87.5,100,100,100,100,100,100,100,100,100,60.9375,87.5,73.4375,100,98.4375,62.5,93.75,73.4375,73.4375,35.9375,92.1875,100,100,84.375,100,56.25,71.875,79.6875,65.625,100,100,42.1875,100,100,84.375,34.375,100,100,78.125,100,67.1875,100,70.3125,100,100,100,100,100,81.25,89.0625,100,100,76.5625,70.3125,60.9375,100,100,57.8125,100,100,100,100,79.6875,100,84.375,100,92.1875,100,100,100,79.6875,85.9375,92.1875,87.5,100,92.1875,100,100,100,100,68.75,89.0625,100,84.375,75,100,90.625,70.3125,82.8125,100,81.25,85.9375,100,43.75,100,62.5,100,92.1875,100,100,100,35.9375,96.875,100,90.625,100,87.5,31.25,79.6875,100,100,37.5,71.875,17.1875,100,100,100,100,100,100,100,100,100,84.375,93.75,65.625,59.375,89.0625,100,98.4375,85.9375,100,87.5,100,100,79.6875,100,100,75,100,100,95.3125,100,100,82.8125,56.25,87.5,82.8125,100,57.8125,65.625,65.625,100,100,100,45.3125,100,85.9375,100,100,100,56.25,100,100,57.8125,65.625,100,93.75,100,84.375,100,78.125,78.125,78.125,90.625,75,100,100,100,100,100,100,50,35.9375,100,100,100,100,100,100,98.4375,70.3125,92.1875,100,100,64.0625,100,92.1875,100,82.8125,76.5625,100,100,100,82.8125,100,81.25,75,79.6875,85.9375,96.875,100,100,82.8125,95.3125,100,100,51.5625,31.25,100,68.75,89.0625,100,100,100,100,46.875,100,92.1875,32.8125,85.9375,100,100,100,100,100,100,100,100,100,100,65.625,96.875,57.8125,100,76.5625,100,100,85.9375,20.3125,95.3125,81.25,100,71.875,32.8125,100,100,84.375,100,87.5,100,100,100,31.25,100,56.25,57.8125,100,100,100,100,35.9375,68.75,73.4375,100,71.875,89.0625,50,100,40.625,100,100,100,50,60.9375,67.1875,100,73.4375,100,100,100,100,100,98.4375,79.6875,53.125,87.5,71.875,100,81.25,78.125,71.875,89.0625,67.1875,100,53.125,100,100,67.1875,79.6875,100,78.125,35.9375,100,43.75,89.0625,100,89.0625,100,100,56.25,100,100,73.4375,100,100,100,90.625,100,93.75,100,85.9375,76.5625,100,100,64.0625,100,100,100,87.5,100,95.3125,60.9375,60.9375,100,67.1875,75,100,67.1875,89.0625,100,100,100,100,92.1875,56.25,100,100,100,56.25,100,45.3125,100,100,62.5,29.6875,92.1875,89.0625,100,100,82.8125,75,64.0625,40.625,45.3125,100,100,76.5625,59.375,60.9375,100,68.75,89.0625,96.875,95.3125,89.0625,100,68.75,73.4375,62.5,48.4375,96.875,100,70.3125,100,96.875,100,78.125,93.75,65.625,100,92.1875,100,100,100,73.4375,32.8125,37.5,59.375,100,100,100,100,100,100,71.875,89.0625,100,95.3125,100,100,100,98.4375,57.8125,54.6875,45.3125,50,76.5625,53.125,90.625,100,43.75,100,46.875,100,100,65.625,29.6875,85.9375,100,71.875,71.875,17.1875,100,65.625,100,100,100,100,100,100,68.75,100,100,92.1875,100,78.125,100,100,100,100,100,93.75,100,100,100,82.8125,45.3125,78.125,79.6875,100,82.8125,100,71.875,100,100,70.3125,70.3125,100,95.3125,100,76.5625,87.5,78.125,100,100,76.5625,100,100,100,70.3125,100,100,89.0625,82.8125,78.125,96.875,100,73.4375,100,64.0625,100,100,100,100,100,78.125,35.9375,76.5625,100,67.1875,100,100,100,100,100,37.5,100,100,100,89.0625,92.1875,100,100,100,100,100,100,92.1875,100,100,98.4375,81.25,100,71.875,100,93.75,100,73.4375,100,95.3125,68.75,93.75,100,39.0625,9.375,43.75,100,100,100,100,100,100,100,100,100,46.875,34.375,100,51.5625,100,100,54.6875,85.9375,100,100,100,100,56.25,100,100,100,92.1875,92.1875,100,70.3125,96.875,100,75,100,62.5,54.6875,78.125,81.25,82.8125,75,81.25,65.625,100,100,100,100,87.5,93.75,87.5,81.25,84.375,67.1875,29.6875,100,85.9375,100,70.3125,81.25,90.625,100,100,100,67.1875,26.5625,85.9375,100,95.3125,100,21.875,79.6875,100,90.625,100,100,100,100,100,100,100,100,92.1875,100,100,100,68.75,100,100,89.0625,100,100,100,64.0625,100,59.375,100,23.4375,96.875,78.125,100,100,95.3125,100,100,71.875,64.0625,70.3125,100,100,70.3125,42.1875,100,93.75,76.5625,43.75,90.625,29.6875,21.875,100,100,100,65.625,51.5625,100,79.6875,100,21.875,87.5,100,26.5625,82.8125,75,65.625,100,100,87.5,100,60.9375,100,100,100,93.75,85.9375,100,25,50,100,95.3125,100,100,54.6875,87.5,100,100,100,90.625,100,32.8125,23.4375,100,100,100,100,93.75,100,100,100,100,100,89.0625,51.5625,76.5625,100,100,92.1875,93.75,100,96.875,100,100,100,100,67.1875,53.125,100,100,100,81.25,100,93.75,100,100,100,90.625,70.3125,100,100,100,60.9375,76.5625,100,62.5,79.6875,100,26.5625,59.375,62.5,98.4375,85.9375,100,100,100,100,100,79.6875,79.6875,100,100,100,100,85.9375,98.4375,100,100,100,70.3125,100,60.9375,100,15.625,87.5,68.75,100,100,100,100,82.8125,100,28.125,57.8125,76.5625,100,56.25,79.6875,100,100,100,100,89.0625,73.4375,81.25,82.8125,100,35.9375,100,29.6875,85.9375,100,100,100,78.125,85.9375,100,60.9375,100,96.875,23.4375,68.75,100,26.5625,100,53.125,100,100,76.5625,100,100,100,48.4375,73.4375,85.9375,92.1875,100,100,89.0625,54.6875,42.1875,100,67.1875,82.8125,75,100,57.8125,82.8125,93.75,100,100,70.3125,100,100,100,100,39.0625,65.625,100,95.3125,46.875,100,87.5,89.0625,100,56.25,100,100,65.625,57.8125,62.5,82.8125,28.125,100,73.4375,92.1875,75,59.375,100,100,100,79.6875,100,37.5,100,100,100,100,92.1875,87.5,26.5625,100,100,84.375,100,95.3125,100,100,100,81.25,100,79.6875,100,92.1875,71.875,100,95.3125,26.5625,92.1875,20.3125,84.375,37.5,100,53.125,100,40.625,35.9375,100,65.625,75,100,31.25,100,100,100,59.375,100,92.1875,53.125,100,90.625,100,87.5,57.8125,29.6875,100,76.5625,100,100,90.625,75,12.5,54.6875,42.1875,28.125,100,81.25,60.9375,89.0625,100,76.5625,84.375,93.75,100,60.9375,100,21.875,100,100,68.75,96.875,100,100,100,87.5,46.875,100,100,100,100,82.8125,100,100,100,100,100,98.4375,100,59.375,67.1875,100,100,59.375,60.9375,43.75,100,100,81.25,100,98.4375,100,76.5625,89.0625,82.8125,100,87.5,100,100,100,100,100,84.375,37.5,100,100,100,100,100,100,98.4375,98.4375,34.375,98.4375,100,96.875,100,89.0625,90.625,70.3125,100,100,100,76.5625,100,100,75,100,79.6875,100,76.5625,85.9375,100,100,100,100,100,100,100,67.1875,100,100,62.5,100,92.1875,35.9375,87.5,79.6875,67.1875,100,65.625,64.0625,59.375,71.875,100,87.5,100,100,100,35.9375,100,51.5625,100,100,93.75,100,95.3125,42.1875,64.0625,79.6875,100,93.75,32.8125,100,100,42.1875,29.6875,54.6875,54.6875,100,100,100,95.3125,87.5,76.5625,100,100,95.3125,81.25,100,100,12.5,100,100,100,73.4375,100,98.4375,98.4375,100,100,79.6875,96.875,100,100,100,100,100,82.8125,90.625,100,100,79.6875,100,100,100,100,79.6875,100,48.4375,100,100,57.8125,100,70.3125,71.875,76.5625,70.3125,70.3125,70.3125,100,100,100,100,100,82.8125,70.3125,35.9375,96.875,48.4375,60.9375,31.25,90.625,100,90.625,100,68.75,79.6875,100,87.5,60.9375,100,92.1875,100,78.125,50,100,89.0625,100,20.3125,75,100,100,100,100,40.625,68.75,100,84.375,79.6875,100,100,59.375,100,62.5,67.1875,57.8125,100,84.375,79.6875,73.4375,79.6875,100,90.625,100,100,89.0625,92.1875,20.3125,62.5,64.0625,71.875,37.5,100,51.5625,100,100,59.375,100,93.75,34.375,100,87.5,75,90.625,42.1875,87.5,100,17.1875,100,98.4375,68.75,100,90.625,89.0625,100,100,14.0625,60.9375,95.3125,100,85.9375,100,100,93.75,57.8125,56.25,100,100,100,100,98.4375,100,100,78.125,76.5625,65.625,100,81.25,62.5,100,100,100,98.4375,17.1875,70.3125,98.4375,100,35.9375,100,100,100,100,100,70.3125,59.375,40.625,100,100,57.8125,40.625,40.625,37.5,100,21.875,70.3125,75,100,96.875,100,100,65.625,65.625,78.125,100,100,100,100,100,53.125,71.875,100,92.1875,100,85.9375,71.875,42.1875,14.0625,100,70.3125,62.5,100,82.8125,68.75,73.4375,100,59.375,93.75,54.6875,93.75,89.0625,100,79.6875,100,100,100,81.25,100,100,100,100,100,79.6875,93.75,71.875,51.5625,100,100,100,71.875,17.1875,40.625,67.1875,100,100,100,100,100,96.875,59.375,42.1875,92.1875,75,100,100,53.125,100,100,100,100,64.0625,96.875,100,78.125,100,93.75,100,34.375,100,65.625,100,100,100,100,100,92.1875,89.0625,85.9375,100,100,92.1875,100,89.0625,100,100,100,89.0625,100,57.8125,100,100,100,100,28.125,79.6875,100,100,100,100,100,100,100,64.0625,32.8125,100,78.125,14.0625,100,92.1875,92.1875,92.1875,68.75,87.5,100,100,76.5625,100,100,100,68.75,87.5,21.875,79.6875,100,100,100,85.9375,100,100,96.875,100,34.375,100,93.75,60.9375,93.75,57.8125,100,25,100,100,90.625,57.8125,100,100,50,100,73.4375,87.5,89.0625,100,100,78.125,75,79.6875,100,87.5,100,34.375,100,100,81.25,57.8125,59.375,100,54.6875,100,98.4375,100,100,79.6875,64.0625,100,60.9375,54.6875,100,100,78.125,100,100,90.625,46.875,96.875,100,100,64.0625,100,100,100,68.75,100,81.25,60.9375,100,100,64.0625,100,54.6875,65.625,100,100,79.6875,100,100,79.6875,100,56.25,71.875,62.5,100,28.125,76.5625,42.1875,100,51.5625,67.1875,100,76.5625,95.3125,100,100,73.4375,100,87.5,100,82.8125,100,100,100,46.875,93.75,100,100,82.8125,81.25,100,81.25,100,90.625,100,64.0625,100,10.9375,78.125,100,100,100,76.5625,100,100,100,100,92.1875,100,29.6875,100,45.3125,90.625,57.8125,100,57.8125,100,100,100,73.4375,100,100,100,100,100,65.625,100,75,100,100,100,100,90.625,100,57.8125,100,100,100,57.8125,100,89.0625,70.3125,34.375,100,100,87.5,70.3125,89.0625,84.375,48.4375,100,100,39.0625,15.625,100,54.6875,21.875,100,100,75,100,70.3125,100,100,100,100,25,100,100,95.3125,75,95.3125,100,75,12.5,84.375,64.0625,57.8125,100,39.0625,95.3125,81.25,100,100,100,60.9375,85.9375,100,90.625,51.5625,81.25,92.1875,90.625,100,95.3125,100,100,100,90.625,82.8125,95.3125,84.375,100,100,100,96.875,100,100,64.0625,68.75,93.75,90.625,18.75,48.4375,100,100,100,46.875,67.1875,100,100,65.625,100,85.9375,79.6875,62.5,81.25,46.875,100,100,68.75,32.8125,62.5,73.4375,50,100,59.375,100,51.5625,54.6875,75,100,93.75,54.6875,100,100,89.0625,100,67.1875,39.0625,100,100,53.125,100,100,65.625,37.5,100,100,56.25,90.625,78.125,100,100,81.25,100,100,100,90.625,100,39.0625,100,73.4375,26.5625,100,93.75,76.5625,100,100,70.3125,100,100,100,70.3125,100,95.3125,89.0625,96.875,100,100,59.375,100,100,60.9375,100,73.4375,100,73.4375,85.9375,100,100,79.6875,100,35.9375,25,40.625,85.9375,92.1875,100,100,100,100,92.1875,90.625,100,56.25,54.6875,48.4375,100,100,100,100,85.9375,75,100,51.5625,100,68.75,100,71.875,100,65.625,64.0625,78.125,70.3125,87.5,18.75,96.875,79.6875,100,29.6875,39.0625,100,71.875,100,100,31.25,100,100,59.375,65.625,71.875,100,84.375,96.875,65.625,87.5,100,100,100,100,57.8125,100,100,90.625,100,100,67.1875,85.9375,100,100,56.25,100,37.5,100,100,50,100,40.625,100,79.6875,50,100,51.5625,59.375,90.625,100,64.0625,85.9375,96.875,100,100,100,78.125,100,40.625,100,59.375,100,90.625,100,79.6875,76.5625,28.125,100,100,51.5625,67.1875,100,100,100,100,100,93.75,100,70.3125,100,100,100,82.8125,100,67.1875,62.5,100,89.0625,82.8125,53.125,46.875,51.5625,100,100,79.6875,100,100,82.8125,100,65.625,100,100,100,81.25,100,79.6875,67.1875,100,100,100,100,100,100,100,53.125,90.625,100,81.25,100,100,100,100,100,7.8125,1.5625,98.4375,100,51.5625,100,76.5625,100,100,100,100,100,100,100,84.375,100,57.8125,100,100,100,89.0625,100,100,31.25,35.9375,59.375,100,68.75,100,100,100,78.125,100,46.875,64.0625,100,100,50,100,100,89.0625,100,98.4375,75,98.4375,100,100,93.75,95.3125,54.6875,28.125,100,95.3125,100,57.8125,57.8125,100,39.0625,100,71.875,57.8125,81.25,82.8125,100,100,73.4375,100,90.625,100,100,56.25,100,62.5,82.8125,95.3125,100,96.875,100,54.6875,100,100,96.875,81.25,100,96.875,29.6875,68.75,96.875,43.75,75,100,100,57.8125,62.5,100,89.0625,29.6875,65.625,23.4375,100,100,100,57.8125,100,60.9375,37.5,100,100,100,100,100,60.9375,62.5,100,54.6875,84.375,100,51.5625,100,64.0625,76.5625,65.625,76.5625,100,100,57.8125,54.6875,100,87.5,100,100,90.625,100
"6024",90.625,100,39.0625,100,100,67.1875,76.5625,100,21.875,98.4375,100,100,100,100,64.0625,71.875,85.9375,76.5625,100,100,96.875,100,100,100,60.9375,100,100,89.0625,79.6875,100,100,100,100,81.25,100,96.875,84.375,93.75,100,90.625,85.9375,65.625,93.75,100,100,100,100,100,68.75,85.9375,75,100,100,70.3125,84.375,100,17.1875,100,100,43.75,95.3125,59.375,98.4375,100,100,84.375,64.0625,100,78.125,100,56.25,75,100,85.9375,51.5625,100,100,100,48.4375,100,78.125,90.625,85.9375,78.125,70.3125,100,100,29.6875,100,93.75,56.25,84.375,100,48.4375,82.8125,100,100,64.0625,100,100,76.5625,100,100,92.1875,79.6875,28.125,100,57.8125,71.875,100,85.9375,62.5,100,100,34.375,100,100,100,100,100,73.4375,100,100,100,84.375,53.125,100,18.75,100,100,100,100,100,100,100,65.625,60.9375,78.125,100,100,70.3125,100,51.5625,54.6875,95.3125,100,98.4375,100,60.9375,78.125,59.375,35.9375,79.6875,93.75,96.875,87.5,75,95.3125,100,6.25,100,100,73.4375,100,89.0625,71.875,100,84.375,31.25,100,100,71.875,68.75,100,100,100,73.4375,100,100,100,100,85.9375,100,100,96.875,100,31.25,85.9375,29.6875,93.75,100,100,81.25,100,93.75,100,78.125,79.6875,100,100,17.1875,90.625,96.875,100,100,100,100,100,92.1875,100,35.9375,71.875,100,100,76.5625,78.125,43.75,89.0625,100,46.875,100,26.5625,100,73.4375,100,53.125,82.8125,100,100,100,81.25,81.25,100,100,100,100,81.25,59.375,100,100,100,100,100,100,100,26.5625,67.1875,85.9375,100,62.5,100,79.6875,76.5625,98.4375,100,65.625,100,82.8125,100,100,100,96.875,31.25,100,100,93.75,100,100,100,100,70.3125,53.125,100,92.1875,100,68.75,34.375,100,64.0625,100,90.625,100,100,100,100,100,31.25,98.4375,76.5625,89.0625,81.25,100,20.3125,54.6875,100,90.625,100,90.625,64.0625,75,37.5,100,79.6875,71.875,100,81.25,87.5,54.6875,87.5,100,100,100,29.6875,100,100,93.75,100,100,100,39.0625,85.9375,71.875,50,100,50,67.1875,100,71.875,100,100,100,100,50,71.875,100,39.0625,100,87.5,93.75,100,87.5,81.25,62.5,100,67.1875,65.625,25,100,90.625,76.5625,100,34.375,82.8125,90.625,60.9375,100,95.3125,75,45.3125,100,73.4375,93.75,100,100,84.375,53.125,68.75,85.9375,98.4375,100,100,100,87.5,78.125,87.5,100,87.5,70.3125,84.375,100,85.9375,100,100,100,100,54.6875,98.4375,100,59.375,92.1875,100,76.5625,98.4375,100,100,78.125,100,48.4375,90.625,26.5625,100,100,100,54.6875,100,56.25,59.375,79.6875,70.3125,98.4375,71.875,98.4375,96.875,81.25,100,100,39.0625,46.875,100,76.5625,62.5,100,100,100,100,28.125,100,100,95.3125,100,82.8125,100,78.125,100,85.9375,60.9375,60.9375,100,100,100,100,87.5,98.4375,84.375,100,100,100,75,79.6875,92.1875,93.75,100,100,100,84.375,71.875,100,78.125,100,100,76.5625,73.4375,70.3125,93.75,53.125,71.875,100,85.9375,100,65.625,71.875,34.375,60.9375,100,100,64.0625,100,100,100,100,100,100,79.6875,60.9375,82.8125,100,48.4375,100,64.0625,73.4375,81.25,79.6875,79.6875,73.4375,43.75,100,100,100,56.25,73.4375,39.0625,100,100,100,84.375,76.5625,100,84.375,100,100,64.0625,59.375,68.75,100,100,79.6875,100,100,100,100,100,60.9375,100,71.875,26.5625,95.3125,100,93.75,40.625,100,51.5625,100,98.4375,92.1875,84.375,71.875,100,82.8125,84.375,76.5625,79.6875,48.4375,100,35.9375,46.875,100,84.375,100,100,70.3125,100,100,46.875,100,71.875,39.0625,71.875,100,71.875,100,100,64.0625,100,100,100,100,42.1875,100,100,100,73.4375,100,93.75,100,39.0625,76.5625,100,59.375,100,100,100,100,100,100,92.1875,92.1875,100,68.75,100,62.5,100,65.625,100,100,100,100,79.6875,100,62.5,96.875,100,100,100,65.625,100,96.875,92.1875,64.0625,98.4375,57.8125,64.0625,100,78.125,100,78.125,100,100,100,100,100,35.9375,100,82.8125,84.375,100,65.625,48.4375,56.25,100,100,79.6875,100,100,100,100,100,100,89.0625,100,100,100,100,31.25,46.875,71.875,100,95.3125,100,78.125,100,100,90.625,93.75,100,43.75,6.25,62.5,100,37.5,96.875,100,93.75,50,100,100,29.6875,100,82.8125,51.5625,59.375,79.6875,67.1875,71.875,98.4375,76.5625,100,90.625,25,78.125,64.0625,40.625,82.8125,93.75,46.875,96.875,100,92.1875,100,100,100,100,78.125,100,60.9375,68.75,100,100,57.8125,56.25,56.25,46.875,100,67.1875,100,95.3125,100,100,100,100,56.25,100,76.5625,89.0625,84.375,100,100,73.4375,100,100,53.125,39.0625,100,100,100,79.6875,100,100,100,100,100,73.4375,76.5625,100,100,100,90.625,100,100,100,96.875,100,100,68.75,37.5,93.75,100,62.5,100,100,35.9375,89.0625,100,96.875,64.0625,57.8125,100,100,64.0625,82.8125,100,100,100,73.4375,34.375,31.25,92.1875,100,100,95.3125,48.4375,79.6875,79.6875,67.1875,12.5,100,89.0625,100,43.75,60.9375,48.4375,84.375,100,100,71.875,100,100,73.4375,75,100,92.1875,96.875,85.9375,48.4375,64.0625,100,100,100,100,100,100,100,56.25,81.25,100,100,64.0625,100,100,100,79.6875,79.6875,84.375,100,87.5,59.375,100,37.5,93.75,100,100,54.6875,100,100,100,100,100,100,96.875,62.5,100,100,79.6875,89.0625,100,100,46.875,100,70.3125,90.625,79.6875,45.3125,100,81.25,100,48.4375,100,100,65.625,82.8125,71.875,100,100,100,68.75,100,76.5625,85.9375,67.1875,100,100,79.6875,100,43.75,100,93.75,100,82.8125,100,100,100,100,96.875,100,100,100,65.625,43.75,100,68.75,95.3125,81.25,100,53.125,76.5625,100,32.8125,100,89.0625,56.25,100,62.5,96.875,21.875,73.4375,100,98.4375,100,65.625,100,100,70.3125,62.5,100,100,65.625,98.4375,82.8125,73.4375,82.8125,100,100,95.3125,100,64.0625,100,21.875,100,79.6875,59.375,81.25,46.875,100,65.625,56.25,93.75,100,35.9375,100,76.5625,100,82.8125,100,70.3125,68.75,84.375,100,57.8125,84.375,82.8125,43.75,95.3125,81.25,100,85.9375,65.625,100,100,56.25,92.1875,100,25,67.1875,100,100,100,70.3125,100,100,100,100,100,100,93.75,100,100,100,100,100,100,100,100,70.3125,68.75,100,100,28.125,54.6875,98.4375,81.25,100,100,53.125,85.9375,96.875,31.25,100,46.875,100,68.75,70.3125,100,73.4375,85.9375,100,100,100,100,100,93.75,100,100,84.375,59.375,89.0625,59.375,100,98.4375,60.9375,93.75,75,73.4375,31.25,100,100,100,84.375,100,57.8125,54.6875,81.25,100,100,100,50,100,100,95.3125,34.375,100,100,78.125,100,56.25,100,95.3125,96.875,100,100,100,100,82.8125,62.5,100,98.4375,76.5625,70.3125,70.3125,100,100,50,100,100,100,100,68.75,100,82.8125,100,100,100,100,100,78.125,31.25,87.5,87.5,100,87.5,100,100,100,100,67.1875,96.875,100,75,35.9375,100,95.3125,70.3125,82.8125,100,79.6875,84.375,100,42.1875,100,53.125,100,100,65.625,100,100,28.125,100,100,96.875,85.9375,82.8125,26.5625,85.9375,100,100,100,71.875,17.1875,100,100,100,100,100,60.9375,100,100,100,57.8125,78.125,64.0625,62.5,90.625,100,100,76.5625,100,87.5,100,100,84.375,100,100,75,100,100,95.3125,100,100,85.9375,59.375,78.125,70.3125,100,51.5625,87.5,39.0625,100,100,100,37.5,100,75,100,100,100,73.4375,100,100,57.8125,65.625,100,93.75,100,60.9375,100,95.3125,68.75,78.125,93.75,42.1875,100,100,100,100,100,100,46.875,64.0625,100,100,100,100,100,95.3125,87.5,53.125,95.3125,100,100,89.0625,100,96.875,100,76.5625,76.5625,100,100,100,85.9375,100,100,89.0625,71.875,100,79.6875,100,100,100,98.4375,100,53.125,51.5625,62.5,100,68.75,92.1875,100,100,100,93.75,42.1875,100,90.625,31.25,100,100,100,100,100,100,100,100,100,100,100,60.9375,100,59.375,100,68.75,100,100,100,15.625,93.75,79.6875,100,70.3125,34.375,100,100,82.8125,71.875,96.875,100,100,100,31.25,100,51.5625,62.5,100,100,100,100,35.9375,65.625,100,100,84.375,89.0625,51.5625,100,29.6875,100,100,100,70.3125,59.375,67.1875,100,73.4375,96.875,95.3125,100,100,100,89.0625,79.6875,51.5625,87.5,73.4375,100,90.625,81.25,71.875,89.0625,67.1875,60.9375,51.5625,100,100,62.5,48.4375,100,81.25,42.1875,100,43.75,84.375,100,90.625,100,100,45.3125,89.0625,100,73.4375,100,100,100,100,100,96.875,100,85.9375,51.5625,100,100,64.0625,100,95.3125,84.375,84.375,62.5,95.3125,59.375,60.9375,100,21.875,75,32.8125,100,89.0625,100,100,100,100,87.5,100,100,100,100,87.5,100,43.75,100,100,64.0625,29.6875,87.5,87.5,100,100,85.9375,68.75,64.0625,40.625,43.75,100,100,76.5625,59.375,64.0625,100,70.3125,92.1875,98.4375,100,89.0625,100,68.75,84.375,73.4375,50,53.125,100,75,100,96.875,100,84.375,85.9375,62.5,100,92.1875,100,100,100,73.4375,29.6875,37.5,7.8125,100,87.5,100,100,100,100,71.875,89.0625,100,93.75,100,100,60.9375,100,82.8125,59.375,43.75,50,76.5625,51.5625,90.625,100,100,100,68.75,100,100,62.5,25,89.0625,100,73.4375,73.4375,100,92.1875,59.375,100,100,100,82.8125,93.75,100,68.75,100,100,92.1875,100,78.125,100,100,100,100,100,90.625,100,100,100,9.375,56.25,70.3125,100,100,84.375,82.8125,76.5625,100,100,67.1875,73.4375,100,89.0625,100,26.5625,89.0625,78.125,100,100,96.875,100,100,87.5,35.9375,89.0625,100,87.5,81.25,76.5625,98.4375,100,75,100,53.125,50,100,100,100,100,75,35.9375,67.1875,100,71.875,100,100,100,100,100,39.0625,100,100,100,90.625,95.3125,100,100,100,100,100,100,100,100,100,100,92.1875,100,70.3125,100,92.1875,100,100,100,95.3125,67.1875,87.5,95.3125,39.0625,7.8125,43.75,100,100,100,100,100,87.5,100,100,48.4375,100,37.5,100,79.6875,100,100,87.5,100,100,100,100,100,50,92.1875,100,54.6875,82.8125,100,100,84.375,93.75,100,75,93.75,60.9375,45.3125,84.375,68.75,82.8125,32.8125,68.75,67.1875,100,100,100,100,90.625,95.3125,87.5,82.8125,62.5,67.1875,23.4375,100,87.5,100,100,79.6875,100,100,100,100,45.3125,26.5625,76.5625,100,84.375,100,20.3125,78.125,100,100,100,100,100,100,100,100,100,100,92.1875,89.0625,100,100,100,100,100,82.8125,100,100,100,100,100,59.375,100,100,96.875,81.25,84.375,100,79.6875,100,100,71.875,50,71.875,100,100,73.4375,29.6875,100,90.625,70.3125,100,90.625,100,20.3125,100,100,100,56.25,54.6875,100,78.125,100,100,89.0625,100,26.5625,81.25,71.875,57.8125,100,93.75,85.9375,100,84.375,87.5,100,100,96.875,62.5,100,25,53.125,100,95.3125,67.1875,100,42.1875,87.5,100,100,100,95.3125,100,31.25,18.75,100,100,100,100,100,100,100,100,100,100,87.5,39.0625,75,100,100,79.6875,87.5,100,98.4375,100,98.4375,89.0625,100,62.5,100,100,100,100,84.375,90.625,100,100,100,100,100,68.75,100,100,100,84.375,70.3125,100,79.6875,100,100,28.125,54.6875,62.5,98.4375,82.8125,100,93.75,100,92.1875,100,82.8125,82.8125,100,100,100,100,90.625,100,100,100,100,60.9375,100,57.8125,100,21.875,87.5,39.0625,100,100,100,100,62.5,84.375,28.125,53.125,100,100,56.25,81.25,100,100,100,100,75,75,100,81.25,100,40.625,100,28.125,87.5,100,100,100,100,82.8125,43.75,76.5625,100,100,23.4375,68.75,100,20.3125,100,100,100,100,76.5625,100,100,100,68.75,59.375,100,93.75,100,100,93.75,15.625,40.625,34.375,67.1875,82.8125,93.75,100,56.25,84.375,93.75,100,100,71.875,100,100,100,100,40.625,71.875,100,100,100,20.3125,89.0625,98.4375,100,23.4375,100,85.9375,65.625,100,64.0625,100,87.5,100,75,98.4375,56.25,75,100,100,39.0625,78.125,100,53.125,100,100,100,100,93.75,93.75,39.0625,100,100,60.9375,100,76.5625,100,100,100,81.25,100,81.25,100,100,78.125,100,98.4375,28.125,100,92.1875,92.1875,48.4375,100,56.25,100,40.625,35.9375,100,64.0625,78.125,100,31.25,100,100,100,73.4375,90.625,84.375,62.5,100,84.375,100,100,71.875,28.125,100,76.5625,100,100,89.0625,68.75,100,56.25,42.1875,100,100,71.875,60.9375,89.0625,100,76.5625,84.375,84.375,100,59.375,100,46.875,100,100,92.1875,20.3125,100,100,90.625,87.5,37.5,100,100,100,100,78.125,100,100,32.8125,35.9375,100,100,100,57.8125,70.3125,100,100,57.8125,60.9375,45.3125,100,65.625,87.5,100,100,100,78.125,81.25,82.8125,100,89.0625,100,100,100,100,100,84.375,34.375,54.6875,87.5,100,100,100,100,93.75,95.3125,34.375,100,100,96.875,100,89.0625,100,75,100,100,100,67.1875,100,100,100,100,93.75,100,76.5625,71.875,100,100,100,90.625,100,100,100,67.1875,100,96.875,67.1875,100,100,35.9375,82.8125,81.25,87.5,100,64.0625,71.875,59.375,68.75,100,96.875,100,100,100,34.375,100,53.125,87.5,100,93.75,100,100,43.75,20.3125,81.25,100,100,32.8125,92.1875,100,42.1875,29.6875,75,9.375,100,100,100,100,100,71.875,100,100,100,79.6875,100,100,57.8125,100,100,100,78.125,100,100,100,96.875,100,85.9375,100,100,100,100,100,100,98.4375,57.8125,26.5625,100,89.0625,100,100,98.4375,100,79.6875,100,53.125,100,100,59.375,100,70.3125,81.25,87.5,75,71.875,73.4375,100,100,100,100,100,79.6875,82.8125,35.9375,98.4375,100,54.6875,31.25,67.1875,100,90.625,100,64.0625,82.8125,100,85.9375,62.5,100,100,100,100,50,100,90.625,100,20.3125,73.4375,98.4375,100,100,100,34.375,64.0625,100,90.625,65.625,100,100,59.375,100,64.0625,67.1875,26.5625,100,84.375,70.3125,93.75,95.3125,100,84.375,100,100,82.8125,95.3125,21.875,60.9375,73.4375,71.875,39.0625,100,60.9375,100,100,57.8125,100,100,39.0625,100,89.0625,75,89.0625,51.5625,100,100,17.1875,100,100,67.1875,100,85.9375,73.4375,100,100,32.8125,62.5,95.3125,100,78.125,100,71.875,92.1875,57.8125,57.8125,98.4375,100,100,100,93.75,100,100,87.5,84.375,67.1875,50,95.3125,62.5,100,100,100,100,21.875,98.4375,93.75,100,34.375,100,100,100,100,100,46.875,54.6875,37.5,100,100,57.8125,40.625,32.8125,40.625,100,100,71.875,57.8125,100,95.3125,98.4375,95.3125,79.6875,67.1875,78.125,100,100,100,100,100,64.0625,71.875,100,37.5,100,85.9375,71.875,51.5625,18.75,100,70.3125,60.9375,100,82.8125,100,85.9375,100,100,93.75,54.6875,96.875,56.25,100,81.25,100,100,100,81.25,100,100,89.0625,32.8125,100,79.6875,93.75,75,53.125,93.75,100,100,64.0625,71.875,50,65.625,100,100,100,100,100,98.4375,64.0625,42.1875,90.625,100,100,100,70.3125,100,100,100,90.625,64.0625,100,21.875,82.8125,100,95.3125,100,35.9375,100,84.375,100,98.4375,100,100,100,85.9375,96.875,76.5625,100,100,92.1875,98.4375,90.625,100,100,100,100,71.875,56.25,100,95.3125,100,100,28.125,68.75,100,100,100,100,100,100,100,65.625,31.25,100,89.0625,48.4375,100,100,93.75,95.3125,67.1875,87.5,100,100,76.5625,100,100,100,73.4375,100,21.875,67.1875,100,100,100,100,100,100,100,100,92.1875,100,92.1875,53.125,70.3125,62.5,100,25,100,100,100,54.6875,100,100,50,84.375,73.4375,89.0625,100,100,100,78.125,100,76.5625,100,87.5,100,31.25,100,29.6875,81.25,68.75,81.25,100,100,100,98.4375,100,100,81.25,65.625,100,60.9375,54.6875,100,100,79.6875,100,100,98.4375,57.8125,100,100,100,98.4375,100,100,75,70.3125,100,67.1875,59.375,100,100,64.0625,100,85.9375,65.625,100,100,79.6875,100,100,82.8125,100,56.25,71.875,59.375,100,26.5625,78.125,70.3125,100,87.5,100,100,75,92.1875,100,100,75,100,82.8125,100,73.4375,100,60.9375,95.3125,46.875,100,100,71.875,87.5,100,100,82.8125,100,85.9375,100,100,100,100,71.875,54.6875,100,100,76.5625,100,100,100,100,92.1875,100,29.6875,100,17.1875,46.875,59.375,48.4375,40.625,100,100,93.75,84.375,100,100,68.75,100,100,81.25,100,73.4375,100,100,100,100,85.9375,100,57.8125,100,100,95.3125,45.3125,87.5,89.0625,70.3125,32.8125,100,100,87.5,100,95.3125,100,54.6875,100,100,39.0625,14.0625,100,48.4375,100,100,100,75,100,67.1875,100,100,100,100,25,100,100,92.1875,76.5625,96.875,100,100,9.375,95.3125,64.0625,50,100,100,93.75,79.6875,98.4375,100,100,93.75,84.375,100,100,100,76.5625,92.1875,81.25,100,93.75,98.4375,87.5,100,82.8125,82.8125,100,82.8125,100,100,100,96.875,100,100,57.8125,70.3125,100,89.0625,32.8125,46.875,100,100,100,17.1875,71.875,100,100,85.9375,100,81.25,78.125,93.75,79.6875,75,85.9375,100,67.1875,100,100,26.5625,51.5625,100,57.8125,100,57.8125,42.1875,75,100,70.3125,54.6875,100,100,87.5,100,70.3125,40.625,100,100,53.125,100,100,67.1875,43.75,100,100,56.25,92.1875,78.125,100,96.875,40.625,100,100,100,100,100,39.0625,100,73.4375,90.625,100,100,50,100,100,82.8125,100,100,100,71.875,100,96.875,90.625,96.875,100,100,70.3125,100,100,60.9375,100,92.1875,100,100,92.1875,100,100,84.375,100,35.9375,60.9375,42.1875,76.5625,93.75,100,100,100,70.3125,100,100,100,59.375,56.25,50,100,100,100,100,84.375,79.6875,100,51.5625,100,75,87.5,71.875,100,75,68.75,76.5625,71.875,100,18.75,96.875,79.6875,53.125,26.5625,15.625,100,29.6875,100,100,28.125,73.4375,100,57.8125,100,64.0625,100,64.0625,96.875,71.875,40.625,100,100,93.75,100,53.125,100,100,90.625,100,100,82.8125,84.375,100,100,56.25,100,34.375,100,100,50,100,35.9375,100,79.6875,60.9375,100,54.6875,25,90.625,92.1875,68.75,85.9375,100,100,89.0625,100,71.875,98.4375,37.5,100,57.8125,100,67.1875,100,96.875,68.75,28.125,100,100,50,68.75,100,51.5625,100,100,100,92.1875,100,73.4375,100,100,100,82.8125,100,76.5625,75,100,90.625,84.375,53.125,45.3125,51.5625,100,100,100,100,100,89.0625,100,46.875,100,100,100,82.8125,100,79.6875,70.3125,95.3125,92.1875,100,100,100,84.375,100,46.875,82.8125,100,81.25,100,64.0625,100,100,100,48.4375,1.5625,90.625,43.75,28.125,100,76.5625,100,100,100,100,100,100,100,84.375,98.4375,100,100,100,100,82.8125,100,96.875,37.5,37.5,56.25,100,56.25,100,100,51.5625,76.5625,100,57.8125,64.0625,100,100,57.8125,100,100,92.1875,100,98.4375,82.8125,100,100,100,92.1875,96.875,65.625,28.125,100,100,100,100,53.125,100,37.5,100,68.75,53.125,84.375,79.6875,100,100,73.4375,100,89.0625,100,100,56.25,100,81.25,81.25,100,43.75,100,100,56.25,100,100,96.875,76.5625,100,96.875,31.25,79.6875,100,51.5625,75,100,100,100,90.625,100,79.6875,31.25,68.75,92.1875,29.6875,100,100,100,100,59.375,34.375,100,85.9375,100,100,100,93.75,62.5,100,54.6875,82.8125,100,51.5625,100,64.0625,84.375,93.75,76.5625,100,100,100,59.375,100,87.5,100,100,100,100
"6025",89.0625,100,37.5,100,100,67.1875,65.625,100,23.4375,93.75,100,100,100,100,100,75,87.5,93.75,100,100,96.875,100,100,100,57.8125,100,100,90.625,81.25,100,100,100,100,100,100,79.6875,71.875,100,65.625,90.625,73.4375,62.5,92.1875,100,100,100,100,100,67.1875,87.5,75,100,100,81.25,75,100,4.6875,100,100,50,85.9375,56.25,98.4375,100,100,96.875,65.625,100,70.3125,100,56.25,73.4375,100,100,50,81.25,100,100,51.5625,100,78.125,100,85.9375,76.5625,71.875,100,100,39.0625,100,100,54.6875,82.8125,100,48.4375,70.3125,95.3125,100,62.5,100,100,84.375,100,100,90.625,100,34.375,100,56.25,84.375,100,87.5,92.1875,100,100,32.8125,100,100,100,100,100,64.0625,100,100,70.3125,100,54.6875,100,18.75,100,100,100,100,92.1875,28.125,100,59.375,60.9375,76.5625,100,100,100,100,76.5625,53.125,100,100,100,100,35.9375,79.6875,60.9375,37.5,85.9375,93.75,98.4375,84.375,75,100,100,7.8125,100,100,73.4375,100,89.0625,70.3125,26.5625,89.0625,31.25,15.625,84.375,79.6875,100,64.0625,100,100,90.625,100,100,48.4375,100,82.8125,100,71.875,95.3125,100,32.8125,100,100,87.5,100,100,82.8125,100,92.1875,100,70.3125,81.25,100,100,20.3125,100,100,100,100,100,100,100,78.125,100,35.9375,23.4375,100,100,76.5625,79.6875,43.75,92.1875,100,46.875,100,73.4375,100,93.75,100,64.0625,100,100,56.25,100,78.125,76.5625,100,100,100,100,90.625,65.625,78.125,100,100,100,100,90.625,100,26.5625,71.875,87.5,100,73.4375,100,76.5625,81.25,98.4375,53.125,60.9375,100,60.9375,100,100,100,98.4375,32.8125,100,53.125,100,100,100,100,100,53.125,46.875,100,100,100,81.25,35.9375,100,59.375,98.4375,100,100,100,100,100,100,31.25,98.4375,82.8125,100,81.25,100,21.875,56.25,100,100,100,85.9375,67.1875,75,48.4375,100,76.5625,76.5625,100,81.25,100,34.375,92.1875,100,100,71.875,31.25,100,67.1875,93.75,100,100,78.125,42.1875,89.0625,100,50,100,76.5625,56.25,100,65.625,100,100,85.9375,100,76.5625,100,100,39.0625,100,87.5,100,100,100,82.8125,64.0625,100,68.75,67.1875,25,100,100,70.3125,100,70.3125,100,93.75,62.5,100,100,82.8125,57.8125,73.4375,84.375,92.1875,100,100,84.375,53.125,70.3125,100,98.4375,100,100,100,98.4375,78.125,100,100,95.3125,64.0625,92.1875,100,87.5,65.625,100,100,100,95.3125,96.875,100,98.4375,92.1875,100,70.3125,100,100,100,76.5625,100,54.6875,100,28.125,100,100,100,100,100,50,59.375,79.6875,67.1875,85.9375,70.3125,79.6875,100,92.1875,100,93.75,39.0625,51.5625,100,76.5625,62.5,89.0625,100,100,100,25,100,100,95.3125,100,82.8125,100,84.375,100,100,68.75,54.6875,100,100,100,100,93.75,82.8125,100,95.3125,100,100,73.4375,93.75,92.1875,95.3125,100,100,100,84.375,68.75,100,78.125,100,100,76.5625,73.4375,68.75,100,100,65.625,100,84.375,100,100,78.125,32.8125,85.9375,100,100,89.0625,100,64.0625,100,100,64.0625,100,79.6875,64.0625,82.8125,100,53.125,100,68.75,75,100,79.6875,78.125,65.625,37.5,100,100,100,54.6875,45.3125,68.75,100,100,100,85.9375,57.8125,82.8125,85.9375,100,100,64.0625,75,68.75,100,100,100,100,100,100,100,100,65.625,81.25,64.0625,26.5625,98.4375,100,92.1875,39.0625,25,51.5625,100,92.1875,95.3125,84.375,71.875,100,82.8125,84.375,100,84.375,62.5,100,34.375,46.875,100,84.375,93.75,100,70.3125,60.9375,100,100,100,100,46.875,67.1875,100,71.875,100,100,71.875,98.4375,100,100,96.875,42.1875,100,100,100,68.75,100,93.75,100,39.0625,100,100,60.9375,100,100,100,100,100,100,93.75,98.4375,75,70.3125,100,73.4375,100,62.5,100,100,100,100,81.25,100,62.5,93.75,100,100,100,78.125,100,100,68.75,59.375,100,50,50,100,75,100,56.25,100,100,100,100,100,35.9375,100,100,85.9375,100,64.0625,42.1875,59.375,100,81.25,95.3125,100,17.1875,100,100,100,100,84.375,100,98.4375,100,100,26.5625,50,68.75,82.8125,89.0625,70.3125,84.375,100,100,93.75,96.875,100,48.4375,6.25,100,50,50,100,100,100,42.1875,100,100,29.6875,100,82.8125,48.4375,59.375,78.125,73.4375,75,98.4375,78.125,100,92.1875,43.75,76.5625,65.625,40.625,82.8125,93.75,35.9375,100,100,100,100,100,82.8125,100,78.125,100,42.1875,68.75,100,100,70.3125,100,96.875,46.875,100,48.4375,100,76.5625,100,100,100,100,62.5,100,90.625,89.0625,82.8125,100,100,73.4375,100,100,100,34.375,62.5,100,100,50,100,100,42.1875,100,100,76.5625,95.3125,100,67.1875,100,90.625,100,100,100,90.625,100,100,70.3125,100,100,100,64.0625,100,100,35.9375,89.0625,100,82.8125,64.0625,57.8125,92.1875,100,76.5625,84.375,100,100,100,85.9375,31.25,31.25,98.4375,100,100,100,48.4375,100,73.4375,68.75,9.375,100,100,100,43.75,56.25,23.4375,84.375,100,65.625,95.3125,100,100,76.5625,98.4375,100,100,95.3125,67.1875,50,67.1875,100,100,76.5625,98.4375,100,100,100,56.25,85.9375,78.125,100,34.375,92.1875,100,100,35.9375,100,79.6875,100,81.25,62.5,100,39.0625,93.75,100,100,54.6875,100,75,100,100,100,100,96.875,62.5,100,100,79.6875,85.9375,100,100,50,100,70.3125,79.6875,79.6875,40.625,85.9375,54.6875,100,53.125,100,100,92.1875,82.8125,71.875,100,100,100,68.75,100,76.5625,79.6875,65.625,100,100,93.75,100,84.375,100,92.1875,100,81.25,100,100,100,100,98.4375,100,100,100,65.625,45.3125,100,68.75,93.75,82.8125,100,59.375,78.125,100,17.1875,100,100,59.375,100,64.0625,82.8125,21.875,73.4375,100,100,100,65.625,100,100,71.875,65.625,100,100,57.8125,98.4375,100,73.4375,100,100,100,100,100,56.25,100,21.875,100,79.6875,100,87.5,59.375,100,68.75,51.5625,93.75,100,35.9375,25,76.5625,100,75,98.4375,70.3125,65.625,100,100,50,100,92.1875,75,96.875,96.875,100,100,64.0625,100,100,59.375,93.75,100,25,68.75,100,100,100,68.75,100,100,37.5,100,100,100,93.75,100,100,100,100,100,98.4375,100,100,67.1875,60.9375,100,85.9375,31.25,45.3125,100,84.375,100,100,100,82.8125,73.4375,31.25,100,46.875,87.5,85.9375,70.3125,100,68.75,90.625,100,100,100,100,100,100,100,100,100,60.9375,89.0625,89.0625,100,95.3125,62.5,95.3125,51.5625,73.4375,100,100,100,79.6875,84.375,100,60.9375,81.25,75,100,100,100,50,62.5,100,75,34.375,100,100,76.5625,100,68.75,100,75,100,100,100,42.1875,46.875,81.25,100,100,100,76.5625,93.75,70.3125,100,100,75,73.4375,100,100,100,79.6875,82.8125,84.375,100,100,100,100,100,100,14.0625,87.5,89.0625,100,96.875,100,100,100,100,68.75,62.5,100,67.1875,45.3125,100,100,71.875,82.8125,100,92.1875,85.9375,100,35.9375,100,64.0625,100,100,75,100,95.3125,28.125,100,100,96.875,100,100,34.375,84.375,100,100,100,95.3125,17.1875,100,100,100,95.3125,100,60.9375,100,100,100,100,78.125,65.625,85.9375,89.0625,92.1875,100,81.25,100,87.5,100,100,84.375,100,100,76.5625,64.0625,100,95.3125,100,100,82.8125,62.5,78.125,81.25,100,51.5625,100,100,100,100,100,37.5,100,81.25,100,100,100,40.625,100,100,57.8125,65.625,100,93.75,100,60.9375,100,46.875,73.4375,78.125,100,100,100,100,100,100,100,100,46.875,59.375,100,100,62.5,100,100,100,100,65.625,92.1875,100,100,53.125,100,96.875,100,51.5625,76.5625,100,100,100,85.9375,100,100,87.5,89.0625,100,89.0625,100,100,84.375,95.3125,100,50,51.5625,100,100,68.75,100,100,95.3125,100,100,43.75,100,90.625,31.25,100,100,21.875,100,100,100,100,100,100,100,100,67.1875,100,56.25,100,76.5625,100,70.3125,100,39.0625,95.3125,78.125,100,100,32.8125,100,100,82.8125,100,100,43.75,100,100,34.375,100,56.25,65.625,100,100,100,100,37.5,60.9375,100,100,90.625,89.0625,51.5625,100,26.5625,100,100,100,100,65.625,67.1875,100,73.4375,100,100,100,100,100,65.625,79.6875,53.125,87.5,71.875,100,84.375,79.6875,84.375,31.25,67.1875,62.5,57.8125,100,100,64.0625,92.1875,82.8125,70.3125,40.625,100,43.75,100,100,95.3125,100,100,79.6875,100,76.5625,73.4375,100,100,100,75,100,96.875,100,85.9375,85.9375,100,100,64.0625,100,18.75,100,68.75,100,85.9375,64.0625,60.9375,100,89.0625,100,100,100,89.0625,100,100,34.375,100,90.625,62.5,100,100,100,78.125,100,43.75,100,100,64.0625,29.6875,85.9375,67.1875,100,100,85.9375,67.1875,64.0625,40.625,48.4375,100,100,76.5625,59.375,60.9375,100,75,92.1875,95.3125,100,89.0625,100,68.75,75,73.4375,67.1875,100,100,68.75,100,100,100,84.375,100,64.0625,100,90.625,100,100,100,73.4375,29.6875,100,6.25,100,100,100,100,100,39.0625,65.625,90.625,100,100,100,100,92.1875,100,42.1875,53.125,43.75,35.9375,76.5625,54.6875,90.625,100,100,100,84.375,100,100,62.5,26.5625,70.3125,100,71.875,70.3125,75,100,54.6875,100,100,100,100,100,100,70.3125,100,100,92.1875,100,71.875,100,100,100,100,100,95.3125,100,100,100,59.375,10.9375,92.1875,100,100,84.375,82.8125,100,100,100,71.875,71.875,100,95.3125,65.625,76.5625,85.9375,76.5625,100,100,84.375,100,100,84.375,100,90.625,100,89.0625,82.8125,78.125,100,100,53.125,100,50,100,100,100,100,100,71.875,35.9375,73.4375,100,76.5625,100,100,100,100,100,100,100,100,21.875,89.0625,100,100,100,100,100,100,100,90.625,100,100,100,95.3125,100,71.875,100,92.1875,90.625,100,100,95.3125,100,98.4375,100,37.5,9.375,43.75,100,100,100,84.375,100,79.6875,100,100,100,100,34.375,100,78.125,100,100,92.1875,70.3125,100,95.3125,100,100,53.125,92.1875,100,100,95.3125,90.625,100,81.25,96.875,100,75,100,79.6875,70.3125,48.4375,96.875,81.25,60.9375,82.8125,71.875,100,100,75,100,89.0625,100,87.5,85.9375,53.125,75,29.6875,64.0625,87.5,100,100,78.125,100,100,100,100,84.375,28.125,100,100,100,100,20.3125,82.8125,100,93.75,100,100,100,65.625,100,100,100,50,92.1875,92.1875,100,100,100,100,100,100,100,98.4375,100,100,100,57.8125,100,100,95.3125,79.6875,64.0625,100,100,100,100,71.875,100,65.625,100,100,75,43.75,100,90.625,68.75,100,92.1875,100,20.3125,100,100,100,59.375,56.25,100,100,100,98.4375,89.0625,100,26.5625,64.0625,73.4375,60.9375,100,100,90.625,100,79.6875,50,100,100,92.1875,53.125,100,25,37.5,100,95.3125,75,100,34.375,85.9375,100,100,100,95.3125,100,32.8125,20.3125,100,100,100,100,100,100,100,100,100,100,89.0625,57.8125,67.1875,100,100,89.0625,98.4375,100,100,100,100,87.5,100,67.1875,59.375,100,100,100,100,92.1875,100,100,100,100,100,64.0625,100,100,100,71.875,76.5625,100,67.1875,100,100,28.125,59.375,62.5,98.4375,82.8125,100,100,100,92.1875,100,100,81.25,100,100,100,100,90.625,100,100,100,100,60.9375,100,57.8125,100,29.6875,84.375,50,100,100,100,100,73.4375,100,31.25,50,100,100,56.25,82.8125,100,100,100,100,73.4375,75,100,79.6875,100,34.375,100,70.3125,67.1875,100,89.0625,100,100,89.0625,100,76.5625,100,96.875,23.4375,68.75,100,29.6875,100,59.375,100,100,75,100,100,100,68.75,75,100,76.5625,100,100,48.4375,62.5,42.1875,59.375,82.8125,82.8125,89.0625,100,70.3125,81.25,93.75,42.1875,100,73.4375,100,98.4375,100,100,40.625,67.1875,100,100,100,100,85.9375,65.625,100,14.0625,100,81.25,65.625,100,60.9375,96.875,57.8125,100,73.4375,87.5,70.3125,70.3125,100,100,100,79.6875,100,39.0625,100,100,100,100,93.75,93.75,35.9375,100,100,60.9375,100,81.25,100,100,100,79.6875,100,82.8125,100,100,100,100,95.3125,31.25,95.3125,100,100,51.5625,100,57.8125,100,29.6875,35.9375,100,76.5625,73.4375,100,31.25,100,100,100,59.375,100,98.4375,46.875,100,84.375,100,79.6875,60.9375,28.125,100,70.3125,100,100,89.0625,100,100,54.6875,42.1875,34.375,100,76.5625,60.9375,89.0625,100,73.4375,82.8125,95.3125,100,57.8125,100,37.5,100,100,65.625,82.8125,87.5,100,100,85.9375,35.9375,100,100,100,100,79.6875,100,100,100,40.625,100,100,100,62.5,68.75,100,90.625,92.1875,60.9375,45.3125,100,32.8125,78.125,100,93.75,100,76.5625,79.6875,82.8125,100,89.0625,100,100,100,100,100,84.375,50,53.125,100,100,100,100,100,98.4375,100,35.9375,76.5625,100,93.75,100,95.3125,90.625,68.75,100,100,100,62.5,100,100,100,100,59.375,100,76.5625,75,100,100,95.3125,89.0625,100,100,100,67.1875,100,100,60.9375,100,100,37.5,85.9375,79.6875,79.6875,100,92.1875,70.3125,59.375,73.4375,100,98.4375,100,100,100,37.5,100,57.8125,54.6875,100,93.75,100,100,53.125,51.5625,78.125,100,100,32.8125,100,93.75,39.0625,34.375,76.5625,54.6875,100,100,100,100,90.625,71.875,98.4375,100,100,75,100,100,70.3125,100,100,100,79.6875,100,100,100,96.875,100,79.6875,100,100,100,100,100,100,70.3125,81.25,100,100,81.25,100,100,100,100,81.25,100,45.3125,100,100,57.8125,100,70.3125,76.5625,78.125,87.5,70.3125,75,100,100,100,100,98.4375,100,70.3125,35.9375,100,100,53.125,31.25,60.9375,100,90.625,100,57.8125,81.25,100,87.5,62.5,96.875,81.25,100,100,50,100,87.5,100,20.3125,75,98.4375,100,100,100,32.8125,64.0625,89.0625,89.0625,100,100,100,59.375,100,71.875,65.625,59.375,100,85.9375,100,65.625,76.5625,100,92.1875,100,100,84.375,95.3125,20.3125,57.8125,79.6875,70.3125,39.0625,100,56.25,100,100,57.8125,100,100,34.375,100,56.25,75,89.0625,50,84.375,100,17.1875,100,100,60.9375,100,87.5,73.4375,100,100,48.4375,59.375,98.4375,100,78.125,95.3125,100,100,57.8125,57.8125,100,100,100,100,95.3125,100,100,82.8125,81.25,65.625,100,100,62.5,100,100,81.25,100,17.1875,87.5,92.1875,25,32.8125,100,100,100,100,100,64.0625,90.625,37.5,100,100,46.875,40.625,92.1875,37.5,100,100,73.4375,82.8125,100,95.3125,100,14.0625,76.5625,67.1875,78.125,100,62.5,100,100,100,64.0625,85.9375,100,100,100,87.5,71.875,48.4375,29.6875,100,68.75,62.5,100,59.375,64.0625,81.25,100,85.9375,93.75,54.6875,90.625,100,100,87.5,100,100,90.625,82.8125,100,100,84.375,100,100,89.0625,93.75,100,56.25,93.75,100,100,79.6875,65.625,37.5,67.1875,100,100,35.9375,100,100,98.4375,59.375,42.1875,96.875,100,100,100,82.8125,100,100,100,100,60.9375,82.8125,100,65.625,100,87.5,100,35.9375,100,84.375,100,98.4375,100,100,100,85.9375,100,95.3125,64.0625,100,92.1875,92.1875,90.625,98.4375,100,100,100,75,53.125,96.875,100,100,100,28.125,79.6875,100,100,100,100,70.3125,100,100,67.1875,29.6875,100,79.6875,64.0625,100,89.0625,98.4375,85.9375,67.1875,85.9375,100,100,85.9375,96.875,100,84.375,100,71.875,21.875,73.4375,100,100,100,76.5625,100,100,96.875,100,65.625,100,96.875,65.625,95.3125,65.625,100,25,100,100,20.3125,54.6875,100,100,50,100,75,90.625,100,100,100,79.6875,82.8125,75,100,89.0625,100,31.25,100,100,81.25,59.375,78.125,100,100,100,98.4375,100,100,85.9375,100,100,62.5,54.6875,100,100,78.125,100,100,90.625,100,96.875,100,100,98.4375,100,100,50,70.3125,100,67.1875,59.375,100,100,64.0625,100,100,65.625,100,100,76.5625,100,100,82.8125,100,56.25,71.875,100,100,28.125,78.125,60.9375,100,53.125,76.5625,100,81.25,92.1875,57.8125,100,76.5625,100,85.9375,100,81.25,100,100,100,54.6875,70.3125,100,100,84.375,100,100,100,100,92.1875,100,31.25,100,100,57.8125,82.8125,100,100,76.5625,100,100,87.5,100,92.1875,100,29.6875,100,18.75,100,59.375,82.8125,53.125,100,100,32.8125,76.5625,100,100,51.5625,100,100,56.25,100,73.4375,100,100,100,100,89.0625,100,56.25,100,100,54.6875,45.3125,62.5,89.0625,75,32.8125,100,100,82.8125,100,50,100,54.6875,100,100,39.0625,10.9375,100,53.125,95.3125,100,100,75,100,96.875,100,73.4375,100,100,26.5625,100,100,100,75,100,84.375,100,45.3125,92.1875,64.0625,57.8125,100,100,92.1875,81.25,96.875,100,100,64.0625,85.9375,100,82.8125,100,82.8125,92.1875,95.3125,100,89.0625,100,100,100,84.375,67.1875,100,84.375,100,100,100,96.875,100,100,59.375,68.75,67.1875,87.5,20.3125,50,100,100,100,48.4375,68.75,100,100,98.4375,100,100,78.125,95.3125,81.25,42.1875,78.125,100,65.625,100,100,51.5625,57.8125,100,57.8125,100,53.125,25,68.75,100,65.625,54.6875,100,29.6875,87.5,100,75,42.1875,100,85.9375,53.125,100,100,65.625,37.5,100,100,73.4375,92.1875,78.125,100,100,81.25,93.75,100,100,96.875,100,45.3125,100,73.4375,67.1875,100,95.3125,59.375,100,100,78.125,100,100,100,71.875,100,93.75,90.625,79.6875,100,100,67.1875,100,100,60.9375,100,64.0625,100,84.375,92.1875,100,100,79.6875,100,35.9375,40.625,45.3125,78.125,92.1875,100,100,79.6875,100,75,87.5,100,100,65.625,48.4375,100,67.1875,100,100,87.5,79.6875,100,39.0625,100,67.1875,98.4375,71.875,100,75,68.75,39.0625,71.875,90.625,18.75,95.3125,81.25,100,28.125,31.25,100,90.625,100,100,28.125,100,100,59.375,68.75,71.875,100,82.8125,100,65.625,87.5,85.9375,100,100,100,59.375,100,100,87.5,100,100,75,84.375,100,100,57.8125,100,34.375,100,100,51.5625,100,35.9375,100,87.5,100,100,51.5625,100,84.375,100,67.1875,85.9375,100,100,96.875,28.125,76.5625,100,39.0625,100,64.0625,100,100,100,75,46.875,28.125,100,100,51.5625,68.75,100,100,96.875,100,100,92.1875,100,71.875,100,100,100,81.25,100,100,32.8125,100,93.75,76.5625,62.5,45.3125,51.5625,100,100,100,100,100,75,100,46.875,100,100,100,82.8125,100,79.6875,70.3125,100,95.3125,100,100,100,98.4375,100,45.3125,62.5,100,29.6875,100,78.125,100,100,100,34.375,1.5625,100,100,28.125,100,68.75,100,100,100,100,100,100,100,85.9375,100,100,100,100,73.4375,84.375,100,100,35.9375,35.9375,57.8125,100,62.5,100,100,100,75,100,43.75,64.0625,100,100,56.25,100,100,84.375,100,98.4375,76.5625,96.875,100,100,92.1875,95.3125,71.875,35.9375,100,93.75,100,100,42.1875,100,37.5,100,28.125,57.8125,84.375,85.9375,100,100,71.875,100,87.5,100,93.75,56.25,100,68.75,81.25,100,100,100,100,57.8125,100,100,96.875,100,100,96.875,31.25,65.625,98.4375,100,75,100,100,67.1875,82.8125,100,81.25,29.6875,68.75,48.4375,100,100,100,100,100,59.375,34.375,100,87.5,100,100,100,21.875,60.9375,93.75,54.6875,84.375,100,51.5625,100,64.0625,84.375,100,75,100,100,17.1875,100,100,100,100,100,98.4375,100
"6026",90.625,100,42.1875,100,100,73.4375,67.1875,100,23.4375,98.4375,53.125,100,100,100,73.4375,76.5625,100,78.125,100,100,96.875,96.875,100,100,57.8125,100,100,90.625,79.6875,100,100,100,100,89.0625,100,93.75,82.8125,100,100,95.3125,76.5625,68.75,85.9375,100,100,65.625,100,100,65.625,89.0625,75,100,100,95.3125,65.625,100,31.25,100,100,42.1875,87.5,51.5625,98.4375,40.625,100,100,60.9375,100,73.4375,100,57.8125,64.0625,21.875,100,51.5625,98.4375,100,100,51.5625,100,73.4375,100,85.9375,79.6875,76.5625,100,100,35.9375,100,100,92.1875,84.375,100,48.4375,76.5625,92.1875,100,64.0625,100,100,73.4375,98.4375,100,92.1875,81.25,26.5625,100,59.375,85.9375,93.75,85.9375,64.0625,100,100,34.375,100,100,100,96.875,100,64.0625,100,14.0625,76.5625,90.625,54.6875,100,18.75,100,100,100,100,90.625,100,100,59.375,85.9375,78.125,100,100,100,100,70.3125,51.5625,100,100,100,37.5,51.5625,78.125,60.9375,35.9375,87.5,89.0625,96.875,87.5,76.5625,100,100,6.25,100,100,73.4375,100,89.0625,71.875,100,89.0625,29.6875,100,100,70.3125,100,59.375,100,100,84.375,100,100,100,82.8125,82.8125,100,71.875,100,100,29.6875,93.75,100,82.8125,100,100,82.8125,100,96.875,100,100,78.125,100,100,18.75,100,96.875,100,100,100,100,100,92.1875,100,42.1875,23.4375,100,93.75,76.5625,78.125,43.75,93.75,100,39.0625,100,71.875,100,62.5,100,54.6875,100,100,100,100,42.1875,81.25,100,100,100,100,84.375,60.9375,92.1875,100,100,100,100,90.625,100,26.5625,62.5,87.5,100,48.4375,100,79.6875,81.25,100,100,62.5,100,60.9375,100,100,100,100,32.8125,98.4375,57.8125,96.875,100,100,100,100,54.6875,70.3125,100,100,100,81.25,34.375,100,64.0625,100,89.0625,100,100,100,100,100,32.8125,100,84.375,90.625,79.6875,100,20.3125,57.8125,100,100,100,92.1875,65.625,75,39.0625,100,70.3125,71.875,100,81.25,81.25,48.4375,87.5,73.4375,100,51.5625,32.8125,100,78.125,93.75,100,70.3125,82.8125,56.25,89.0625,82.8125,50,100,50,62.5,100,65.625,100,71.875,87.5,100,73.4375,95.3125,100,39.0625,100,85.9375,100,100,100,82.8125,62.5,100,70.3125,67.1875,25,100,100,75,100,78.125,100,92.1875,67.1875,100,95.3125,71.875,57.8125,87.5,87.5,92.1875,100,65.625,82.8125,53.125,100,81.25,98.4375,100,100,100,90.625,45.3125,78.125,100,92.1875,67.1875,67.1875,100,87.5,90.625,95.3125,100,100,28.125,100,100,59.375,93.75,100,71.875,100,96.875,100,73.4375,100,57.8125,95.3125,26.5625,100,100,100,100,100,46.875,59.375,90.625,67.1875,95.3125,71.875,96.875,93.75,85.9375,100,87.5,39.0625,50,100,75,65.625,87.5,100,100,100,21.875,100,100,95.3125,93.75,82.8125,100,85.9375,100,87.5,62.5,82.8125,100,100,100,100,93.75,100,81.25,100,100,100,100,85.9375,92.1875,90.625,100,100,100,85.9375,71.875,100,70.3125,78.125,100,76.5625,73.4375,70.3125,93.75,100,64.0625,100,71.875,100,78.125,78.125,34.375,67.1875,100,100,89.0625,100,78.125,100,100,78.125,100,100,67.1875,82.8125,100,56.25,100,67.1875,73.4375,100,81.25,78.125,50,37.5,100,100,100,56.25,57.8125,76.5625,100,100,100,85.9375,59.375,100,82.8125,100,100,64.0625,78.125,70.3125,100,100,100,100,100,100,100,100,78.125,100,60.9375,26.5625,92.1875,100,89.0625,37.5,100,51.5625,100,93.75,93.75,84.375,70.3125,100,82.8125,81.25,95.3125,84.375,59.375,100,35.9375,54.6875,100,84.375,93.75,100,70.3125,100,100,100,100,90.625,65.625,65.625,100,75,98.4375,100,71.875,100,100,100,17.1875,35.9375,93.75,100,100,71.875,100,92.1875,93.75,37.5,62.5,100,64.0625,100,100,100,100,100,79.6875,85.9375,93.75,100,68.75,100,67.1875,100,65.625,100,100,100,100,82.8125,100,62.5,100,100,100,100,78.125,95.3125,95.3125,75,43.75,100,50,100,100,76.5625,100,46.875,100,100,100,100,100,35.9375,100,100,85.9375,85.9375,48.4375,100,71.875,100,79.6875,79.6875,100,100,100,100,100,98.4375,100,100,100,100,100,26.5625,76.5625,64.0625,81.25,100,98.4375,93.75,100,100,92.1875,92.1875,100,43.75,6.25,75,56.25,50,96.875,100,100,67.1875,100,100,29.6875,100,82.8125,50,59.375,70.3125,73.4375,73.4375,98.4375,78.125,100,92.1875,89.0625,76.5625,60.9375,40.625,82.8125,92.1875,35.9375,90.625,100,90.625,100,100,100,100,78.125,100,59.375,68.75,100,100,64.0625,100,51.5625,46.875,100,48.4375,100,96.875,65.625,100,100,100,62.5,100,76.5625,79.6875,84.375,100,100,70.3125,23.4375,100,100,34.375,100,100,100,82.8125,100,100,100,100,100,78.125,64.0625,100,100,100,87.5,100,100,100,93.75,100,100,68.75,100,100,100,62.5,100,100,35.9375,85.9375,100,81.25,64.0625,59.375,95.3125,100,71.875,79.6875,100,100,100,57.8125,43.75,34.375,90.625,100,100,89.0625,50,79.6875,68.75,70.3125,9.375,100,100,15.625,43.75,68.75,48.4375,82.8125,100,100,85.9375,100,100,76.5625,100,100,92.1875,82.8125,100,50,67.1875,100,100,78.125,100,100,100,100,54.6875,90.625,89.0625,100,39.0625,90.625,100,100,70.3125,100,81.25,100,79.6875,67.1875,100,40.625,92.1875,81.25,100,70.3125,57.8125,84.375,100,100,100,100,96.875,62.5,31.25,100,64.0625,85.9375,100,100,50,100,70.3125,85.9375,79.6875,40.625,100,31.25,100,68.75,100,100,81.25,82.8125,67.1875,100,100,100,68.75,100,76.5625,56.25,100,100,100,95.3125,100,98.4375,100,93.75,100,79.6875,100,100,100,100,100,100,100,100,65.625,42.1875,100,68.75,93.75,82.8125,100,56.25,78.125,100,29.6875,100,100,29.6875,85.9375,60.9375,85.9375,79.6875,79.6875,100,98.4375,98.4375,95.3125,100,100,70.3125,57.8125,100,100,40.625,98.4375,100,73.4375,95.3125,100,100,100,100,53.125,100,20.3125,100,79.6875,100,100,53.125,76.5625,67.1875,59.375,85.9375,100,35.9375,100,81.25,100,82.8125,100,70.3125,64.0625,100,100,54.6875,100,92.1875,100,78.125,81.25,100,100,71.875,100,100,53.125,92.1875,100,25,100,100,100,100,70.3125,100,100,100,100,100,100,93.75,95.3125,100,100,100,100,100,100,100,65.625,62.5,90.625,84.375,32.8125,32.8125,100,81.25,100,100,100,82.8125,89.0625,31.25,100,46.875,87.5,70.3125,70.3125,100,65.625,89.0625,100,100,100,100,100,100,100,100,100,60.9375,89.0625,40.625,100,98.4375,62.5,95.3125,53.125,71.875,21.875,100,100,78.125,84.375,43.75,62.5,98.4375,81.25,100,100,100,87.5,100,100,85.9375,35.9375,100,100,79.6875,100,75,100,95.3125,100,100,100,100,100,81.25,100,100,100,78.125,70.3125,67.1875,100,100,39.0625,100,100,100,100,75,100,79.6875,70.3125,100,100,100,100,100,15.625,93.75,89.0625,100,93.75,100,100,85.9375,100,68.75,42.1875,100,82.8125,43.75,100,100,75,82.8125,100,79.6875,92.1875,100,39.0625,100,54.6875,100,100,70.3125,100,100,29.6875,85.9375,100,82.8125,100,100,32.8125,81.25,100,100,75,76.5625,17.1875,100,100,100,92.1875,100,100,100,100,100,54.6875,84.375,64.0625,56.25,89.0625,84.375,100,79.6875,100,87.5,68.75,100,76.5625,100,100,75,90.625,100,93.75,100,100,84.375,54.6875,92.1875,82.8125,100,51.5625,53.125,32.8125,100,100,100,57.8125,100,79.6875,100,100,100,64.0625,100,25,57.8125,65.625,100,93.75,100,59.375,100,90.625,73.4375,76.5625,95.3125,43.75,100,100,100,100,100,100,50,60.9375,100,100,68.75,100,100,100,93.75,71.875,100,100,100,54.6875,100,96.875,100,100,76.5625,100,92.1875,100,87.5,98.4375,100,82.8125,73.4375,100,73.4375,100,100,100,92.1875,100,50,51.5625,100,100,68.75,92.1875,100,100,96.875,100,45.3125,100,100,29.6875,100,100,100,100,100,100,100,100,100,100,100,70.3125,100,57.8125,78.125,59.375,100,62.5,100,17.1875,95.3125,76.5625,100,100,32.8125,100,100,76.5625,92.1875,85.9375,100,100,100,31.25,100,50,68.75,100,100,100,100,35.9375,17.1875,100,100,82.8125,89.0625,53.125,100,28.125,100,100,100,100,60.9375,65.625,100,73.4375,100,84.375,100,100,100,100,79.6875,51.5625,89.0625,73.4375,100,76.5625,78.125,71.875,92.1875,67.1875,62.5,53.125,100,100,62.5,92.1875,100,64.0625,35.9375,100,42.1875,87.5,100,98.4375,100,100,84.375,87.5,100,73.4375,100,100,70.3125,85.9375,100,100,100,85.9375,76.5625,100,100,100,100,92.1875,100,78.125,100,89.0625,60.9375,60.9375,100,46.875,71.875,100,100,89.0625,100,100,100,100,81.25,64.0625,100,100,100,89.0625,100,43.75,96.875,100,62.5,31.25,89.0625,89.0625,100,76.5625,90.625,70.3125,64.0625,40.625,50,100,100,76.5625,59.375,60.9375,100,75,92.1875,96.875,100,89.0625,100,68.75,100,85.9375,54.6875,100,100,76.5625,100,96.875,100,85.9375,92.1875,100,100,90.625,100,100,100,70.3125,29.6875,100,42.1875,100,100,100,100,100,100,70.3125,87.5,100,100,100,100,100,100,40.625,51.5625,42.1875,50,76.5625,54.6875,90.625,100,100,100,85.9375,100,100,65.625,26.5625,92.1875,100,75,70.3125,100,100,89.0625,100,100,100,100,100,100,100,100,100,92.1875,100,76.5625,100,100,100,100,100,92.1875,100,100,100,57.8125,26.5625,93.75,100,100,82.8125,81.25,73.4375,100,100,71.875,70.3125,100,92.1875,51.5625,73.4375,89.0625,75,100,100,81.25,100,100,100,42.1875,92.1875,89.0625,93.75,81.25,73.4375,98.4375,100,100,100,84.375,100,100,100,100,100,81.25,35.9375,68.75,100,78.125,100,100,100,100,100,100,100,100,39.0625,100,96.875,100,68.75,100,100,100,100,100,100,100,100,93.75,100,71.875,100,92.1875,17.1875,100,100,95.3125,67.1875,81.25,98.4375,39.0625,9.375,45.3125,100,100,100,100,67.1875,84.375,100,100,100,100,34.375,100,78.125,100,100,100,62.5,100,100,100,100,48.4375,92.1875,100,100,64.0625,43.75,100,75,89.0625,100,75,67.1875,65.625,53.125,79.6875,92.1875,100,20.3125,68.75,71.875,100,100,100,100,90.625,100,89.0625,81.25,56.25,67.1875,31.25,100,85.9375,100,100,76.5625,100,100,100,100,84.375,28.125,100,100,96.875,100,23.4375,85.9375,100,90.625,100,100,96.875,76.5625,90.625,100,100,92.1875,89.0625,87.5,100,100,100,100,100,100,100,100,100,100,100,59.375,100,100,100,79.6875,50,100,89.0625,100,100,71.875,57.8125,68.75,100,100,71.875,98.4375,96.875,89.0625,68.75,100,92.1875,100,100,100,100,100,62.5,54.6875,100,75,100,89.0625,89.0625,100,26.5625,85.9375,84.375,62.5,100,100,90.625,100,64.0625,95.3125,100,100,87.5,56.25,100,25,53.125,100,95.3125,78.125,100,31.25,87.5,100,98.4375,100,92.1875,100,32.8125,20.3125,100,100,100,100,82.8125,100,100,100,100,100,100,59.375,78.125,100,100,79.6875,100,100,100,100,100,79.6875,85.9375,67.1875,76.5625,100,100,100,76.5625,89.0625,100,100,89.0625,100,84.375,54.6875,100,100,100,100,75,100,68.75,100,100,25,59.375,62.5,68.75,81.25,100,100,100,89.0625,100,89.0625,85.9375,100,100,100,100,95.3125,96.875,100,100,68.75,56.25,100,57.8125,100,28.125,85.9375,51.5625,100,59.375,100,100,73.4375,100,29.6875,67.1875,100,100,71.875,76.5625,100,100,100,100,71.875,73.4375,78.125,81.25,100,34.375,100,65.625,89.0625,100,100,100,98.4375,93.75,100,76.5625,100,92.1875,23.4375,68.75,100,20.3125,100,50,100,96.875,73.4375,100,100,100,68.75,100,90.625,78.125,100,100,89.0625,64.0625,42.1875,73.4375,85.9375,82.8125,81.25,100,65.625,82.8125,93.75,42.1875,100,71.875,100,100,100,100,39.0625,81.25,98.4375,100,100,46.875,87.5,100,100,21.875,100,100,65.625,100,62.5,100,100,100,73.4375,89.0625,100,35.9375,100,100,100,79.6875,100,54.6875,100,100,100,100,90.625,90.625,34.375,100,100,87.5,100,81.25,100,93.75,100,81.25,100,82.8125,100,100,23.4375,100,96.875,28.125,90.625,100,85.9375,50,100,57.8125,100,40.625,35.9375,100,70.3125,75,82.8125,31.25,100,100,100,57.8125,100,93.75,100,100,89.0625,100,92.1875,45.3125,28.125,100,68.75,100,100,90.625,78.125,100,56.25,40.625,100,100,73.4375,60.9375,89.0625,100,73.4375,82.8125,93.75,100,57.8125,100,54.6875,100,100,62.5,89.0625,100,100,100,100,37.5,100,100,100,100,93.75,100,100,100,85.9375,15.625,100,100,56.25,67.1875,100,100,71.875,60.9375,48.4375,100,100,76.5625,100,90.625,100,76.5625,87.5,82.8125,100,84.375,100,100,100,100,100,84.375,59.375,53.125,92.1875,100,100,100,100,98.4375,100,34.375,100,100,96.875,100,90.625,87.5,82.8125,100,100,100,81.25,100,100,100,100,79.6875,100,76.5625,82.8125,100,100,100,84.375,100,100,100,67.1875,96.875,82.8125,79.6875,100,100,29.6875,87.5,81.25,84.375,100,81.25,65.625,59.375,87.5,100,93.75,100,100,100,32.8125,100,53.125,100,100,93.75,100,100,45.3125,35.9375,82.8125,100,100,32.8125,68.75,79.6875,35.9375,31.25,75,9.375,100,100,100,96.875,92.1875,75,100,100,100,78.125,100,100,100,100,100,100,71.875,100,100,93.75,96.875,100,82.8125,100,100,100,100,100,100,76.5625,81.25,95.3125,100,82.8125,100,100,100,100,76.5625,100,45.3125,100,100,57.8125,100,70.3125,96.875,78.125,70.3125,70.3125,75,100,100,100,100,96.875,82.8125,70.3125,35.9375,100,100,51.5625,31.25,82.8125,100,92.1875,100,76.5625,81.25,100,89.0625,60.9375,98.4375,89.0625,100,100,100,100,90.625,100,23.4375,75,93.75,100,100,100,32.8125,65.625,71.875,84.375,32.8125,100,100,59.375,100,60.9375,67.1875,59.375,100,87.5,78.125,84.375,73.4375,100,90.625,100,100,90.625,95.3125,20.3125,57.8125,100,70.3125,39.0625,100,59.375,100,100,57.8125,100,98.4375,34.375,100,89.0625,75,84.375,54.6875,85.9375,100,17.1875,100,100,68.75,100,81.25,73.4375,82.8125,100,37.5,60.9375,98.4375,100,82.8125,100,100,100,57.8125,56.25,100,100,100,100,93.75,100,100,79.6875,81.25,65.625,93.75,100,62.5,100,98.4375,100,95.3125,100,100,100,89.0625,31.25,100,87.5,100,65.625,100,98.4375,90.625,37.5,100,100,37.5,40.625,93.75,39.0625,100,100,73.4375,81.25,100,90.625,100,100,65.625,67.1875,76.5625,100,98.4375,100,92.1875,100,84.375,84.375,100,98.4375,100,87.5,68.75,48.4375,10.9375,100,68.75,62.5,100,25,62.5,78.125,100,62.5,93.75,54.6875,90.625,100,100,100,40.625,100,100,100,100,100,56.25,100,100,78.125,93.75,100,100,90.625,100,100,64.0625,67.1875,43.75,67.1875,100,100,21.875,100,100,100,60.9375,42.1875,96.875,100,100,100,100,100,100,100,100,60.9375,54.6875,100,71.875,100,89.0625,100,34.375,100,65.625,100,100,100,100,100,85.9375,90.625,85.9375,100,100,92.1875,95.3125,90.625,95.3125,100,100,100,79.6875,54.6875,70.3125,93.75,100,100,28.125,68.75,78.125,100,100,100,89.0625,100,100,62.5,32.8125,100,76.5625,100,100,95.3125,62.5,95.3125,67.1875,64.0625,100,100,85.9375,100,100,100,73.4375,100,23.4375,70.3125,100,100,100,95.3125,100,20.3125,96.875,100,68.75,100,93.75,62.5,85.9375,67.1875,100,25,100,100,92.1875,54.6875,100,100,100,100,70.3125,90.625,100,100,100,78.125,82.8125,70.3125,100,81.25,100,31.25,100,100,81.25,68.75,82.8125,100,100,100,98.4375,100,100,82.8125,64.0625,100,60.9375,54.6875,100,100,71.875,100,100,96.875,59.375,100,100,100,100,100,100,43.75,70.3125,87.5,78.125,64.0625,100,100,64.0625,100,100,64.0625,100,100,81.25,100,100,78.125,100,56.25,70.3125,100,100,26.5625,60.9375,56.25,100,54.6875,50,100,87.5,90.625,100,100,76.5625,100,81.25,100,68.75,100,100,100,46.875,39.0625,100,9.375,90.625,100,100,78.125,100,89.0625,100,82.8125,100,100,73.4375,56.25,100,100,76.5625,46.875,100,100,100,92.1875,100,29.6875,100,29.6875,64.0625,59.375,100,100,100,100,100,75,100,100,67.1875,100,100,59.375,100,75,100,100,100,92.1875,81.25,100,54.6875,100,100,100,46.875,100,85.9375,100,34.375,100,84.375,89.0625,100,96.875,84.375,53.125,100,100,39.0625,10.9375,100,73.4375,100,100,100,73.4375,96.875,67.1875,100,100,100,100,26.5625,100,100,100,76.5625,95.3125,100,85.9375,35.9375,93.75,64.0625,50,100,100,96.875,100,100,100,100,62.5,84.375,98.4375,89.0625,82.8125,76.5625,92.1875,100,100,95.3125,96.875,100,100,100,65.625,95.3125,84.375,100,46.875,100,96.875,100,100,59.375,70.3125,48.4375,89.0625,23.4375,43.75,100,100,100,46.875,75,51.5625,100,100,100,84.375,79.6875,70.3125,85.9375,53.125,100,100,67.1875,100,100,82.8125,64.0625,56.25,60.9375,100,100,46.875,75,100,73.4375,54.6875,100,100,87.5,100,73.4375,39.0625,100,100,53.125,100,100,70.3125,39.0625,100,100,60.9375,92.1875,78.125,100,98.4375,79.6875,73.4375,100,100,96.875,100,37.5,100,73.4375,43.75,100,100,60.9375,100,100,93.75,100,100,100,82.8125,100,100,90.625,92.1875,100,100,100,100,100,64.0625,100,82.8125,100,95.3125,92.1875,100,100,78.125,100,35.9375,65.625,43.75,100,92.1875,100,100,100,92.1875,93.75,93.75,100,95.3125,57.8125,48.4375,87.5,100,100,100,100,78.125,84.375,40.625,100,81.25,82.8125,71.875,100,68.75,68.75,92.1875,70.3125,100,18.75,95.3125,87.5,92.1875,28.125,39.0625,100,54.6875,100,100,31.25,100,39.0625,59.375,73.4375,70.3125,17.1875,59.375,100,65.625,84.375,100,100,87.5,100,60.9375,100,100,87.5,100,100,100,84.375,100,100,56.25,100,34.375,100,100,53.125,100,35.9375,100,84.375,59.375,93.75,53.125,40.625,95.3125,100,70.3125,85.9375,100,100,100,100,71.875,100,39.0625,100,60.9375,100,100,100,85.9375,43.75,28.125,100,100,51.5625,68.75,100,100,54.6875,100,100,93.75,100,71.875,100,100,100,70.3125,100,76.5625,100,100,95.3125,82.8125,60.9375,45.3125,51.5625,100,100,100,100,100,100,100,90.625,100,100,100,100,100,78.125,70.3125,100,100,100,100,100,82.8125,100,51.5625,67.1875,100,78.125,100,81.25,100,100,25,35.9375,1.5625,90.625,51.5625,28.125,100,75,100,100,100,100,100,100,78.125,82.8125,100,100,100,100,100,92.1875,100,95.3125,32.8125,37.5,54.6875,100,60.9375,100,100,100,78.125,100,57.8125,64.0625,100,100,57.8125,100,100,82.8125,100,98.4375,82.8125,95.3125,100,100,93.75,95.3125,54.6875,28.125,85.9375,75,100,51.5625,25,100,39.0625,100,68.75,100,35.9375,100,100,100,76.5625,100,81.25,100,98.4375,59.375,100,71.875,81.25,100,93.75,85.9375,100,85.9375,100,100,96.875,82.8125,100,100,31.25,71.875,98.4375,68.75,75,100,100,56.25,85.9375,100,79.6875,29.6875,68.75,53.125,100,100,100,45.3125,100,59.375,34.375,51.5625,81.25,100,100,90.625,10.9375,62.5,100,54.6875,89.0625,100,51.5625,100,57.8125,82.8125,59.375,81.25,100,100,37.5,59.375,100,100,100,100,85.9375,100
"6027",89.0625,100,32.8125,100,100,70.3125,67.1875,100,21.875,96.875,56.25,100,100,100,73.4375,76.5625,87.5,96.875,100,100,96.875,100,100,100,53.125,100,100,93.75,87.5,100,100,100,100,100,100,96.875,50,100,100,90.625,70.3125,62.5,78.125,100,100,100,73.4375,100,59.375,84.375,75,100,100,70.3125,70.3125,100,15.625,100,100,39.0625,85.9375,54.6875,98.4375,100,100,96.875,60.9375,100,73.4375,100,56.25,71.875,100,100,56.25,78.125,100,62.5,57.8125,100,78.125,100,84.375,79.6875,64.0625,100,100,82.8125,100,100,56.25,82.8125,100,46.875,89.0625,100,100,64.0625,100,100,71.875,100,100,92.1875,84.375,25,100,67.1875,85.9375,100,89.0625,67.1875,100,100,34.375,100,21.875,100,100,100,67.1875,100,100,71.875,34.375,53.125,100,18.75,100,100,100,100,92.1875,100,100,56.25,59.375,78.125,100,100,100,100,42.1875,51.5625,100,100,100,100,60.9375,76.5625,54.6875,35.9375,78.125,92.1875,100,87.5,73.4375,100,100,3.125,100,100,73.4375,100,89.0625,70.3125,100,85.9375,31.25,92.1875,96.875,70.3125,100,65.625,76.5625,100,84.375,100,100,100,100,84.375,100,64.0625,96.875,100,28.125,40.625,100,84.375,100,100,79.6875,100,98.4375,100,62.5,81.25,100,100,18.75,100,96.875,100,100,100,100,100,85.9375,100,37.5,29.6875,100,100,82.8125,78.125,53.125,65.625,100,40.625,100,68.75,100,92.1875,100,53.125,100,100,100,100,76.5625,78.125,100,100,100,100,84.375,60.9375,90.625,100,100,100,100,84.375,100,26.5625,100,90.625,100,46.875,100,76.5625,81.25,100,100,62.5,100,60.9375,100,100,100,98.4375,31.25,87.5,62.5,85.9375,100,100,100,100,59.375,57.8125,100,100,93.75,67.1875,29.6875,100,60.9375,100,70.3125,100,98.4375,100,100,100,32.8125,98.4375,76.5625,90.625,76.5625,100,20.3125,56.25,100,100,100,95.3125,64.0625,75,40.625,100,67.1875,68.75,100,84.375,89.0625,40.625,90.625,100,100,40.625,29.6875,100,65.625,93.75,100,90.625,67.1875,57.8125,87.5,100,50,100,26.5625,71.875,100,70.3125,100,68.75,87.5,26.5625,76.5625,89.0625,98.4375,39.0625,100,87.5,100,100,100,82.8125,60.9375,100,64.0625,68.75,26.5625,100,100,71.875,100,78.125,100,92.1875,68.75,100,98.4375,68.75,57.8125,78.125,89.0625,95.3125,100,100,84.375,53.125,100,100,98.4375,100,100,100,98.4375,71.875,87.5,100,89.0625,70.3125,79.6875,100,82.8125,76.5625,57.8125,100,100,21.875,98.4375,100,60.9375,87.5,100,84.375,100,100,100,78.125,100,79.6875,98.4375,26.5625,100,100,100,100,100,43.75,59.375,79.6875,78.125,92.1875,68.75,98.4375,100,92.1875,100,95.3125,39.0625,54.6875,100,76.5625,59.375,87.5,100,95.3125,100,28.125,40.625,100,100,100,82.8125,100,76.5625,100,76.5625,84.375,68.75,100,100,100,100,84.375,100,84.375,100,100,100,82.8125,84.375,92.1875,93.75,14.0625,100,100,82.8125,71.875,100,64.0625,100,100,76.5625,71.875,70.3125,96.875,100,60.9375,100,79.6875,100,70.3125,76.5625,37.5,64.0625,98.4375,100,89.0625,100,100,100,100,73.4375,100,100,67.1875,82.8125,100,53.125,100,64.0625,75,100,78.125,79.6875,59.375,35.9375,100,100,95.3125,56.25,57.8125,75,100,75,100,87.5,56.25,73.4375,82.8125,100,100,64.0625,73.4375,68.75,100,100,100,100,100,100,100,100,62.5,87.5,54.6875,26.5625,92.1875,100,93.75,37.5,100,51.5625,100,87.5,95.3125,84.375,70.3125,100,82.8125,84.375,100,79.6875,59.375,100,35.9375,46.875,100,84.375,100,100,70.3125,100,100,100,100,100,46.875,65.625,100,73.4375,96.875,100,71.875,100,100,100,100,28.125,75,100,100,67.1875,100,92.1875,100,34.375,70.3125,100,62.5,98.4375,100,100,100,100,100,89.0625,92.1875,100,70.3125,100,64.0625,100,56.25,100,100,100,100,93.75,100,60.9375,100,100,100,100,57.8125,95.3125,100,64.0625,20.3125,100,48.4375,84.375,87.5,78.125,100,57.8125,100,100,100,100,100,35.9375,100,100,84.375,100,100,100,100,100,81.25,100,100,100,100,100,100,100,90.625,100,100,100,100,26.5625,53.125,70.3125,79.6875,90.625,78.125,100,100,100,93.75,90.625,100,42.1875,6.25,79.6875,57.8125,50,100,100,100,71.875,100,100,29.6875,100,82.8125,46.875,59.375,79.6875,65.625,71.875,98.4375,78.125,96.875,93.75,17.1875,79.6875,62.5,40.625,79.6875,92.1875,46.875,73.4375,100,100,100,100,100,100,75,100,50,68.75,100,100,64.0625,100,54.6875,46.875,100,50,100,92.1875,37.5,100,100,100,75,100,73.4375,81.25,84.375,100,100,62.5,82.8125,100,100,42.1875,100,100,100,81.25,100,100,100,100,100,76.5625,64.0625,100,100,100,93.75,100,100,100,89.0625,100,54.6875,68.75,100,100,34.375,35.9375,100,100,35.9375,87.5,100,73.4375,60.9375,64.0625,95.3125,100,84.375,100,100,100,100,75,84.375,31.25,84.375,100,100,100,48.4375,79.6875,73.4375,68.75,18.75,100,100,100,45.3125,60.9375,48.4375,84.375,100,98.4375,81.25,100,100,79.6875,100,100,92.1875,100,90.625,53.125,65.625,100,100,81.25,100,100,100,100,56.25,84.375,96.875,100,37.5,85.9375,100,100,100,76.5625,85.9375,100,84.375,62.5,100,37.5,87.5,100,100,54.6875,76.5625,87.5,100,100,100,100,96.875,62.5,85.9375,100,78.125,81.25,100,73.4375,46.875,100,70.3125,79.6875,79.6875,40.625,100,40.625,100,70.3125,100,100,71.875,81.25,73.4375,100,100,100,67.1875,100,75,62.5,65.625,100,100,78.125,100,95.3125,100,68.75,100,89.0625,100,100,100,100,100,100,100,100,64.0625,43.75,100,68.75,100,84.375,100,53.125,78.125,100,9.375,100,96.875,57.8125,100,67.1875,100,21.875,76.5625,100,98.4375,98.4375,68.75,100,100,71.875,67.1875,100,100,32.8125,98.4375,84.375,71.875,78.125,100,100,100,100,57.8125,100,21.875,100,78.125,100,100,42.1875,100,64.0625,59.375,90.625,100,35.9375,100,81.25,100,100,48.4375,70.3125,62.5,85.9375,100,54.6875,89.0625,85.9375,100,59.375,81.25,100,100,70.3125,100,100,56.25,96.875,100,25,67.1875,100,100,100,70.3125,100,100,100,100,100,100,93.75,100,54.6875,100,84.375,100,100,100,100,65.625,64.0625,100,87.5,28.125,23.4375,100,82.8125,100,59.375,100,81.25,50,31.25,100,46.875,87.5,71.875,70.3125,100,71.875,87.5,100,100,100,62.5,100,100,100,100,100,59.375,89.0625,92.1875,98.4375,98.4375,64.0625,95.3125,64.0625,73.4375,9.375,95.3125,100,82.8125,84.375,100,59.375,67.1875,76.5625,100,100,100,50,45.3125,100,32.8125,34.375,73.4375,100,79.6875,100,65.625,100,96.875,90.625,100,100,100,100,81.25,100,100,60.9375,76.5625,64.0625,65.625,100,100,100,100,100,100,100,70.3125,100,67.1875,92.1875,100,100,100,100,100,10.9375,87.5,89.0625,100,93.75,100,100,100,100,65.625,95.3125,100,84.375,75,100,100,75,82.8125,100,81.25,100,100,39.0625,100,56.25,100,100,67.1875,100,100,28.125,100,100,81.25,90.625,100,34.375,76.5625,100,100,100,71.875,17.1875,100,100,100,57.8125,100,100,100,100,100,100,92.1875,7.8125,84.375,89.0625,85.9375,100,78.125,100,87.5,100,100,100,100,100,76.5625,85.9375,100,95.3125,65.625,100,85.9375,40.625,40.625,82.8125,100,54.6875,67.1875,70.3125,100,100,100,54.6875,62.5,81.25,100,100,100,100,100,100,57.8125,65.625,100,93.75,100,60.9375,100,98.4375,84.375,78.125,93.75,100,100,100,100,100,100,100,48.4375,57.8125,100,100,60.9375,100,100,100,73.4375,71.875,100,100,98.4375,78.125,40.625,96.875,100,84.375,76.5625,100,100,89.0625,82.8125,95.3125,100,89.0625,75,100,78.125,100,100,82.8125,98.4375,100,45.3125,51.5625,100,100,68.75,87.5,100,46.875,100,100,42.1875,100,98.4375,28.125,100,89.0625,100,95.3125,100,100,100,100,100,100,100,60.9375,98.4375,57.8125,20.3125,70.3125,100,95.3125,92.1875,17.1875,95.3125,79.6875,100,100,32.8125,100,100,76.5625,100,93.75,100,100,81.25,32.8125,100,48.4375,59.375,100,100,100,100,35.9375,70.3125,100,100,92.1875,89.0625,51.5625,100,29.6875,100,100,100,100,64.0625,68.75,100,73.4375,100,100,100,100,100,98.4375,79.6875,51.5625,89.0625,73.4375,100,100,78.125,71.875,90.625,67.1875,14.0625,50,100,100,65.625,93.75,100,71.875,42.1875,100,42.1875,84.375,100,92.1875,100,100,100,100,100,73.4375,100,100,64.0625,82.8125,100,95.3125,100,85.9375,89.0625,100,100,70.3125,100,95.3125,100,64.0625,100,100,68.75,60.9375,100,92.1875,59.375,100,100,89.0625,100,100,100,100,90.625,53.125,100,100,100,45.3125,98.4375,40.625,98.4375,100,62.5,28.125,85.9375,85.9375,100,100,85.9375,67.1875,65.625,39.0625,43.75,100,100,76.5625,60.9375,60.9375,100,70.3125,90.625,95.3125,100,89.0625,100,67.1875,95.3125,67.1875,100,100,100,75,100,100,100,79.6875,100,62.5,82.8125,93.75,100,100,100,73.4375,28.125,64.0625,100,100,90.625,100,100,100,100,67.1875,90.625,100,90.625,100,100,100,100,56.25,53.125,48.4375,48.4375,76.5625,60.9375,90.625,100,90.625,100,84.375,100,100,100,26.5625,89.0625,100,68.75,71.875,100,100,64.0625,100,100,100,100,100,100,100,100,87.5,92.1875,100,76.5625,100,100,100,100,100,95.3125,100,100,100,100,15.625,67.1875,100,100,85.9375,89.0625,73.4375,100,100,90.625,75,100,92.1875,100,70.3125,90.625,76.5625,100,100,79.6875,100,100,87.5,34.375,96.875,100,92.1875,76.5625,78.125,100,100,82.8125,100,95.3125,100,96.875,100,100,100,79.6875,35.9375,71.875,100,65.625,100,100,100,100,100,100,100,100,100,90.625,96.875,100,92.1875,100,100,100,100,90.625,100,100,100,85.9375,100,70.3125,100,93.75,100,100,100,92.1875,67.1875,100,100,35.9375,7.8125,45.3125,100,100,100,100,100,76.5625,100,100,100,100,34.375,100,84.375,100,100,100,62.5,100,100,100,100,43.75,84.375,100,57.8125,62.5,96.875,100,68.75,90.625,100,75,100,68.75,50,73.4375,73.4375,81.25,100,81.25,70.3125,100,100,100,53.125,87.5,100,87.5,76.5625,56.25,67.1875,29.6875,93.75,85.9375,100,100,81.25,100,100,100,100,71.875,29.6875,89.0625,100,95.3125,100,20.3125,81.25,100,96.875,100,100,89.0625,100,100,100,100,100,85.9375,98.4375,100,100,100,100,100,100,100,100,100,100,100,59.375,100,31.25,95.3125,78.125,100,100,89.0625,100,15.625,71.875,62.5,68.75,100,100,100,26.5625,100,100,100,100,92.1875,100,56.25,100,100,100,70.3125,56.25,100,87.5,100,20.3125,89.0625,68.75,26.5625,32.8125,76.5625,64.0625,100,100,93.75,100,76.5625,100,100,100,87.5,53.125,100,25,45.3125,100,95.3125,59.375,100,26.5625,87.5,100,100,100,95.3125,100,32.8125,18.75,100,100,100,100,82.8125,100,100,100,100,100,87.5,56.25,73.4375,100,100,81.25,90.625,100,100,100,100,87.5,100,65.625,51.5625,100,100,100,100,93.75,100,100,100,100,76.5625,34.375,100,100,100,71.875,76.5625,100,62.5,100,100,26.5625,59.375,62.5,59.375,84.375,100,100,100,100,100,73.4375,89.0625,100,100,100,100,95.3125,100,100,100,100,68.75,100,54.6875,100,31.25,85.9375,65.625,100,100,100,100,57.8125,100,28.125,50,98.4375,100,59.375,100,100,100,100,100,78.125,78.125,79.6875,81.25,100,42.1875,100,73.4375,84.375,100,100,100,90.625,84.375,100,71.875,100,93.75,25,68.75,100,28.125,100,54.6875,100,100,75,100,100,100,14.0625,78.125,96.875,100,100,100,93.75,62.5,40.625,81.25,71.875,81.25,76.5625,100,65.625,84.375,93.75,28.125,100,71.875,100,100,100,100,40.625,70.3125,100,93.75,100,100,89.0625,96.875,100,9.375,100,100,65.625,100,57.8125,100,87.5,100,73.4375,90.625,51.5625,67.1875,100,53.125,100,70.3125,100,54.6875,100,100,100,100,92.1875,90.625,32.8125,100,100,85.9375,100,100,100,84.375,100,81.25,100,82.8125,100,100,56.25,100,75,29.6875,98.4375,100,89.0625,46.875,100,65.625,100,20.3125,35.9375,100,70.3125,76.5625,100,34.375,98.4375,100,100,75,87.5,90.625,50,100,95.3125,100,89.0625,32.8125,28.125,100,68.75,100,100,92.1875,70.3125,100,54.6875,37.5,37.5,100,7.8125,62.5,89.0625,100,75,82.8125,95.3125,100,59.375,100,46.875,100,100,67.1875,100,100,100,60.9375,85.9375,42.1875,100,100,100,100,96.875,100,100,100,84.375,100,100,100,59.375,68.75,100,100,70.3125,57.8125,48.4375,100,89.0625,79.6875,100,75,100,79.6875,85.9375,82.8125,100,85.9375,100,100,93.75,100,100,84.375,59.375,53.125,92.1875,100,100,100,100,100,100,34.375,100,100,93.75,100,89.0625,92.1875,70.3125,100,100,100,100,100,100,100,100,89.0625,100,76.5625,76.5625,100,100,100,89.0625,100,100,100,67.1875,100,100,81.25,100,100,51.5625,87.5,79.6875,70.3125,100,65.625,68.75,59.375,93.75,100,90.625,100,100,100,26.5625,100,50,100,100,93.75,100,17.1875,57.8125,68.75,81.25,100,93.75,37.5,95.3125,73.4375,40.625,31.25,57.8125,54.6875,100,100,100,100,90.625,73.4375,100,100,93.75,78.125,100,100,100,100,100,100,71.875,100,100,96.875,98.4375,100,82.8125,100,100,100,100,100,100,71.875,81.25,100,92.1875,81.25,100,100,100,100,76.5625,100,54.6875,100,100,56.25,100,70.3125,100,76.5625,71.875,70.3125,75,100,100,100,100,100,81.25,73.4375,35.9375,100,100,57.8125,32.8125,84.375,100,92.1875,100,92.1875,78.125,100,89.0625,62.5,100,96.875,100,98.4375,100,100,89.0625,100,20.3125,75,84.375,100,100,100,34.375,85.9375,67.1875,90.625,84.375,100,100,57.8125,100,82.8125,67.1875,59.375,100,87.5,81.25,73.4375,79.6875,100,92.1875,100,100,82.8125,96.875,21.875,59.375,81.25,70.3125,39.0625,100,59.375,100,100,56.25,100,85.9375,34.375,100,87.5,75,89.0625,59.375,79.6875,100,17.1875,100,100,68.75,93.75,85.9375,75,100,100,45.3125,62.5,95.3125,100,81.25,100,100,90.625,53.125,57.8125,100,100,100,100,93.75,100,100,93.75,79.6875,65.625,90.625,100,62.5,100,100,85.9375,90.625,100,78.125,96.875,100,31.25,100,100,100,100,100,65.625,87.5,37.5,100,100,56.25,40.625,84.375,39.0625,100,100,73.4375,85.9375,100,93.75,100,100,65.625,67.1875,78.125,100,100,100,100,100,54.6875,93.75,100,95.3125,100,87.5,70.3125,40.625,14.0625,100,70.3125,62.5,100,50,60.9375,76.5625,92.1875,68.75,93.75,54.6875,95.3125,100,100,95.3125,31.25,100,82.8125,81.25,100,100,100,100,100,100,93.75,79.6875,100,98.4375,100,100,68.75,78.125,35.9375,67.1875,100,100,100,100,100,96.875,60.9375,50,90.625,76.5625,100,100,100,100,100,100,100,64.0625,100,100,76.5625,100,90.625,100,34.375,100,50,100,100,100,100,100,89.0625,85.9375,100,100,100,92.1875,100,90.625,100,100,100,100,87.5,53.125,100,95.3125,100,100,28.125,76.5625,100,100,100,100,100,100,100,62.5,29.6875,100,92.1875,48.4375,100,100,93.75,87.5,64.0625,89.0625,100,100,100,98.4375,100,100,73.4375,39.0625,21.875,76.5625,100,100,100,100,100,39.0625,98.4375,100,100,82.8125,93.75,68.75,95.3125,64.0625,100,25,100,100,89.0625,54.6875,100,100,50,100,73.4375,93.75,100,100,100,78.125,78.125,100,100,78.125,100,28.125,100,100,81.25,65.625,68.75,100,100,100,98.4375,100,100,84.375,64.0625,100,60.9375,54.6875,100,100,75,100,100,96.875,57.8125,100,100,100,96.875,100,100,96.875,71.875,76.5625,100,59.375,100,100,64.0625,100,100,65.625,100,100,87.5,100,100,82.8125,100,56.25,70.3125,98.4375,100,26.5625,40.625,75,100,67.1875,78.125,100,85.9375,100,100,100,79.6875,100,85.9375,100,78.125,100,100,100,46.875,100,100,70.3125,78.125,100,100,79.6875,100,81.25,100,100,43.75,100,92.1875,100,100,100,75,43.75,100,96.875,100,92.1875,100,32.8125,100,37.5,29.6875,59.375,100,73.4375,100,100,100,75,100,100,53.125,100,100,81.25,100,75,100,100,100,84.375,89.0625,100,57.8125,100,100,100,48.4375,100,85.9375,59.375,32.8125,100,100,84.375,85.9375,92.1875,82.8125,51.5625,100,100,45.3125,10.9375,100,56.25,100,100,100,75,100,67.1875,100,100,100,100,26.5625,100,100,93.75,71.875,100,100,100,85.9375,100,64.0625,75,100,100,93.75,78.125,100,100,100,62.5,82.8125,98.4375,71.875,100,71.875,92.1875,89.0625,100,93.75,42.1875,89.0625,100,100,65.625,84.375,84.375,100,100,100,96.875,100,100,59.375,70.3125,68.75,89.0625,18.75,51.5625,100,100,100,48.4375,62.5,100,100,100,93.75,89.0625,78.125,62.5,89.0625,9.375,76.5625,100,64.0625,100,100,31.25,100,92.1875,57.8125,100,48.4375,31.25,71.875,100,82.8125,54.6875,100,100,90.625,100,75,39.0625,100,100,53.125,100,100,62.5,40.625,100,100,65.625,93.75,78.125,100,100,85.9375,78.125,100,100,100,100,37.5,100,75,42.1875,100,100,57.8125,100,100,92.1875,46.875,100,100,89.0625,100,95.3125,90.625,89.0625,100,100,68.75,100,100,65.625,100,89.0625,100,95.3125,85.9375,100,100,85.9375,100,42.1875,42.1875,48.4375,85.9375,92.1875,59.375,100,81.25,96.875,90.625,96.875,100,100,56.25,48.4375,100,57.8125,100,100,85.9375,79.6875,100,40.625,100,82.8125,87.5,71.875,100,76.5625,68.75,100,70.3125,98.4375,20.3125,95.3125,82.8125,100,28.125,39.0625,100,57.8125,100,100,26.5625,89.0625,100,59.375,100,98.4375,100,79.6875,93.75,67.1875,87.5,56.25,100,82.8125,100,85.9375,100,100,89.0625,100,81.25,79.6875,85.9375,100,100,56.25,100,35.9375,100,100,51.5625,100,37.5,100,79.6875,57.8125,100,46.875,51.5625,84.375,100,65.625,70.3125,100,100,100,100,70.3125,98.4375,40.625,100,56.25,100,100,100,82.8125,67.1875,28.125,100,100,50,68.75,100,100,54.6875,100,100,100,100,67.1875,100,100,100,71.875,100,65.625,65.625,100,93.75,84.375,59.375,43.75,51.5625,100,100,100,100,100,89.0625,100,64.0625,100,100,35.9375,81.25,100,82.8125,68.75,100,96.875,100,100,100,85.9375,31.25,54.6875,95.3125,100,28.125,39.0625,71.875,100,100,100,32.8125,1.5625,100,100,29.6875,100,87.5,100,100,100,100,100,32.8125,100,85.9375,78.125,100,37.5,100,92.1875,92.1875,100,100,96.875,35.9375,59.375,100,54.6875,100,100,98.4375,78.125,100,46.875,65.625,100,100,56.25,100,100,82.8125,100,98.4375,73.4375,39.0625,100,40.625,92.1875,98.4375,62.5,26.5625,100,87.5,100,100,70.3125,100,42.1875,100,51.5625,100,35.9375,85.9375,100,100,100,100,84.375,100,98.4375,59.375,100,75,79.6875,100,73.4375,100,100,54.6875,100,100,96.875,64.0625,100,95.3125,31.25,68.75,100,68.75,76.5625,100,100,54.6875,82.8125,100,89.0625,29.6875,67.1875,32.8125,100,100,100,35.9375,100,76.5625,34.375,100,76.5625,100,100,100,100,60.9375,100,54.6875,84.375,100,51.5625,100,53.125,100,60.9375,79.6875,100,100,10.9375,60.9375,100,89.0625,100,100,93.75,100
"6028",89.0625,100,34.375,100,100,67.1875,68.75,96.875,23.4375,84.375,56.25,100,100,100,73.4375,76.5625,87.5,78.125,100,100,96.875,100,100,100,54.6875,100,100,93.75,84.375,100,100,100,100,89.0625,100,96.875,84.375,100,60.9375,96.875,73.4375,64.0625,84.375,100,100,100,100,100,67.1875,87.5,75,100,100,68.75,71.875,100,4.6875,100,15.625,53.125,90.625,100,98.4375,100,100,100,59.375,100,70.3125,100,54.6875,75,100,100,50,100,100,60.9375,51.5625,100,76.5625,79.6875,85.9375,78.125,60.9375,100,100,32.8125,100,46.875,60.9375,84.375,100,46.875,65.625,31.25,100,62.5,100,100,87.5,96.875,100,92.1875,73.4375,34.375,100,50,71.875,79.6875,85.9375,68.75,100,85.9375,34.375,100,100,100,100,84.375,60.9375,100,100,85.9375,82.8125,54.6875,100,18.75,100,100,100,100,85.9375,100,100,59.375,56.25,79.6875,100,100,100,100,42.1875,51.5625,100,100,100,100,59.375,75,62.5,37.5,78.125,92.1875,98.4375,85.9375,76.5625,100,100,6.25,100,100,70.3125,100,89.0625,70.3125,100,87.5,34.375,100,100,71.875,100,64.0625,100,100,85.9375,100,100,100,100,84.375,100,67.1875,85.9375,100,29.6875,100,100,85.9375,100,100,84.375,100,100,100,75,78.125,100,100,18.75,100,96.875,100,100,100,100,100,73.4375,100,35.9375,12.5,100,100,78.125,78.125,42.1875,53.125,100,53.125,85.9375,75,100,59.375,100,53.125,29.6875,100,64.0625,100,43.75,81.25,100,100,100,100,82.8125,60.9375,92.1875,100,100,100,100,90.625,100,26.5625,78.125,89.0625,100,100,100,76.5625,78.125,100,50,60.9375,100,59.375,100,100,35.9375,96.875,31.25,96.875,67.1875,95.3125,100,95.3125,100,100,54.6875,62.5,100,70.3125,82.8125,68.75,29.6875,100,64.0625,100,92.1875,100,51.5625,100,100,100,34.375,98.4375,84.375,90.625,84.375,100,20.3125,45.3125,100,100,89.0625,85.9375,65.625,75,39.0625,100,78.125,76.5625,100,82.8125,89.0625,42.1875,90.625,100,100,51.5625,29.6875,100,71.875,95.3125,100,100,95.3125,42.1875,87.5,100,50,100,25,60.9375,100,71.875,100,71.875,90.625,100,75,100,100,37.5,100,89.0625,100,100,100,84.375,59.375,100,70.3125,65.625,25,100,95.3125,71.875,100,78.125,100,85.9375,68.75,100,96.875,57.8125,54.6875,87.5,85.9375,85.9375,100,100,84.375,51.5625,85.9375,90.625,98.4375,100,100,100,100,81.25,100,100,96.875,73.4375,89.0625,81.25,82.8125,89.0625,89.0625,100,100,90.625,100,100,62.5,92.1875,100,78.125,100,100,100,75,100,60.9375,100,43.75,100,100,100,100,100,29.6875,57.8125,100,78.125,92.1875,71.875,90.625,100,89.0625,100,100,39.0625,46.875,100,75,59.375,87.5,100,100,100,29.6875,45.3125,100,95.3125,100,82.8125,100,82.8125,100,73.4375,81.25,71.875,100,100,100,100,93.75,15.625,92.1875,100,100,100,100,81.25,92.1875,95.3125,100,100,100,82.8125,71.875,100,82.8125,100,100,76.5625,71.875,68.75,100,100,56.25,100,87.5,100,81.25,100,34.375,60.9375,100,100,89.0625,100,95.3125,100,100,76.5625,100,79.6875,64.0625,82.8125,100,48.4375,100,65.625,75,100,79.6875,78.125,45.3125,34.375,100,100,100,54.6875,67.1875,73.4375,100,100,100,85.9375,56.25,100,87.5,100,100,64.0625,76.5625,68.75,100,100,100,100,100,100,100,90.625,62.5,100,54.6875,25,93.75,100,100,40.625,100,51.5625,100,90.625,93.75,84.375,71.875,100,82.8125,84.375,98.4375,85.9375,60.9375,100,35.9375,42.1875,100,82.8125,93.75,100,70.3125,100,100,100,100,93.75,43.75,73.4375,100,73.4375,100,100,71.875,100,100,100,100,29.6875,82.8125,100,100,68.75,100,93.75,84.375,34.375,73.4375,100,67.1875,100,100,68.75,100,43.75,100,100,100,100,68.75,100,65.625,100,62.5,100,98.4375,100,100,84.375,100,62.5,100,100,100,100,76.5625,85.9375,100,90.625,21.875,100,54.6875,73.4375,100,76.5625,100,45.3125,100,95.3125,100,100,79.6875,34.375,100,100,82.8125,96.875,100,32.8125,100,100,82.8125,100,100,100,100,100,100,100,84.375,100,98.4375,100,100,31.25,45.3125,73.4375,73.4375,100,100,100,100,100,92.1875,90.625,100,48.4375,4.6875,67.1875,53.125,50,92.1875,100,98.4375,76.5625,100,100,31.25,100,82.8125,46.875,59.375,81.25,65.625,67.1875,98.4375,75,76.5625,92.1875,100,85.9375,62.5,40.625,82.8125,93.75,42.1875,82.8125,100,100,100,100,100,100,76.5625,100,42.1875,68.75,100,100,60.9375,56.25,62.5,46.875,100,53.125,100,92.1875,100,100,100,100,56.25,100,76.5625,90.625,84.375,100,100,68.75,73.4375,100,100,32.8125,100,100,100,84.375,100,100,100,100,100,81.25,68.75,100,100,100,82.8125,100,100,100,98.4375,100,100,68.75,100,89.0625,100,64.0625,100,100,35.9375,89.0625,100,79.6875,65.625,62.5,96.875,100,73.4375,100,100,100,100,71.875,35.9375,31.25,89.0625,100,100,96.875,48.4375,85.9375,71.875,67.1875,10.9375,100,100,100,45.3125,45.3125,48.4375,84.375,100,43.75,70.3125,100,100,93.75,90.625,82.8125,89.0625,100,100,54.6875,67.1875,100,100,57.8125,100,100,100,100,56.25,100,100,100,37.5,96.875,100,100,62.5,59.375,84.375,100,85.9375,57.8125,95.3125,37.5,81.25,100,100,54.6875,100,60.9375,100,100,100,100,96.875,62.5,54.6875,100,75,92.1875,100,78.125,43.75,100,70.3125,60.9375,79.6875,43.75,100,56.25,100,73.4375,100,100,56.25,82.8125,68.75,14.0625,100,100,68.75,96.875,76.5625,50,65.625,100,100,81.25,100,93.75,100,89.0625,100,78.125,100,100,100,100,100,100,100,100,67.1875,42.1875,100,68.75,93.75,82.8125,100,54.6875,78.125,100,32.8125,100,62.5,59.375,100,78.125,90.625,71.875,87.5,100,100,96.875,48.4375,100,100,70.3125,67.1875,100,100,32.8125,98.4375,100,73.4375,100,100,100,100,100,100,100,20.3125,100,79.6875,92.1875,100,45.3125,100,70.3125,60.9375,93.75,100,35.9375,100,78.125,100,100,100,70.3125,62.5,100,100,51.5625,71.875,93.75,100,62.5,81.25,100,96.875,60.9375,100,100,60.9375,89.0625,100,25,70.3125,100,100,100,70.3125,100,100,100,100,100,100,93.75,100,100,100,100,100,100,100,100,64.0625,64.0625,100,90.625,51.5625,21.875,100,84.375,100,100,100,82.8125,100,31.25,100,48.4375,90.625,68.75,70.3125,100,54.6875,100,100,100,100,100,100,100,100,100,100,60.9375,87.5,48.4375,100,96.875,64.0625,93.75,50,62.5,12.5,82.8125,100,100,84.375,100,51.5625,95.3125,81.25,100,100,100,40.625,100,100,93.75,34.375,82.8125,100,81.25,100,73.4375,100,96.875,100,100,100,100,100,81.25,92.1875,100,100,76.5625,62.5,65.625,100,100,100,100,100,100,100,100,100,75,87.5,100,100,100,100,100,14.0625,82.8125,85.9375,100,93.75,100,100,98.4375,100,70.3125,93.75,100,84.375,75,100,95.3125,71.875,82.8125,100,79.6875,100,100,37.5,100,92.1875,100,100,100,100,100,26.5625,100,100,84.375,100,100,32.8125,78.125,100,100,100,71.875,15.625,100,100,100,100,100,100,100,100,96.875,89.0625,100,64.0625,75,89.0625,100,100,79.6875,100,87.5,100,100,79.6875,100,100,75,81.25,100,93.75,81.25,100,82.8125,68.75,85.9375,82.8125,100,60.9375,79.6875,93.75,100,100,100,42.1875,100,79.6875,100,100,100,45.3125,100,100,57.8125,65.625,100,93.75,100,60.9375,100,98.4375,73.4375,73.4375,95.3125,100,100,100,100,100,100,100,46.875,59.375,100,100,100,100,100,100,84.375,92.1875,92.1875,100,100,59.375,100,96.875,100,65.625,76.5625,100,100,100,84.375,96.875,100,87.5,73.4375,100,12.5,100,100,79.6875,95.3125,100,51.5625,51.5625,100,100,70.3125,79.6875,100,100,100,100,50,100,90.625,25,100,100,100,100,100,100,100,100,100,100,100,60.9375,98.4375,57.8125,79.6875,76.5625,100,71.875,28.125,17.1875,95.3125,75,100,100,32.8125,100,100,73.4375,100,85.9375,100,100,100,32.8125,100,50,100,100,100,100,100,35.9375,67.1875,100,100,95.3125,89.0625,50,100,29.6875,100,100,100,100,59.375,68.75,100,73.4375,100,85.9375,100,100,100,93.75,78.125,50,89.0625,73.4375,100,87.5,75,71.875,92.1875,67.1875,100,48.4375,100,100,62.5,89.0625,100,82.8125,37.5,100,37.5,100,100,93.75,100,100,90.625,100,100,73.4375,100,100,90.625,79.6875,100,96.875,100,85.9375,82.8125,100,100,100,100,89.0625,100,78.125,100,100,60.9375,60.9375,100,26.5625,78.125,100,100,89.0625,100,100,100,100,89.0625,59.375,100,100,100,70.3125,100,40.625,93.75,100,100,29.6875,92.1875,89.0625,100,96.875,85.9375,56.25,73.4375,40.625,43.75,100,100,76.5625,60.9375,60.9375,100,68.75,89.0625,95.3125,87.5,89.0625,100,67.1875,35.9375,54.6875,57.8125,71.875,100,73.4375,100,100,100,81.25,92.1875,79.6875,82.8125,93.75,100,100,100,73.4375,28.125,28.125,95.3125,100,100,100,78.125,100,100,73.4375,90.625,100,73.4375,100,100,100,100,40.625,57.8125,46.875,50,76.5625,62.5,90.625,100,100,100,87.5,100,100,70.3125,26.5625,82.8125,100,76.5625,70.3125,100,93.75,56.25,100,100,100,100,100,100,70.3125,100,100,92.1875,100,70.3125,100,90.625,100,100,100,92.1875,100,100,100,64.0625,42.1875,73.4375,71.875,100,82.8125,82.8125,73.4375,100,100,70.3125,76.5625,100,100,100,75,90.625,75,100,98.4375,76.5625,100,100,93.75,42.1875,100,100,90.625,78.125,76.5625,98.4375,100,84.375,100,50,100,87.5,100,100,100,79.6875,37.5,71.875,100,68.75,100,98.4375,100,100,100,100,100,100,100,89.0625,82.8125,100,85.9375,100,100,100,100,100,100,100,100,93.75,100,70.3125,100,92.1875,67.1875,100,100,95.3125,68.75,100,96.875,37.5,7.8125,45.3125,100,79.6875,100,100,50,79.6875,100,100,100,67.1875,34.375,96.875,75,100,100,100,65.625,100,100,100,100,34.375,89.0625,100,100,68.75,100,100,79.6875,92.1875,100,75,100,65.625,46.875,78.125,100,81.25,34.375,70.3125,70.3125,100,82.8125,100,100,90.625,100,87.5,95.3125,56.25,100,29.6875,100,87.5,100,100,79.6875,100,100,100,100,65.625,28.125,87.5,100,93.75,100,20.3125,85.9375,100,90.625,100,100,100,100,98.4375,100,100,100,85.9375,93.75,100,100,100,100,100,95.3125,100,98.4375,100,82.8125,100,59.375,100,84.375,95.3125,76.5625,68.75,95.3125,96.875,100,89.0625,71.875,48.4375,67.1875,100,100,67.1875,28.125,100,92.1875,100,100,93.75,100,17.1875,100,100,100,60.9375,54.6875,100,79.6875,100,100,85.9375,89.0625,28.125,32.8125,79.6875,60.9375,100,100,93.75,100,81.25,100,100,92.1875,92.1875,53.125,100,25,20.3125,100,95.3125,76.5625,100,29.6875,87.5,100,100,34.375,95.3125,100,31.25,18.75,100,100,100,100,95.3125,100,100,100,100,100,89.0625,59.375,70.3125,100,100,79.6875,95.3125,100,100,100,100,87.5,100,67.1875,51.5625,100,100,100,98.4375,90.625,81.25,100,100,100,75,34.375,100,100,100,56.25,76.5625,100,62.5,100,100,26.5625,57.8125,62.5,51.5625,84.375,100,95.3125,100,100,100,85.9375,87.5,100,100,100,100,84.375,100,100,100,100,71.875,100,56.25,100,29.6875,85.9375,89.0625,100,100,100,100,54.6875,100,28.125,67.1875,100,100,53.125,82.8125,100,100,100,100,65.625,73.4375,89.0625,82.8125,100,43.75,100,65.625,81.25,100,62.5,100,100,87.5,100,73.4375,100,96.875,25,68.75,100,18.75,100,50,100,100,75,100,100,100,60.9375,73.4375,100,100,100,100,90.625,62.5,42.1875,73.4375,67.1875,78.125,75,100,59.375,75,93.75,93.75,100,75,100,100,100,100,53.125,75,100,98.4375,100,100,87.5,100,100,26.5625,100,100,65.625,100,62.5,100,100,100,73.4375,89.0625,39.0625,57.8125,100,71.875,93.75,79.6875,100,51.5625,100,100,100,100,93.75,93.75,28.125,100,100,84.375,100,79.6875,100,100,100,81.25,100,82.8125,100,100,89.0625,100,81.25,31.25,95.3125,100,90.625,51.5625,100,93.75,100,40.625,37.5,100,70.3125,75,100,29.6875,100,100,100,56.25,73.4375,96.875,45.3125,100,90.625,100,93.75,46.875,28.125,100,68.75,100,100,93.75,54.6875,100,54.6875,35.9375,100,100,100,60.9375,95.3125,100,73.4375,84.375,93.75,100,60.9375,100,50,100,100,62.5,82.8125,100,100,100,98.4375,39.0625,100,100,100,100,100,100,100,100,100,100,100,100,57.8125,70.3125,100,100,68.75,59.375,50,100,48.4375,84.375,100,67.1875,75,78.125,82.8125,81.25,100,89.0625,100,100,100,100,100,84.375,59.375,53.125,87.5,100,100,100,100,100,100,34.375,100,98.4375,98.4375,100,89.0625,93.75,28.125,100,100,28.125,56.25,100,100,100,100,57.8125,100,76.5625,76.5625,100,100,100,96.875,100,100,100,67.1875,100,87.5,65.625,100,100,37.5,87.5,81.25,79.6875,100,76.5625,65.625,59.375,81.25,100,89.0625,100,100,100,31.25,100,54.6875,100,100,93.75,100,89.0625,48.4375,17.1875,82.8125,100,100,34.375,100,100,40.625,32.8125,81.25,9.375,100,100,100,100,92.1875,76.5625,100,100,84.375,73.4375,100,100,100,100,100,100,70.3125,100,100,92.1875,100,100,84.375,100,100,100,100,100,100,62.5,81.25,100,100,79.6875,100,100,100,100,84.375,100,51.5625,100,100,56.25,100,70.3125,100,78.125,71.875,70.3125,73.4375,100,100,100,100,100,75,73.4375,35.9375,100,100,60.9375,32.8125,71.875,100,89.0625,100,67.1875,84.375,100,87.5,62.5,100,93.75,100,79.6875,34.375,100,89.0625,100,20.3125,73.4375,92.1875,100,100,100,34.375,68.75,92.1875,92.1875,79.6875,100,100,57.8125,37.5,62.5,68.75,59.375,100,89.0625,75,76.5625,78.125,100,90.625,100,100,81.25,96.875,20.3125,56.25,75,70.3125,39.0625,100,59.375,100,100,57.8125,100,81.25,35.9375,100,84.375,75,43.75,60.9375,82.8125,100,17.1875,100,76.5625,60.9375,100,84.375,100,100,100,48.4375,60.9375,93.75,100,100,100,100,93.75,57.8125,57.8125,100,100,100,100,93.75,100,100,20.3125,70.3125,65.625,85.9375,100,64.0625,100,100,90.625,85.9375,100,92.1875,96.875,100,29.6875,100,76.5625,100,100,100,48.4375,82.8125,34.375,51.5625,100,57.8125,40.625,93.75,37.5,100,100,75,82.8125,84.375,96.875,100,100,68.75,67.1875,73.4375,15.625,100,100,98.4375,100,48.4375,71.875,100,98.4375,100,87.5,71.875,46.875,18.75,100,70.3125,60.9375,100,82.8125,68.75,85.9375,81.25,65.625,93.75,54.6875,92.1875,26.5625,100,100,18.75,100,98.4375,82.8125,100,100,100,100,100,89.0625,93.75,68.75,70.3125,92.1875,100,100,68.75,71.875,43.75,67.1875,100,100,100,100,100,100,70.3125,42.1875,87.5,100,100,100,90.625,100,100,100,18.75,65.625,98.4375,100,100,100,51.5625,100,31.25,100,81.25,100,100,100,100,100,84.375,90.625,75,100,100,92.1875,100,92.1875,96.875,100,100,100,76.5625,56.25,98.4375,95.3125,100,100,28.125,85.9375,48.4375,100,90.625,100,100,78.125,100,56.25,29.6875,71.875,78.125,15.625,100,79.6875,87.5,95.3125,67.1875,87.5,100,100,82.8125,92.1875,100,100,62.5,23.4375,23.4375,75,100,100,100,100,100,26.5625,100,100,100,100,92.1875,68.75,26.5625,65.625,100,25,100,100,64.0625,54.6875,100,100,51.5625,100,76.5625,90.625,100,100,82.8125,81.25,82.8125,81.25,100,84.375,100,28.125,100,100,81.25,68.75,78.125,100,100,100,98.4375,100,100,84.375,64.0625,100,60.9375,54.6875,82.8125,100,73.4375,100,100,95.3125,59.375,90.625,100,100,100,100,100,100,67.1875,60.9375,100,60.9375,100,100,64.0625,100,100,64.0625,100,100,85.9375,100,100,79.6875,100,56.25,70.3125,100,100,28.125,78.125,65.625,100,62.5,100,75,82.8125,93.75,100,100,79.6875,100,81.25,100,65.625,100,100,87.5,46.875,100,100,100,81.25,100,100,78.125,100,76.5625,100,73.4375,100,100,71.875,100,100,100,75,43.75,100,31.25,100,92.1875,100,29.6875,100,4.6875,100,59.375,100,100,100,100,53.125,75,29.6875,100,100,100,100,81.25,100,75,100,100,100,100,81.25,100,64.0625,100,100,81.25,46.875,100,84.375,59.375,32.8125,100,98.4375,84.375,100,92.1875,82.8125,53.125,100,100,40.625,10.9375,100,54.6875,100,100,100,73.4375,100,87.5,100,65.625,100,100,26.5625,100,100,98.4375,76.5625,96.875,100,100,95.3125,100,64.0625,89.0625,100,100,92.1875,78.125,89.0625,100,100,68.75,85.9375,100,76.5625,100,68.75,92.1875,82.8125,100,89.0625,98.4375,85.9375,100,89.0625,67.1875,67.1875,84.375,100,100,100,96.875,100,100,51.5625,68.75,100,87.5,14.0625,53.125,100,100,100,48.4375,76.5625,100,100,85.9375,100,87.5,79.6875,64.0625,87.5,76.5625,100,100,65.625,100,100,51.5625,51.5625,100,57.8125,100,56.25,43.75,73.4375,100,89.0625,54.6875,100,100,82.8125,100,75,40.625,100,100,53.125,100,100,67.1875,40.625,100,100,67.1875,92.1875,78.125,100,98.4375,89.0625,56.25,100,100,100,100,39.0625,100,73.4375,39.0625,100,100,65.625,100,100,92.1875,100,100,100,67.1875,100,96.875,90.625,100,100,100,75,100,100,64.0625,100,90.625,100,100,85.9375,100,100,70.3125,100,35.9375,43.75,50,100,92.1875,100,100,60.9375,96.875,85.9375,79.6875,100,100,57.8125,48.4375,100,100,100,100,78.125,76.5625,100,35.9375,100,71.875,87.5,70.3125,43.75,76.5625,68.75,85.9375,78.125,87.5,18.75,95.3125,81.25,100,28.125,40.625,100,79.6875,100,100,28.125,100,75,59.375,100,75,100,50,85.9375,71.875,87.5,100,100,98.4375,100,62.5,100,100,89.0625,100,100,76.5625,84.375,100,100,56.25,100,34.375,100,100,53.125,100,35.9375,100,79.6875,51.5625,100,48.4375,56.25,82.8125,100,62.5,70.3125,95.3125,100,100,100,75,100,39.0625,100,56.25,100,100,100,82.8125,46.875,28.125,100,100,15.625,62.5,100,100,60.9375,100,100,100,100,62.5,100,100,100,79.6875,100,100,51.5625,100,93.75,87.5,50,45.3125,51.5625,100,100,100,100,100,85.9375,100,56.25,100,100,100,78.125,100,79.6875,65.625,100,100,100,100,100,84.375,89.0625,60.9375,67.1875,100,28.125,100,93.75,100,71.875,100,40.625,1.5625,100,100,35.9375,100,75,100,100,100,100,100,100,100,84.375,100,100,100,100,48.4375,92.1875,100,89.0625,43.75,37.5,57.8125,100,51.5625,31.25,100,96.875,76.5625,100,45.3125,64.0625,100,100,73.4375,100,100,90.625,100,100,87.5,46.875,100,100,92.1875,100,57.8125,28.125,100,100,100,59.375,48.4375,100,42.1875,100,70.3125,100,51.5625,100,100,100,71.875,100,85.9375,100,100,59.375,100,79.6875,81.25,100,93.75,100,100,50,100,100,96.875,84.375,100,95.3125,29.6875,67.1875,96.875,46.875,78.125,100,100,67.1875,81.25,100,85.9375,28.125,68.75,32.8125,100,100,100,78.125,100,59.375,32.8125,100,84.375,100,100,100,100,60.9375,100,54.6875,93.75,100,51.5625,100,51.5625,78.125,56.25,100,100,95.3125,48.4375,59.375,100,85.9375,98.4375,100,100,100
"6029",89.0625,100,40.625,100,100,68.75,70.3125,100,21.875,68.75,62.5,100,100,100,73.4375,75,85.9375,76.5625,100,100,96.875,100,100,100,50,100,100,92.1875,81.25,100,100,100,100,93.75,100,45.3125,84.375,100,100,90.625,73.4375,9.375,92.1875,100,100,100,100,100,67.1875,60.9375,75,100,100,92.1875,71.875,100,32.8125,100,100,45.3125,89.0625,54.6875,98.4375,100,100,100,60.9375,100,62.5,100,56.25,70.3125,85.9375,92.1875,50,79.6875,100,73.4375,51.5625,100,75,100,100,79.6875,62.5,100,100,42.1875,100,53.125,56.25,82.8125,100,46.875,68.75,73.4375,100,64.0625,100,100,75,100,100,92.1875,93.75,35.9375,100,100,85.9375,100,78.125,70.3125,100,100,34.375,100,100,100,100,98.4375,78.125,100,100,71.875,100,54.6875,100,18.75,100,95.3125,100,100,85.9375,100,100,57.8125,60.9375,76.5625,100,100,92.1875,100,35.9375,50,100,100,95.3125,100,25,78.125,60.9375,34.375,76.5625,93.75,100,84.375,76.5625,100,100,6.25,100,100,71.875,100,89.0625,68.75,100,84.375,37.5,100,100,70.3125,100,57.8125,100,90.625,85.9375,100,100,100,100,89.0625,100,54.6875,100,75,28.125,100,100,84.375,100,100,82.8125,100,100,100,75,76.5625,100,100,42.1875,100,96.875,100,100,100,100,100,82.8125,100,37.5,28.125,100,100,84.375,78.125,45.3125,95.3125,100,40.625,53.125,75,100,100,100,53.125,39.0625,100,67.1875,100,79.6875,81.25,100,100,100,100,82.8125,60.9375,57.8125,100,100,100,100,100,100,25,73.4375,89.0625,100,40.625,67.1875,79.6875,78.125,100,70.3125,62.5,100,57.8125,100,100,100,98.4375,31.25,100,95.3125,100,100,100,100,100,51.5625,64.0625,100,100,96.875,64.0625,28.125,100,60.9375,18.75,89.0625,100,17.1875,100,100,100,32.8125,100,89.0625,98.4375,81.25,100,20.3125,46.875,100,75,100,90.625,64.0625,75,39.0625,100,68.75,70.3125,100,84.375,87.5,45.3125,90.625,100,100,65.625,31.25,100,54.6875,93.75,100,100,79.6875,39.0625,87.5,100,50,100,82.8125,57.8125,100,71.875,100,59.375,100,100,75,100,100,35.9375,100,87.5,100,100,100,82.8125,59.375,100,100,68.75,23.4375,100,100,71.875,100,75,100,84.375,53.125,100,100,71.875,53.125,89.0625,87.5,81.25,100,100,81.25,53.125,100,84.375,98.4375,100,100,100,92.1875,71.875,84.375,100,90.625,81.25,73.4375,100,81.25,87.5,100,100,100,18.75,100,100,57.8125,90.625,100,75,100,64.0625,100,78.125,100,76.5625,100,34.375,100,100,100,100,100,42.1875,59.375,100,75,98.4375,65.625,98.4375,100,85.9375,100,68.75,37.5,48.4375,100,76.5625,56.25,87.5,100,100,100,37.5,37.5,100,93.75,100,82.8125,100,78.125,100,75,81.25,57.8125,100,100,100,100,93.75,100,93.75,100,100,100,68.75,100,92.1875,87.5,100,100,100,82.8125,73.4375,100,64.0625,100,100,76.5625,73.4375,70.3125,100,95.3125,56.25,100,85.9375,100,62.5,75,34.375,64.0625,100,100,89.0625,100,100,100,37.5,76.5625,100,98.4375,62.5,82.8125,100,48.4375,100,65.625,73.4375,100,15.625,78.125,51.5625,35.9375,100,100,100,56.25,57.8125,32.8125,100,100,100,84.375,65.625,68.75,82.8125,100,100,64.0625,76.5625,68.75,100,100,43.75,100,100,100,100,67.1875,64.0625,100,54.6875,23.4375,93.75,100,90.625,40.625,100,51.5625,100,89.0625,93.75,85.9375,70.3125,100,82.8125,65.625,81.25,84.375,64.0625,100,35.9375,78.125,100,84.375,98.4375,100,70.3125,89.0625,100,100,100,100,39.0625,100,100,73.4375,100,100,71.875,100,100,100,76.5625,31.25,73.4375,100,100,59.375,100,85.9375,100,34.375,70.3125,100,73.4375,62.5,100,64.0625,100,82.8125,100,90.625,100,100,65.625,100,78.125,100,71.875,100,100,100,100,82.8125,100,59.375,100,100,100,100,79.6875,82.8125,100,62.5,42.1875,100,54.6875,64.0625,100,76.5625,100,50,100,100,100,100,100,35.9375,100,84.375,85.9375,100,100,65.625,100,100,76.5625,100,100,100,100,100,100,100,81.25,100,98.4375,100,100,28.125,100,64.0625,68.75,90.625,87.5,100,100,100,95.3125,90.625,100,45.3125,6.25,73.4375,54.6875,37.5,90.625,100,100,64.0625,100,100,29.6875,100,82.8125,50,59.375,81.25,73.4375,60.9375,98.4375,76.5625,93.75,93.75,100,85.9375,64.0625,40.625,81.25,93.75,42.1875,93.75,100,100,100,100,76.5625,100,78.125,100,42.1875,68.75,100,100,56.25,67.1875,56.25,46.875,100,45.3125,100,89.0625,100,100,100,100,45.3125,100,75,90.625,82.8125,100,31.25,68.75,71.875,100,100,35.9375,100,65.625,100,79.6875,100,100,100,100,100,81.25,75,100,100,100,84.375,100,100,100,92.1875,100,100,68.75,100,100,100,45.3125,100,100,35.9375,89.0625,100,78.125,64.0625,62.5,90.625,100,73.4375,79.6875,100,100,100,100,31.25,31.25,90.625,84.375,100,93.75,48.4375,70.3125,68.75,67.1875,20.3125,100,100,100,43.75,50,48.4375,84.375,100,84.375,71.875,100,100,95.3125,100,100,89.0625,90.625,92.1875,57.8125,65.625,100,100,59.375,100,100,100,100,56.25,82.8125,95.3125,100,51.5625,89.0625,100,100,64.0625,18.75,81.25,100,89.0625,64.0625,100,40.625,82.8125,100,100,60.9375,100,67.1875,85.9375,100,100,100,96.875,62.5,78.125,100,78.125,100,100,100,43.75,100,70.3125,84.375,79.6875,100,100,98.4375,100,70.3125,100,100,56.25,79.6875,71.875,100,100,100,68.75,100,75,57.8125,67.1875,100,100,78.125,100,96.875,100,93.75,95.3125,84.375,100,100,100,100,95.3125,100,100,100,67.1875,43.75,100,68.75,100,84.375,100,53.125,78.125,100,39.0625,100,100,57.8125,75,62.5,100,79.6875,75,100,100,98.4375,100,100,100,71.875,67.1875,100,100,39.0625,98.4375,46.875,73.4375,100,100,100,100,100,100,31.25,20.3125,100,78.125,100,82.8125,46.875,90.625,81.25,64.0625,100,100,35.9375,100,82.8125,100,95.3125,59.375,70.3125,57.8125,100,100,51.5625,64.0625,98.4375,100,100,82.8125,100,96.875,54.6875,100,100,64.0625,96.875,100,25,100,100,100,100,70.3125,100,100,100,100,100,100,93.75,100,42.1875,100,100,100,100,100,100,57.8125,65.625,100,84.375,26.5625,20.3125,100,82.8125,100,98.4375,100,82.8125,67.1875,29.6875,100,46.875,90.625,71.875,70.3125,100,65.625,82.8125,100,100,100,98.4375,100,100,100,100,100,60.9375,87.5,100,100,98.4375,90.625,93.75,53.125,71.875,9.375,100,100,100,84.375,100,78.125,70.3125,100,100,100,100,42.1875,100,100,79.6875,28.125,100,100,79.6875,100,81.25,100,93.75,96.875,100,100,100,100,81.25,96.875,100,100,76.5625,70.3125,68.75,100,100,100,100,100,100,100,100,100,76.5625,98.4375,100,100,100,100,100,15.625,98.4375,89.0625,95.3125,93.75,100,100,100,100,65.625,96.875,100,84.375,23.4375,100,100,68.75,53.125,100,81.25,100,100,39.0625,100,96.875,100,100,79.6875,100,100,23.4375,100,100,84.375,100,89.0625,100,78.125,100,100,100,100,17.1875,100,100,100,96.875,100,100,100,100,85.9375,76.5625,82.8125,64.0625,100,89.0625,82.8125,100,79.6875,100,87.5,100,100,100,100,100,75,67.1875,100,95.3125,100,100,84.375,32.8125,92.1875,57.8125,100,53.125,100,100,100,100,100,82.8125,100,90.625,100,100,100,59.375,100,100,70.3125,65.625,100,93.75,100,60.9375,100,96.875,84.375,76.5625,93.75,65.625,100,100,100,100,100,100,54.6875,100,100,100,100,100,100,100,84.375,100,95.3125,100,98.4375,65.625,100,95.3125,100,76.5625,76.5625,100,100,100,79.6875,95.3125,100,87.5,75,100,90.625,100,100,82.8125,95.3125,100,68.75,51.5625,100,100,70.3125,98.4375,100,70.3125,98.4375,100,40.625,100,92.1875,28.125,100,100,100,100,100,100,92.1875,100,100,100,100,71.875,98.4375,57.8125,18.75,76.5625,100,81.25,100,18.75,95.3125,76.5625,100,100,32.8125,100,100,68.75,100,92.1875,100,100,100,31.25,100,48.4375,65.625,100,100,100,100,35.9375,75,100,100,98.4375,89.0625,48.4375,100,39.0625,100,100,100,100,65.625,67.1875,100,73.4375,100,100,100,100,100,92.1875,76.5625,54.6875,89.0625,73.4375,100,79.6875,71.875,84.375,92.1875,67.1875,64.0625,53.125,100,100,65.625,93.75,89.0625,79.6875,40.625,100,87.5,93.75,100,92.1875,100,100,100,100,100,73.4375,100,100,100,98.4375,100,85.9375,100,85.9375,93.75,100,100,54.6875,100,98.4375,100,57.8125,100,100,100,60.9375,100,81.25,100,100,100,89.0625,100,100,100,100,90.625,56.25,100,100,100,67.1875,100,40.625,100,100,100,29.6875,92.1875,100,100,89.0625,87.5,56.25,67.1875,40.625,42.1875,100,100,76.5625,60.9375,64.0625,100,67.1875,92.1875,95.3125,100,90.625,100,68.75,100,73.4375,65.625,100,100,73.4375,100,98.4375,100,79.6875,90.625,56.25,79.6875,92.1875,100,100,100,67.1875,26.5625,28.125,100,100,93.75,100,75,100,46.875,68.75,90.625,100,95.3125,100,75,100,100,34.375,54.6875,42.1875,50,76.5625,56.25,90.625,100,100,100,82.8125,100,100,67.1875,26.5625,89.0625,100,76.5625,70.3125,100,100,54.6875,46.875,100,100,100,100,100,89.0625,100,89.0625,92.1875,100,70.3125,100,92.1875,100,100,100,93.75,100,29.6875,100,6.25,53.125,100,100,100,82.8125,92.1875,71.875,100,100,70.3125,78.125,100,100,100,76.5625,85.9375,75,100,98.4375,78.125,100,100,87.5,43.75,100,100,93.75,78.125,78.125,98.4375,100,73.4375,100,100,100,84.375,100,100,100,81.25,35.9375,71.875,100,71.875,100,100,100,100,100,100,100,100,100,100,96.875,100,93.75,100,100,100,100,98.4375,100,100,100,93.75,100,71.875,100,84.375,100,100,100,95.3125,100,92.1875,95.3125,37.5,9.375,43.75,100,100,100,56.25,46.875,78.125,100,100,100,100,32.8125,75,75,100,100,100,68.75,100,100,90.625,100,45.3125,89.0625,100,100,71.875,89.0625,100,85.9375,85.9375,100,75,53.125,68.75,37.5,84.375,59.375,81.25,70.3125,78.125,62.5,100,56.25,100,100,89.0625,100,87.5,78.125,82.8125,68.75,29.6875,87.5,82.8125,100,100,81.25,100,100,100,100,70.3125,29.6875,85.9375,100,79.6875,100,20.3125,84.375,100,95.3125,100,100,100,100,96.875,90.625,89.0625,100,87.5,75,100,100,100,92.1875,100,95.3125,100,100,100,100,100,59.375,100,100,95.3125,73.4375,35.9375,100,100,100,25,71.875,60.9375,60.9375,100,100,68.75,78.125,100,89.0625,68.75,100,92.1875,100,14.0625,100,100,100,71.875,54.6875,96.875,87.5,100,100,89.0625,100,26.5625,84.375,76.5625,62.5,100,100,90.625,100,100,84.375,100,100,92.1875,54.6875,100,28.125,48.4375,100,95.3125,62.5,100,25,87.5,100,96.875,100,95.3125,100,31.25,20.3125,98.4375,100,100,100,100,100,100,100,100,100,90.625,100,76.5625,100,100,81.25,90.625,100,100,100,100,90.625,98.4375,65.625,53.125,100,100,100,82.8125,93.75,100,100,95.3125,100,100,34.375,100,100,100,57.8125,76.5625,100,59.375,100,100,28.125,59.375,62.5,50,85.9375,100,92.1875,100,95.3125,100,71.875,78.125,96.875,100,98.4375,100,92.1875,100,100,100,100,57.8125,100,57.8125,100,21.875,84.375,100,100,100,100,100,64.0625,79.6875,28.125,60.9375,100,100,54.6875,82.8125,100,100,100,100,78.125,73.4375,90.625,82.8125,100,43.75,100,71.875,84.375,100,20.3125,100,100,84.375,100,75,100,95.3125,23.4375,68.75,100,23.4375,100,51.5625,100,100,75,100,100,100,68.75,71.875,92.1875,100,100,100,90.625,35.9375,42.1875,76.5625,65.625,71.875,73.4375,100,54.6875,84.375,93.75,35.9375,100,76.5625,100,100,100,100,37.5,78.125,100,100,100,64.0625,82.8125,100,100,45.3125,100,100,65.625,100,59.375,100,78.125,100,75,100,100,75,100,100,48.4375,79.6875,100,56.25,100,100,100,100,93.75,93.75,37.5,100,100,85.9375,100,79.6875,100,100,100,81.25,100,82.8125,100,100,84.375,98.4375,67.1875,32.8125,100,100,87.5,50,100,100,10.9375,39.0625,35.9375,100,68.75,78.125,100,31.25,100,100,100,65.625,100,96.875,54.6875,100,100,100,90.625,60.9375,26.5625,100,68.75,100,100,90.625,70.3125,100,57.8125,34.375,18.75,100,54.6875,60.9375,89.0625,100,73.4375,84.375,95.3125,100,60.9375,100,40.625,100,100,60.9375,98.4375,100,100,100,100,39.0625,100,100,100,100,95.3125,100,100,79.6875,100,100,100,100,57.8125,64.0625,100,100,79.6875,100,48.4375,100,64.0625,85.9375,100,64.0625,100,76.5625,85.9375,82.8125,100,89.0625,100,100,100,100,100,84.375,54.6875,53.125,92.1875,98.4375,100,100,100,100,100,34.375,100,100,90.625,100,89.0625,90.625,79.6875,100,100,100,59.375,100,100,100,100,79.6875,100,76.5625,76.5625,100,100,100,89.0625,100,100,100,67.1875,100,100,64.0625,100,100,100,87.5,79.6875,75,100,67.1875,71.875,59.375,65.625,100,100,87.5,100,100,31.25,100,46.875,100,100,93.75,100,98.4375,56.25,64.0625,82.8125,100,100,32.8125,98.4375,90.625,42.1875,34.375,78.125,56.25,100,100,100,84.375,89.0625,79.6875,100,100,96.875,82.8125,100,100,18.75,100,100,96.875,71.875,100,100,100,95.3125,100,85.9375,100,100,76.5625,100,100,100,65.625,81.25,25,92.1875,79.6875,100,100,100,100,79.6875,100,60.9375,100,100,54.6875,100,70.3125,100,79.6875,78.125,70.3125,71.875,100,100,100,100,89.0625,85.9375,85.9375,35.9375,100,81.25,53.125,31.25,93.75,100,90.625,100,73.4375,100,100,89.0625,62.5,100,76.5625,100,78.125,50,100,90.625,100,20.3125,73.4375,73.4375,100,100,100,39.0625,60.9375,100,96.875,23.4375,100,100,59.375,100,70.3125,67.1875,59.375,100,84.375,75,93.75,81.25,100,81.25,100,100,78.125,96.875,21.875,53.125,70.3125,70.3125,39.0625,100,59.375,100,100,60.9375,100,85.9375,34.375,100,90.625,75,82.8125,59.375,100,100,17.1875,100,100,67.1875,100,81.25,75,100,100,43.75,59.375,96.875,100,78.125,100,100,93.75,56.25,56.25,100,100,100,100,95.3125,100,100,21.875,78.125,67.1875,84.375,96.875,76.5625,100,100,85.9375,100,100,92.1875,96.875,100,34.375,100,100,100,100,100,100,85.9375,32.8125,62.5,100,45.3125,40.625,57.8125,32.8125,100,67.1875,73.4375,87.5,95.3125,89.0625,96.875,100,65.625,67.1875,76.5625,79.6875,100,100,59.375,100,46.875,73.4375,100,100,100,87.5,82.8125,64.0625,12.5,100,70.3125,60.9375,100,82.8125,79.6875,78.125,90.625,60.9375,93.75,54.6875,92.1875,100,100,100,18.75,90.625,100,84.375,100,100,100,100,100,90.625,93.75,65.625,90.625,100,100,100,78.125,75,42.1875,67.1875,100,54.6875,100,100,100,100,85.9375,42.1875,90.625,100,100,100,89.0625,100,100,100,95.3125,100,100,100,100,100,62.5,100,32.8125,100,75,100,100,100,100,100,92.1875,90.625,87.5,100,100,92.1875,100,90.625,98.4375,84.375,100,100,71.875,54.6875,96.875,95.3125,100,100,28.125,84.375,100,100,100,100,100,100,100,48.4375,32.8125,100,82.8125,40.625,100,84.375,95.3125,92.1875,64.0625,87.5,100,100,81.25,100,100,100,71.875,14.0625,21.875,81.25,100,100,100,84.375,100,39.0625,100,100,82.8125,100,100,60.9375,75,67.1875,100,25,100,100,100,54.6875,100,100,46.875,100,90.625,89.0625,100,100,95.3125,78.125,87.5,76.5625,100,81.25,100,23.4375,100,100,81.25,62.5,54.6875,100,100,100,98.4375,100,100,82.8125,62.5,100,60.9375,54.6875,100,100,73.4375,100,100,96.875,59.375,93.75,100,100,96.875,100,100,100,70.3125,56.25,100,62.5,100,100,64.0625,100,98.4375,64.0625,100,100,87.5,100,100,78.125,100,57.8125,70.3125,100,100,29.6875,78.125,59.375,100,51.5625,79.6875,100,85.9375,92.1875,100,100,75,100,84.375,100,68.75,100,100,100,46.875,62.5,100,60.9375,76.5625,100,100,100,100,76.5625,100,85.9375,100,100,100,100,100,100,76.5625,31.25,100,20.3125,100,92.1875,100,29.6875,100,25,71.875,59.375,100,100,100,100,98.4375,71.875,100,100,62.5,100,100,81.25,100,75,100,100,100,93.75,81.25,100,54.6875,100,100,100,50,100,89.0625,100,32.8125,100,100,82.8125,90.625,95.3125,78.125,51.5625,100,100,37.5,10.9375,100,54.6875,100,100,100,75,92.1875,100,100,100,100,100,26.5625,100,73.4375,98.4375,100,93.75,100,100,65.625,100,64.0625,53.125,100,100,90.625,75,100,100,100,68.75,84.375,100,87.5,100,73.4375,92.1875,96.875,100,82.8125,100,100,100,87.5,65.625,100,84.375,100,100,100,96.875,100,98.4375,59.375,70.3125,70.3125,89.0625,18.75,45.3125,100,100,100,46.875,67.1875,100,100,100,100,81.25,79.6875,62.5,89.0625,42.1875,95.3125,100,62.5,100,100,79.6875,53.125,100,57.8125,100,57.8125,57.8125,81.25,100,93.75,54.6875,100,100,95.3125,100,65.625,40.625,100,100,56.25,100,100,87.5,35.9375,100,100,57.8125,89.0625,76.5625,100,100,73.4375,51.5625,100,100,100,100,37.5,100,73.4375,68.75,100,100,65.625,100,100,81.25,100,100,100,100,100,90.625,90.625,100,100,100,82.8125,100,100,64.0625,100,92.1875,100,100,85.9375,100,100,75,100,35.9375,60.9375,45.3125,85.9375,92.1875,100,100,100,96.875,87.5,87.5,100,54.6875,56.25,48.4375,100,65.625,100,100,84.375,76.5625,100,48.4375,100,68.75,84.375,71.875,59.375,82.8125,67.1875,68.75,76.5625,89.0625,18.75,95.3125,79.6875,100,28.125,37.5,100,59.375,100,100,29.6875,93.75,89.0625,59.375,59.375,75,100,85.9375,53.125,79.6875,85.9375,100,81.25,92.1875,100,65.625,100,92.1875,90.625,100,100,81.25,84.375,100,100,56.25,100,34.375,100,100,53.125,100,35.9375,100,85.9375,64.0625,100,57.8125,43.75,82.8125,100,64.0625,85.9375,100,100,100,100,79.6875,93.75,42.1875,100,59.375,100,90.625,100,100,100,28.125,100,100,51.5625,65.625,100,76.5625,68.75,100,100,100,100,71.875,100,100,100,78.125,100,59.375,54.6875,100,92.1875,85.9375,57.8125,43.75,51.5625,100,100,100,100,100,82.8125,100,65.625,100,100,100,89.0625,100,92.1875,70.3125,100,96.875,100,100,100,89.0625,32.8125,57.8125,87.5,100,28.125,100,100,100,100,100,42.1875,1.5625,100,100,34.375,100,75,100,100,100,100,100,100,100,85.9375,89.0625,100,100,100,54.6875,90.625,100,90.625,32.8125,37.5,59.375,100,34.375,100,100,100,78.125,100,46.875,64.0625,100,100,57.8125,100,100,98.4375,100,98.4375,73.4375,100,100,23.4375,90.625,42.1875,71.875,28.125,100,95.3125,100,70.3125,18.75,100,42.1875,100,89.0625,68.75,50,79.6875,100,82.8125,70.3125,100,82.8125,100,100,59.375,100,82.8125,81.25,100,92.1875,89.0625,100,50,100,100,96.875,67.1875,100,100,31.25,70.3125,93.75,85.9375,76.5625,100,100,67.1875,81.25,100,85.9375,31.25,65.625,39.0625,100,100,100,75,100,59.375,31.25,100,67.1875,100,100,100,15.625,79.6875,100,56.25,82.8125,100,53.125,100,62.5,76.5625,65.625,81.25,100,100,28.125,56.25,100,84.375,100,100,100,100
"6030",95.3125,100,100,51.5625,51.5625,67.1875,67.1875,90.625,28.125,78.125,57.8125,100,100,100,96.875,60.9375,90.625,79.6875,100,100,96.875,100,100,100,60.9375,100,100,93.75,87.5,100,100,100,100,87.5,100,96.875,82.8125,100,100,100,75,9.375,93.75,100,100,100,78.125,98.4375,68.75,84.375,71.875,100,100,92.1875,79.6875,100,6.25,100,100,50,87.5,50,98.4375,60.9375,100,100,62.5,100,68.75,100,54.6875,71.875,100,96.875,85.9375,79.6875,100,100,51.5625,100,75,100,100,79.6875,62.5,100,100,70.3125,100,100,56.25,82.8125,100,46.875,100,76.5625,100,57.8125,100,100,78.125,100,100,90.625,78.125,28.125,92.1875,71.875,78.125,100,89.0625,70.3125,100,90.625,34.375,100,100,100,100,100,57.8125,100,100,78.125,100,60.9375,100,18.75,100,100,100,100,100,100,100,59.375,64.0625,78.125,25,100,100,100,40.625,51.5625,100,100,100,100,60.9375,82.8125,60.9375,35.9375,78.125,92.1875,100,85.9375,75,100,29.6875,14.0625,100,100,71.875,100,90.625,70.3125,100,85.9375,39.0625,100,81.25,70.3125,92.1875,59.375,100,100,84.375,100,100,100,100,90.625,100,73.4375,100,75,31.25,100,100,87.5,100,100,81.25,100,100,100,59.375,76.5625,100,100,18.75,29.6875,96.875,100,100,100,100,100,78.125,15.625,46.875,100,100,100,81.25,78.125,43.75,75,100,45.3125,93.75,70.3125,59.375,100,100,54.6875,50,96.875,100,100,79.6875,71.875,100,100,100,100,82.8125,92.1875,100,100,100,34.375,100,100,100,25,76.5625,87.5,100,51.5625,39.0625,81.25,78.125,98.4375,100,62.5,100,60.9375,100,100,100,98.4375,31.25,90.625,90.625,93.75,100,100,100,100,51.5625,90.625,100,100,96.875,35.9375,31.25,50,60.9375,100,89.0625,100,28.125,100,100,100,34.375,98.4375,73.4375,100,79.6875,100,20.3125,56.25,100,100,96.875,96.875,65.625,75,53.125,100,89.0625,75,100,82.8125,78.125,10.9375,73.4375,100,100,56.25,29.6875,100,71.875,96.875,85.9375,100,93.75,39.0625,87.5,100,54.6875,76.5625,54.6875,59.375,100,70.3125,100,68.75,85.9375,100,76.5625,100,100,39.0625,100,87.5,100,100,73.4375,79.6875,59.375,100,67.1875,68.75,25,100,59.375,75,100,78.125,100,89.0625,67.1875,100,100,100,59.375,73.4375,89.0625,90.625,100,100,81.25,53.125,98.4375,87.5,98.4375,100,100,100,87.5,79.6875,85.9375,100,87.5,89.0625,84.375,100,75,76.5625,100,100,100,25,100,100,100,90.625,100,71.875,100,100,100,76.5625,100,54.6875,100,35.9375,100,100,100,100,100,53.125,57.8125,79.6875,67.1875,95.3125,70.3125,100,100,81.25,100,100,39.0625,48.4375,100,76.5625,59.375,87.5,100,100,100,34.375,40.625,100,95.3125,100,82.8125,100,81.25,100,76.5625,81.25,64.0625,100,100,100,100,92.1875,100,68.75,89.0625,100,100,82.8125,82.8125,92.1875,95.3125,100,100,100,82.8125,73.4375,100,73.4375,100,100,73.4375,71.875,71.875,100,54.6875,64.0625,100,100,100,93.75,78.125,40.625,57.8125,100,100,89.0625,100,100,100,100,68.75,100,100,81.25,82.8125,100,51.5625,100,70.3125,75,100,15.625,78.125,56.25,37.5,75,100,100,60.9375,73.4375,81.25,100,100,100,85.9375,73.4375,76.5625,82.8125,100,100,64.0625,76.5625,68.75,100,100,76.5625,100,100,100,85.9375,85.9375,75,100,54.6875,31.25,92.1875,100,93.75,37.5,100,51.5625,100,90.625,98.4375,87.5,71.875,100,82.8125,79.6875,100,73.4375,59.375,100,34.375,48.4375,100,84.375,93.75,100,70.3125,73.4375,100,100,100,100,48.4375,62.5,100,75,98.4375,100,71.875,100,100,100,93.75,31.25,100,100,100,67.1875,100,92.1875,92.1875,34.375,76.5625,100,73.4375,82.8125,100,64.0625,67.1875,87.5,100,100,90.625,100,82.8125,100,64.0625,100,60.9375,100,100,100,100,82.8125,100,60.9375,98.4375,100,100,100,100,75,100,56.25,59.375,98.4375,48.4375,60.9375,100,76.5625,100,57.8125,100,100,84.375,100,100,35.9375,100,93.75,82.8125,100,67.1875,54.6875,100,100,82.8125,100,100,23.4375,100,100,25,100,100,100,96.875,100,20.3125,32.8125,53.125,60.9375,84.375,81.25,95.3125,100,100,100,93.75,90.625,100,43.75,7.8125,64.0625,73.4375,40.625,90.625,100,100,70.3125,100,100,32.8125,100,85.9375,48.4375,59.375,75,73.4375,57.8125,98.4375,78.125,100,93.75,45.3125,87.5,64.0625,40.625,84.375,93.75,46.875,78.125,100,100,100,100,46.875,100,78.125,100,43.75,68.75,100,26.5625,71.875,79.6875,67.1875,46.875,100,50,100,92.1875,100,100,100,100,59.375,100,75,90.625,82.8125,100,100,62.5,92.1875,100,100,34.375,100,100,100,79.6875,100,100,100,100,100,82.8125,70.3125,100,100,100,87.5,100,100,100,87.5,100,100,68.75,100,100,100,64.0625,100,100,35.9375,89.0625,100,75,78.125,65.625,87.5,100,65.625,81.25,100,100,92.1875,59.375,34.375,31.25,82.8125,100,100,100,48.4375,73.4375,73.4375,73.4375,25,100,98.4375,100,45.3125,100,48.4375,84.375,100,100,100,100,100,78.125,100,100,90.625,89.0625,100,54.6875,64.0625,100,100,96.875,57.8125,100,100,100,56.25,87.5,100,100,37.5,90.625,100,100,78.125,100,79.6875,100,87.5,65.625,100,43.75,92.1875,100,100,54.6875,100,59.375,100,100,100,100,96.875,62.5,100,100,87.5,87.5,100,100,35.9375,100,71.875,82.8125,98.4375,32.8125,100,100,100,68.75,100,100,60.9375,81.25,67.1875,100,100,100,68.75,100,75,50,67.1875,100,100,81.25,100,100,100,92.1875,100,79.6875,100,100,100,100,100,100,100,100,70.3125,45.3125,100,62.5,95.3125,79.6875,100,60.9375,78.125,100,62.5,100,90.625,56.25,100,64.0625,53.125,70.3125,73.4375,100,98.4375,98.4375,56.25,100,100,71.875,67.1875,100,100,40.625,98.4375,93.75,73.4375,96.875,100,100,100,100,100,100,34.375,100,78.125,100,89.0625,46.875,100,56.25,64.0625,95.3125,100,35.9375,100,78.125,100,87.5,100,71.875,62.5,46.875,100,57.8125,100,87.5,100,64.0625,82.8125,100,100,59.375,100,100,60.9375,95.3125,100,25,67.1875,100,100,100,70.3125,100,100,96.875,100,100,100,92.1875,100,100,100,98.4375,100,100,100,100,68.75,64.0625,100,96.875,26.5625,75,100,82.8125,100,100,64.0625,92.1875,65.625,31.25,100,46.875,100,71.875,70.3125,100,68.75,90.625,100,100,100,93.75,100,100,100,100,100,60.9375,87.5,64.0625,100,100,68.75,93.75,60.9375,73.4375,32.8125,25,100,35.9375,84.375,100,62.5,95.3125,81.25,100,100,100,45.3125,100,100,87.5,28.125,100,100,79.6875,100,70.3125,34.375,95.3125,100,100,100,100,100,81.25,100,100,100,76.5625,71.875,23.4375,100,100,100,100,100,100,100,81.25,100,70.3125,100,100,100,100,100,100,14.0625,87.5,87.5,100,100,100,100,100,100,65.625,96.875,100,57.8125,50,100,100,73.4375,81.25,100,79.6875,100,100,34.375,100,67.1875,100,100,81.25,100,100,25,100,100,85.9375,84.375,79.6875,32.8125,76.5625,100,100,21.875,65.625,15.625,100,82.8125,100,96.875,100,100,100,100,100,73.4375,96.875,64.0625,84.375,53.125,100,100,82.8125,100,87.5,100,100,79.6875,100,98.4375,75,90.625,100,95.3125,100,100,85.9375,100,100,82.8125,100,51.5625,95.3125,100,100,100,100,46.875,100,89.0625,100,100,100,60.9375,100,100,59.375,65.625,100,93.75,100,59.375,100,95.3125,70.3125,70.3125,95.3125,100,100,100,100,100,100,100,50,57.8125,100,100,100,100,100,100,75,90.625,95.3125,100,92.1875,60.9375,100,92.1875,100,81.25,37.5,100,100,100,100,93.75,100,84.375,73.4375,100,95.3125,100,100,62.5,96.875,100,68.75,51.5625,100,100,70.3125,87.5,100,100,98.4375,100,51.5625,100,92.1875,29.6875,100,100,100,100,100,100,21.875,100,100,100,100,62.5,98.4375,60.9375,51.5625,73.4375,100,89.0625,90.625,18.75,95.3125,79.6875,100,100,32.8125,100,100,68.75,100,96.875,100,100,100,35.9375,100,65.625,62.5,100,100,100,100,35.9375,70.3125,100,92.1875,100,89.0625,50,100,29.6875,100,100,100,79.6875,68.75,68.75,100,73.4375,100,100,78.125,100,100,85.9375,78.125,56.25,89.0625,68.75,100,90.625,79.6875,73.4375,92.1875,67.1875,64.0625,50,100,100,62.5,42.1875,100,70.3125,35.9375,100,45.3125,96.875,100,96.875,100,100,100,100,100,73.4375,100,100,100,85.9375,100,96.875,100,90.625,37.5,96.875,100,54.6875,100,100,100,78.125,100,100,70.3125,60.9375,100,18.75,70.3125,100,100,89.0625,100,100,100,100,93.75,59.375,100,100,100,56.25,100,40.625,96.875,95.3125,100,37.5,93.75,46.875,100,100,89.0625,48.4375,65.625,43.75,43.75,100,100,76.5625,62.5,67.1875,100,64.0625,85.9375,96.875,100,90.625,100,45.3125,76.5625,53.125,48.4375,100,100,71.875,100,98.4375,100,81.25,85.9375,70.3125,81.25,92.1875,100,100,95.3125,71.875,28.125,28.125,95.3125,98.4375,100,100,71.875,100,100,67.1875,90.625,100,98.4375,100,100,100,100,40.625,57.8125,51.5625,50,85.9375,60.9375,90.625,100,100,93.75,87.5,100,100,67.1875,26.5625,84.375,100,73.4375,71.875,100,100,85.9375,100,100,100,100,100,100,82.8125,100,100,93.75,100,71.875,100,95.3125,100,100,100,87.5,40.625,100,100,71.875,89.0625,73.4375,100,100,81.25,85.9375,71.875,100,100,71.875,71.875,100,93.75,100,71.875,85.9375,70.3125,100,98.4375,78.125,100,100,100,39.0625,100,100,92.1875,64.0625,78.125,100,100,71.875,100,50,100,100,46.875,100,100,75,39.0625,71.875,100,73.4375,100,100,100,100,100,100,100,100,100,89.0625,81.25,100,85.9375,100,100,100,100,100,100,100,100,93.75,100,71.875,100,92.1875,100,100,100,81.25,70.3125,100,100,37.5,9.375,43.75,100,100,100,100,46.875,76.5625,100,100,100,50,34.375,85.9375,76.5625,100,100,100,82.8125,100,100,100,100,76.5625,100,100,100,73.4375,100,100,84.375,96.875,100,82.8125,100,62.5,53.125,79.6875,100,81.25,15.625,70.3125,70.3125,100,100,100,100,89.0625,100,87.5,93.75,85.9375,64.0625,31.25,79.6875,85.9375,100,100,75,56.25,100,100,100,78.125,28.125,87.5,100,87.5,100,23.4375,85.9375,100,71.875,100,100,93.75,100,100,100,71.875,95.3125,93.75,100,100,100,100,98.4375,100,100,100,100,100,100,100,54.6875,100,100,98.4375,78.125,84.375,100,100,100,85.9375,71.875,57.8125,68.75,100,100,68.75,32.8125,100,93.75,70.3125,100,85.9375,100,62.5,100,100,100,68.75,54.6875,100,70.3125,100,100,76.5625,100,26.5625,79.6875,75,64.0625,100,100,90.625,100,92.1875,100,100,100,90.625,56.25,100,26.5625,37.5,100,95.3125,78.125,100,31.25,87.5,100,100,100,95.3125,100,31.25,18.75,100,100,100,100,100,100,100,100,100,100,93.75,100,89.0625,100,100,84.375,98.4375,100,85.9375,100,100,89.0625,100,68.75,48.4375,100,100,100,60.9375,90.625,100,100,100,100,100,34.375,100,100,100,67.1875,76.5625,100,73.4375,100,100,26.5625,59.375,62.5,59.375,84.375,100,96.875,100,95.3125,100,85.9375,89.0625,100,100,100,100,93.75,100,100,100,100,62.5,100,60.9375,100,28.125,84.375,100,100,100,100,100,53.125,100,32.8125,59.375,96.875,100,54.6875,84.375,100,100,100,96.875,75,76.5625,67.1875,79.6875,100,37.5,75,73.4375,79.6875,100,100,100,75,84.375,18.75,67.1875,100,95.3125,31.25,68.75,100,17.1875,100,54.6875,100,100,73.4375,100,100,100,67.1875,78.125,100,100,100,100,95.3125,37.5,40.625,71.875,67.1875,75,75,100,54.6875,81.25,93.75,39.0625,100,76.5625,100,100,100,100,60.9375,75,100,96.875,100,100,87.5,100,100,34.375,100,100,65.625,100,62.5,100,62.5,100,73.4375,90.625,100,75,100,100,48.4375,68.75,100,43.75,100,100,100,100,93.75,89.0625,31.25,100,100,50,100,78.125,100,100,100,81.25,100,84.375,100,100,54.6875,100,67.1875,34.375,92.1875,100,82.8125,92.1875,100,100,100,40.625,35.9375,100,75,79.6875,21.875,31.25,100,100,100,90.625,100,37.5,59.375,100,85.9375,100,93.75,57.8125,28.125,100,68.75,100,100,93.75,70.3125,35.9375,62.5,34.375,100,100,68.75,62.5,89.0625,100,73.4375,85.9375,95.3125,100,60.9375,100,100,100,100,64.0625,78.125,100,100,100,84.375,37.5,100,100,100,100,100,100,100,100,100,100,100,100,62.5,68.75,100,100,89.0625,65.625,48.4375,100,42.1875,78.125,100,71.875,100,78.125,87.5,82.8125,100,87.5,100,100,100,100,100,84.375,60.9375,53.125,76.5625,100,100,85.9375,100,100,100,34.375,100,100,93.75,100,95.3125,82.8125,71.875,100,100,100,60.9375,100,100,100,100,64.0625,100,76.5625,71.875,100,100,100,93.75,100,100,100,67.1875,100,85.9375,64.0625,100,100,39.0625,87.5,79.6875,100,100,64.0625,73.4375,59.375,81.25,100,89.0625,100,100,100,29.6875,100,60.9375,100,100,92.1875,100,84.375,43.75,26.5625,81.25,100,96.875,37.5,100,100,100,35.9375,73.4375,9.375,100,100,100,85.9375,89.0625,81.25,100,100,93.75,100,100,100,70.3125,100,100,100,71.875,100,98.4375,95.3125,98.4375,100,85.9375,100,100,100,100,100,100,60.9375,79.6875,100,100,100,100,100,75,100,82.8125,100,57.8125,98.4375,100,54.6875,100,70.3125,79.6875,78.125,76.5625,70.3125,75,100,100,100,100,96.875,79.6875,84.375,35.9375,100,100,46.875,70.3125,100,100,81.25,100,67.1875,90.625,100,89.0625,62.5,98.4375,87.5,100,100,50,100,90.625,100,81.25,73.4375,89.0625,100,100,100,34.375,67.1875,100,89.0625,82.8125,100,100,65.625,100,81.25,71.875,59.375,100,87.5,81.25,67.1875,79.6875,100,43.75,100,100,81.25,96.875,21.875,53.125,71.875,71.875,37.5,100,57.8125,100,100,56.25,100,95.3125,34.375,100,85.9375,75,85.9375,60.9375,92.1875,100,17.1875,100,100,68.75,100,85.9375,76.5625,34.375,100,34.375,51.5625,90.625,100,100,100,100,95.3125,70.3125,56.25,100,100,100,100,95.3125,100,100,79.6875,79.6875,65.625,67.1875,90.625,89.0625,100,100,82.8125,100,100,100,98.4375,100,20.3125,100,100,100,100,100,100,87.5,32.8125,53.125,100,43.75,40.625,67.1875,35.9375,100,100,73.4375,87.5,92.1875,98.4375,100,100,67.1875,67.1875,76.5625,100,100,100,100,100,53.125,95.3125,100,65.625,100,85.9375,100,48.4375,20.3125,100,81.25,62.5,18.75,79.6875,68.75,70.3125,93.75,82.8125,93.75,54.6875,93.75,100,100,100,35.9375,100,84.375,85.9375,100,100,90.625,100,100,81.25,93.75,75,100,95.3125,100,100,71.875,82.8125,45.3125,67.1875,100,100,100,100,100,100,54.6875,43.75,87.5,81.25,100,100,89.0625,100,100,100,100,59.375,100,100,87.5,100,65.625,100,31.25,100,57.8125,100,100,100,100,100,87.5,87.5,81.25,100,100,92.1875,100,90.625,95.3125,100,100,100,67.1875,76.5625,96.875,98.4375,21.875,100,28.125,81.25,100,100,100,100,40.625,100,100,51.5625,29.6875,100,76.5625,100,100,73.4375,95.3125,96.875,67.1875,87.5,100,100,100,93.75,100,100,71.875,78.125,26.5625,90.625,100,100,100,100,100,59.375,100,100,78.125,98.4375,100,68.75,85.9375,31.25,100,43.75,100,20.3125,89.0625,56.25,100,100,50,100,75,89.0625,62.5,100,98.4375,79.6875,89.0625,76.5625,100,89.0625,100,29.6875,100,100,81.25,56.25,79.6875,100,100,100,98.4375,100,100,84.375,64.0625,100,60.9375,54.6875,93.75,100,75,100,100,92.1875,56.25,100,100,100,98.4375,100,100,42.1875,67.1875,46.875,78.125,59.375,100,100,68.75,100,100,65.625,100,100,96.875,100,100,90.625,100,56.25,71.875,100,100,26.5625,78.125,82.8125,100,50,67.1875,42.1875,82.8125,90.625,100,100,82.8125,100,84.375,100,98.4375,100,100,100,46.875,100,100,100,81.25,85.9375,100,75,100,73.4375,100,57.8125,100,100,100,100,100,100,76.5625,35.9375,100,59.375,100,92.1875,100,37.5,100,45.3125,70.3125,60.9375,100,18.75,100,100,100,73.4375,100,100,75,100,100,81.25,100,75,100,100,100,100,84.375,100,56.25,100,17.1875,100,46.875,100,89.0625,100,32.8125,100,100,81.25,87.5,84.375,82.8125,51.5625,100,100,45.3125,10.9375,100,54.6875,100,100,100,75,96.875,100,100,100,100,100,26.5625,100,100,93.75,81.25,93.75,100,100,64.0625,100,64.0625,51.5625,100,100,100,79.6875,93.75,100,100,71.875,87.5,100,89.0625,100,64.0625,89.0625,100,100,82.8125,95.3125,100,100,76.5625,64.0625,100,84.375,98.4375,100,100,96.875,100,100,59.375,68.75,95.3125,87.5,14.0625,51.5625,100,100,100,46.875,70.3125,100,100,100,100,68.75,79.6875,65.625,64.0625,100,87.5,100,65.625,100,100,75,51.5625,100,60.9375,100,54.6875,43.75,81.25,100,75,54.6875,100,100,92.1875,100,73.4375,37.5,100,100,59.375,100,100,67.1875,60.9375,100,100,57.8125,89.0625,78.125,100,100,95.3125,84.375,100,100,90.625,100,39.0625,78.125,73.4375,9.375,100,100,81.25,100,100,76.5625,100,100,100,76.5625,100,98.4375,90.625,100,100,100,70.3125,100,100,67.1875,100,90.625,100,79.6875,85.9375,100,100,81.25,100,35.9375,64.0625,42.1875,79.6875,92.1875,100,100,100,100,87.5,87.5,100,100,56.25,48.4375,100,100,100,100,82.8125,79.6875,100,50,100,62.5,100,71.875,100,81.25,67.1875,54.6875,70.3125,98.4375,21.875,100,81.25,100,28.125,29.6875,100,59.375,56.25,100,26.5625,75,100,59.375,68.75,100,100,76.5625,98.4375,81.25,87.5,100,100,100,100,60.9375,100,100,90.625,100,100,75,84.375,100,100,57.8125,100,34.375,100,100,59.375,100,35.9375,100,85.9375,50,100,54.6875,45.3125,89.0625,100,64.0625,84.375,100,100,100,100,71.875,89.0625,42.1875,100,53.125,100,100,100,82.8125,56.25,28.125,100,100,50,67.1875,100,100,51.5625,100,100,100,100,68.75,100,100,100,78.125,100,51.5625,50,100,92.1875,87.5,59.375,48.4375,51.5625,90.625,100,100,100,100,87.5,100,67.1875,100,100,100,96.875,100,76.5625,67.1875,100,95.3125,100,100,100,100,75,59.375,100,100,28.125,100,20.3125,100,100,100,40.625,1.5625,100,100,29.6875,100,78.125,100,100,100,100,100,96.875,100,84.375,100,100,100,100,54.6875,93.75,100,89.0625,45.3125,37.5,59.375,100,21.875,100,100,89.0625,75,98.4375,54.6875,64.0625,100,100,59.375,100,100,92.1875,100,98.4375,82.8125,100,100,75,92.1875,57.8125,62.5,26.5625,100,84.375,100,100,100,100,42.1875,100,73.4375,67.1875,51.5625,87.5,100,100,73.4375,100,82.8125,100,93.75,59.375,100,59.375,79.6875,100,79.6875,100,100,56.25,100,100,96.875,85.9375,100,98.4375,35.9375,73.4375,98.4375,79.6875,76.5625,100,100,70.3125,85.9375,100,85.9375,31.25,64.0625,7.8125,100,100,100,23.4375,100,59.375,31.25,100,100,100,100,100,12.5,60.9375,100,56.25,100,100,59.375,100,45.3125,87.5,79.6875,75,100,85.9375,45.3125,60.9375,100,87.5,100,100,98.4375,100
"6031",92.1875,100,53.125,100,100,67.1875,67.1875,100,23.4375,62.5,71.875,100,100,100,76.5625,75,100,84.375,100,100,96.875,98.4375,100,100,57.8125,100,53.125,89.0625,85.9375,100,100,100,100,90.625,100,95.3125,81.25,100,100,89.0625,100,17.1875,98.4375,100,100,100,100,100,65.625,85.9375,48.4375,100,100,68.75,82.8125,100,7.8125,100,100,40.625,87.5,53.125,85.9375,100,100,100,62.5,100,79.6875,100,54.6875,67.1875,100,100,100,81.25,100,81.25,50,100,75,100,85.9375,76.5625,65.625,100,100,20.3125,100,54.6875,56.25,81.25,100,46.875,29.6875,98.4375,100,64.0625,100,100,75,100,100,92.1875,93.75,28.125,100,56.25,48.4375,100,89.0625,71.875,100,90.625,34.375,100,100,100,93.75,100,75,100,100,75,100,43.75,100,18.75,100,100,100,100,68.75,100,89.0625,59.375,62.5,79.6875,100,100,100,100,39.0625,56.25,100,100,100,100,60.9375,79.6875,60.9375,37.5,78.125,92.1875,95.3125,85.9375,75,100,100,6.25,100,100,71.875,100,89.0625,59.375,100,85.9375,40.625,100,82.8125,70.3125,100,60.9375,100,100,84.375,100,100,100,84.375,93.75,100,84.375,98.4375,100,29.6875,100,100,87.5,100,100,81.25,100,95.3125,100,75,76.5625,100,100,18.75,100,98.4375,100,100,100,100,100,76.5625,100,35.9375,54.6875,100,93.75,79.6875,78.125,45.3125,87.5,100,48.4375,100,73.4375,100,100,93.75,54.6875,95.3125,100,68.75,100,53.125,75,100,100,100,100,85.9375,100,100,100,100,20.3125,37.5,100,100,26.5625,56.25,89.0625,100,48.4375,45.3125,56.25,73.4375,100,79.6875,59.375,100,67.1875,100,100,100,98.4375,34.375,100,89.0625,92.1875,100,98.4375,100,100,51.5625,62.5,100,100,87.5,20.3125,28.125,100,73.4375,90.625,82.8125,100,56.25,100,100,73.4375,31.25,100,90.625,100,79.6875,100,23.4375,56.25,100,100,100,92.1875,65.625,75,37.5,100,68.75,92.1875,100,82.8125,85.9375,100,85.9375,100,100,53.125,29.6875,100,70.3125,93.75,100,100,71.875,46.875,87.5,100,50,100,37.5,60.9375,100,70.3125,100,67.1875,87.5,56.25,56.25,100,100,37.5,100,87.5,100,100,100,79.6875,60.9375,100,65.625,67.1875,29.6875,100,100,75,100,78.125,100,89.0625,67.1875,100,95.3125,70.3125,57.8125,100,81.25,90.625,100,100,82.8125,53.125,70.3125,84.375,98.4375,100,100,100,89.0625,70.3125,100,100,95.3125,96.875,100,100,87.5,87.5,100,100,100,100,100,100,59.375,87.5,100,71.875,100,100,100,73.4375,100,62.5,100,29.6875,100,100,100,100,100,53.125,59.375,73.4375,73.4375,96.875,70.3125,96.875,100,87.5,100,100,32.8125,48.4375,100,76.5625,59.375,100,100,100,100,51.5625,51.5625,100,95.3125,100,82.8125,100,82.8125,100,76.5625,68.75,76.5625,100,100,100,100,93.75,100,68.75,95.3125,100,100,70.3125,73.4375,92.1875,96.875,100,100,100,82.8125,70.3125,100,70.3125,100,100,76.5625,70.3125,71.875,100,100,57.8125,100,89.0625,100,65.625,81.25,34.375,56.25,100,100,89.0625,100,100,100,100,89.0625,100,100,62.5,100,100,57.8125,100,70.3125,73.4375,100,15.625,78.125,21.875,54.6875,92.1875,100,100,59.375,100,82.8125,100,100,100,85.9375,67.1875,65.625,84.375,100,100,64.0625,78.125,100,100,100,100,100,100,100,100,100,67.1875,73.4375,56.25,28.125,92.1875,100,89.0625,42.1875,100,51.5625,100,87.5,100,84.375,71.875,100,82.8125,82.8125,100,89.0625,62.5,100,35.9375,46.875,100,85.9375,93.75,100,73.4375,78.125,100,100,100,89.0625,43.75,70.3125,100,75,95.3125,100,71.875,100,100,100,100,28.125,100,100,100,76.5625,100,90.625,92.1875,39.0625,68.75,100,65.625,100,100,65.625,100,100,100,96.875,90.625,100,71.875,100,64.0625,100,67.1875,100,100,100,100,82.8125,92.1875,62.5,100,60.9375,100,100,76.5625,76.5625,100,56.25,54.6875,100,59.375,65.625,100,81.25,100,57.8125,100,37.5,100,100,100,39.0625,100,100,84.375,100,100,40.625,100,100,93.75,85.9375,100,100,100,100,100,100,89.0625,100,98.4375,100,100,28.125,50,68.75,71.875,79.6875,96.875,92.1875,100,100,92.1875,90.625,100,45.3125,6.25,73.4375,70.3125,50,92.1875,100,100,50,100,100,37.5,100,85.9375,45.3125,56.25,73.4375,67.1875,56.25,98.4375,62.5,75,93.75,18.75,84.375,60.9375,40.625,90.625,93.75,67.1875,64.0625,100,100,100,100,100,100,76.5625,100,43.75,68.75,100,31.25,65.625,54.6875,73.4375,46.875,100,51.5625,100,100,100,100,100,100,56.25,100,76.5625,79.6875,82.8125,100,100,59.375,56.25,100,100,32.8125,100,100,100,89.0625,100,79.6875,100,100,100,76.5625,65.625,100,100,100,85.9375,100,100,100,81.25,100,100,68.75,100,100,100,64.0625,100,100,34.375,89.0625,100,68.75,65.625,60.9375,100,100,70.3125,82.8125,100,92.1875,100,93.75,100,35.9375,89.0625,100,100,93.75,48.4375,93.75,82.8125,78.125,4.6875,100,100,100,43.75,59.375,48.4375,84.375,100,28.125,85.9375,100,100,82.8125,100,100,89.0625,95.3125,100,54.6875,65.625,100,100,78.125,68.75,100,100,100,54.6875,93.75,100,100,39.0625,90.625,100,100,79.6875,100,81.25,100,85.9375,57.8125,100,40.625,93.75,100,100,54.6875,100,76.5625,100,100,100,100,96.875,62.5,100,100,51.5625,92.1875,100,100,39.0625,100,70.3125,79.6875,93.75,98.4375,100,59.375,100,73.4375,100,100,64.0625,82.8125,68.75,100,100,100,68.75,100,75,56.25,65.625,100,100,100,100,100,100,93.75,100,78.125,100,100,71.875,100,98.4375,100,100,100,73.4375,43.75,100,42.1875,100,76.5625,100,59.375,78.125,100,18.75,100,87.5,57.8125,98.4375,67.1875,81.25,76.5625,78.125,100,98.4375,84.375,57.8125,100,100,71.875,67.1875,100,100,32.8125,98.4375,100,67.1875,89.0625,100,100,100,100,100,100,90.625,100,78.125,100,84.375,46.875,100,57.8125,68.75,95.3125,100,35.9375,100,85.9375,100,95.3125,98.4375,100,82.8125,100,100,57.8125,60.9375,85.9375,100,100,81.25,100,100,57.8125,100,100,60.9375,85.9375,100,28.125,68.75,100,100,100,70.3125,100,100,95.3125,100,100,100,93.75,100,100,100,53.125,100,100,100,100,70.3125,65.625,100,95.3125,31.25,34.375,100,85.9375,100,100,98.4375,82.8125,100,29.6875,100,46.875,100,70.3125,71.875,100,70.3125,59.375,100,100,100,100,100,100,100,100,100,60.9375,87.5,54.6875,100,98.4375,65.625,93.75,53.125,73.4375,15.625,43.75,98.4375,65.625,84.375,100,75,76.5625,81.25,68.75,100,100,46.875,100,100,79.6875,29.6875,100,100,81.25,100,78.125,100,39.0625,100,100,100,100,100,81.25,95.3125,100,78.125,76.5625,70.3125,70.3125,100,100,45.3125,100,100,100,100,78.125,100,75,98.4375,100,100,100,100,93.75,14.0625,85.9375,89.0625,100,92.1875,100,100,98.4375,100,65.625,96.875,100,82.8125,75,100,100,78.125,100,100,81.25,98.4375,100,40.625,100,56.25,100,100,76.5625,100,100,29.6875,100,100,79.6875,89.0625,70.3125,25,78.125,100,100,50,68.75,15.625,100,100,100,98.4375,100,100,100,100,100,79.6875,87.5,64.0625,100,28.125,84.375,100,81.25,100,87.5,100,93.75,79.6875,100,76.5625,75,81.25,75,93.75,100,100,82.8125,60.9375,100,71.875,100,48.4375,90.625,100,100,100,100,50,100,81.25,100,100,100,50,100,100,57.8125,65.625,100,93.75,100,78.125,100,70.3125,68.75,95.3125,100,100,100,100,100,100,100,100,53.125,64.0625,100,100,100,100,100,100,76.5625,70.3125,100,100,100,59.375,100,43.75,100,81.25,37.5,98.4375,100,100,85.9375,96.875,85.9375,85.9375,73.4375,100,90.625,100,100,87.5,95.3125,100,73.4375,51.5625,100,100,70.3125,76.5625,100,40.625,82.8125,85.9375,51.5625,100,90.625,31.25,50,51.5625,100,100,100,100,79.6875,100,100,100,100,62.5,100,59.375,100,73.4375,100,81.25,100,100,95.3125,79.6875,100,100,32.8125,100,100,67.1875,100,100,100,100,100,32.8125,100,64.0625,84.375,79.6875,100,100,100,35.9375,70.3125,100,100,79.6875,89.0625,48.4375,100,31.25,100,100,100,100,39.0625,67.1875,100,73.4375,100,84.375,100,100,100,98.4375,78.125,54.6875,87.5,78.125,100,82.8125,78.125,84.375,92.1875,67.1875,60.9375,51.5625,100,100,62.5,92.1875,100,76.5625,37.5,100,39.0625,100,100,95.3125,100,100,53.125,96.875,46.875,73.4375,100,100,98.4375,89.0625,100,96.875,100,89.0625,92.1875,100,100,71.875,100,98.4375,100,87.5,100,96.875,65.625,70.3125,100,29.6875,87.5,100,100,89.0625,100,100,71.875,100,84.375,64.0625,100,100,100,68.75,100,42.1875,93.75,100,100,29.6875,93.75,89.0625,100,100,90.625,53.125,67.1875,42.1875,45.3125,100,100,76.5625,65.625,100,100,73.4375,89.0625,96.875,100,90.625,100,43.75,90.625,67.1875,54.6875,100,100,75,100,100,100,84.375,96.875,79.6875,82.8125,92.1875,100,100,100,48.4375,32.8125,29.6875,20.3125,100,100,100,76.5625,100,100,65.625,90.625,100,81.25,100,100,100,100,43.75,60.9375,53.125,50,75,64.0625,90.625,100,28.125,100,65.625,100,100,78.125,29.6875,89.0625,100,75,70.3125,87.5,100,56.25,100,100,100,100,96.875,100,35.9375,100,100,92.1875,100,68.75,100,100,100,100,100,76.5625,100,100,100,100,87.5,79.6875,100,100,89.0625,85.9375,73.4375,100,100,68.75,70.3125,100,93.75,100,76.5625,84.375,67.1875,100,100,78.125,100,100,100,40.625,96.875,100,90.625,81.25,76.5625,100,100,81.25,100,100,100,100,100,100,100,73.4375,37.5,71.875,100,71.875,100,54.6875,100,100,100,100,100,100,95.3125,90.625,93.75,100,76.5625,100,100,100,100,100,100,100,100,81.25,100,71.875,100,93.75,100,100,100,95.3125,67.1875,92.1875,96.875,32.8125,7.8125,45.3125,100,100,100,100,53.125,92.1875,100,100,100,100,34.375,100,76.5625,100,100,100,62.5,100,100,100,100,42.1875,100,100,100,65.625,96.875,100,85.9375,90.625,100,75,100,76.5625,51.5625,84.375,89.0625,82.8125,15.625,81.25,70.3125,100,87.5,100,100,34.375,100,89.0625,90.625,79.6875,67.1875,26.5625,100,85.9375,100,100,81.25,100,100,100,100,81.25,28.125,87.5,100,96.875,100,21.875,84.375,100,87.5,100,100,100,78.125,100,100,100,100,93.75,100,100,100,100,98.4375,100,90.625,100,100,100,79.6875,100,37.5,100,78.125,100,79.6875,100,100,100,100,87.5,71.875,48.4375,71.875,100,100,68.75,40.625,100,93.75,79.6875,96.875,92.1875,100,31.25,100,100,100,68.75,56.25,100,92.1875,100,100,31.25,100,25,84.375,73.4375,64.0625,100,100,87.5,100,82.8125,100,100,100,87.5,76.5625,100,28.125,32.8125,100,95.3125,100,100,39.0625,82.8125,100,100,100,95.3125,100,34.375,18.75,100,100,100,100,85.9375,100,100,100,100,100,92.1875,56.25,100,100,100,96.875,90.625,100,100,100,100,100,98.4375,68.75,51.5625,100,100,100,93.75,96.875,100,100,100,100,95.3125,34.375,100,100,100,64.0625,75,100,64.0625,100,100,26.5625,60.9375,62.5,64.0625,82.8125,100,98.4375,100,93.75,100,79.6875,82.8125,100,100,100,100,93.75,98.4375,100,100,100,81.25,100,59.375,100,32.8125,85.9375,100,100,95.3125,100,100,90.625,53.125,28.125,56.25,100,100,51.5625,93.75,100,100,100,100,75,73.4375,59.375,78.125,100,40.625,98.4375,79.6875,87.5,100,100,100,85.9375,87.5,100,43.75,100,92.1875,26.5625,71.875,100,20.3125,100,70.3125,100,100,75,100,100,100,68.75,76.5625,89.0625,100,100,100,90.625,62.5,40.625,62.5,67.1875,71.875,79.6875,100,54.6875,84.375,92.1875,42.1875,100,70.3125,100,100,100,100,39.0625,76.5625,98.4375,98.4375,100,100,89.0625,28.125,100,81.25,100,100,65.625,100,59.375,84.375,62.5,100,73.4375,100,100,81.25,100,100,48.4375,76.5625,100,51.5625,100,98.4375,100,100,93.75,93.75,46.875,100,100,79.6875,100,62.5,100,100,100,81.25,100,82.8125,100,100,73.4375,100,82.8125,34.375,96.875,100,93.75,79.6875,100,100,100,18.75,35.9375,100,67.1875,79.6875,100,29.6875,93.75,100,100,60.9375,100,89.0625,65.625,100,85.9375,100,93.75,67.1875,28.125,100,68.75,100,100,92.1875,62.5,100,100,35.9375,64.0625,100,81.25,35.9375,89.0625,100,75,85.9375,92.1875,100,67.1875,100,100,100,100,65.625,75,100,100,100,100,32.8125,100,100,100,100,95.3125,100,100,73.4375,100,28.125,100,31.25,59.375,70.3125,100,100,62.5,82.8125,50,100,54.6875,79.6875,100,81.25,100,78.125,82.8125,82.8125,100,87.5,100,100,100,100,100,84.375,60.9375,100,92.1875,100,100,100,100,100,100,34.375,96.875,100,98.4375,100,89.0625,90.625,84.375,100,100,100,54.6875,100,100,100,100,73.4375,100,76.5625,78.125,100,100,34.375,98.4375,100,100,100,67.1875,100,100,64.0625,100,100,45.3125,92.1875,73.4375,76.5625,100,62.5,70.3125,59.375,70.3125,100,93.75,100,100,100,31.25,100,56.25,100,100,90.625,100,89.0625,39.0625,45.3125,81.25,100,96.875,32.8125,100,79.6875,39.0625,37.5,14.0625,56.25,100,100,100,85.9375,85.9375,84.375,100,100,96.875,78.125,100,100,70.3125,100,100,100,73.4375,100,100,93.75,98.4375,100,85.9375,100,100,100,100,100,100,54.6875,81.25,100,95.3125,76.5625,100,100,81.25,100,76.5625,100,68.75,100,100,54.6875,100,70.3125,76.5625,81.25,78.125,71.875,73.4375,100,100,100,100,100,76.5625,85.9375,35.9375,98.4375,100,51.5625,31.25,100,100,59.375,100,59.375,92.1875,100,84.375,64.0625,100,87.5,100,78.125,46.875,100,89.0625,100,20.3125,73.4375,81.25,100,100,100,42.1875,67.1875,56.25,84.375,48.4375,100,100,39.0625,100,95.3125,25,57.8125,100,85.9375,67.1875,76.5625,79.6875,100,43.75,100,100,76.5625,96.875,21.875,62.5,71.875,70.3125,39.0625,100,62.5,100,100,56.25,100,98.4375,34.375,100,81.25,75,89.0625,62.5,70.3125,100,17.1875,100,79.6875,70.3125,100,93.75,100,100,100,34.375,60.9375,89.0625,100,100,100,100,96.875,57.8125,59.375,100,65.625,100,100,100,60.9375,100,78.125,87.5,65.625,71.875,100,64.0625,100,100,81.25,100,100,93.75,100,93.75,26.5625,100,82.8125,100,98.4375,100,100,87.5,42.1875,67.1875,100,56.25,40.625,76.5625,37.5,100,100,75,85.9375,98.4375,93.75,100,100,65.625,65.625,75,100,100,100,100,100,96.875,82.8125,100,40.625,100,87.5,62.5,50,12.5,100,39.0625,62.5,100,81.25,70.3125,75,57.8125,60.9375,95.3125,54.6875,90.625,100,100,100,32.8125,100,100,81.25,100,100,100,100,100,81.25,93.75,75,92.1875,89.0625,100,100,78.125,100,56.25,65.625,96.875,100,100,100,100,100,62.5,42.1875,90.625,81.25,100,93.75,85.9375,100,100,100,82.8125,100,93.75,100,96.875,100,75,100,32.8125,100,82.8125,92.1875,100,100,100,100,93.75,92.1875,82.8125,100,100,78.125,100,87.5,96.875,100,100,100,70.3125,56.25,96.875,96.875,56.25,100,28.125,59.375,98.4375,92.1875,100,100,100,100,100,59.375,32.8125,100,73.4375,39.0625,100,93.75,92.1875,98.4375,70.3125,87.5,100,100,93.75,100,56.25,100,76.5625,50,20.3125,70.3125,100,100,100,100,100,46.875,98.4375,100,96.875,85.9375,100,67.1875,79.6875,67.1875,100,25,100,100,23.4375,56.25,100,100,50,100,71.875,90.625,70.3125,100,98.4375,81.25,84.375,82.8125,100,87.5,100,34.375,100,100,79.6875,51.5625,76.5625,100,12.5,100,98.4375,100,100,84.375,64.0625,100,60.9375,54.6875,100,100,70.3125,100,100,93.75,54.6875,95.3125,100,100,98.4375,100,100,57.8125,68.75,51.5625,98.4375,60.9375,100,100,64.0625,100,100,65.625,100,100,95.3125,100,100,81.25,100,56.25,70.3125,100,50,26.5625,78.125,75,100,48.4375,78.125,100,82.8125,92.1875,71.875,100,76.5625,100,85.9375,100,62.5,100,100,40.625,46.875,79.6875,100,21.875,48.4375,100,100,81.25,100,70.3125,100,100,100,81.25,100,100,100,100,70.3125,37.5,100,62.5,100,92.1875,100,31.25,100,54.6875,29.6875,57.8125,100,42.1875,100,100,96.875,75,100,100,100,100,100,81.25,100,75,100,100,100,71.875,82.8125,100,56.25,100,100,100,57.8125,100,85.9375,54.6875,34.375,100,95.3125,89.0625,82.8125,81.25,82.8125,53.125,100,100,37.5,10.9375,100,53.125,100,100,100,75,100,98.4375,100,100,100,100,26.5625,100,100,93.75,76.5625,93.75,100,100,65.625,100,64.0625,54.6875,100,100,98.4375,79.6875,89.0625,100,100,100,82.8125,100,90.625,100,59.375,92.1875,100,100,84.375,48.4375,100,100,89.0625,67.1875,100,82.8125,100,100,100,96.875,100,93.75,54.6875,68.75,53.125,87.5,18.75,45.3125,100,100,81.25,48.4375,73.4375,100,100,100,100,84.375,79.6875,64.0625,90.625,100,100,100,68.75,43.75,67.1875,82.8125,35.9375,100,57.8125,56.25,51.5625,40.625,81.25,100,75,54.6875,100,100,89.0625,100,75,39.0625,100,100,100,100,100,67.1875,42.1875,100,100,62.5,92.1875,78.125,100,100,85.9375,100,100,100,100,100,37.5,100,75,100,100,76.5625,57.8125,100,100,82.8125,100,100,100,100,100,90.625,90.625,100,100,100,56.25,100,35.9375,67.1875,100,92.1875,100,57.8125,85.9375,100,100,67.1875,100,35.9375,70.3125,50,82.8125,92.1875,100,100,100,100,81.25,85.9375,100,59.375,56.25,48.4375,100,48.4375,100,100,98.4375,76.5625,100,39.0625,100,71.875,100,68.75,100,85.9375,17.1875,87.5,70.3125,81.25,20.3125,100,81.25,90.625,29.6875,26.5625,100,98.4375,100,100,26.5625,89.0625,100,59.375,73.4375,70.3125,100,65.625,93.75,81.25,84.375,100,100,100,100,62.5,100,100,89.0625,100,100,73.4375,85.9375,100,100,56.25,100,45.3125,100,100,54.6875,100,37.5,100,87.5,60.9375,100,50,51.5625,84.375,100,67.1875,85.9375,100,100,100,100,100,92.1875,40.625,100,53.125,100,84.375,100,84.375,42.1875,28.125,100,100,51.5625,68.75,100,100,100,100,100,100,100,57.8125,100,100,100,81.25,100,54.6875,60.9375,100,95.3125,85.9375,48.4375,45.3125,51.5625,100,100,100,100,100,81.25,96.875,56.25,100,100,100,87.5,100,78.125,68.75,100,96.875,100,100,100,100,32.8125,59.375,76.5625,100,28.125,100,76.5625,100,100,100,7.8125,1.5625,100,62.5,28.125,100,81.25,100,53.125,100,100,100,100,17.1875,98.4375,100,100,100,100,32.8125,92.1875,100,96.875,40.625,37.5,59.375,100,57.8125,100,100,100,78.125,98.4375,45.3125,64.0625,100,59.375,57.8125,100,100,57.8125,100,98.4375,73.4375,100,100,100,93.75,98.4375,62.5,26.5625,93.75,89.0625,100,100,34.375,100,39.0625,100,76.5625,54.6875,51.5625,81.25,100,100,79.6875,100,92.1875,100,100,59.375,100,71.875,82.8125,100,89.0625,100,100,56.25,100,100,96.875,73.4375,100,98.4375,29.6875,73.4375,100,89.0625,76.5625,100,100,65.625,78.125,100,85.9375,34.375,65.625,40.625,100,100,100,65.625,100,60.9375,37.5,100,100,100,100,92.1875,28.125,60.9375,100,48.4375,84.375,100,60.9375,100,34.375,85.9375,60.9375,81.25,100,100,100,59.375,100,85.9375,100,100,100,100
"6032",90.625,100,56.25,100,100,71.875,67.1875,100,21.875,67.1875,81.25,100,100,100,60.9375,75,100,79.6875,100,100,92.1875,96.875,100,100,59.375,100,100,95.3125,82.8125,100,100,100,100,93.75,100,93.75,82.8125,100,100,95.3125,85.9375,62.5,76.5625,100,100,100,100,100,73.4375,84.375,42.1875,100,100,73.4375,79.6875,100,6.25,100,100,40.625,87.5,54.6875,85.9375,75,100,84.375,62.5,100,79.6875,100,54.6875,67.1875,100,92.1875,100,100,100,100,54.6875,100,75,98.4375,100,78.125,65.625,100,100,31.25,100,100,56.25,84.375,100,46.875,82.8125,100,100,53.125,100,100,81.25,100,100,92.1875,100,28.125,100,64.0625,82.8125,100,87.5,67.1875,100,100,34.375,100,100,100,100,100,64.0625,100,100,79.6875,98.4375,45.3125,100,18.75,100,90.625,100,100,67.1875,100,100,65.625,68.75,78.125,100,100,100,100,42.1875,43.75,100,100,84.375,100,57.8125,78.125,56.25,35.9375,82.8125,92.1875,85.9375,85.9375,76.5625,100,100,4.6875,100,100,70.3125,100,89.0625,65.625,31.25,78.125,40.625,100,100,70.3125,100,100,100,100,82.8125,100,100,100,100,92.1875,100,100,98.4375,100,29.6875,53.125,29.6875,96.875,100,100,68.75,100,100,100,79.6875,81.25,100,100,20.3125,60.9375,96.875,100,100,100,100,100,100,100,34.375,92.1875,100,96.875,78.125,78.125,48.4375,95.3125,100,56.25,100,84.375,100,85.9375,100,54.6875,67.1875,95.3125,65.625,100,76.5625,79.6875,100,100,100,100,82.8125,100,100,100,100,100,100,100,100,26.5625,81.25,85.9375,100,51.5625,100,76.5625,76.5625,92.1875,100,54.6875,100,68.75,100,100,100,96.875,32.8125,100,42.1875,100,100,31.25,64.0625,100,92.1875,65.625,100,96.875,100,26.5625,29.6875,100,67.1875,100,90.625,100,89.0625,100,100,73.4375,31.25,98.4375,87.5,92.1875,82.8125,100,20.3125,57.8125,100,34.375,100,87.5,68.75,75,39.0625,100,75,79.6875,100,85.9375,84.375,43.75,90.625,100,100,100,29.6875,100,100,93.75,100,100,93.75,40.625,90.625,100,50,62.5,43.75,60.9375,100,68.75,100,100,85.9375,100,71.875,100,100,39.0625,100,87.5,100,100,100,82.8125,57.8125,78.125,90.625,64.0625,26.5625,100,90.625,73.4375,100,39.0625,100,85.9375,68.75,100,100,67.1875,48.4375,100,96.875,93.75,100,100,82.8125,53.125,68.75,85.9375,98.4375,100,100,100,98.4375,76.5625,100,95.3125,96.875,76.5625,100,100,79.6875,100,100,100,100,26.5625,100,100,78.125,31.25,100,75,100,100,100,81.25,100,46.875,100,28.125,100,100,100,100,100,46.875,59.375,70.3125,79.6875,84.375,71.875,96.875,100,84.375,100,100,39.0625,46.875,100,76.5625,60.9375,100,100,100,100,39.0625,40.625,100,93.75,100,82.8125,100,78.125,100,76.5625,64.0625,62.5,100,100,100,32.8125,90.625,100,96.875,98.4375,100,100,79.6875,85.9375,92.1875,96.875,100,100,100,82.8125,73.4375,100,100,100,100,76.5625,71.875,75,95.3125,57.8125,54.6875,100,73.4375,100,85.9375,79.6875,34.375,57.8125,100,100,89.0625,100,100,100,100,100,100,90.625,62.5,100,100,56.25,100,70.3125,75,100,73.4375,79.6875,46.875,35.9375,100,100,100,60.9375,65.625,81.25,100,100,100,84.375,65.625,71.875,84.375,100,100,64.0625,76.5625,100,100,100,100,100,100,100,100,87.5,100,100,57.8125,32.8125,95.3125,100,95.3125,42.1875,100,51.5625,100,98.4375,92.1875,84.375,71.875,100,82.8125,84.375,76.5625,84.375,64.0625,100,35.9375,46.875,100,84.375,100,100,100,59.375,100,100,100,100,43.75,64.0625,100,76.5625,100,100,71.875,100,100,59.375,98.4375,29.6875,73.4375,100,100,78.125,100,92.1875,100,39.0625,75,100,60.9375,56.25,100,64.0625,100,100,100,100,90.625,100,70.3125,100,64.0625,100,54.6875,100,100,100,81.25,81.25,100,62.5,96.875,100,100,100,100,78.125,100,56.25,29.6875,100,65.625,57.8125,100,78.125,100,73.4375,100,100,100,100,100,35.9375,100,100,78.125,31.25,59.375,32.8125,37.5,100,100,81.25,100,100,100,100,100,100,100,100,100,100,100,31.25,45.3125,70.3125,71.875,75,100,98.4375,100,100,95.3125,90.625,100,45.3125,6.25,68.75,60.9375,50,92.1875,100,100,100,100,100,29.6875,100,84.375,42.1875,21.875,78.125,75,54.6875,98.4375,57.8125,100,100,100,84.375,60.9375,40.625,85.9375,93.75,35.9375,82.8125,100,100,100,100,100,100,78.125,100,43.75,68.75,100,29.6875,68.75,73.4375,64.0625,46.875,100,60.9375,100,100,100,100,100,100,56.25,100,79.6875,90.625,82.8125,100,89.0625,57.8125,100,100,100,48.4375,100,100,100,76.5625,100,100,100,100,100,75,78.125,100,100,100,92.1875,100,100,100,89.0625,100,100,68.75,100,100,96.875,60.9375,100,100,34.375,89.0625,100,100,62.5,62.5,93.75,100,79.6875,79.6875,100,100,100,73.4375,31.25,31.25,89.0625,100,100,96.875,48.4375,78.125,70.3125,68.75,7.8125,100,100,100,43.75,93.75,48.4375,84.375,100,100,78.125,100,100,78.125,84.375,59.375,93.75,67.1875,100,54.6875,65.625,56.25,100,76.5625,67.1875,100,100,100,54.6875,84.375,51.5625,100,50,100,100,100,85.9375,100,85.9375,100,82.8125,67.1875,100,37.5,95.3125,100,100,54.6875,100,100,70.3125,100,100,100,95.3125,46.875,100,100,79.6875,85.9375,100,100,37.5,100,70.3125,81.25,92.1875,40.625,100,35.9375,100,60.9375,100,100,75,79.6875,71.875,48.4375,100,100,67.1875,100,76.5625,51.5625,64.0625,100,100,84.375,100,100,100,98.4375,100,79.6875,100,100,100,100,98.4375,100,100,100,70.3125,46.875,100,40.625,96.875,78.125,100,59.375,78.125,100,34.375,100,96.875,57.8125,79.6875,67.1875,67.1875,64.0625,76.5625,100,100,100,50,100,95.3125,71.875,65.625,100,100,43.75,98.4375,89.0625,65.625,92.1875,100,100,100,100,100,100,90.625,100,79.6875,100,87.5,53.125,100,67.1875,70.3125,93.75,100,35.9375,100,82.8125,100,71.875,100,100,68.75,100,100,54.6875,67.1875,92.1875,100,59.375,82.8125,100,100,64.0625,100,100,64.0625,90.625,100,25,100,100,100,100,70.3125,100,100,96.875,100,100,100,93.75,95.3125,100,100,96.875,100,100,100,100,70.3125,70.3125,100,100,29.6875,53.125,95.3125,85.9375,100,100,85.9375,81.25,100,31.25,100,46.875,85.9375,68.75,70.3125,100,65.625,82.8125,100,96.875,100,98.4375,100,100,100,100,100,60.9375,87.5,57.8125,100,98.4375,64.0625,93.75,59.375,70.3125,64.0625,100,100,100,84.375,100,60.9375,100,76.5625,60.9375,100,100,53.125,100,100,10.9375,32.8125,100,100,81.25,100,81.25,100,92.1875,100,100,100,100,100,82.8125,75,100,100,76.5625,70.3125,70.3125,100,100,78.125,100,100,100,100,73.4375,100,73.4375,92.1875,100,100,100,100,68.75,7.8125,89.0625,92.1875,100,96.875,100,100,100,100,68.75,95.3125,100,75,73.4375,100,100,79.6875,100,100,82.8125,93.75,100,39.0625,40.625,56.25,100,95.3125,85.9375,100,50,37.5,98.4375,100,82.8125,100,100,34.375,82.8125,100,100,64.0625,59.375,15.625,100,100,100,100,100,93.75,100,100,84.375,81.25,89.0625,64.0625,100,90.625,93.75,100,75,100,87.5,100,100,73.4375,100,68.75,73.4375,100,100,95.3125,100,100,82.8125,17.1875,100,82.8125,100,51.5625,100,100,100,100,100,51.5625,70.3125,75,100,100,100,81.25,100,100,57.8125,65.625,100,93.75,100,85.9375,100,100,78.125,67.1875,100,100,100,100,100,100,100,100,53.125,65.625,100,100,100,100,100,100,90.625,100,100,100,68.75,100,100,43.75,100,78.125,76.5625,100,100,100,85.9375,98.4375,85.9375,89.0625,75,100,57.8125,100,100,82.8125,98.4375,100,46.875,51.5625,53.125,100,68.75,98.4375,100,100,100,100,48.4375,100,95.3125,31.25,100,100,100,100,100,100,100,42.1875,100,100,100,60.9375,100,59.375,100,68.75,100,89.0625,100,21.875,95.3125,82.8125,100,100,34.375,100,100,67.1875,100,95.3125,100,100,100,35.9375,100,50,60.9375,76.5625,100,100,100,35.9375,68.75,100,100,82.8125,89.0625,46.875,100,31.25,100,100,100,100,34.375,42.1875,100,73.4375,45.3125,100,95.3125,100,100,98.4375,71.875,57.8125,87.5,76.5625,100,96.875,78.125,71.875,92.1875,67.1875,60.9375,50,100,100,67.1875,50,100,78.125,42.1875,100,37.5,96.875,100,90.625,100,100,100,100,100,75,100,100,96.875,96.875,100,96.875,90.625,34.375,81.25,100,100,100,100,100,100,87.5,100,90.625,60.9375,51.5625,100,71.875,65.625,100,100,89.0625,100,100,100,100,92.1875,90.625,100,100,100,75,100,42.1875,89.0625,67.1875,57.8125,29.6875,92.1875,89.0625,100,100,92.1875,53.125,71.875,40.625,43.75,100,96.875,79.6875,67.1875,100,100,70.3125,92.1875,95.3125,100,89.0625,100,57.8125,92.1875,57.8125,54.6875,95.3125,100,78.125,100,98.4375,100,82.8125,92.1875,67.1875,73.4375,93.75,100,100,100,70.3125,34.375,100,100,32.8125,73.4375,100,73.4375,100,100,68.75,90.625,100,96.875,100,100,100,100,60.9375,59.375,45.3125,43.75,75,53.125,90.625,100,100,100,85.9375,100,100,81.25,26.5625,84.375,100,75,70.3125,100,93.75,59.375,100,100,100,100,100,100,84.375,100,100,92.1875,100,68.75,100,92.1875,100,100,100,73.4375,100,100,100,100,100,78.125,100,100,89.0625,92.1875,79.6875,100,100,68.75,71.875,100,100,100,100,93.75,75,100,100,93.75,100,100,100,53.125,90.625,100,100,75,78.125,100,100,65.625,100,75,32.8125,100,100,100,100,78.125,35.9375,75,100,81.25,100,93.75,100,100,100,100,100,100,100,89.0625,92.1875,100,100,100,100,100,100,100,100,100,100,93.75,100,71.875,100,92.1875,100,100,100,95.3125,100,100,100,29.6875,7.8125,46.875,100,100,100,100,45.3125,78.125,100,100,82.8125,100,46.875,100,76.5625,100,100,100,65.625,100,100,100,100,46.875,81.25,100,60.9375,35.9375,100,100,100,100,100,75,100,73.4375,53.125,76.5625,100,79.6875,40.625,76.5625,62.5,100,100,100,75,32.8125,100,89.0625,79.6875,85.9375,65.625,28.125,92.1875,85.9375,54.6875,100,81.25,100,100,100,100,85.9375,29.6875,87.5,100,98.4375,100,21.875,93.75,100,96.875,100,100,100,100,9.375,100,100,100,93.75,100,100,100,100,65.625,100,67.1875,100,100,100,100,42.1875,37.5,100,31.25,90.625,75,59.375,100,100,100,85.9375,71.875,56.25,70.3125,93.75,100,68.75,23.4375,100,85.9375,79.6875,100,92.1875,100,100,100,100,100,71.875,56.25,100,84.375,100,100,17.1875,100,25,84.375,71.875,60.9375,100,100,87.5,100,92.1875,100,100,100,92.1875,64.0625,100,25,45.3125,100,95.3125,51.5625,100,50,67.1875,100,100,100,95.3125,100,32.8125,20.3125,100,100,100,100,100,100,100,100,100,100,98.4375,56.25,93.75,100,100,81.25,90.625,100,98.4375,100,100,89.0625,85.9375,68.75,100,100,100,100,82.8125,100,100,100,100,100,100,35.9375,100,100,100,68.75,73.4375,100,75,100,100,28.125,60.9375,62.5,65.625,82.8125,100,100,100,96.875,100,75,85.9375,98.4375,100,100,100,87.5,100,100,100,100,59.375,100,57.8125,100,34.375,85.9375,100,100,100,100,100,64.0625,100,28.125,59.375,92.1875,100,71.875,96.875,100,100,100,100,79.6875,71.875,84.375,82.8125,100,37.5,100,29.6875,89.0625,100,39.0625,100,89.0625,92.1875,85.9375,73.4375,100,100,23.4375,96.875,100,23.4375,100,98.4375,100,100,75,100,100,100,68.75,71.875,89.0625,100,100,100,95.3125,62.5,100,50,67.1875,68.75,75,100,54.6875,81.25,92.1875,43.75,100,73.4375,100,39.0625,100,100,39.0625,79.6875,100,100,100,100,71.875,96.875,64.0625,70.3125,100,100,64.0625,100,59.375,95.3125,31.25,100,75,100,37.5,46.875,100,100,48.4375,20.3125,100,35.9375,100,100,100,100,93.75,95.3125,45.3125,96.875,100,79.6875,100,73.4375,100,100,100,81.25,100,81.25,100,100,85.9375,100,100,34.375,96.875,100,90.625,54.6875,100,84.375,100,39.0625,35.9375,100,65.625,78.125,100,31.25,100,100,100,53.125,100,100,54.6875,100,87.5,100,92.1875,62.5,31.25,100,68.75,100,100,92.1875,68.75,100,100,31.25,100,100,59.375,34.375,87.5,100,76.5625,85.9375,95.3125,100,67.1875,100,79.6875,100,100,82.8125,100,100,100,100,100,42.1875,100,100,100,100,93.75,100,100,71.875,100,100,100,100,59.375,70.3125,100,100,56.25,71.875,50,100,46.875,76.5625,100,92.1875,100,79.6875,85.9375,82.8125,21.875,89.0625,100,100,100,100,100,84.375,54.6875,53.125,100,100,100,79.6875,100,100,100,34.375,100,100,98.4375,100,95.3125,100,70.3125,100,100,100,57.8125,100,100,100,100,100,100,76.5625,84.375,100,100,78.125,89.0625,100,100,100,67.1875,100,100,64.0625,100,100,42.1875,89.0625,70.3125,84.375,100,79.6875,75,59.375,67.1875,100,92.1875,100,100,100,31.25,100,64.0625,100,100,92.1875,100,100,43.75,35.9375,84.375,100,98.4375,32.8125,90.625,89.0625,39.0625,37.5,70.3125,9.375,100,100,100,89.0625,51.5625,84.375,100,100,100,76.5625,100,100,20.3125,100,100,100,78.125,100,100,100,96.875,100,85.9375,100,100,100,100,100,100,51.5625,81.25,65.625,100,78.125,100,100,100,100,71.875,100,68.75,100,100,51.5625,100,70.3125,85.9375,84.375,73.4375,70.3125,68.75,100,100,100,100,98.4375,95.3125,85.9375,37.5,100,100,59.375,32.8125,92.1875,100,56.25,100,64.0625,81.25,100,89.0625,60.9375,100,79.6875,100,78.125,46.875,100,90.625,100,29.6875,75,87.5,100,100,100,32.8125,62.5,51.5625,90.625,100,100,100,39.0625,100,100,23.4375,59.375,100,85.9375,81.25,37.5,89.0625,100,92.1875,100,100,73.4375,96.875,21.875,60.9375,75,71.875,39.0625,100,62.5,100,100,54.6875,100,100,39.0625,100,90.625,75,84.375,65.625,92.1875,100,17.1875,100,100,67.1875,100,82.8125,78.125,100,100,34.375,50,98.4375,100,81.25,100,100,93.75,57.8125,57.8125,100,100,100,100,95.3125,100,100,87.5,79.6875,70.3125,93.75,100,62.5,100,100,100,37.5,100,75,95.3125,100,15.625,100,90.625,100,100,100,57.8125,90.625,42.1875,56.25,100,57.8125,40.625,85.9375,39.0625,100,100,75,85.9375,92.1875,96.875,96.875,100,65.625,67.1875,73.4375,100,100,100,96.875,100,48.4375,78.125,100,37.5,100,82.8125,71.875,53.125,12.5,100,37.5,60.9375,71.875,79.6875,100,68.75,65.625,67.1875,95.3125,54.6875,92.1875,100,100,100,100,98.4375,82.8125,82.8125,100,100,87.5,100,100,100,93.75,64.0625,100,92.1875,100,100,79.6875,79.6875,56.25,65.625,100,35.9375,100,100,100,98.4375,64.0625,42.1875,89.0625,81.25,100,100,100,100,100,100,90.625,73.4375,100,81.25,100,100,65.625,100,32.8125,100,42.1875,100,100,100,100,100,96.875,100,90.625,100,87.5,76.5625,100,90.625,100,100,100,100,100,54.6875,96.875,95.3125,100,100,29.6875,73.4375,100,100,81.25,100,100,100,100,40.625,31.25,100,75,87.5,100,100,98.4375,98.4375,70.3125,85.9375,100,100,79.6875,100,100,43.75,76.5625,82.8125,23.4375,100,100,100,100,100,100,100,100,100,57.8125,64.0625,100,60.9375,95.3125,65.625,100,25,100,100,100,54.6875,100,100,50,76.5625,71.875,90.625,100,100,90.625,81.25,100,82.8125,100,85.9375,100,37.5,100,75,17.1875,56.25,78.125,100,100,100,98.4375,100,100,84.375,54.6875,100,60.9375,54.6875,60.9375,98.4375,71.875,100,100,96.875,57.8125,100,100,100,93.75,100,100,67.1875,71.875,56.25,100,59.375,100,100,64.0625,100,100,65.625,100,100,92.1875,100,100,78.125,96.875,56.25,71.875,100,100,25,78.125,65.625,100,100,100,100,87.5,92.1875,100,100,78.125,100,81.25,64.0625,67.1875,100,100,100,46.875,90.625,62.5,39.0625,75,92.1875,100,82.8125,96.875,70.3125,100,100,100,100,100,73.4375,100,100,76.5625,37.5,100,37.5,100,92.1875,100,29.6875,100,42.1875,39.0625,57.8125,100,34.375,100,100,23.4375,73.4375,100,100,64.0625,100,100,100,100,75,100,100,100,100,90.625,100,57.8125,100,100,100,51.5625,90.625,87.5,70.3125,32.8125,100,100,87.5,100,85.9375,81.25,51.5625,100,100,40.625,10.9375,100,54.6875,100,100,100,75,100,70.3125,100,100,100,100,26.5625,100,100,100,100,34.375,100,100,65.625,100,64.0625,57.8125,100,100,100,81.25,100,100,100,90.625,84.375,100,100,84.375,75,18.75,100,100,84.375,98.4375,100,100,85.9375,67.1875,100,84.375,100,100,100,96.875,100,96.875,54.6875,68.75,71.875,90.625,28.125,51.5625,100,100,100,42.1875,68.75,100,100,100,100,71.875,78.125,64.0625,90.625,9.375,100,100,68.75,100,87.5,28.125,43.75,100,59.375,100,65.625,31.25,81.25,100,87.5,54.6875,100,100,93.75,100,71.875,39.0625,100,100,100,100,100,70.3125,40.625,100,100,57.8125,93.75,73.4375,100,100,93.75,57.8125,100,100,100,100,37.5,100,75,59.375,100,84.375,62.5,100,32.8125,84.375,100,100,100,89.0625,100,98.4375,90.625,100,100,100,67.1875,100,100,67.1875,100,92.1875,100,100,85.9375,100,100,78.125,100,34.375,29.6875,45.3125,85.9375,92.1875,100,100,100,85.9375,100,92.1875,100,48.4375,57.8125,50,100,100,100,100,96.875,81.25,100,43.75,100,73.4375,84.375,71.875,87.5,85.9375,68.75,81.25,75,100,18.75,96.875,81.25,100,28.125,17.1875,100,76.5625,100,100,28.125,85.9375,100,59.375,100,75,100,79.6875,98.4375,78.125,81.25,100,100,92.1875,100,60.9375,100,100,87.5,100,100,82.8125,87.5,100,100,56.25,100,35.9375,100,100,54.6875,100,37.5,100,100,75,100,50,48.4375,100,90.625,67.1875,81.25,95.3125,100,100,100,76.5625,95.3125,40.625,100,56.25,100,100,100,98.4375,100,28.125,100,100,51.5625,68.75,100,100,98.4375,100,100,100,100,57.8125,100,100,100,73.4375,100,71.875,100,100,92.1875,84.375,54.6875,45.3125,51.5625,100,100,84.375,100,100,92.1875,100,64.0625,100,100,56.25,81.25,100,81.25,67.1875,100,100,100,100,100,100,50,60.9375,68.75,100,28.125,100,71.875,100,100,100,45.3125,1.5625,100,31.25,26.5625,100,76.5625,100,100,84.375,100,100,100,34.375,100,100,100,100,100,100,84.375,100,100,31.25,37.5,57.8125,100,59.375,100,100,100,78.125,98.4375,34.375,64.0625,100,100,62.5,100,100,59.375,100,98.4375,85.9375,100,100,100,93.75,100,56.25,29.6875,100,82.8125,100,100,56.25,100,39.0625,100,70.3125,56.25,50,84.375,100,48.4375,75,100,87.5,100,87.5,59.375,100,65.625,76.5625,100,82.8125,100,100,50,100,100,96.875,96.875,100,100,31.25,68.75,93.75,81.25,64.0625,100,100,73.4375,85.9375,100,89.0625,32.8125,68.75,54.6875,100,100,100,53.125,100,62.5,39.0625,100,100,100,100,96.875,100,64.0625,100,50,78.125,100,51.5625,100,56.25,87.5,96.875,75,100,100,23.4375,54.6875,100,85.9375,100,100,87.5,100
"6033",90.625,100,37.5,100,100,65.625,70.3125,100,21.875,70.3125,68.75,100,100,100,100,76.5625,98.4375,82.8125,100,100,93.75,100,100,100,56.25,100,100,90.625,82.8125,100,100,100,100,100,100,81.25,79.6875,100,100,100,81.25,62.5,75,100,100,100,100,100,68.75,87.5,75,100,100,71.875,68.75,100,9.375,100,100,39.0625,82.8125,56.25,98.4375,100,100,100,60.9375,100,79.6875,100,54.6875,71.875,100,100,98.4375,79.6875,100,82.8125,50,100,75,100,100,78.125,67.1875,100,100,40.625,100,100,62.5,85.9375,100,48.4375,53.125,92.1875,100,62.5,100,100,95.3125,100,100,92.1875,59.375,26.5625,100,67.1875,85.9375,100,87.5,100,100,100,34.375,100,100,100,100,100,62.5,100,100,90.625,98.4375,46.875,100,18.75,100,98.4375,100,100,71.875,100,100,65.625,62.5,78.125,100,100,100,100,100,46.875,100,100,100,100,60.9375,75,54.6875,34.375,84.375,89.0625,96.875,89.0625,75,100,100,9.375,100,100,71.875,100,89.0625,70.3125,14.0625,85.9375,40.625,100,82.8125,76.5625,100,62.5,100,84.375,84.375,100,100,100,95.3125,93.75,100,67.1875,98.4375,100,29.6875,100,100,85.9375,100,100,64.0625,100,93.75,100,64.0625,81.25,100,100,20.3125,100,98.4375,100,100,100,100,100,75,100,34.375,100,100,100,75,79.6875,100,95.3125,100,43.75,100,70.3125,67.1875,92.1875,100,54.6875,100,100,100,100,39.0625,75,100,100,100,100,85.9375,60.9375,73.4375,100,100,100,100,78.125,100,26.5625,70.3125,90.625,100,100,26.5625,78.125,82.8125,100,81.25,62.5,100,59.375,100,100,100,98.4375,34.375,100,89.0625,100,100,98.4375,100,100,60.9375,57.8125,100,81.25,100,20.3125,29.6875,100,67.1875,70.3125,15.625,100,100,100,100,100,31.25,96.875,81.25,90.625,79.6875,100,20.3125,57.8125,100,100,100,92.1875,68.75,75,64.0625,100,78.125,82.8125,100,81.25,100,43.75,89.0625,100,100,59.375,29.6875,100,56.25,92.1875,100,100,65.625,40.625,89.0625,100,50,90.625,37.5,68.75,100,68.75,100,67.1875,93.75,100,76.5625,100,100,39.0625,100,89.0625,82.8125,100,100,81.25,57.8125,60.9375,70.3125,68.75,28.125,100,75,68.75,100,73.4375,100,92.1875,68.75,100,98.4375,64.0625,48.4375,75,93.75,93.75,100,100,84.375,53.125,81.25,85.9375,98.4375,100,100,100,92.1875,79.6875,100,100,87.5,79.6875,79.6875,100,78.125,82.8125,100,100,100,17.1875,98.4375,100,100,32.8125,59.375,82.8125,100,100,100,75,100,100,100,31.25,100,100,100,100,100,51.5625,59.375,76.5625,78.125,95.3125,70.3125,93.75,90.625,73.4375,100,90.625,34.375,50,100,73.4375,59.375,100,100,100,100,37.5,39.0625,100,100,100,82.8125,100,89.0625,100,100,65.625,59.375,100,100,100,100,93.75,100,100,100,100,100,78.125,81.25,92.1875,100,100,100,100,82.8125,73.4375,100,76.5625,100,100,76.5625,70.3125,71.875,100,100,54.6875,100,84.375,100,100,81.25,34.375,62.5,98.4375,100,89.0625,100,100,100,100,75,100,100,62.5,82.8125,100,54.6875,100,71.875,73.4375,100,75,79.6875,67.1875,50,100,100,100,56.25,64.0625,81.25,100,100,100,87.5,70.3125,100,84.375,95.3125,100,64.0625,78.125,68.75,100,100,100,100,100,100,100,100,100,71.875,56.25,34.375,93.75,100,95.3125,43.75,100,51.5625,100,89.0625,93.75,84.375,70.3125,100,82.8125,81.25,100,87.5,67.1875,100,35.9375,50,100,82.8125,93.75,100,100,75,100,100,100,95.3125,39.0625,60.9375,100,76.5625,100,100,71.875,100,100,59.375,93.75,35.9375,75,100,100,78.125,100,92.1875,95.3125,39.0625,100,100,64.0625,90.625,100,100,100,100,100,100,100,100,71.875,100,64.0625,100,64.0625,100,100,100,17.1875,82.8125,100,62.5,98.4375,100,100,100,76.5625,68.75,100,62.5,17.1875,100,100,96.875,100,75,100,62.5,100,100,100,100,100,35.9375,100,100,82.8125,35.9375,45.3125,6.25,87.5,100,79.6875,84.375,100,100,100,100,100,100,93.75,100,100,100,100,28.125,51.5625,70.3125,76.5625,76.5625,81.25,100,100,100,81.25,100,100,43.75,4.6875,100,54.6875,50,92.1875,100,100,100,60.9375,100,29.6875,100,85.9375,45.3125,21.875,79.6875,71.875,54.6875,98.4375,73.4375,78.125,100,59.375,82.8125,60.9375,40.625,89.0625,93.75,35.9375,90.625,100,100,100,100,100,100,78.125,100,43.75,68.75,57.8125,100,75,64.0625,64.0625,48.4375,100,81.25,100,100,100,100,100,100,62.5,100,84.375,90.625,82.8125,100,100,57.8125,100,100,100,35.9375,100,100,100,90.625,100,100,87.5,100,100,87.5,98.4375,100,100,100,81.25,100,100,100,75,51.5625,100,68.75,100,81.25,100,62.5,31.25,100,35.9375,81.25,100,75,65.625,64.0625,93.75,100,81.25,100,100,100,100,73.4375,31.25,31.25,73.4375,100,100,100,48.4375,76.5625,64.0625,70.3125,12.5,100,93.75,100,43.75,100,48.4375,84.375,100,100,87.5,100,100,98.4375,100,100,100,71.875,50,51.5625,67.1875,100,100,89.0625,65.625,100,100,65.625,57.8125,90.625,100,100,37.5,82.8125,100,100,73.4375,100,85.9375,100,85.9375,59.375,100,42.1875,93.75,100,100,53.125,54.6875,10.9375,100,100,100,100,96.875,46.875,100,100,81.25,81.25,100,100,37.5,100,70.3125,79.6875,81.25,42.1875,40.625,35.9375,100,56.25,54.6875,100,60.9375,82.8125,71.875,100,100,100,68.75,92.1875,76.5625,48.4375,45.3125,100,100,82.8125,100,87.5,100,92.1875,100,85.9375,100,100,100,100,100,100,100,100,70.3125,46.875,100,68.75,100,81.25,100,59.375,78.125,100,12.5,100,81.25,54.6875,100,57.8125,76.5625,75,76.5625,100,98.4375,100,100,100,100,70.3125,67.1875,100,100,34.375,96.875,93.75,71.875,100,92.1875,100,100,100,100,100,90.625,100,78.125,84.375,100,50,100,65.625,70.3125,93.75,100,35.9375,100,100,100,92.1875,96.875,100,64.0625,75,100,54.6875,81.25,90.625,100,78.125,87.5,100,100,53.125,100,100,64.0625,93.75,100,25,68.75,100,100,100,70.3125,100,51.5625,78.125,100,100,100,90.625,100,100,100,96.875,100,100,100,87.5,70.3125,64.0625,46.875,92.1875,31.25,46.875,100,85.9375,100,73.4375,87.5,90.625,100,29.6875,100,46.875,100,98.4375,70.3125,100,53.125,87.5,100,100,100,100,26.5625,100,100,100,100,60.9375,87.5,62.5,100,98.4375,60.9375,95.3125,50,65.625,32.8125,90.625,98.4375,100,84.375,100,79.6875,84.375,79.6875,60.9375,35.9375,100,53.125,62.5,100,82.8125,32.8125,100,100,81.25,100,73.4375,100,89.0625,96.875,100,100,100,56.25,81.25,100,100,79.6875,76.5625,100,62.5,100,100,84.375,81.25,100,100,100,82.8125,100,68.75,92.1875,96.875,100,100,100,100,7.8125,92.1875,89.0625,100,100,100,100,100,100,68.75,60.9375,100,82.8125,73.4375,100,95.3125,76.5625,100,100,90.625,100,100,35.9375,40.625,60.9375,100,100,79.6875,100,100,34.375,100,100,96.875,100,84.375,43.75,82.8125,100,100,59.375,64.0625,15.625,42.1875,100,100,98.4375,100,100,100,100,100,87.5,96.875,62.5,56.25,89.0625,100,100,78.125,100,87.5,100,29.6875,89.0625,100,75,75,89.0625,100,93.75,60.9375,100,82.8125,70.3125,100,82.8125,100,53.125,100,100,100,100,100,43.75,100,76.5625,100,100,100,40.625,100,100,57.8125,65.625,100,93.75,100,85.9375,100,98.4375,78.125,65.625,100,100,100,100,100,100,100,100,51.5625,53.125,98.4375,100,67.1875,100,100,100,92.1875,100,92.1875,100,100,64.0625,100,98.4375,100,81.25,76.5625,100,100,100,84.375,100,100,90.625,100,100,95.3125,100,100,73.4375,93.75,100,46.875,51.5625,56.25,100,68.75,64.0625,100,100,100,100,51.5625,100,92.1875,29.6875,100,100,100,100,100,100,100,100,100,100,100,62.5,98.4375,53.125,100,60.9375,100,71.875,95.3125,17.1875,95.3125,81.25,100,100,32.8125,100,100,62.5,100,93.75,100,100,100,31.25,100,46.875,71.875,79.6875,100,100,100,35.9375,70.3125,40.625,100,100,89.0625,50,100,31.25,100,100,100,100,35.9375,23.4375,100,73.4375,100,96.875,100,100,100,93.75,75,53.125,87.5,78.125,100,92.1875,78.125,84.375,75,67.1875,60.9375,62.5,100,100,62.5,92.1875,100,79.6875,37.5,100,43.75,95.3125,100,95.3125,100,100,100,98.4375,100,75,100,100,100,85.9375,100,100,100,37.5,92.1875,98.4375,100,100,100,100,100,87.5,100,100,59.375,50,100,100,89.0625,100,100,89.0625,100,100,100,82.8125,90.625,53.125,100,100,100,84.375,100,43.75,96.875,100,62.5,32.8125,89.0625,87.5,100,100,93.75,57.8125,65.625,40.625,43.75,100,100,96.875,65.625,100,100,71.875,92.1875,95.3125,100,89.0625,100,53.125,84.375,64.0625,53.125,100,100,81.25,100,100,100,84.375,100,68.75,89.0625,93.75,100,100,100,73.4375,34.375,100,85.9375,39.0625,100,100,100,100,100,68.75,89.0625,100,75,100,100,90.625,100,56.25,57.8125,45.3125,34.375,75,56.25,90.625,100,100,100,87.5,100,100,84.375,26.5625,87.5,100,73.4375,70.3125,96.875,100,87.5,100,100,100,100,100,100,100,100,90.625,92.1875,100,70.3125,100,93.75,100,100,100,71.875,100,100,100,15.625,78.125,76.5625,100,100,82.8125,85.9375,92.1875,100,100,68.75,71.875,100,100,100,76.5625,87.5,64.0625,100,98.4375,78.125,100,96.875,100,78.125,100,100,100,73.4375,76.5625,100,100,100,100,100,100,100,100,76.5625,100,81.25,37.5,75,100,76.5625,100,100,100,100,100,100,100,100,100,90.625,65.625,100,84.375,100,100,100,100,95.3125,53.125,100,100,93.75,100,70.3125,100,93.75,79.6875,100,100,95.3125,67.1875,79.6875,26.5625,28.125,9.375,43.75,100,14.0625,100,100,51.5625,93.75,100,100,100,100,32.8125,100,84.375,100,100,100,65.625,100,100,98.4375,100,60.9375,89.0625,100,100,71.875,100,100,100,95.3125,100,75,92.1875,79.6875,70.3125,76.5625,56.25,78.125,75,82.8125,60.9375,100,100,100,28.125,87.5,100,100,93.75,84.375,65.625,31.25,95.3125,87.5,100,93.75,78.125,100,100,100,100,93.75,28.125,100,100,82.8125,100,20.3125,90.625,100,96.875,100,100,100,100,100,100,100,40.625,93.75,67.1875,100,100,100,96.875,100,100,100,98.4375,100,100,100,57.8125,100,84.375,76.5625,78.125,64.0625,100,100,100,85.9375,71.875,100,73.4375,100,96.875,73.4375,43.75,100,89.0625,85.9375,100,93.75,100,75,100,100,100,68.75,56.25,100,26.5625,100,100,18.75,76.5625,25,46.875,71.875,59.375,100,100,90.625,100,100,98.4375,100,100,87.5,56.25,100,25,42.1875,100,95.3125,64.0625,100,43.75,51.5625,100,100,100,95.3125,100,32.8125,23.4375,100,100,100,100,96.875,100,100,100,100,100,87.5,42.1875,100,100,100,79.6875,90.625,100,100,100,100,82.8125,92.1875,64.0625,53.125,100,100,100,100,90.625,100,100,100,100,68.75,34.375,100,100,100,79.6875,76.5625,100,59.375,100,100,26.5625,60.9375,62.5,84.375,82.8125,100,100,100,98.4375,100,100,85.9375,100,100,100,100,84.375,100,100,100,100,62.5,100,57.8125,100,32.8125,85.9375,100,100,100,100,100,60.9375,100,28.125,51.5625,100,100,51.5625,84.375,100,42.1875,100,100,79.6875,73.4375,100,82.8125,100,45.3125,100,28.125,87.5,100,42.1875,100,100,100,100,76.5625,100,100,23.4375,98.4375,100,20.3125,100,54.6875,100,100,75,100,100,100,68.75,75,71.875,100,100,100,95.3125,57.8125,40.625,76.5625,67.1875,71.875,73.4375,100,71.875,84.375,92.1875,39.0625,100,75,100,100,100,100,53.125,79.6875,100,98.4375,100,51.5625,78.125,54.6875,100,81.25,100,100,64.0625,93.75,54.6875,95.3125,73.4375,100,73.4375,78.125,32.8125,84.375,100,100,48.4375,26.5625,100,50,100,100,100,100,95.3125,92.1875,40.625,100,100,87.5,100,78.125,100,95.3125,100,79.6875,100,84.375,100,100,62.5,100,76.5625,35.9375,95.3125,100,84.375,60.9375,100,70.3125,100,23.4375,35.9375,100,76.5625,78.125,100,31.25,100,100,100,75,82.8125,93.75,68.75,100,90.625,100,100,60.9375,31.25,100,68.75,100,100,93.75,100,100,54.6875,29.6875,100,100,85.9375,34.375,89.0625,100,75,84.375,95.3125,100,62.5,100,100,100,100,62.5,71.875,100,100,100,100,50,100,100,100,100,90.625,100,100,100,100,100,100,100,57.8125,70.3125,100,100,70.3125,75,50,100,73.4375,78.125,100,100,100,79.6875,87.5,82.8125,100,92.1875,100,100,100,100,100,84.375,59.375,51.5625,100,100,100,98.4375,100,95.3125,100,34.375,100,100,90.625,100,93.75,92.1875,76.5625,100,100,100,62.5,100,100,95.3125,100,100,100,76.5625,100,100,100,100,84.375,100,100,100,67.1875,100,100,64.0625,100,100,32.8125,87.5,75,71.875,100,98.4375,65.625,59.375,65.625,100,89.0625,100,100,100,28.125,100,54.6875,100,100,92.1875,100,15.625,39.0625,60.9375,81.25,100,100,34.375,100,90.625,43.75,37.5,42.1875,54.6875,100,100,100,81.25,90.625,87.5,100,100,92.1875,100,100,100,100,100,100,100,70.3125,100,100,90.625,100,100,85.9375,100,100,100,100,100,100,51.5625,79.6875,100,96.875,81.25,100,100,100,100,71.875,100,67.1875,100,100,54.6875,100,70.3125,79.6875,78.125,92.1875,71.875,73.4375,100,100,100,100,98.4375,100,85.9375,35.9375,98.4375,96.875,54.6875,31.25,90.625,100,92.1875,100,73.4375,81.25,100,87.5,62.5,100,100,100,100,50,100,93.75,90.625,79.6875,73.4375,89.0625,100,100,100,32.8125,62.5,34.375,84.375,98.4375,100,100,46.875,100,100,67.1875,57.8125,100,84.375,81.25,53.125,79.6875,100,92.1875,100,100,71.875,96.875,21.875,62.5,76.5625,71.875,39.0625,100,59.375,100,100,54.6875,100,100,34.375,100,84.375,75,89.0625,62.5,85.9375,100,17.1875,100,98.4375,70.3125,100,82.8125,71.875,100,100,34.375,57.8125,57.8125,100,79.6875,100,100,100,56.25,56.25,100,100,100,100,93.75,100,100,79.6875,76.5625,46.875,92.1875,100,62.5,100,100,79.6875,90.625,100,53.125,98.4375,100,28.125,100,100,100,100,100,100,89.0625,43.75,81.25,100,46.875,40.625,92.1875,39.0625,100,90.625,73.4375,89.0625,100,98.4375,100,100,67.1875,65.625,73.4375,92.1875,67.1875,100,82.8125,100,48.4375,76.5625,100,100,100,87.5,82.8125,56.25,23.4375,100,71.875,60.9375,100,81.25,65.625,78.125,100,78.125,95.3125,54.6875,92.1875,100,100,100,45.3125,100,95.3125,81.25,76.5625,100,100,100,100,75,93.75,78.125,92.1875,95.3125,100,100,73.4375,79.6875,45.3125,67.1875,100,100,100,100,100,95.3125,62.5,43.75,100,70.3125,100,100,92.1875,100,100,100,75,56.25,100,100,100,100,93.75,100,34.375,100,51.5625,100,100,100,100,100,95.3125,89.0625,81.25,100,85.9375,89.0625,100,90.625,100,100,100,100,100,54.6875,98.4375,96.875,100,100,28.125,71.875,100,42.1875,100,100,100,100,100,54.6875,31.25,100,87.5,93.75,100,89.0625,98.4375,92.1875,68.75,85.9375,100,100,60.9375,100,100,100,100,87.5,21.875,95.3125,100,100,100,100,100,46.875,100,100,100,100,100,60.9375,76.5625,62.5,100,25,100,100,100,54.6875,100,100,50,100,79.6875,90.625,40.625,100,98.4375,82.8125,85.9375,100,100,81.25,100,37.5,100,100,81.25,60.9375,68.75,100,100,100,96.875,100,100,82.8125,100,100,60.9375,54.6875,100,51.5625,73.4375,100,100,100,100,100,92.1875,100,81.25,100,100,68.75,82.8125,62.5,78.125,59.375,100,100,64.0625,100,100,64.0625,100,100,100,100,100,81.25,100,56.25,71.875,100,100,26.5625,76.5625,56.25,100,65.625,87.5,100,85.9375,90.625,100,100,75,100,71.875,100,67.1875,100,100,100,51.5625,60.9375,100,39.0625,87.5,100,100,82.8125,100,68.75,100,76.5625,100,100,100,85.9375,100,100,76.5625,35.9375,100,56.25,100,92.1875,100,29.6875,100,100,100,59.375,100,100,100,100,100,76.5625,100,100,62.5,100,100,73.4375,100,75,100,100,100,100,92.1875,100,56.25,100,100,100,50,76.5625,85.9375,84.375,32.8125,100,100,89.0625,100,85.9375,82.8125,54.6875,100,100,43.75,10.9375,100,53.125,100,100,100,75,100,85.9375,100,100,100,100,28.125,100,100,100,100,40.625,100,100,64.0625,100,64.0625,53.125,100,100,85.9375,75,85.9375,100,100,64.0625,85.9375,100,84.375,53.125,70.3125,23.4375,87.5,100,100,98.4375,100,100,81.25,67.1875,100,84.375,100,100,100,96.875,100,96.875,57.8125,64.0625,64.0625,87.5,18.75,45.3125,100,100,100,46.875,76.5625,100,100,100,92.1875,71.875,79.6875,64.0625,89.0625,51.5625,100,100,68.75,100,100,81.25,46.875,100,60.9375,100,68.75,51.5625,81.25,100,89.0625,54.6875,100,60.9375,95.3125,100,75,39.0625,100,81.25,100,100,100,67.1875,51.5625,100,100,67.1875,90.625,76.5625,100,100,67.1875,100,100,100,100,100,39.0625,100,75,96.875,100,100,67.1875,100,100,81.25,100,100,100,85.9375,100,92.1875,92.1875,75,100,100,70.3125,100,100,59.375,100,57.8125,100,85.9375,87.5,100,100,71.875,100,35.9375,100,43.75,100,92.1875,100,100,100,93.75,85.9375,95.3125,100,50,64.0625,50,100,100,100,100,84.375,78.125,100,43.75,100,42.1875,92.1875,71.875,100,85.9375,67.1875,62.5,70.3125,89.0625,18.75,100,81.25,87.5,28.125,29.6875,100,82.8125,100,100,31.25,100,100,57.8125,89.0625,89.0625,100,84.375,92.1875,79.6875,85.9375,100,100,100,100,56.25,100,100,90.625,100,100,75,84.375,100,100,57.8125,100,34.375,100,100,54.6875,100,37.5,100,87.5,98.4375,100,56.25,100,87.5,100,68.75,85.9375,96.875,100,100,100,71.875,100,43.75,100,54.6875,100,76.5625,100,78.125,84.375,28.125,100,100,50,62.5,100,100,87.5,100,100,100,100,62.5,100,100,100,78.125,100,70.3125,93.75,100,95.3125,90.625,48.4375,45.3125,51.5625,100,100,39.0625,100,100,100,100,64.0625,100,100,100,79.6875,100,87.5,67.1875,100,100,100,100,100,85.9375,37.5,60.9375,79.6875,100,28.125,100,100,100,100,100,37.5,1.5625,100,100,32.8125,100,84.375,100,100,100,100,100,100,100,100,100,98.4375,100,100,100,85.9375,100,93.75,40.625,39.0625,54.6875,100,53.125,100,100,100,76.5625,100,34.375,64.0625,100,100,53.125,100,100,51.5625,100,98.4375,73.4375,100,100,50,92.1875,98.4375,59.375,32.8125,100,79.6875,100,60.9375,15.625,100,39.0625,100,82.8125,59.375,51.5625,96.875,100,100,76.5625,100,84.375,100,100,59.375,100,67.1875,78.125,100,25,100,100,50,100,100,96.875,100,100,100,29.6875,68.75,100,79.6875,64.0625,100,100,73.4375,85.9375,100,87.5,32.8125,68.75,67.1875,100,98.4375,100,100,100,59.375,39.0625,100,76.5625,100,100,100,100,60.9375,100,54.6875,93.75,100,53.125,100,62.5,87.5,100,78.125,100,100,10.9375,100,50,100,100,100,100,96.875
"6034",89.0625,100,31.25,100,100,62.5,70.3125,100,21.875,98.4375,59.375,100,100,100,67.1875,75,93.75,81.25,100,100,93.75,100,100,100,59.375,100,100,92.1875,89.0625,100,100,100,100,93.75,100,90.625,82.8125,100,100,93.75,82.8125,62.5,84.375,100,100,100,100,100,68.75,82.8125,75,100,100,73.4375,73.4375,100,31.25,100,100,43.75,93.75,56.25,98.4375,100,100,100,62.5,100,79.6875,100,53.125,78.125,100,100,54.6875,79.6875,100,57.8125,54.6875,100,70.3125,100,87.5,79.6875,89.0625,100,100,48.4375,100,100,67.1875,82.8125,100,45.3125,78.125,100,100,64.0625,100,100,73.4375,100,100,90.625,100,25,100,56.25,85.9375,76.5625,89.0625,67.1875,100,100,34.375,100,100,98.4375,100,100,67.1875,100,100,70.3125,93.75,45.3125,100,18.75,100,100,100,100,60.9375,50,95.3125,62.5,79.6875,78.125,100,100,100,100,48.4375,65.625,100,100,89.0625,18.75,56.25,73.4375,60.9375,35.9375,78.125,92.1875,96.875,92.1875,39.0625,100,100,6.25,100,100,70.3125,100,89.0625,59.375,48.4375,85.9375,39.0625,100,92.1875,71.875,100,57.8125,100,100,89.0625,100,100,51.5625,100,93.75,100,100,100,100,32.8125,100,100,89.0625,100,100,67.1875,100,95.3125,100,71.875,79.6875,100,100,18.75,100,96.875,100,100,100,100,100,96.875,100,35.9375,100,100,95.3125,75,78.125,34.375,95.3125,96.875,53.125,59.375,71.875,67.1875,89.0625,100,54.6875,54.6875,98.4375,81.25,100,82.8125,81.25,100,100,100,100,92.1875,60.9375,85.9375,100,100,100,100,89.0625,100,25,100,90.625,100,60.9375,96.875,76.5625,76.5625,96.875,56.25,60.9375,100,59.375,100,100,100,98.4375,32.8125,95.3125,79.6875,100,100,100,50,100,54.6875,59.375,100,100,82.8125,32.8125,29.6875,100,67.1875,100,84.375,100,100,100,100,100,32.8125,98.4375,84.375,92.1875,79.6875,100,21.875,57.8125,100,100,100,85.9375,64.0625,75,32.8125,100,90.625,78.125,100,87.5,100,40.625,92.1875,78.125,100,60.9375,29.6875,100,67.1875,93.75,100,25,65.625,45.3125,90.625,100,50,100,39.0625,57.8125,100,68.75,100,70.3125,87.5,100,76.5625,100,100,39.0625,100,89.0625,100,100,95.3125,82.8125,56.25,100,67.1875,67.1875,26.5625,100,100,71.875,100,78.125,100,85.9375,68.75,100,90.625,59.375,46.875,85.9375,89.0625,93.75,100,100,76.5625,53.125,70.3125,84.375,98.4375,100,100,100,90.625,73.4375,84.375,100,95.3125,76.5625,96.875,100,81.25,100,98.4375,100,100,92.1875,100,100,59.375,31.25,100,81.25,100,65.625,100,67.1875,100,100,96.875,34.375,100,81.25,100,100,100,37.5,57.8125,78.125,71.875,95.3125,70.3125,100,100,82.8125,100,87.5,34.375,51.5625,100,75,67.1875,100,100,100,100,39.0625,50,100,100,100,82.8125,100,81.25,100,73.4375,76.5625,15.625,100,100,100,100,89.0625,68.75,70.3125,82.8125,100,100,82.8125,89.0625,92.1875,95.3125,100,100,100,82.8125,73.4375,100,64.0625,100,100,76.5625,71.875,70.3125,100,39.0625,46.875,100,98.4375,100,73.4375,76.5625,34.375,59.375,100,100,89.0625,100,100,100,64.0625,81.25,100,82.8125,60.9375,82.8125,100,48.4375,100,67.1875,75,100,78.125,79.6875,45.3125,32.8125,100,100,100,53.125,100,81.25,100,100,100,85.9375,76.5625,95.3125,85.9375,100,100,65.625,78.125,68.75,100,100,43.75,60.9375,100,100,100,56.25,100,100,56.25,34.375,92.1875,100,93.75,37.5,100,51.5625,100,90.625,93.75,84.375,71.875,100,82.8125,78.125,100,84.375,60.9375,100,35.9375,48.4375,100,85.9375,93.75,100,70.3125,100,100,100,100,100,65.625,68.75,100,73.4375,100,100,71.875,100,100,62.5,78.125,42.1875,100,100,100,78.125,100,92.1875,100,37.5,75,100,62.5,75,100,68.75,100,82.8125,100,100,100,32.8125,95.3125,100,62.5,100,60.9375,100,100,100,34.375,82.8125,100,60.9375,96.875,98.4375,100,100,100,68.75,100,64.0625,39.0625,100,50,100,100,75,100,59.375,100,100,100,100,100,40.625,100,95.3125,78.125,100,64.0625,100,96.875,100,78.125,82.8125,100,100,64.0625,100,92.1875,100,100,100,95.3125,100,100,31.25,48.4375,64.0625,76.5625,92.1875,93.75,100,100,100,93.75,90.625,100,42.1875,6.25,85.9375,57.8125,50,89.0625,100,100,7.8125,100,59.375,31.25,100,82.8125,42.1875,21.875,81.25,76.5625,53.125,98.4375,78.125,93.75,100,100,82.8125,60.9375,40.625,89.0625,93.75,37.5,87.5,100,100,100,100,100,100,78.125,100,43.75,68.75,100,100,71.875,68.75,71.875,48.4375,100,79.6875,100,85.9375,100,100,100,100,67.1875,100,75,90.625,82.8125,100,100,50,20.3125,100,100,34.375,100,75,100,82.8125,100,100,100,100,100,79.6875,65.625,100,100,100,82.8125,100,100,100,79.6875,100,100,68.75,100,100,100,48.4375,100,100,35.9375,82.8125,100,73.4375,65.625,75,96.875,100,70.3125,81.25,100,76.5625,100,75,46.875,31.25,89.0625,100,100,93.75,53.125,87.5,67.1875,73.4375,9.375,100,100,95.3125,42.1875,100,48.4375,84.375,100,100,73.4375,100,100,75,96.875,100,89.0625,98.4375,100,51.5625,67.1875,100,100,82.8125,67.1875,100,100,60.9375,56.25,100,82.8125,100,42.1875,100,100,100,81.25,100,87.5,100,89.0625,65.625,100,37.5,93.75,35.9375,100,70.3125,78.125,39.0625,100,100,100,100,96.875,54.6875,100,100,81.25,64.0625,100,100,37.5,100,70.3125,82.8125,79.6875,34.375,100,50,100,53.125,100,100,67.1875,81.25,70.3125,100,100,100,67.1875,65.625,75,56.25,100,100,65.625,95.3125,100,43.75,100,92.1875,93.75,78.125,100,100,100,100,100,100,100,100,65.625,45.3125,100,68.75,100,76.5625,100,60.9375,73.4375,100,21.875,100,90.625,50,100,60.9375,78.125,50,79.6875,100,98.4375,100,56.25,100,100,68.75,67.1875,100,100,34.375,98.4375,100,59.375,100,100,100,100,100,57.8125,100,31.25,100,100,85.9375,100,57.8125,100,64.0625,70.3125,89.0625,100,35.9375,100,76.5625,100,84.375,100,70.3125,65.625,100,100,51.5625,67.1875,92.1875,100,100,81.25,100,100,51.5625,100,100,64.0625,60.9375,100,25,65.625,100,10.9375,100,71.875,100,100,57.8125,100,100,100,93.75,96.875,100,100,65.625,100,100,100,100,70.3125,62.5,100,92.1875,31.25,34.375,100,92.1875,100,100,100,85.9375,100,31.25,100,46.875,82.8125,70.3125,70.3125,100,59.375,84.375,100,100,100,100,100,96.875,100,100,100,3.125,87.5,7.8125,100,93.75,62.5,95.3125,35.9375,65.625,37.5,98.4375,98.4375,100,84.375,100,51.5625,78.125,81.25,64.0625,100,100,100,45.3125,100,82.8125,32.8125,100,100,76.5625,100,67.1875,100,87.5,82.8125,100,100,100,76.5625,81.25,92.1875,100,100,76.5625,78.125,67.1875,100,100,65.625,100,100,100,100,81.25,100,82.8125,50,100,100,100,100,100,15.625,100,89.0625,92.1875,100,100,100,100,100,67.1875,87.5,100,76.5625,73.4375,100,90.625,71.875,100,100,79.6875,100,100,39.0625,40.625,73.4375,100,100,76.5625,100,100,34.375,100,100,79.6875,65.625,100,31.25,78.125,100,100,100,73.4375,15.625,100,100,100,59.375,100,100,100,100,100,100,85.9375,64.0625,75,92.1875,100,53.125,79.6875,100,87.5,100,100,79.6875,100,100,75,92.1875,100,93.75,100,100,82.8125,64.0625,100,82.8125,100,50,93.75,100,100,100,100,45.3125,100,79.6875,100,100,100,53.125,100,100,57.8125,65.625,100,93.75,100,60.9375,100,98.4375,67.1875,70.3125,100,100,100,100,100,100,100,100,53.125,53.125,100,100,60.9375,100,100,100,76.5625,70.3125,100,67.1875,100,62.5,100,96.875,100,39.0625,76.5625,100,100,100,85.9375,95.3125,100,89.0625,100,100,93.75,100,100,84.375,96.875,100,50,51.5625,100,100,68.75,90.625,100,92.1875,100,98.4375,21.875,96.875,100,29.6875,95.3125,100,100,100,100,100,100,100,100,100,100,71.875,98.4375,60.9375,92.1875,57.8125,100,90.625,100,20.3125,95.3125,81.25,100,100,32.8125,100,100,62.5,100,89.0625,100,100,100,35.9375,100,46.875,70.3125,34.375,100,82.8125,100,35.9375,71.875,100,100,78.125,89.0625,50,100,39.0625,100,100,18.75,100,64.0625,68.75,100,73.4375,100,84.375,79.6875,100,100,51.5625,75,60.9375,87.5,78.125,100,82.8125,78.125,71.875,92.1875,67.1875,60.9375,50,100,100,65.625,93.75,98.4375,78.125,42.1875,100,40.625,92.1875,100,90.625,100,100,100,92.1875,100,73.4375,82.8125,100,100,78.125,100,92.1875,100,85.9375,78.125,100,100,64.0625,100,95.3125,100,87.5,100,100,60.9375,60.9375,100,9.375,59.375,100,54.6875,89.0625,100,100,100,82.8125,84.375,59.375,100,100,100,75,100,43.75,100,100,53.125,31.25,90.625,89.0625,100,78.125,87.5,56.25,79.6875,40.625,50,100,100,95.3125,67.1875,60.9375,100,68.75,92.1875,93.75,100,89.0625,100,51.5625,100,65.625,53.125,100,100,73.4375,100,100,100,81.25,100,96.875,100,93.75,100,100,100,73.4375,34.375,100,87.5,39.0625,96.875,100,73.4375,100,100,65.625,87.5,100,85.9375,100,100,100,100,73.4375,56.25,46.875,46.875,76.5625,62.5,90.625,14.0625,100,100,87.5,100,100,87.5,28.125,82.8125,100,71.875,70.3125,100,100,65.625,100,84.375,100,100,100,100,68.75,100,95.3125,92.1875,100,73.4375,100,92.1875,100,100,100,92.1875,100,100,100,81.25,100,76.5625,100,100,82.8125,84.375,73.4375,100,100,71.875,73.4375,100,96.875,100,56.25,95.3125,71.875,100,98.4375,76.5625,100,100,100,45.3125,100,100,100,81.25,78.125,100,100,100,100,100,100,100,100,100,100,79.6875,35.9375,75,100,70.3125,100,98.4375,100,100,100,100,100,100,100,89.0625,81.25,100,59.375,100,100,100,100,100,32.8125,100,100,79.6875,100,64.0625,100,93.75,14.0625,100,100,93.75,67.1875,87.5,96.875,31.25,7.8125,43.75,100,100,100,100,100,79.6875,100,100,100,100,34.375,100,100,100,100,100,70.3125,100,100,100,100,43.75,84.375,100,100,82.8125,100,100,84.375,92.1875,100,75,100,70.3125,53.125,79.6875,100,95.3125,12.5,75,65.625,100,93.75,100,100,90.625,100,100,82.8125,87.5,60.9375,29.6875,100,87.5,100,100,79.6875,65.625,100,100,100,100,29.6875,84.375,100,78.125,100,20.3125,89.0625,100,92.1875,100,100,100,100,100,100,100,100,93.75,100,100,100,100,75,100,98.4375,100,100,100,81.25,100,59.375,100,100,96.875,75,64.0625,100,98.4375,100,89.0625,71.875,87.5,71.875,100,100,73.4375,29.6875,100,90.625,67.1875,100,93.75,100,100,100,100,100,73.4375,65.625,100,100,100,100,89.0625,100,26.5625,85.9375,89.0625,60.9375,100,100,87.5,100,100,71.875,100,100,92.1875,81.25,100,25,21.875,100,95.3125,54.6875,100,43.75,48.4375,100,100,100,93.75,100,34.375,18.75,100,100,100,100,85.9375,100,100,100,100,100,100,56.25,98.4375,100,100,81.25,98.4375,100,100,100,100,87.5,92.1875,68.75,56.25,100,100,100,100,95.3125,100,100,93.75,100,82.8125,34.375,100,100,100,100,75,100,67.1875,100,100,26.5625,59.375,62.5,82.8125,85.9375,100,100,100,100,100,78.125,84.375,100,84.375,100,100,87.5,98.4375,100,100,40.625,81.25,100,59.375,100,32.8125,85.9375,100,100,100,100,100,100,100,28.125,60.9375,100,100,70.3125,84.375,100,100,100,100,76.5625,71.875,100,82.8125,100,39.0625,100,28.125,78.125,100,100,100,100,87.5,100,75,100,100,23.4375,68.75,100,28.125,100,54.6875,100,56.25,75,100,93.75,100,62.5,95.3125,96.875,79.6875,100,100,93.75,62.5,40.625,73.4375,65.625,70.3125,79.6875,100,60.9375,84.375,92.1875,42.1875,100,75,100,100,100,100,23.4375,75,100,92.1875,100,46.875,70.3125,100,100,42.1875,100,100,64.0625,100,51.5625,96.875,43.75,100,73.4375,96.875,54.6875,73.4375,100,100,48.4375,26.5625,100,53.125,100,100,100,100,93.75,95.3125,46.875,100,100,76.5625,100,65.625,100,100,100,81.25,100,84.375,78.125,100,93.75,100,81.25,35.9375,92.1875,100,89.0625,62.5,100,53.125,100,42.1875,35.9375,100,65.625,79.6875,37.5,29.6875,100,100,100,54.6875,87.5,96.875,100,84.375,96.875,100,100,59.375,31.25,100,68.75,100,100,93.75,70.3125,37.5,54.6875,25,48.4375,100,34.375,60.9375,89.0625,100,73.4375,84.375,92.1875,100,67.1875,100,53.125,100,100,62.5,64.0625,100,100,100,100,42.1875,100,100,100,100,93.75,100,100,76.5625,100,100,100,100,56.25,68.75,100,100,67.1875,60.9375,48.4375,100,100,87.5,100,54.6875,100,79.6875,85.9375,82.8125,100,89.0625,100,100,100,45.3125,100,84.375,59.375,53.125,65.625,100,100,100,100,98.4375,100,34.375,100,100,98.4375,100,93.75,84.375,100,100,100,100,65.625,100,100,100,100,100,100,76.5625,85.9375,100,100,100,87.5,100,100,100,67.1875,53.125,100,65.625,100,100,37.5,85.9375,79.6875,87.5,100,64.0625,65.625,59.375,67.1875,100,95.3125,78.125,100,100,32.8125,100,57.8125,100,100,90.625,100,100,39.0625,100,79.6875,100,96.875,34.375,100,92.1875,35.9375,37.5,71.875,32.8125,100,100,100,79.6875,90.625,78.125,100,100,84.375,81.25,100,100,34.375,100,100,100,71.875,100,100,95.3125,100,100,81.25,100,100,100,100,100,100,48.4375,81.25,100,84.375,81.25,100,100,100,100,76.5625,100,59.375,100,100,53.125,100,70.3125,76.5625,76.5625,76.5625,70.3125,68.75,100,100,100,100,100,82.8125,84.375,35.9375,100,37.5,54.6875,31.25,90.625,100,90.625,100,62.5,89.0625,100,62.5,64.0625,100,100,100,81.25,50,100,89.0625,100,48.4375,75,89.0625,100,100,100,37.5,65.625,35.9375,87.5,100,100,100,60.9375,100,45.3125,65.625,59.375,100,85.9375,79.6875,71.875,76.5625,100,92.1875,100,100,67.1875,96.875,21.875,65.625,100,71.875,37.5,100,60.9375,100,100,81.25,100,82.8125,34.375,100,85.9375,75,85.9375,65.625,93.75,100,17.1875,100,100,68.75,100,85.9375,76.5625,64.0625,100,34.375,59.375,89.0625,100,87.5,100,100,100,57.8125,57.8125,100,100,100,100,93.75,100,100,75,70.3125,46.875,100,89.0625,62.5,100,100,82.8125,100,100,100,96.875,100,29.6875,100,100,100,34.375,100,100,73.4375,43.75,65.625,100,37.5,40.625,54.6875,35.9375,100,98.4375,75,78.125,100,96.875,98.4375,100,65.625,51.5625,73.4375,64.0625,100,100,100,100,59.375,90.625,100,28.125,100,85.9375,62.5,50,10.9375,100,71.875,62.5,20.3125,82.8125,59.375,71.875,26.5625,62.5,93.75,54.6875,90.625,100,100,100,21.875,100,78.125,89.0625,100,100,75,100,100,90.625,93.75,100,84.375,89.0625,100,100,78.125,73.4375,40.625,67.1875,100,100,42.1875,100,100,95.3125,67.1875,43.75,92.1875,82.8125,100,100,73.4375,100,100,100,56.25,51.5625,100,100,100,100,82.8125,100,31.25,100,48.4375,93.75,100,100,100,100,95.3125,90.625,76.5625,100,100,92.1875,100,90.625,100,100,100,98.4375,84.375,51.5625,68.75,98.4375,100,100,28.125,79.6875,43.75,100,100,100,100,100,100,50,29.6875,100,85.9375,100,100,96.875,100,96.875,70.3125,100,100,100,85.9375,96.875,100,100,70.3125,90.625,21.875,84.375,100,100,100,96.875,100,54.6875,98.4375,100,32.8125,100,92.1875,70.3125,78.125,65.625,100,25,100,100,100,54.6875,100,100,56.25,100,73.4375,100,100,100,96.875,81.25,81.25,68.75,100,82.8125,100,37.5,100,100,81.25,62.5,78.125,100,100,100,98.4375,100,100,84.375,35.9375,100,60.9375,54.6875,100,100,76.5625,100,100,89.0625,59.375,100,100,100,100,100,100,89.0625,73.4375,57.8125,76.5625,62.5,100,100,64.0625,100,100,64.0625,100,100,79.6875,100,100,76.5625,100,57.8125,71.875,100,76.5625,26.5625,78.125,75,100,51.5625,73.4375,100,81.25,92.1875,100,100,75,100,71.875,100,89.0625,100,100,42.1875,46.875,48.4375,100,39.0625,89.0625,100,100,76.5625,100,59.375,100,56.25,100,100,96.875,100,100,100,75,43.75,100,100,100,87.5,100,28.125,100,39.0625,100,59.375,45.3125,100,100,100,100,76.5625,100,100,64.0625,100,100,78.125,100,75,100,100,100,100,96.875,100,57.8125,100,100,100,46.875,100,100,68.75,32.8125,100,87.5,87.5,87.5,84.375,82.8125,50,100,100,39.0625,10.9375,100,65.625,100,100,26.5625,75,100,84.375,100,100,100,100,26.5625,100,79.6875,95.3125,100,95.3125,100,100,64.0625,100,64.0625,53.125,100,100,93.75,100,100,100,100,64.0625,87.5,98.4375,89.0625,71.875,60.9375,92.1875,92.1875,100,89.0625,85.9375,100,100,84.375,68.75,100,84.375,100,35.9375,100,96.875,100,100,57.8125,68.75,100,87.5,18.75,48.4375,100,100,100,46.875,64.0625,100,100,100,100,76.5625,78.125,64.0625,75,40.625,62.5,100,68.75,100,92.1875,82.8125,57.8125,68.75,60.9375,100,100,31.25,81.25,100,71.875,54.6875,100,100,100,100,73.4375,40.625,100,100,50,100,100,68.75,57.8125,100,100,71.875,90.625,75,100,100,82.8125,87.5,100,100,93.75,100,39.0625,100,75,100,100,95.3125,59.375,37.5,100,84.375,100,100,100,78.125,100,100,90.625,39.0625,100,100,100,100,100,67.1875,100,92.1875,100,59.375,87.5,100,100,68.75,100,35.9375,21.875,46.875,71.875,92.1875,100,100,85.9375,95.3125,89.0625,100,100,50,54.6875,50,100,100,100,100,100,79.6875,100,40.625,100,75,87.5,71.875,100,79.6875,68.75,59.375,70.3125,89.0625,18.75,95.3125,81.25,100,26.5625,43.75,100,78.125,100,100,31.25,92.1875,100,59.375,68.75,71.875,100,84.375,100,79.6875,81.25,100,100,98.4375,100,62.5,100,100,90.625,100,85.9375,100,84.375,100,100,56.25,100,34.375,100,100,51.5625,100,40.625,70.3125,84.375,53.125,100,53.125,40.625,87.5,100,67.1875,85.9375,100,100,100,100,79.6875,100,43.75,100,57.8125,100,98.4375,100,100,89.0625,28.125,100,100,50,62.5,100,100,60.9375,100,100,100,100,93.75,100,100,100,76.5625,100,81.25,100,100,93.75,81.25,48.4375,42.1875,51.5625,100,100,100,100,100,100,100,100,100,100,100,100,100,82.8125,68.75,100,90.625,100,100,100,92.1875,64.0625,56.25,78.125,100,28.125,100,71.875,56.25,100,100,42.1875,1.5625,100,64.0625,35.9375,28.125,79.6875,100,82.8125,100,98.4375,92.1875,32.8125,100,84.375,100,100,100,100,100,96.875,100,93.75,79.6875,35.9375,51.5625,100,50,100,100,87.5,78.125,95.3125,53.125,64.0625,100,100,54.6875,100,100,46.875,100,98.4375,73.4375,100,100,100,93.75,96.875,57.8125,28.125,100,85.9375,100,73.4375,14.0625,100,39.0625,100,75,100,51.5625,100,100,100,70.3125,100,85.9375,100,89.0625,59.375,100,65.625,78.125,100,89.0625,100,100,100,100,100,96.875,84.375,100,100,29.6875,67.1875,100,73.4375,64.0625,100,100,68.75,82.8125,100,81.25,34.375,68.75,65.625,100,100,100,76.5625,100,59.375,40.625,40.625,75,100,100,93.75,100,62.5,100,54.6875,81.25,100,53.125,100,62.5,87.5,65.625,96.875,100,98.4375,31.25,64.0625,68.75,87.5,100,100,90.625,100
"6035",89.0625,100,37.5,100,100,59.375,68.75,98.4375,20.3125,67.1875,56.25,100,100,100,76.5625,76.5625,100,82.8125,100,100,95.3125,100,100,100,51.5625,100,100,87.5,81.25,100,100,100,100,79.6875,100,95.3125,82.8125,100,100,90.625,45.3125,64.0625,81.25,100,100,100,100,100,60.9375,87.5,75,100,100,68.75,62.5,100,6.25,100,100,51.5625,96.875,65.625,98.4375,100,100,96.875,62.5,100,59.375,100,53.125,64.0625,100,100,60.9375,70.3125,100,51.5625,53.125,100,75,71.875,87.5,78.125,68.75,100,100,57.8125,100,100,54.6875,84.375,100,48.4375,90.625,100,100,62.5,100,100,87.5,100,100,92.1875,100,23.4375,100,62.5,85.9375,100,85.9375,73.4375,100,100,34.375,100,100,100,100,100,71.875,100,100,84.375,81.25,53.125,100,18.75,100,100,100,100,60.9375,100,95.3125,62.5,54.6875,79.6875,100,100,100,78.125,48.4375,59.375,100,100,93.75,100,60.9375,78.125,45.3125,40.625,78.125,92.1875,98.4375,90.625,39.0625,100,100,7.8125,100,100,71.875,100,89.0625,64.0625,56.25,85.9375,34.375,100,89.0625,70.3125,100,59.375,100,92.1875,90.625,100,100,100,100,92.1875,100,73.4375,100,100,29.6875,81.25,100,87.5,100,100,82.8125,100,95.3125,100,75,81.25,100,100,20.3125,100,96.875,100,100,100,100,12.5,93.75,48.4375,45.3125,85.9375,100,100,87.5,78.125,45.3125,89.0625,100,51.5625,60.9375,73.4375,57.8125,84.375,100,54.6875,29.6875,100,64.0625,100,82.8125,81.25,100,100,100,100,84.375,62.5,85.9375,100,100,100,100,89.0625,100,26.5625,78.125,92.1875,100,62.5,100,76.5625,81.25,98.4375,100,62.5,100,59.375,100,100,100,98.4375,31.25,96.875,89.0625,95.3125,100,100,89.0625,100,59.375,71.875,100,17.1875,96.875,20.3125,26.5625,100,67.1875,100,85.9375,100,100,100,100,100,29.6875,100,95.3125,92.1875,84.375,100,39.0625,57.8125,100,100,93.75,89.0625,65.625,75,39.0625,90.625,75,84.375,100,85.9375,92.1875,54.6875,92.1875,100,100,59.375,29.6875,100,54.6875,93.75,100,100,76.5625,50,89.0625,100,48.4375,100,40.625,71.875,100,68.75,100,59.375,92.1875,100,75,96.875,96.875,37.5,100,89.0625,92.1875,100,96.875,82.8125,56.25,100,67.1875,64.0625,26.5625,100,100,71.875,100,78.125,100,82.8125,68.75,100,100,64.0625,42.1875,100,96.875,93.75,100,100,68.75,51.5625,68.75,78.125,98.4375,100,100,100,92.1875,67.1875,71.875,100,93.75,73.4375,67.1875,100,75,90.625,89.0625,100,100,65.625,100,100,95.3125,93.75,100,85.9375,100,100,100,65.625,100,100,82.8125,29.6875,100,79.6875,100,100,100,46.875,59.375,78.125,71.875,87.5,71.875,93.75,100,71.875,100,98.4375,32.8125,53.125,100,76.5625,57.8125,100,100,100,100,56.25,50,100,100,100,82.8125,100,81.25,100,73.4375,82.8125,48.4375,100,100,100,100,25,85.9375,87.5,71.875,100,100,100,81.25,92.1875,92.1875,100,100,100,85.9375,73.4375,100,70.3125,100,100,76.5625,73.4375,71.875,100,100,46.875,100,81.25,100,100,76.5625,34.375,56.25,96.875,100,89.0625,100,81.25,100,76.5625,78.125,100,85.9375,62.5,82.8125,100,48.4375,100,70.3125,73.4375,100,78.125,78.125,21.875,40.625,100,100,100,71.875,79.6875,76.5625,100,100,100,85.9375,56.25,59.375,84.375,51.5625,100,64.0625,78.125,68.75,100,100,100,100,100,100,100,65.625,65.625,57.8125,54.6875,37.5,93.75,100,95.3125,39.0625,100,51.5625,100,87.5,92.1875,84.375,71.875,100,82.8125,79.6875,78.125,76.5625,62.5,100,34.375,48.4375,100,85.9375,92.1875,100,70.3125,100,100,100,100,82.8125,50,71.875,100,75,100,100,71.875,100,100,100,98.4375,42.1875,98.4375,100,100,59.375,100,90.625,100,34.375,67.1875,100,64.0625,100,100,64.0625,93.75,100,100,100,100,100,75,100,62.5,100,71.875,100,100,100,71.875,98.4375,100,62.5,96.875,84.375,100,100,81.25,73.4375,100,56.25,43.75,100,48.4375,79.6875,100,78.125,100,73.4375,100,100,100,100,100,35.9375,100,98.4375,78.125,100,57.8125,56.25,100,100,60.9375,81.25,100,100,100,100,100,100,100,100,96.875,100,100,26.5625,48.4375,68.75,60.9375,85.9375,76.5625,100,100,100,89.0625,96.875,100,42.1875,6.25,68.75,51.5625,50,100,100,95.3125,100,100,100,29.6875,100,82.8125,37.5,59.375,78.125,75,51.5625,98.4375,78.125,73.4375,90.625,95.3125,85.9375,100,40.625,78.125,93.75,37.5,95.3125,100,100,100,100,100,100,78.125,100,43.75,68.75,100,100,67.1875,100,57.8125,48.4375,100,81.25,100,85.9375,100,100,100,100,67.1875,100,73.4375,90.625,82.8125,100,100,51.5625,100,100,100,34.375,100,100,100,84.375,100,100,100,100,100,78.125,79.6875,100,100,100,95.3125,100,100,100,62.5,100,100,68.75,100,100,100,32.8125,100,100,34.375,89.0625,100,68.75,73.4375,78.125,100,100,75,82.8125,100,100,100,70.3125,32.8125,31.25,87.5,100,100,96.875,50,70.3125,75,68.75,6.25,100,100,100,40.625,100,48.4375,82.8125,100,100,96.875,100,100,76.5625,100,100,85.9375,100,100,48.4375,65.625,100,100,65.625,14.0625,100,100,100,57.8125,82.8125,100,100,40.625,84.375,100,100,81.25,71.875,87.5,100,89.0625,60.9375,100,39.0625,93.75,100,100,53.125,100,70.3125,100,100,100,100,96.875,62.5,100,100,78.125,90.625,100,100,40.625,100,70.3125,75,79.6875,87.5,100,100,100,54.6875,100,100,65.625,78.125,73.4375,100,100,100,67.1875,100,75,54.6875,67.1875,100,100,100,100,46.875,100,92.1875,100,87.5,100,100,100,100,100,100,100,100,65.625,45.3125,100,68.75,100,78.125,100,56.25,78.125,100,42.1875,100,100,60.9375,95.3125,65.625,82.8125,82.8125,81.25,100,98.4375,95.3125,56.25,100,84.375,70.3125,67.1875,100,100,50,98.4375,75,64.0625,96.875,100,100,100,100,100,100,20.3125,100,92.1875,100,82.8125,54.6875,100,62.5,70.3125,95.3125,100,35.9375,100,78.125,100,100,96.875,70.3125,67.1875,100,100,53.125,48.4375,89.0625,100,100,79.6875,100,100,45.3125,100,100,62.5,93.75,100,25,100,100,100,100,71.875,100,100,100,100,100,100,93.75,100,100,100,84.375,100,100,100,100,57.8125,65.625,100,85.9375,29.6875,23.4375,100,85.9375,100,100,79.6875,85.9375,56.25,31.25,100,46.875,78.125,68.75,70.3125,100,68.75,84.375,100,100,100,100,100,100,100,100,100,3.125,87.5,100,100,98.4375,64.0625,95.3125,45.3125,57.8125,45.3125,100,100,62.5,84.375,100,59.375,85.9375,75,59.375,100,100,53.125,78.125,100,84.375,29.6875,100,100,79.6875,100,51.5625,100,93.75,98.4375,84.375,100,100,100,81.25,98.4375,100,100,76.5625,71.875,68.75,100,100,100,100,100,100,100,79.6875,100,82.8125,98.4375,100,100,100,100,53.125,42.1875,100,87.5,100,93.75,100,100,100,100,65.625,96.875,100,82.8125,73.4375,100,81.25,76.5625,100,100,81.25,100,100,39.0625,100,59.375,100,100,78.125,100,100,29.6875,100,100,84.375,98.4375,100,34.375,79.6875,100,100,67.1875,70.3125,15.625,98.4375,100,100,93.75,100,100,100,100,100,73.4375,76.5625,64.0625,48.4375,90.625,96.875,100,81.25,100,87.5,100,100,100,100,100,75,93.75,100,93.75,100,100,82.8125,59.375,100,68.75,100,70.3125,100,75,100,100,23.4375,39.0625,20.3125,79.6875,100,100,100,100,100,100,57.8125,65.625,100,93.75,100,60.9375,100,92.1875,65.625,67.1875,100,100,100,100,100,100,100,100,53.125,50,100,100,51.5625,100,100,100,76.5625,85.9375,100,100,100,57.8125,100,96.875,100,67.1875,76.5625,100,100,100,85.9375,98.4375,64.0625,90.625,98.4375,100,96.875,100,100,85.9375,96.875,100,42.1875,51.5625,100,100,68.75,75,100,100,95.3125,95.3125,53.125,100,96.875,29.6875,87.5,100,100,100,100,100,100,100,100,100,100,70.3125,78.125,59.375,100,75,100,89.0625,100,21.875,95.3125,81.25,100,100,34.375,100,100,65.625,100,92.1875,100,100,100,31.25,100,51.5625,70.3125,100,100,100,100,35.9375,65.625,100,100,100,89.0625,53.125,100,32.8125,100,100,54.6875,100,65.625,67.1875,100,73.4375,100,100,100,100,100,100,79.6875,54.6875,87.5,78.125,100,100,75,84.375,92.1875,67.1875,100,50,100,100,64.0625,78.125,100,73.4375,37.5,100,39.0625,96.875,100,96.875,100,100,78.125,100,100,73.4375,100,100,100,84.375,100,75,100,85.9375,90.625,100,100,59.375,100,98.4375,100,62.5,100,90.625,71.875,60.9375,100,100,73.4375,100,100,89.0625,100,100,100,100,89.0625,53.125,100,100,100,73.4375,100,43.75,89.0625,31.25,53.125,29.6875,92.1875,89.0625,100,100,78.125,59.375,68.75,39.0625,43.75,100,100,76.5625,60.9375,60.9375,100,50,84.375,95.3125,100,89.0625,100,53.125,75,96.875,100,100,100,76.5625,100,100,100,79.6875,84.375,68.75,89.0625,92.1875,100,100,98.4375,73.4375,31.25,100,85.9375,100,100,100,90.625,100,100,64.0625,89.0625,100,85.9375,100,100,100,100,70.3125,56.25,48.4375,50,76.5625,60.9375,90.625,100,100,85.9375,82.8125,100,100,79.6875,26.5625,78.125,100,73.4375,68.75,98.4375,100,57.8125,50,34.375,100,100,100,100,100,100,100,92.1875,67.1875,71.875,100,93.75,100,100,100,82.8125,96.875,100,100,100,100,76.5625,100,100,85.9375,93.75,71.875,100,100,70.3125,70.3125,100,100,100,73.4375,93.75,65.625,100,100,78.125,100,100,100,40.625,93.75,70.3125,93.75,79.6875,78.125,96.875,100,65.625,100,100,100,100,100,100,100,79.6875,35.9375,68.75,100,70.3125,100,100,100,100,100,100,100,100,100,90.625,96.875,100,95.3125,100,100,100,100,90.625,65.625,100,100,93.75,100,59.375,100,90.625,87.5,100,100,92.1875,67.1875,96.875,98.4375,37.5,9.375,43.75,100,100,100,100,54.6875,82.8125,100,100,100,67.1875,34.375,100,70.3125,100,100,100,68.75,100,100,100,100,37.5,90.625,100,100,87.5,81.25,100,93.75,95.3125,100,75,90.625,81.25,57.8125,81.25,100,82.8125,100,81.25,71.875,100,78.125,100,100,90.625,100,87.5,93.75,85.9375,68.75,28.125,90.625,79.6875,100,96.875,81.25,100,100,100,100,95.3125,28.125,79.6875,100,100,100,20.3125,92.1875,100,95.3125,82.8125,100,100,100,100,100,100,100,92.1875,100,100,100,100,100,100,89.0625,100,100,100,100,100,59.375,100,79.6875,95.3125,79.6875,62.5,100,100,100,92.1875,71.875,59.375,67.1875,100,100,82.8125,28.125,100,89.0625,75,100,92.1875,100,17.1875,100,100,100,59.375,56.25,100,100,100,100,89.0625,75,28.125,84.375,81.25,62.5,100,100,85.9375,100,93.75,100,100,100,90.625,64.0625,100,26.5625,40.625,100,95.3125,62.5,100,50,87.5,100,100,100,95.3125,100,31.25,21.875,100,100,100,95.3125,84.375,100,100,100,100,100,96.875,53.125,100,100,100,78.125,87.5,100,98.4375,100,100,87.5,78.125,68.75,65.625,100,100,100,100,87.5,100,98.4375,59.375,100,79.6875,35.9375,100,59.375,100,62.5,76.5625,100,60.9375,100,100,26.5625,60.9375,62.5,96.875,85.9375,100,100,100,98.4375,100,78.125,90.625,100,100,100,100,89.0625,100,100,100,100,75,100,57.8125,100,32.8125,84.375,100,100,100,100,100,71.875,100,31.25,60.9375,100,100,51.5625,100,100,100,100,98.4375,82.8125,73.4375,100,82.8125,100,37.5,100,65.625,84.375,100,79.6875,100,100,89.0625,100,76.5625,100,96.875,25,68.75,100,20.3125,100,48.4375,100,100,75,100,100,100,31.25,71.875,87.5,89.0625,100,100,90.625,62.5,48.4375,100,65.625,64.0625,75,100,64.0625,84.375,92.1875,18.75,100,75,100,100,100,100,23.4375,75,98.4375,68.75,100,100,76.5625,95.3125,100,34.375,100,100,64.0625,100,54.6875,95.3125,68.75,100,73.4375,89.0625,100,31.25,100,100,48.4375,79.6875,100,53.125,100,100,100,100,84.375,96.875,50,100,100,78.125,100,100,100,96.875,100,81.25,100,81.25,100,100,93.75,100,59.375,34.375,95.3125,100,84.375,60.9375,100,64.0625,100,17.1875,35.9375,100,75,73.4375,100,34.375,100,100,100,53.125,90.625,100,51.5625,100,90.625,100,60.9375,34.375,28.125,100,68.75,100,100,93.75,65.625,100,56.25,25,100,100,90.625,59.375,89.0625,100,73.4375,85.9375,92.1875,100,64.0625,100,87.5,100,100,64.0625,79.6875,60.9375,100,100,93.75,43.75,100,100,100,100,82.8125,100,100,76.5625,100,100,73.4375,100,57.8125,60.9375,100,100,54.6875,98.4375,50,100,67.1875,82.8125,100,100,100,78.125,82.8125,82.8125,100,89.0625,100,100,85.9375,100,100,82.8125,60.9375,53.125,95.3125,100,100,93.75,100,98.4375,100,34.375,100,100,98.4375,100,95.3125,87.5,65.625,100,95.3125,100,100,100,100,82.8125,100,100,100,76.5625,95.3125,100,100,100,89.0625,89.0625,100,100,67.1875,100,100,98.4375,100,100,32.8125,85.9375,81.25,93.75,100,65.625,73.4375,59.375,92.1875,100,92.1875,100,100,100,40.625,100,54.6875,100,100,90.625,100,100,35.9375,54.6875,79.6875,100,100,34.375,100,100,32.8125,35.9375,32.8125,56.25,100,100,100,84.375,90.625,82.8125,100,100,96.875,81.25,100,100,100,100,100,100,73.4375,100,100,92.1875,100,100,78.125,100,100,100,95.3125,100,100,45.3125,81.25,100,100,79.6875,100,100,100,100,79.6875,100,46.875,100,100,51.5625,100,70.3125,78.125,76.5625,78.125,73.4375,71.875,100,81.25,100,100,100,82.8125,85.9375,35.9375,95.3125,100,45.3125,31.25,73.4375,100,92.1875,100,100,78.125,100,34.375,67.1875,98.4375,89.0625,100,93.75,100,100,89.0625,100,43.75,73.4375,95.3125,100,100,100,39.0625,82.8125,29.6875,85.9375,59.375,100,100,59.375,100,100,64.0625,6.25,100,84.375,78.125,71.875,79.6875,100,92.1875,100,100,62.5,96.875,20.3125,62.5,67.1875,71.875,39.0625,100,70.3125,100,100,75,100,82.8125,35.9375,100,89.0625,75,87.5,62.5,81.25,100,18.75,100,87.5,67.1875,100,90.625,82.8125,37.5,100,32.8125,57.8125,87.5,100,95.3125,100,100,93.75,57.8125,60.9375,100,100,100,100,93.75,100,100,79.6875,75,67.1875,100,98.4375,62.5,100,100,89.0625,100,100,64.0625,98.4375,100,31.25,100,100,100,100,100,100,90.625,39.0625,59.375,98.4375,57.8125,40.625,93.75,37.5,100,100,68.75,82.8125,98.4375,81.25,100,100,67.1875,23.4375,76.5625,100,100,100,100,100,62.5,93.75,100,34.375,100,85.9375,70.3125,53.125,15.625,100,68.75,64.0625,100,82.8125,62.5,68.75,25,59.375,95.3125,54.6875,95.3125,100,100,100,45.3125,100,98.4375,82.8125,100,100,71.875,100,100,98.4375,93.75,73.4375,100,90.625,100,100,70.3125,67.1875,40.625,25,100,100,100,100,100,95.3125,62.5,54.6875,90.625,82.8125,100,100,100,100,100,100,100,64.0625,100,93.75,100,39.0625,75,100,34.375,100,42.1875,100,100,100,100,100,89.0625,95.3125,45.3125,100,100,92.1875,100,93.75,98.4375,100,100,100,68.75,53.125,95.3125,95.3125,51.5625,100,26.5625,84.375,100,100,100,100,100,100,100,42.1875,32.8125,42.1875,81.25,100,100,84.375,95.3125,98.4375,70.3125,89.0625,100,100,100,100,100,100,71.875,98.4375,21.875,75,100,100,100,100,100,64.0625,100,100,62.5,100,93.75,68.75,84.375,64.0625,100,25,100,100,71.875,54.6875,100,100,50,100,73.4375,90.625,100,100,96.875,79.6875,85.9375,100,100,81.25,100,32.8125,100,100,81.25,62.5,75,100,100,100,98.4375,100,100,84.375,65.625,100,60.9375,54.6875,100,100,75,100,100,92.1875,56.25,96.875,100,100,98.4375,100,100,100,70.3125,54.6875,82.8125,59.375,100,100,64.0625,100,100,65.625,100,100,81.25,100,100,81.25,100,56.25,71.875,96.875,100,29.6875,23.4375,54.6875,100,59.375,85.9375,90.625,82.8125,100,100,100,75,100,85.9375,82.8125,62.5,100,100,82.8125,46.875,67.1875,100,40.625,85.9375,100,100,81.25,100,54.6875,100,100,100,100,100,100,100,100,75,37.5,100,34.375,100,81.25,100,29.6875,100,32.8125,64.0625,59.375,96.875,100,100,100,100,73.4375,100,100,60.9375,100,100,68.75,98.4375,75,100,100,100,100,89.0625,100,59.375,100,100,100,50,100,92.1875,100,32.8125,100,84.375,84.375,81.25,76.5625,82.8125,48.4375,100,100,42.1875,10.9375,100,56.25,100,100,100,75,93.75,68.75,100,100,100,100,25,100,100,100,76.5625,93.75,100,100,65.625,100,64.0625,54.6875,100,100,93.75,79.6875,95.3125,100,100,71.875,85.9375,100,90.625,64.0625,64.0625,92.1875,95.3125,100,100,90.625,100,100,100,64.0625,100,84.375,84.375,100,100,96.875,100,100,57.8125,65.625,95.3125,89.0625,17.1875,45.3125,98.4375,100,100,46.875,71.875,100,100,84.375,93.75,71.875,79.6875,64.0625,67.1875,67.1875,78.125,100,64.0625,100,100,81.25,100,100,57.8125,100,54.6875,56.25,81.25,100,73.4375,54.6875,100,100,100,100,75,39.0625,100,100,50,100,100,67.1875,43.75,100,100,68.75,89.0625,78.125,100,100,75,76.5625,100,100,92.1875,100,57.8125,29.6875,73.4375,73.4375,100,100,60.9375,100,100,85.9375,100,100,100,100,100,90.625,89.0625,67.1875,100,100,67.1875,100,100,65.625,100,90.625,100,56.25,85.9375,100,100,71.875,100,45.3125,46.875,35.9375,92.1875,92.1875,100,100,100,100,85.9375,87.5,100,51.5625,56.25,48.4375,100,100,100,100,93.75,79.6875,100,46.875,100,75,84.375,70.3125,100,78.125,68.75,100,71.875,98.4375,18.75,96.875,81.25,40.625,26.5625,39.0625,100,73.4375,100,100,28.125,100,71.875,59.375,84.375,79.6875,100,79.6875,96.875,79.6875,85.9375,100,100,100,100,84.375,100,100,85.9375,100,96.875,78.125,85.9375,100,100,57.8125,100,39.0625,100,100,51.5625,100,34.375,100,78.125,62.5,100,48.4375,46.875,82.8125,96.875,68.75,85.9375,98.4375,100,100,100,70.3125,98.4375,62.5,100,53.125,100,100,100,76.5625,85.9375,28.125,100,100,50,65.625,100,100,42.1875,100,100,100,100,67.1875,100,100,100,79.6875,100,73.4375,100,100,92.1875,85.9375,59.375,42.1875,51.5625,100,100,100,100,100,76.5625,98.4375,100,100,100,100,79.6875,100,79.6875,68.75,100,92.1875,100,100,100,81.25,100,62.5,81.25,100,28.125,100,100,100,100,100,45.3125,1.5625,100,42.1875,29.6875,100,79.6875,100,100,100,96.875,100,100,100,84.375,68.75,100,25,100,100,85.9375,100,100,100,35.9375,40.625,100,48.4375,100,100,100,76.5625,100,43.75,65.625,100,100,85.9375,100,100,51.5625,100,98.4375,81.25,100,100,18.75,92.1875,100,56.25,26.5625,84.375,100,100,100,75,100,42.1875,100,79.6875,67.1875,48.4375,84.375,100,100,96.875,100,85.9375,100,92.1875,57.8125,100,67.1875,78.125,100,92.1875,87.5,100,56.25,100,100,96.875,87.5,100,98.4375,31.25,70.3125,100,53.125,64.0625,100,100,67.1875,85.9375,100,79.6875,32.8125,68.75,78.125,100,100,100,53.125,100,59.375,37.5,100,92.1875,100,100,100,100,60.9375,100,54.6875,79.6875,100,53.125,100,53.125,100,51.5625,75,100,100,29.6875,62.5,100,89.0625,100,100,100,100
"6036",93.75,100,46.875,100,100,54.6875,67.1875,98.4375,23.4375,68.75,53.125,100,100,100,70.3125,78.125,87.5,81.25,100,100,96.875,93.75,100,100,56.25,100,87.5,87.5,85.9375,100,100,100,100,84.375,100,98.4375,82.8125,100,100,100,84.375,65.625,84.375,100,100,100,100,100,67.1875,85.9375,75,100,100,68.75,71.875,100,23.4375,100,100,40.625,85.9375,68.75,98.4375,21.875,100,100,59.375,100,79.6875,100,53.125,70.3125,100,85.9375,57.8125,81.25,100,53.125,50,100,76.5625,100,85.9375,78.125,100,100,100,100,100,100,54.6875,85.9375,100,48.4375,81.25,15.625,100,64.0625,100,100,73.4375,100,100,92.1875,100,20.3125,100,60.9375,85.9375,85.9375,64.0625,67.1875,100,100,34.375,100,100,100,100,100,50,100,100,85.9375,92.1875,54.6875,100,18.75,100,100,100,100,65.625,100,100,65.625,60.9375,79.6875,100,100,100,75,37.5,40.625,100,100,100,56.25,59.375,79.6875,62.5,35.9375,81.25,92.1875,96.875,90.625,75,100,98.4375,3.125,100,100,71.875,100,89.0625,62.5,43.75,89.0625,31.25,100,82.8125,70.3125,100,53.125,100,89.0625,84.375,98.4375,100,100,100,100,100,82.8125,100,96.875,32.8125,100,100,84.375,100,100,82.8125,100,90.625,100,78.125,81.25,100,100,15.625,100,96.875,100,100,100,100,15.625,73.4375,100,45.3125,100,100,100,85.9375,78.125,32.8125,95.3125,100,48.4375,100,76.5625,100,84.375,100,54.6875,51.5625,100,100,100,79.6875,81.25,100,100,100,100,82.8125,62.5,95.3125,100,100,100,100,76.5625,100,28.125,67.1875,90.625,100,100,100,81.25,73.4375,100,100,60.9375,100,60.9375,100,100,43.75,96.875,32.8125,89.0625,81.25,96.875,100,100,82.8125,100,62.5,64.0625,100,100,96.875,34.375,28.125,89.0625,65.625,100,90.625,100,65.625,100,100,100,29.6875,100,100,100,78.125,100,42.1875,56.25,100,100,100,90.625,59.375,75,34.375,100,70.3125,81.25,100,87.5,100,57.8125,89.0625,100,100,50,29.6875,100,100,95.3125,100,100,68.75,40.625,87.5,76.5625,50,100,59.375,62.5,100,68.75,100,62.5,85.9375,100,76.5625,89.0625,100,39.0625,100,85.9375,100,100,98.4375,76.5625,59.375,100,71.875,62.5,28.125,100,100,73.4375,100,78.125,68.75,84.375,68.75,100,98.4375,92.1875,53.125,100,87.5,93.75,100,100,84.375,53.125,65.625,82.8125,98.4375,100,100,100,100,75,89.0625,100,90.625,71.875,82.8125,100,78.125,82.8125,100,100,100,100,96.875,100,60.9375,89.0625,100,76.5625,100,100,100,67.1875,100,73.4375,98.4375,51.5625,100,100,100,100,100,48.4375,57.8125,82.8125,73.4375,82.8125,68.75,93.75,100,84.375,100,92.1875,39.0625,48.4375,100,76.5625,51.5625,100,100,100,100,78.125,53.125,100,93.75,100,82.8125,100,82.8125,100,67.1875,75,60.9375,100,100,100,100,92.1875,100,75,84.375,100,73.4375,100,87.5,92.1875,89.0625,100,100,100,84.375,73.4375,100,71.875,100,28.125,76.5625,73.4375,68.75,100,100,60.9375,100,100,100,100,48.4375,32.8125,45.3125,100,100,89.0625,100,100,100,100,70.3125,100,100,71.875,82.8125,100,51.5625,100,68.75,73.4375,93.75,78.125,79.6875,56.25,40.625,100,100,31.25,70.3125,68.75,78.125,100,100,100,85.9375,59.375,56.25,84.375,100,100,64.0625,79.6875,73.4375,100,100,56.25,100,100,100,100,100,64.0625,100,56.25,37.5,92.1875,100,100,37.5,100,51.5625,100,87.5,98.4375,84.375,68.75,100,82.8125,54.6875,95.3125,82.8125,65.625,100,34.375,48.4375,100,75,95.3125,100,70.3125,95.3125,100,100,100,100,46.875,100,100,75,100,100,68.75,100,100,100,98.4375,42.1875,100,100,100,78.125,100,92.1875,100,39.0625,78.125,100,81.25,96.875,100,62.5,53.125,100,100,96.875,98.4375,100,79.6875,100,82.8125,100,64.0625,100,100,100,100,100,100,62.5,95.3125,60.9375,95.3125,100,84.375,76.5625,100,90.625,57.8125,100,70.3125,57.8125,90.625,78.125,100,71.875,100,96.875,100,100,100,35.9375,100,82.8125,67.1875,100,53.125,96.875,40.625,73.4375,82.8125,79.6875,100,23.4375,100,100,100,100,100,100,96.875,100,100,26.5625,51.5625,75,73.4375,100,100,100,100,100,89.0625,92.1875,100,45.3125,6.25,78.125,59.375,50,90.625,100,100,100,100,100,29.6875,100,84.375,37.5,59.375,76.5625,75,53.125,98.4375,76.5625,89.0625,92.1875,76.5625,85.9375,54.6875,42.1875,78.125,93.75,35.9375,98.4375,100,100,100,100,75,100,78.125,100,45.3125,68.75,100,100,71.875,73.4375,51.5625,46.875,100,76.5625,100,89.0625,100,100,100,100,73.4375,100,81.25,90.625,84.375,100,100,57.8125,96.875,100,100,34.375,100,95.3125,100,78.125,100,100,100,100,100,78.125,90.625,100,100,100,85.9375,100,100,100,100,100,100,68.75,100,100,100,64.0625,100,100,35.9375,89.0625,100,71.875,62.5,76.5625,100,100,64.0625,95.3125,100,100,100,71.875,32.8125,31.25,87.5,90.625,100,100,50,65.625,70.3125,73.4375,17.1875,100,100,81.25,40.625,100,48.4375,84.375,100,100,79.6875,100,100,73.4375,100,100,87.5,100,100,40.625,65.625,100,100,62.5,67.1875,100,100,100,57.8125,100,98.4375,100,35.9375,96.875,100,100,79.6875,100,79.6875,100,89.0625,59.375,100,42.1875,90.625,100,100,54.6875,100,53.125,100,100,100,100,96.875,60.9375,100,100,64.0625,76.5625,100,100,40.625,100,70.3125,92.1875,79.6875,43.75,100,71.875,100,53.125,100,100,98.4375,82.8125,70.3125,100,100,100,67.1875,100,76.5625,43.75,67.1875,100,100,79.6875,100,100,100,96.875,100,84.375,100,51.5625,100,100,100,100,100,100,68.75,45.3125,100,68.75,100,71.875,100,56.25,78.125,100,25,100,82.8125,56.25,100,75,82.8125,85.9375,90.625,100,96.875,100,60.9375,100,100,71.875,67.1875,100,100,56.25,98.4375,100,64.0625,89.0625,100,100,100,100,100,100,21.875,100,84.375,100,92.1875,56.25,100,79.6875,67.1875,92.1875,100,35.9375,100,76.5625,70.3125,100,100,70.3125,60.9375,85.9375,100,56.25,65.625,100,100,100,81.25,100,100,79.6875,100,100,64.0625,95.3125,100,25,81.25,100,100,100,68.75,100,100,100,100,100,100,92.1875,100,100,100,100,100,100,100,96.875,68.75,62.5,100,79.6875,28.125,14.0625,100,82.8125,100,100,62.5,82.8125,90.625,31.25,100,45.3125,90.625,70.3125,70.3125,100,62.5,85.9375,100,100,100,100,100,100,100,100,100,3.125,87.5,37.5,100,98.4375,71.875,93.75,53.125,67.1875,12.5,100,95.3125,67.1875,84.375,100,64.0625,100,78.125,100,100,100,43.75,100,100,82.8125,34.375,100,100,76.5625,100,64.0625,100,93.75,90.625,100,100,100,62.5,82.8125,95.3125,100,95.3125,76.5625,68.75,70.3125,100,100,100,100,100,100,100,68.75,100,76.5625,84.375,100,100,100,100,100,9.375,100,89.0625,100,92.1875,100,100,100,100,62.5,96.875,100,82.8125,25,100,100,73.4375,100,100,79.6875,100,100,37.5,100,64.0625,100,100,85.9375,100,100,34.375,100,100,78.125,93.75,79.6875,32.8125,79.6875,100,100,23.4375,76.5625,15.625,100,100,100,73.4375,100,100,100,100,100,76.5625,85.9375,65.625,65.625,90.625,100,100,89.0625,100,87.5,100,100,89.0625,100,100,75,96.875,100,93.75,100,100,82.8125,59.375,100,82.8125,100,65.625,100,100,100,100,100,56.25,100,76.5625,100,100,100,53.125,100,100,56.25,65.625,100,93.75,100,60.9375,100,100,84.375,78.125,98.4375,100,100,100,100,100,100,100,53.125,57.8125,100,100,71.875,100,100,59.375,82.8125,75,100,100,100,73.4375,100,95.3125,100,84.375,76.5625,100,100,100,85.9375,93.75,100,79.6875,90.625,100,100,100,100,85.9375,95.3125,100,64.0625,51.5625,37.5,100,68.75,65.625,100,100,100,100,51.5625,100,92.1875,32.8125,100,100,100,100,100,100,100,100,100,100,100,60.9375,78.125,57.8125,64.0625,59.375,100,64.0625,100,17.1875,95.3125,82.8125,100,100,32.8125,100,100,65.625,100,96.875,100,100,100,31.25,100,73.4375,89.0625,84.375,100,100,100,35.9375,59.375,100,100,78.125,89.0625,51.5625,100,32.8125,100,100,100,100,65.625,68.75,100,73.4375,100,84.375,100,100,100,100,79.6875,53.125,87.5,76.5625,100,79.6875,79.6875,70.3125,92.1875,67.1875,60.9375,51.5625,100,100,68.75,85.9375,79.6875,75,37.5,100,39.0625,89.0625,100,92.1875,100,100,100,100,100,73.4375,100,100,32.8125,79.6875,100,79.6875,100,85.9375,75,100,100,100,100,100,100,89.0625,100,92.1875,60.9375,60.9375,100,79.6875,73.4375,100,100,89.0625,100,100,100,100,95.3125,56.25,100,48.4375,100,87.5,100,43.75,100,17.1875,54.6875,29.6875,93.75,89.0625,100,100,73.4375,56.25,67.1875,40.625,46.875,100,100,76.5625,60.9375,65.625,100,71.875,90.625,96.875,100,89.0625,100,54.6875,100,84.375,50,68.75,100,79.6875,100,100,100,78.125,89.0625,60.9375,78.125,92.1875,100,100,100,73.4375,34.375,100,78.125,98.4375,100,100,73.4375,100,100,67.1875,82.8125,100,76.5625,100,100,100,100,57.8125,53.125,56.25,50,76.5625,64.0625,90.625,100,100,100,81.25,100,100,92.1875,26.5625,89.0625,57.8125,71.875,70.3125,100,93.75,59.375,100,100,100,100,100,100,100,100,100,92.1875,100,70.3125,100,92.1875,100,100,100,81.25,98.4375,100,100,23.4375,100,76.5625,100,100,82.8125,100,73.4375,100,100,71.875,70.3125,100,96.875,100,100,93.75,54.6875,100,100,78.125,100,100,100,34.375,90.625,100,89.0625,71.875,76.5625,100,100,78.125,100,100,100,100,100,100,100,81.25,35.9375,75,100,56.25,100,100,100,100,100,100,100,100,100,89.0625,93.75,100,100,100,100,100,100,95.3125,100,100,100,87.5,100,50,100,93.75,100,73.4375,100,95.3125,78.125,92.1875,100,39.0625,21.875,42.1875,100,100,100,100,45.3125,84.375,85.9375,100,100,51.5625,34.375,100,76.5625,100,100,100,56.25,100,100,100,100,50,92.1875,100,100,92.1875,95.3125,100,79.6875,100,100,75,90.625,68.75,43.75,76.5625,100,81.25,32.8125,75,67.1875,100,92.1875,93.75,45.3125,85.9375,100,87.5,75,92.1875,100,28.125,75,79.6875,100,100,81.25,100,100,100,100,92.1875,31.25,87.5,100,95.3125,100,20.3125,79.6875,100,92.1875,100,100,100,100,100,100,100,100,93.75,98.4375,100,100,100,100,100,51.5625,100,100,100,92.1875,100,31.25,100,100,96.875,79.6875,70.3125,89.0625,100,100,98.4375,71.875,60.9375,71.875,100,76.5625,71.875,46.875,100,93.75,73.4375,100,89.0625,100,65.625,100,100,100,71.875,51.5625,100,68.75,100,100,89.0625,100,25,85.9375,79.6875,64.0625,100,100,85.9375,100,100,100,100,100,89.0625,67.1875,100,25,31.25,100,95.3125,54.6875,100,50,87.5,100,100,100,95.3125,100,32.8125,23.4375,100,100,100,100,89.0625,100,100,100,100,100,85.9375,59.375,96.875,100,100,84.375,92.1875,100,100,100,100,90.625,100,59.375,53.125,100,100,100,100,96.875,100,100,100,100,70.3125,34.375,100,100,100,60.9375,76.5625,100,62.5,100,100,26.5625,57.8125,62.5,96.875,76.5625,100,95.3125,100,100,100,75,90.625,100,100,100,100,82.8125,100,100,100,100,95.3125,100,57.8125,100,29.6875,84.375,100,100,100,100,100,70.3125,29.6875,28.125,50,100,100,60.9375,81.25,100,100,100,100,70.3125,73.4375,100,82.8125,100,34.375,100,100,81.25,100,100,100,100,87.5,100,75,100,100,23.4375,71.875,100,28.125,100,56.25,100,100,75,100,100,100,68.75,76.5625,87.5,73.4375,100,100,89.0625,62.5,40.625,78.125,64.0625,70.3125,73.4375,100,65.625,82.8125,92.1875,43.75,100,75,100,100,100,100,45.3125,79.6875,100,100,100,100,78.125,100,100,25,26.5625,100,64.0625,100,51.5625,96.875,79.6875,100,73.4375,89.0625,51.5625,67.1875,100,100,50,73.4375,100,43.75,100,100,100,100,84.375,92.1875,51.5625,100,100,81.25,100,93.75,100,100,100,81.25,100,84.375,64.0625,100,67.1875,100,82.8125,31.25,100,100,90.625,54.6875,100,70.3125,100,42.1875,35.9375,100,65.625,75,100,31.25,100,100,100,53.125,92.1875,92.1875,48.4375,100,84.375,100,93.75,50,31.25,100,68.75,100,100,92.1875,65.625,100,60.9375,23.4375,48.4375,100,100,60.9375,89.0625,100,76.5625,82.8125,92.1875,100,59.375,100,71.875,100,100,64.0625,68.75,42.1875,100,100,76.5625,42.1875,82.8125,100,100,100,92.1875,100,100,68.75,100,100,100,100,56.25,70.3125,100,100,60.9375,100,48.4375,100,37.5,79.6875,100,100,25,76.5625,87.5,82.8125,100,87.5,100,100,100,100,100,78.125,62.5,53.125,93.75,100,100,100,100,92.1875,93.75,35.9375,100,96.875,95.3125,100,87.5,92.1875,82.8125,100,98.4375,100,56.25,100,100,100,100,89.0625,100,76.5625,92.1875,100,100,100,87.5,100,100,100,67.1875,100,96.875,64.0625,100,100,53.125,90.625,81.25,75,100,60.9375,68.75,59.375,64.0625,100,100,100,100,95.3125,31.25,100,56.25,100,100,93.75,100,96.875,43.75,32.8125,81.25,100,100,40.625,100,95.3125,14.0625,32.8125,65.625,9.375,100,100,50,87.5,92.1875,82.8125,96.875,100,100,85.9375,100,100,100,100,100,100,70.3125,100,100,96.875,100,100,67.1875,100,100,21.875,100,100,100,53.125,81.25,100,82.8125,81.25,100,100,100,100,82.8125,100,56.25,100,100,54.6875,100,70.3125,75,78.125,75,70.3125,71.875,100,62.5,100,100,100,68.75,85.9375,35.9375,98.4375,12.5,46.875,43.75,85.9375,100,92.1875,100,59.375,78.125,100,34.375,59.375,100,81.25,100,79.6875,56.25,100,90.625,96.875,18.75,75,92.1875,100,100,100,34.375,62.5,32.8125,87.5,100,100,100,59.375,100,100,65.625,7.8125,100,85.9375,79.6875,98.4375,71.875,100,90.625,100,100,57.8125,96.875,21.875,62.5,71.875,71.875,39.0625,100,65.625,100,100,78.125,100,82.8125,34.375,100,89.0625,75,87.5,34.375,96.875,100,18.75,100,100,70.3125,87.5,85.9375,76.5625,100,100,34.375,59.375,87.5,100,84.375,100,100,100,59.375,62.5,100,100,100,100,95.3125,100,100,76.5625,60.9375,65.625,48.4375,100,62.5,100,100,79.6875,81.25,100,84.375,95.3125,100,25,100,100,100,100,100,96.875,87.5,42.1875,68.75,100,57.8125,40.625,65.625,40.625,100,100,70.3125,67.1875,100,90.625,100,100,67.1875,28.125,75,100,100,100,100,100,59.375,79.6875,100,34.375,100,85.9375,70.3125,53.125,12.5,100,71.875,60.9375,100,82.8125,62.5,76.5625,82.8125,75,95.3125,54.6875,90.625,100,100,100,100,100,90.625,82.8125,100,100,82.8125,100,100,81.25,93.75,67.1875,100,98.4375,100,100,70.3125,82.8125,51.5625,65.625,100,100,100,100,100,96.875,62.5,42.1875,90.625,62.5,100,100,70.3125,100,100,100,100,100,93.75,100,100,100,78.125,100,37.5,100,50,100,100,100,100,100,90.625,87.5,87.5,100,100,92.1875,100,89.0625,96.875,100,100,100,67.1875,54.6875,98.4375,96.875,100,100,28.125,76.5625,100,100,100,100,100,100,100,39.0625,29.6875,100,78.125,100,100,100,96.875,98.4375,70.3125,85.9375,100,100,84.375,100,100,100,70.3125,100,21.875,71.875,100,100,100,100,100,100,100,100,32.8125,79.6875,92.1875,56.25,21.875,65.625,100,28.125,100,100,42.1875,54.6875,100,100,50,100,78.125,93.75,57.8125,100,93.75,82.8125,81.25,73.4375,100,81.25,100,39.0625,100,100,23.4375,67.1875,73.4375,100,100,100,98.4375,100,100,82.8125,34.375,100,60.9375,54.6875,100,100,78.125,100,100,98.4375,59.375,100,100,100,98.4375,100,100,100,67.1875,54.6875,100,60.9375,100,100,64.0625,100,100,64.0625,100,100,78.125,100,100,81.25,100,60.9375,71.875,65.625,100,29.6875,76.5625,56.25,100,53.125,84.375,100,79.6875,92.1875,100,100,76.5625,100,89.0625,100,67.1875,100,100,89.0625,46.875,68.75,65.625,40.625,90.625,28.125,100,79.6875,100,51.5625,100,100,100,100,100,100,100,100,76.5625,37.5,100,46.875,100,78.125,100,29.6875,100,35.9375,46.875,62.5,40.625,100,100,100,100,73.4375,40.625,100,100,100,100,81.25,100,73.4375,100,100,100,87.5,84.375,100,62.5,100,100,100,42.1875,100,90.625,71.875,32.8125,100,79.6875,50,98.4375,81.25,82.8125,50,100,100,42.1875,10.9375,100,56.25,100,100,100,75,96.875,65.625,100,100,100,100,25,100,100,100,78.125,93.75,100,100,65.625,100,64.0625,73.4375,100,100,82.8125,82.8125,96.875,100,100,65.625,85.9375,100,92.1875,100,64.0625,75,93.75,100,95.3125,96.875,100,100,85.9375,67.1875,82.8125,84.375,28.125,100,100,96.875,100,96.875,50,70.3125,50,87.5,18.75,45.3125,64.0625,100,100,46.875,73.4375,100,100,100,100,81.25,79.6875,64.0625,89.0625,59.375,37.5,64.0625,68.75,100,100,75,51.5625,100,57.8125,100,53.125,53.125,81.25,100,73.4375,54.6875,100,100,100,100,75,39.0625,100,100,53.125,100,100,70.3125,62.5,100,100,67.1875,92.1875,75,100,96.875,82.8125,76.5625,100,100,100,100,37.5,100,73.4375,100,100,100,62.5,100,100,78.125,100,100,100,100,100,100,89.0625,100,100,100,78.125,100,100,65.625,100,92.1875,100,81.25,87.5,100,100,78.125,100,35.9375,40.625,39.0625,100,92.1875,100,100,100,90.625,75,90.625,100,54.6875,56.25,50,64.0625,96.875,100,100,100,70.3125,100,40.625,100,73.4375,82.8125,71.875,100,84.375,65.625,90.625,71.875,98.4375,20.3125,95.3125,81.25,65.625,28.125,35.9375,100,85.9375,100,100,28.125,82.8125,100,59.375,87.5,78.125,100,51.5625,100,81.25,85.9375,100,100,100,100,60.9375,100,100,78.125,100,92.1875,78.125,85.9375,100,100,54.6875,100,40.625,100,100,51.5625,100,35.9375,100,79.6875,60.9375,100,53.125,37.5,84.375,98.4375,67.1875,85.9375,100,100,100,100,78.125,92.1875,45.3125,100,53.125,100,100,100,85.9375,84.375,28.125,100,100,14.0625,64.0625,100,100,68.75,100,100,100,100,56.25,100,100,100,82.8125,100,100,100,100,90.625,82.8125,59.375,46.875,51.5625,100,100,100,100,100,82.8125,100,100,100,100,100,92.1875,100,79.6875,67.1875,100,100,100,100,100,100,100,57.8125,73.4375,100,28.125,100,100,100,100,100,7.8125,1.5625,71.875,100,28.125,100,90.625,100,100,100,96.875,100,100,100,82.8125,100,100,79.6875,100,98.4375,100,100,89.0625,67.1875,73.4375,42.1875,100,53.125,100,100,100,76.5625,100,56.25,64.0625,100,100,75,100,100,50,100,98.4375,85.9375,100,100,100,92.1875,98.4375,62.5,26.5625,96.875,75,100,100,56.25,98.4375,43.75,100,64.0625,67.1875,51.5625,85.9375,100,100,75,100,84.375,100,93.75,57.8125,100,82.8125,79.6875,100,82.8125,100,100,53.125,100,100,96.875,81.25,100,100,31.25,70.3125,96.875,43.75,73.4375,100,100,62.5,79.6875,96.875,89.0625,34.375,68.75,67.1875,100,62.5,100,62.5,81.25,59.375,39.0625,100,84.375,100,100,100,100,73.4375,100,56.25,92.1875,100,53.125,100,53.125,75,57.8125,100,100,100,100,67.1875,100,87.5,100,100,100,100
"6037",89.0625,100,40.625,100,100,50,68.75,100,21.875,68.75,79.6875,100,100,100,100,75,93.75,78.125,100,100,96.875,98.4375,100,100,60.9375,100,100,84.375,81.25,100,100,100,100,84.375,100,98.4375,79.6875,100,100,95.3125,76.5625,64.0625,95.3125,100,100,100,92.1875,100,68.75,82.8125,75,100,100,81.25,78.125,100,4.6875,100,100,42.1875,92.1875,56.25,98.4375,100,100,100,59.375,100,79.6875,100,54.6875,71.875,71.875,100,70.3125,82.8125,100,100,50,100,78.125,100,48.4375,75,95.3125,100,100,73.4375,100,100,56.25,84.375,100,48.4375,84.375,85.9375,100,64.0625,100,100,85.9375,100,100,92.1875,65.625,18.75,96.875,100,85.9375,100,75,100,100,96.875,34.375,100,100,100,100,100,79.6875,100,100,81.25,70.3125,53.125,100,18.75,100,100,100,100,100,15.625,100,65.625,57.8125,79.6875,100,100,100,100,42.1875,40.625,100,100,90.625,64.0625,98.4375,82.8125,50,35.9375,76.5625,93.75,100,92.1875,76.5625,100,100,6.25,100,100,76.5625,100,89.0625,62.5,23.4375,82.8125,26.5625,100,76.5625,73.4375,76.5625,100,21.875,93.75,87.5,100,100,100,100,100,100,100,96.875,100,29.6875,70.3125,85.9375,87.5,100,100,84.375,100,95.3125,100,100,75,100,95.3125,50,100,96.875,100,100,100,100,64.0625,82.8125,100,35.9375,100,100,100,50,78.125,43.75,90.625,100,39.0625,100,75,56.25,100,100,54.6875,100,100,85.9375,100,79.6875,79.6875,100,100,100,100,82.8125,64.0625,73.4375,23.4375,100,100,100,100,100,32.8125,67.1875,87.5,100,100,100,78.125,76.5625,100,82.8125,64.0625,100,71.875,100,100,100,98.4375,34.375,92.1875,65.625,100,100,100,100,100,79.6875,65.625,100,100,100,20.3125,32.8125,95.3125,67.1875,100,92.1875,100,100,100,100,100,31.25,100,73.4375,90.625,78.125,100,40.625,56.25,100,100,98.4375,93.75,60.9375,75,64.0625,100,87.5,70.3125,100,87.5,100,59.375,90.625,45.3125,100,57.8125,31.25,100,100,95.3125,100,100,75,40.625,87.5,76.5625,50,100,46.875,59.375,100,70.3125,100,100,85.9375,100,76.5625,37.5,100,39.0625,100,85.9375,85.9375,100,100,82.8125,45.3125,100,84.375,62.5,32.8125,100,89.0625,75,100,68.75,100,89.0625,42.1875,100,96.875,62.5,54.6875,100,85.9375,93.75,100,23.4375,82.8125,39.0625,64.0625,76.5625,98.4375,100,100,100,96.875,78.125,100,100,96.875,93.75,100,98.4375,84.375,100,100,100,100,100,100,100,60.9375,92.1875,100,81.25,100,100,100,73.4375,100,68.75,79.6875,53.125,100,100,100,100,59.375,54.6875,42.1875,87.5,73.4375,85.9375,64.0625,98.4375,100,64.0625,100,100,32.8125,50,100,76.5625,65.625,98.4375,100,100,100,43.75,45.3125,100,95.3125,100,82.8125,100,78.125,100,89.0625,73.4375,57.8125,100,100,100,100,92.1875,92.1875,100,100,100,100,68.75,98.4375,92.1875,87.5,100,100,100,82.8125,73.4375,100,62.5,100,100,76.5625,68.75,71.875,92.1875,100,46.875,100,93.75,100,100,43.75,34.375,42.1875,100,100,89.0625,100,100,100,100,100,100,100,78.125,82.8125,100,54.6875,100,67.1875,75,79.6875,79.6875,78.125,65.625,53.125,100,100,73.4375,68.75,76.5625,15.625,100,100,100,85.9375,59.375,64.0625,84.375,100,100,64.0625,76.5625,68.75,100,100,100,100,96.875,100,95.3125,100,100,75,56.25,43.75,92.1875,100,100,37.5,100,51.5625,100,96.875,100,84.375,71.875,100,81.25,82.8125,85.9375,82.8125,64.0625,100,35.9375,100,100,45.3125,98.4375,100,70.3125,100,100,100,100,100,46.875,100,100,76.5625,100,100,71.875,100,100,100,100,42.1875,73.4375,100,100,67.1875,100,85.9375,100,40.625,79.6875,100,60.9375,100,100,67.1875,100,100,100,100,98.4375,53.125,73.4375,100,84.375,100,70.3125,100,100,100,100,82.8125,100,59.375,95.3125,81.25,100,100,79.6875,75,100,57.8125,51.5625,100,50,81.25,100,75,100,65.625,100,100,100,100,100,35.9375,100,71.875,79.6875,48.4375,65.625,100,100,100,95.3125,82.8125,100,100,100,100,100,100,100,100,96.875,100,100,26.5625,100,76.5625,62.5,76.5625,90.625,93.75,42.1875,100,93.75,90.625,100,43.75,6.25,100,50,50,92.1875,100,100,100,100,100,31.25,100,82.8125,40.625,59.375,79.6875,78.125,59.375,98.4375,75,100,90.625,70.3125,84.375,53.125,40.625,93.75,93.75,34.375,100,100,100,100,100,100,100,78.125,100,45.3125,68.75,100,100,76.5625,60.9375,84.375,46.875,100,89.0625,100,90.625,31.25,100,100,100,54.6875,100,90.625,89.0625,82.8125,100,100,59.375,100,100,100,40.625,100,100,100,79.6875,100,100,100,100,100,78.125,100,100,100,100,93.75,100,100,100,96.875,100,100,68.75,78.125,100,100,64.0625,100,100,35.9375,89.0625,100,73.4375,64.0625,100,100,100,87.5,100,100,100,100,100,32.8125,31.25,87.5,100,100,100,48.4375,100,82.8125,67.1875,9.375,100,100,100,37.5,100,48.4375,84.375,100,100,100,92.1875,100,78.125,100,100,87.5,92.1875,82.8125,48.4375,67.1875,100,100,68.75,60.9375,100,100,82.8125,57.8125,100,100,100,48.4375,100,100,82.8125,50,100,79.6875,100,84.375,59.375,100,40.625,90.625,100,100,53.125,100,65.625,100,95.3125,100,100,96.875,62.5,100,100,81.25,87.5,37.5,51.5625,43.75,100,70.3125,78.125,79.6875,42.1875,100,100,100,70.3125,100,100,71.875,84.375,81.25,71.875,87.5,100,67.1875,100,75,10.9375,67.1875,95.3125,100,79.6875,100,100,100,93.75,95.3125,87.5,100,100,100,100,100,100,100,100,67.1875,43.75,100,68.75,93.75,73.4375,100,59.375,71.875,100,26.5625,100,100,56.25,100,60.9375,100,34.375,81.25,100,98.4375,100,73.4375,100,100,73.4375,67.1875,100,100,62.5,98.4375,64.0625,71.875,100,100,100,100,100,100,100,20.3125,100,79.6875,100,96.875,53.125,100,81.25,68.75,100,100,35.9375,100,79.6875,100,70.3125,100,75,100,100,100,57.8125,65.625,92.1875,100,87.5,85.9375,100,100,84.375,100,100,59.375,98.4375,100,25,68.75,100,100,100,51.5625,100,100,100,100,100,100,93.75,100,100,100,100,100,100,100,100,62.5,70.3125,9.375,100,34.375,31.25,100,84.375,100,100,90.625,98.4375,100,29.6875,100,46.875,92.1875,89.0625,70.3125,100,70.3125,92.1875,100,100,100,100,100,100,100,100,100,3.125,87.5,100,100,100,93.75,93.75,68.75,65.625,37.5,100,89.0625,100,84.375,100,65.625,100,75,100,100,68.75,78.125,89.0625,100,78.125,35.9375,100,100,76.5625,100,65.625,100,95.3125,96.875,100,100,100,100,81.25,100,100,78.125,76.5625,64.0625,67.1875,100,100,21.875,96.875,100,100,100,100,100,82.8125,65.625,40.625,100,100,100,100,7.8125,95.3125,87.5,100,87.5,100,100,100,100,67.1875,96.875,100,84.375,34.375,100,100,81.25,100,100,81.25,100,100,37.5,100,76.5625,100,100,78.125,100,100,37.5,100,100,84.375,85.9375,100,75,79.6875,100,100,100,100,15.625,100,100,100,92.1875,100,95.3125,100,100,100,82.8125,100,65.625,68.75,92.1875,89.0625,100,87.5,100,87.5,100,100,100,100,100,76.5625,100,100,93.75,100,100,82.8125,70.3125,87.5,82.8125,100,51.5625,82.8125,100,100,100,100,71.875,100,85.9375,100,100,100,48.4375,100,100,76.5625,65.625,100,93.75,100,60.9375,100,95.3125,84.375,82.8125,98.4375,100,100,100,100,100,100,100,56.25,100,100,100,71.875,100,100,100,78.125,78.125,100,100,100,62.5,40.625,96.875,100,78.125,76.5625,100,100,100,85.9375,100,100,84.375,84.375,100,95.3125,100,100,82.8125,95.3125,100,67.1875,51.5625,23.4375,100,64.0625,56.25,100,100,100,89.0625,50,100,92.1875,37.5,100,100,100,100,100,100,100,100,100,100,100,62.5,98.4375,54.6875,100,67.1875,100,95.3125,100,21.875,95.3125,79.6875,100,100,32.8125,100,100,81.25,100,81.25,100,100,100,31.25,100,62.5,93.75,100,100,100,100,37.5,68.75,100,100,85.9375,89.0625,51.5625,100,45.3125,100,100,100,79.6875,62.5,68.75,100,73.4375,100,96.875,98.4375,100,100,82.8125,78.125,62.5,87.5,76.5625,100,79.6875,79.6875,43.75,51.5625,67.1875,60.9375,56.25,100,100,62.5,17.1875,100,79.6875,37.5,100,78.125,89.0625,100,89.0625,100,100,53.125,89.0625,100,73.4375,100,100,100,92.1875,100,82.8125,100,85.9375,87.5,100,100,75,100,90.625,100,87.5,100,90.625,100,60.9375,100,89.0625,67.1875,100,100,89.0625,100,100,100,100,89.0625,90.625,100,42.1875,100,76.5625,100,43.75,98.4375,25,54.6875,29.6875,89.0625,75,100,100,73.4375,51.5625,67.1875,40.625,48.4375,100,100,76.5625,65.625,62.5,100,68.75,92.1875,95.3125,100,89.0625,100,54.6875,100,100,67.1875,93.75,100,73.4375,100,100,100,81.25,98.4375,73.4375,84.375,89.0625,100,100,100,73.4375,35.9375,100,71.875,100,100,100,75,100,51.5625,65.625,71.875,100,96.875,100,100,71.875,100,57.8125,51.5625,50,46.875,79.6875,59.375,92.1875,100,96.875,100,17.1875,100,100,92.1875,26.5625,82.8125,100,71.875,70.3125,76.5625,96.875,59.375,100,100,100,100,81.25,100,93.75,100,100,92.1875,25,75,25,100,100,100,100,90.625,100,100,100,12.5,100,100,100,100,82.8125,87.5,85.9375,100,100,68.75,82.8125,100,92.1875,100,100,95.3125,68.75,100,100,81.25,100,100,100,100,90.625,100,90.625,81.25,78.125,100,100,51.5625,100,50,100,100,100,100,100,78.125,35.9375,67.1875,100,65.625,100,100,100,100,100,100,100,100,100,90.625,57.8125,100,100,100,100,100,100,100,100,100,100,78.125,100,51.5625,100,92.1875,100,100,100,95.3125,100,100,96.875,21.875,7.8125,37.5,100,100,100,100,45.3125,100,100,100,100,100,32.8125,100,76.5625,100,100,100,67.1875,100,100,100,100,45.3125,100,100,100,92.1875,92.1875,100,87.5,98.4375,100,75,12.5,78.125,67.1875,82.8125,100,81.25,78.125,79.6875,67.1875,100,60.9375,100,100,87.5,100,87.5,95.3125,92.1875,67.1875,29.6875,100,85.9375,100,100,71.875,100,100,100,100,78.125,29.6875,100,45.3125,85.9375,100,20.3125,84.375,100,93.75,100,100,100,100,100,100,100,100,93.75,100,100,100,60.9375,93.75,100,100,100,100,100,100,100,57.8125,100,26.5625,100,82.8125,65.625,100,100,100,90.625,71.875,85.9375,71.875,89.0625,56.25,70.3125,28.125,79.6875,87.5,81.25,100,92.1875,100,14.0625,100,100,100,60.9375,79.6875,79.6875,85.9375,100,100,81.25,28.125,25,84.375,82.8125,56.25,100,100,87.5,100,82.8125,100,100,100,21.875,56.25,100,23.4375,29.6875,100,95.3125,51.5625,100,48.4375,85.9375,100,39.0625,100,93.75,100,35.9375,23.4375,100,100,100,100,87.5,100,100,100,100,100,100,100,95.3125,100,100,87.5,93.75,100,100,100,100,100,100,68.75,51.5625,100,100,100,100,85.9375,100,100,100,100,100,34.375,100,100,100,53.125,73.4375,100,65.625,100,100,28.125,57.8125,62.5,96.875,81.25,100,98.4375,100,84.375,100,100,48.4375,100,100,100,100,92.1875,96.875,100,100,100,65.625,100,62.5,100,100,84.375,100,100,100,100,100,87.5,100,29.6875,56.25,93.75,100,57.8125,100,100,100,100,100,65.625,76.5625,95.3125,82.8125,100,37.5,28.125,68.75,78.125,75,100,100,100,85.9375,100,75,100,100,25,68.75,100,20.3125,100,100,100,100,71.875,100,100,100,68.75,75,87.5,81.25,100,100,68.75,57.8125,40.625,100,64.0625,73.4375,71.875,100,54.6875,82.8125,92.1875,21.875,100,75,100,100,100,100,25,68.75,93.75,95.3125,100,100,64.0625,100,81.25,28.125,100,100,64.0625,100,53.125,84.375,100,100,73.4375,89.0625,17.1875,100,100,100,48.4375,79.6875,100,54.6875,100,100,100,100,87.5,76.5625,51.5625,100,100,82.8125,100,79.6875,100,100,18.75,81.25,100,82.8125,100,12.5,90.625,100,75,28.125,100,100,84.375,53.125,100,100,100,39.0625,35.9375,100,60.9375,81.25,100,31.25,100,100,100,57.8125,100,96.875,59.375,100,85.9375,100,50,60.9375,32.8125,100,68.75,100,100,92.1875,68.75,100,56.25,29.6875,100,100,82.8125,60.9375,89.0625,100,75,84.375,93.75,100,60.9375,100,100,100,100,76.5625,14.0625,60.9375,100,100,100,39.0625,68.75,100,100,100,79.6875,100,100,100,100,37.5,100,100,62.5,70.3125,100,100,79.6875,100,42.1875,100,65.625,79.6875,100,100,100,76.5625,85.9375,82.8125,100,89.0625,100,100,100,100,100,78.125,54.6875,68.75,100,89.0625,100,100,100,98.4375,100,35.9375,100,100,100,100,87.5,100,57.8125,100,98.4375,100,100,100,100,100,100,78.125,100,76.5625,82.8125,100,100,100,89.0625,100,100,100,67.1875,100,100,62.5,100,100,73.4375,85.9375,78.125,100,100,100,78.125,59.375,68.75,100,92.1875,18.75,100,100,31.25,100,68.75,100,100,93.75,100,95.3125,37.5,96.875,81.25,100,100,34.375,100,89.0625,14.0625,29.6875,64.0625,56.25,100,100,100,87.5,73.4375,79.6875,100,100,100,81.25,100,100,100,100,100,100,71.875,100,100,92.1875,100,100,85.9375,100,100,42.1875,100,100,100,43.75,79.6875,100,100,93.75,100,100,64.0625,100,90.625,14.0625,76.5625,100,100,56.25,100,70.3125,100,76.5625,89.0625,75,76.5625,100,100,100,100,100,76.5625,81.25,35.9375,100,18.75,59.375,31.25,100,100,90.625,100,87.5,79.6875,100,89.0625,60.9375,100,100,100,79.6875,50,100,90.625,100,18.75,75,87.5,100,100,100,32.8125,62.5,34.375,95.3125,100,100,100,59.375,100,100,65.625,6.25,100,84.375,48.4375,96.875,87.5,92.1875,90.625,100,100,56.25,96.875,25,64.0625,71.875,71.875,37.5,100,64.0625,100,100,56.25,100,81.25,34.375,100,90.625,75,87.5,65.625,100,100,17.1875,100,84.375,68.75,100,90.625,75,100,100,46.875,62.5,89.0625,100,79.6875,40.625,100,95.3125,57.8125,60.9375,100,100,100,100,93.75,34.375,100,76.5625,81.25,65.625,100,100,62.5,100,100,84.375,92.1875,100,73.4375,95.3125,100,25,100,32.8125,100,100,100,87.5,28.125,45.3125,73.4375,100,43.75,40.625,95.3125,39.0625,100,100,75,89.0625,93.75,75,100,60.9375,67.1875,67.1875,78.125,81.25,93.75,100,100,100,60.9375,84.375,100,76.5625,100,85.9375,70.3125,51.5625,12.5,100,71.875,59.375,100,82.8125,64.0625,81.25,71.875,100,93.75,54.6875,92.1875,100,100,100,68.75,100,100,98.4375,100,100,53.125,100,100,90.625,93.75,100,100,90.625,100,100,76.5625,100,100,67.1875,100,100,54.6875,100,100,95.3125,100,42.1875,95.3125,98.4375,100,100,87.5,100,100,100,29.6875,76.5625,75,100,100,100,64.0625,100,40.625,100,50,100,100,100,100,100,100,100,85.9375,100,100,89.0625,100,85.9375,96.875,100,100,100,90.625,54.6875,98.4375,96.875,90.625,100,29.6875,79.6875,32.8125,100,100,100,98.4375,100,100,64.0625,37.5,100,75,87.5,100,100,42.1875,100,64.0625,85.9375,100,100,87.5,100,100,100,85.9375,100,23.4375,75,100,100,100,100,100,100,100,100,26.5625,100,95.3125,93.75,90.625,67.1875,100,25,100,100,53.125,54.6875,100,100,50,100,100,89.0625,78.125,100,100,79.6875,95.3125,79.6875,100,82.8125,100,40.625,100,100,81.25,76.5625,50,100,100,100,98.4375,100,100,84.375,79.6875,100,60.9375,54.6875,100,100,79.6875,100,100,95.3125,56.25,92.1875,100,100,81.25,100,17.1875,100,68.75,53.125,76.5625,60.9375,100,100,64.0625,100,100,64.0625,100,100,82.8125,100,100,84.375,100,56.25,71.875,50,100,39.0625,78.125,9.375,100,54.6875,56.25,100,82.8125,95.3125,100,100,73.4375,100,85.9375,100,64.0625,100,100,96.875,48.4375,53.125,100,42.1875,87.5,100,100,87.5,100,67.1875,100,100,100,100,100,100,100,100,76.5625,37.5,100,32.8125,100,92.1875,100,32.8125,100,40.625,29.6875,25,53.125,59.375,100,100,79.6875,76.5625,53.125,100,92.1875,100,100,79.6875,100,75,100,100,100,100,82.8125,100,54.6875,100,100,100,54.6875,100,100,100,32.8125,100,100,100,100,78.125,82.8125,40.625,100,100,39.0625,10.9375,100,51.5625,100,100,100,75,93.75,68.75,100,32.8125,100,100,25,100,100,95.3125,100,93.75,100,100,65.625,100,64.0625,53.125,100,100,95.3125,84.375,100,100,37.5,75,85.9375,100,92.1875,100,56.25,92.1875,100,100,82.8125,92.1875,100,100,79.6875,68.75,73.4375,82.8125,100,100,100,96.875,100,98.4375,57.8125,70.3125,53.125,89.0625,15.625,48.4375,29.6875,100,100,46.875,65.625,100,100,100,100,79.6875,78.125,81.25,90.625,45.3125,100,100,68.75,100,100,65.625,50,100,59.375,100,46.875,29.6875,81.25,100,71.875,54.6875,100,100,96.875,100,75,39.0625,100,100,51.5625,100,100,85.9375,71.875,100,100,65.625,93.75,78.125,100,100,85.9375,81.25,100,100,100,100,39.0625,100,73.4375,85.9375,100,100,65.625,100,100,79.6875,100,100,100,76.5625,100,98.4375,89.0625,100,100,100,100,100,100,65.625,100,92.1875,100,100,84.375,89.0625,100,84.375,100,35.9375,25,35.9375,82.8125,92.1875,100,98.4375,71.875,100,100,100,100,82.8125,54.6875,48.4375,100,100,100,100,92.1875,70.3125,100,48.4375,100,71.875,100,71.875,100,81.25,59.375,43.75,75,89.0625,18.75,96.875,79.6875,100,28.125,37.5,100,96.875,100,100,29.6875,92.1875,84.375,59.375,56.25,70.3125,100,82.8125,100,79.6875,87.5,84.375,100,100,100,64.0625,100,100,87.5,100,100,93.75,84.375,100,100,57.8125,100,35.9375,100,100,51.5625,100,39.0625,100,84.375,57.8125,100,56.25,42.1875,93.75,100,67.1875,85.9375,100,100,100,100,71.875,95.3125,59.375,100,59.375,100,100,100,100,75,28.125,100,100,50,65.625,100,100,62.5,100,100,39.0625,100,70.3125,100,100,100,85.9375,100,100,100,100,90.625,82.8125,54.6875,46.875,51.5625,100,100,96.875,100,100,100,100,100,100,100,100,81.25,100,84.375,68.75,100,100,100,100,100,100,46.875,62.5,70.3125,100,28.125,84.375,70.3125,100,100,100,25,1.5625,64.0625,100,28.125,100,75,100,100,100,100,100,100,100,87.5,100,100,100,100,100,98.4375,100,100,57.8125,37.5,42.1875,100,53.125,100,100,100,75,100,43.75,64.0625,100,100,50,100,100,59.375,100,98.4375,73.4375,100,100,21.875,92.1875,95.3125,59.375,29.6875,73.4375,100,100,100,73.4375,40.625,43.75,100,73.4375,92.1875,53.125,75,100,100,73.4375,100,84.375,100,96.875,59.375,100,79.6875,76.5625,100,67.1875,89.0625,100,57.8125,100,100,96.875,100,100,100,31.25,67.1875,93.75,100,71.875,100,100,68.75,85.9375,100,100,35.9375,68.75,81.25,100,100,100,65.625,100,62.5,40.625,100,76.5625,73.4375,100,95.3125,56.25,48.4375,100,54.6875,100,100,53.125,56.25,34.375,98.4375,71.875,95.3125,100,100,100,60.9375,100,92.1875,100,100,100,100
"6038",89.0625,100,42.1875,100,70.3125,42.1875,68.75,100,28.125,65.625,45.3125,100,100,100,57.8125,32.8125,85.9375,78.125,100,100,96.875,100,100,100,56.25,100,100,85.9375,81.25,100,100,100,100,100,100,82.8125,84.375,100,100,93.75,54.6875,65.625,76.5625,100,100,100,100,100,87.5,81.25,75,100,100,68.75,81.25,100,10.9375,100,100,56.25,95.3125,65.625,98.4375,100,100,100,59.375,100,79.6875,100,56.25,71.875,64.0625,100,62.5,65.625,100,78.125,50,100,68.75,100,85.9375,79.6875,62.5,100,100,100,100,100,62.5,82.8125,100,48.4375,100,100,100,64.0625,100,100,82.8125,100,100,90.625,100,17.1875,100,45.3125,85.9375,100,79.6875,82.8125,100,100,34.375,100,87.5,100,100,100,67.1875,100,100,95.3125,98.4375,57.8125,100,18.75,100,100,100,100,100,100,100,64.0625,71.875,79.6875,100,100,100,90.625,40.625,60.9375,100,100,87.5,100,54.6875,81.25,59.375,12.5,78.125,90.625,98.4375,93.75,59.375,100,68.75,4.6875,100,100,79.6875,100,90.625,70.3125,100,87.5,23.4375,100,81.25,70.3125,100,60.9375,100,95.3125,85.9375,92.1875,100,93.75,100,100,100,82.8125,98.4375,100,31.25,100,100,87.5,100,100,82.8125,100,98.4375,100,100,79.6875,100,100,20.3125,100,98.4375,100,100,100,100,15.625,75,100,43.75,100,100,100,75,78.125,42.1875,89.0625,93.75,37.5,100,75,100,100,100,54.6875,92.1875,100,56.25,100,75,81.25,57.8125,100,100,100,84.375,60.9375,93.75,100,100,100,100,100,100,34.375,60.9375,90.625,100,75,100,76.5625,37.5,100,87.5,60.9375,100,59.375,100,100,75,98.4375,34.375,100,76.5625,100,100,100,100,100,53.125,87.5,100,100,84.375,20.3125,40.625,96.875,70.3125,100,90.625,100,68.75,100,100,100,32.8125,98.4375,90.625,92.1875,79.6875,100,42.1875,53.125,100,100,100,92.1875,67.1875,75,62.5,100,95.3125,85.9375,100,81.25,76.5625,65.625,46.875,100,100,98.4375,29.6875,100,56.25,93.75,100,100,90.625,39.0625,89.0625,100,54.6875,100,26.5625,59.375,100,65.625,100,75,96.875,98.4375,73.4375,100,100,40.625,100,87.5,92.1875,100,70.3125,84.375,46.875,100,70.3125,65.625,35.9375,100,56.25,64.0625,100,78.125,100,90.625,68.75,100,98.4375,90.625,54.6875,84.375,84.375,89.0625,100,100,81.25,53.125,62.5,82.8125,98.4375,100,100,100,100,73.4375,90.625,100,95.3125,92.1875,67.1875,100,85.9375,100,100,100,100,67.1875,100,100,67.1875,92.1875,100,71.875,100,100,100,73.4375,100,78.125,100,14.0625,100,100,100,100,100,56.25,40.625,87.5,71.875,95.3125,70.3125,95.3125,100,79.6875,100,100,32.8125,50,100,75,67.1875,100,100,100,100,35.9375,50,100,93.75,100,82.8125,100,57.8125,100,65.625,89.0625,59.375,100,100,100,100,92.1875,100,100,100,100,100,68.75,92.1875,92.1875,96.875,100,100,100,82.8125,65.625,100,64.0625,100,100,76.5625,73.4375,68.75,100,53.125,53.125,100,100,100,67.1875,56.25,40.625,70.3125,96.875,100,89.0625,100,100,100,73.4375,92.1875,100,100,76.5625,82.8125,100,59.375,100,67.1875,71.875,100,78.125,79.6875,64.0625,39.0625,100,100,76.5625,70.3125,89.0625,73.4375,100,100,100,85.9375,76.5625,53.125,84.375,100,100,64.0625,78.125,68.75,100,100,48.4375,100,100,100,35.9375,100,100,100,57.8125,45.3125,92.1875,100,100,37.5,100,51.5625,100,89.0625,100,84.375,68.75,100,82.8125,78.125,59.375,100,32.8125,100,34.375,48.4375,100,79.6875,95.3125,100,70.3125,100,100,100,100,100,43.75,67.1875,100,71.875,96.875,100,71.875,81.25,100,100,92.1875,42.1875,100,100,100,78.125,100,92.1875,93.75,42.1875,71.875,100,60.9375,100,100,81.25,93.75,100,100,100,100,100,68.75,100,67.1875,100,60.9375,100,100,100,100,93.75,100,59.375,100,100,90.625,100,84.375,98.4375,100,62.5,17.1875,100,50,100,75,76.5625,100,79.6875,54.6875,100,100,100,100,35.9375,100,98.4375,73.4375,100,100,98.4375,100,100,87.5,75,100,100,100,100,17.1875,100,100,100,95.3125,100,100,35.9375,48.4375,76.5625,79.6875,76.5625,93.75,100,100,100,92.1875,90.625,100,45.3125,25,68.75,57.8125,50,100,100,54.6875,51.5625,100,100,29.6875,100,82.8125,45.3125,59.375,79.6875,75,64.0625,98.4375,78.125,84.375,92.1875,62.5,82.8125,56.25,40.625,90.625,93.75,43.75,85.9375,100,100,100,100,100,100,32.8125,100,46.875,68.75,100,100,75,56.25,53.125,46.875,100,59.375,100,56.25,100,100,100,100,56.25,100,76.5625,90.625,84.375,100,100,54.6875,29.6875,100,100,34.375,100,100,100,78.125,100,100,100,100,100,100,100,100,100,100,84.375,100,100,100,60.9375,100,100,68.75,100,100,100,54.6875,100,100,35.9375,85.9375,100,95.3125,64.0625,76.5625,100,100,71.875,100,100,100,65.625,70.3125,100,32.8125,92.1875,100,100,100,48.4375,71.875,73.4375,73.4375,18.75,100,100,18.75,43.75,100,48.4375,84.375,100,100,100,100,100,96.875,100,100,100,98.4375,100,37.5,67.1875,85.9375,100,92.1875,56.25,100,100,60.9375,57.8125,100,100,100,40.625,100,100,100,20.3125,100,82.8125,100,57.8125,56.25,100,51.5625,95.3125,100,100,57.8125,100,82.8125,100,100,100,100,96.875,62.5,100,100,81.25,79.6875,100,45.3125,45.3125,100,70.3125,93.75,79.6875,28.125,100,100,100,56.25,100,100,89.0625,84.375,67.1875,100,100,100,67.1875,100,75,18.75,39.0625,100,100,78.125,100,95.3125,100,93.75,92.1875,79.6875,100,100,100,100,98.4375,100,100,100,62.5,43.75,100,68.75,100,73.4375,100,59.375,67.1875,100,23.4375,100,100,59.375,92.1875,62.5,100,85.9375,84.375,100,100,100,54.6875,100,100,73.4375,67.1875,100,100,64.0625,98.4375,73.4375,73.4375,100,100,100,100,100,100,100,21.875,100,79.6875,100,100,43.75,100,62.5,67.1875,100,100,35.9375,100,100,100,78.125,93.75,70.3125,54.6875,100,100,56.25,100,90.625,100,93.75,81.25,100,100,84.375,100,100,57.8125,87.5,100,25,100,100,100,100,54.6875,100,54.6875,100,100,46.875,100,92.1875,100,51.5625,100,95.3125,100,100,100,100,70.3125,68.75,100,89.0625,28.125,46.875,100,82.8125,100,100,100,100,100,31.25,100,46.875,100,73.4375,70.3125,100,73.4375,100,100,100,100,100,100,100,100,100,100,3.125,87.5,100,100,98.4375,60.9375,93.75,57.8125,59.375,15.625,92.1875,100,87.5,84.375,100,53.125,100,70.3125,100,85.9375,100,76.5625,100,100,95.3125,39.0625,100,100,76.5625,100,76.5625,100,90.625,87.5,90.625,100,100,81.25,81.25,100,100,100,76.5625,85.9375,100,100,100,65.625,100,100,100,100,84.375,100,82.8125,35.9375,81.25,100,100,100,100,6.25,93.75,87.5,76.5625,92.1875,100,100,100,100,65.625,68.75,100,81.25,45.3125,100,100,73.4375,100,100,89.0625,98.4375,100,35.9375,100,70.3125,100,100,78.125,100,100,37.5,100,100,95.3125,100,100,64.0625,76.5625,100,100,96.875,76.5625,15.625,100,100,100,85.9375,100,100,100,100,100,100,84.375,64.0625,98.4375,89.0625,81.25,100,90.625,100,85.9375,100,100,87.5,100,100,75,100,100,95.3125,100,50,82.8125,70.3125,100,79.6875,100,62.5,95.3125,100,40.625,100,100,48.4375,65.625,65.625,100,100,100,57.8125,100,100,57.8125,65.625,100,93.75,100,60.9375,100,93.75,70.3125,78.125,95.3125,82.8125,100,100,100,100,100,100,57.8125,39.0625,98.4375,100,76.5625,100,100,100,100,100,90.625,100,100,60.9375,100,98.4375,100,75,75,100,100,14.0625,85.9375,96.875,98.4375,81.25,75,100,96.875,100,100,81.25,96.875,100,39.0625,51.5625,100,100,68.75,98.4375,100,100,100,79.6875,50,100,92.1875,42.1875,100,73.4375,100,100,100,100,100,100,100,100,100,73.4375,98.4375,57.8125,43.75,59.375,100,60.9375,100,73.4375,89.0625,79.6875,100,100,32.8125,100,21.875,79.6875,100,100,100,100,100,37.5,100,71.875,81.25,100,100,43.75,100,37.5,56.25,84.375,100,100,89.0625,48.4375,100,29.6875,100,100,100,70.3125,59.375,68.75,100,70.3125,100,100,100,100,100,68.75,70.3125,53.125,87.5,76.5625,100,76.5625,81.25,84.375,100,67.1875,60.9375,50,100,100,62.5,93.75,100,75,35.9375,100,35.9375,90.625,100,90.625,100,100,46.875,93.75,100,73.4375,100,100,100,78.125,100,31.25,100,85.9375,100,100,100,57.8125,100,100,100,85.9375,100,100,59.375,60.9375,100,42.1875,100,100,100,89.0625,100,100,39.0625,100,92.1875,82.8125,100,100,100,79.6875,100,43.75,93.75,100,53.125,32.8125,90.625,89.0625,100,100,54.6875,56.25,67.1875,40.625,45.3125,100,100,76.5625,60.9375,60.9375,100,68.75,87.5,95.3125,100,89.0625,100,34.375,84.375,100,57.8125,48.4375,100,68.75,100,100,100,84.375,100,62.5,100,67.1875,100,100,100,73.4375,37.5,100,90.625,100,100,100,73.4375,96.875,50,68.75,71.875,100,85.9375,100,100,100,100,67.1875,57.8125,48.4375,40.625,76.5625,51.5625,90.625,100,100,100,85.9375,100,100,82.8125,26.5625,92.1875,100,73.4375,73.4375,100,93.75,64.0625,75,100,100,100,100,100,100,100,100,92.1875,100,71.875,100,93.75,100,100,100,90.625,100,100,100,79.6875,100,78.125,100,100,82.8125,87.5,73.4375,100,100,68.75,70.3125,100,95.3125,100,14.0625,95.3125,65.625,100,100,79.6875,100,100,100,39.0625,100,100,89.0625,81.25,78.125,100,100,100,100,96.875,100,100,100,100,100,82.8125,39.0625,68.75,100,67.1875,100,54.6875,100,100,100,100,100,100,100,90.625,43.75,100,95.3125,100,100,100,100,100,100,100,100,93.75,100,56.25,100,82.8125,100,100,100,92.1875,70.3125,96.875,100,37.5,7.8125,37.5,100,100,100,100,53.125,100,89.0625,100,100,100,39.0625,100,85.9375,100,100,100,71.875,100,100,100,50,54.6875,100,100,100,85.9375,100,100,90.625,100,100,75,81.25,81.25,56.25,79.6875,71.875,81.25,100,76.5625,71.875,100,100,100,98.4375,90.625,100,89.0625,71.875,93.75,59.375,28.125,100,84.375,100,100,35.9375,100,100,100,100,85.9375,29.6875,82.8125,25,95.3125,100,26.5625,87.5,100,70.3125,100,100,100,100,100,100,100,59.375,93.75,81.25,100,100,100,100,100,100,100,100,100,100,100,59.375,100,68.75,100,73.4375,73.4375,100,100,100,95.3125,71.875,57.8125,71.875,100,93.75,82.8125,23.4375,100,90.625,70.3125,100,92.1875,100,100,100,100,100,65.625,64.0625,100,92.1875,100,100,89.0625,76.5625,26.5625,31.25,85.9375,65.625,100,100,87.5,100,100,100,100,96.875,100,87.5,100,28.125,39.0625,100,95.3125,68.75,84.375,43.75,87.5,100,100,100,95.3125,100,37.5,20.3125,100,100,100,100,85.9375,100,100,100,100,100,92.1875,25,100,100,100,84.375,100,100,100,100,100,82.8125,15.625,62.5,56.25,100,100,100,92.1875,95.3125,100,100,100,100,79.6875,35.9375,100,100,100,100,76.5625,100,62.5,100,100,26.5625,57.8125,62.5,98.4375,85.9375,100,93.75,100,93.75,100,76.5625,85.9375,100,100,100,100,85.9375,98.4375,100,89.0625,100,85.9375,100,59.375,100,35.9375,84.375,100,100,100,100,100,90.625,60.9375,35.9375,54.6875,100,100,78.125,100,100,100,100,100,76.5625,85.9375,100,82.8125,100,35.9375,100,65.625,68.75,100,100,100,100,92.1875,39.0625,71.875,100,100,28.125,68.75,100,23.4375,100,51.5625,100,100,75,100,100,100,60.9375,78.125,100,79.6875,100,100,28.125,6.25,42.1875,26.5625,65.625,81.25,71.875,100,56.25,84.375,92.1875,50,100,96.875,100,100,100,100,23.4375,67.1875,98.4375,100,89.0625,25,67.1875,89.0625,100,23.4375,100,100,64.0625,100,56.25,100,82.8125,100,73.4375,87.5,100,68.75,100,34.375,48.4375,81.25,100,53.125,100,100,100,100,90.625,25,51.5625,100,100,84.375,100,100,100,100,100,81.25,100,79.6875,100,100,25,100,95.3125,26.5625,89.0625,92.1875,82.8125,51.5625,100,56.25,100,35.9375,35.9375,100,67.1875,75,100,31.25,100,100,100,45.3125,93.75,92.1875,100,100,89.0625,100,78.125,64.0625,35.9375,100,73.4375,100,100,90.625,87.5,64.0625,54.6875,29.6875,15.625,100,78.125,60.9375,92.1875,100,76.5625,84.375,95.3125,100,67.1875,100,100,100,100,64.0625,71.875,100,100,100,100,50,100,100,100,100,100,100,100,100,100,48.4375,100,100,54.6875,65.625,100,100,100,100,35.9375,100,100,78.125,100,96.875,100,78.125,82.8125,81.25,100,89.0625,100,100,100,100,100,75,60.9375,53.125,100,90.625,100,87.5,100,100,96.875,35.9375,100,96.875,98.4375,100,89.0625,87.5,68.75,100,98.4375,100,64.0625,100,100,100,100,98.4375,100,76.5625,81.25,100,100,100,82.8125,100,100,100,67.1875,100,100,60.9375,100,100,37.5,84.375,78.125,100,100,89.0625,60.9375,59.375,68.75,100,95.3125,100,100,100,46.875,100,65.625,100,100,87.5,100,68.75,54.6875,34.375,79.6875,100,100,39.0625,100,81.25,10.9375,28.125,78.125,9.375,100,100,100,84.375,90.625,84.375,100,100,100,81.25,100,100,21.875,100,100,100,71.875,100,64.0625,100,100,100,59.375,98.4375,100,100,100,100,100,43.75,81.25,100,79.6875,92.1875,100,100,100,100,93.75,100,40.625,100,100,57.8125,100,68.75,78.125,78.125,75,71.875,75,100,100,100,100,100,100,84.375,35.9375,100,75,59.375,78.125,100,100,92.1875,100,82.8125,79.6875,100,89.0625,62.5,100,100,96.875,79.6875,50,100,87.5,96.875,100,75,89.0625,100,100,87.5,32.8125,75,34.375,87.5,100,100,100,59.375,100,100,67.1875,4.6875,100,84.375,67.1875,82.8125,87.5,100,90.625,100,100,57.8125,96.875,25,65.625,85.9375,71.875,39.0625,100,62.5,100,100,75,100,82.8125,34.375,100,90.625,75,84.375,67.1875,100,100,18.75,100,82.8125,68.75,100,93.75,90.625,42.1875,100,40.625,60.9375,95.3125,100,100,100,100,95.3125,70.3125,57.8125,100,100,98.4375,100,95.3125,100,100,67.1875,76.5625,65.625,100,100,62.5,100,100,84.375,100,100,100,93.75,100,25,32.8125,40.625,100,100,100,85.9375,39.0625,48.4375,82.8125,100,42.1875,40.625,84.375,32.8125,100,100,73.4375,89.0625,100,92.1875,98.4375,100,65.625,65.625,76.5625,39.0625,100,68.75,100,100,46.875,51.5625,100,82.8125,100,82.8125,100,51.5625,26.5625,100,71.875,60.9375,57.8125,82.8125,62.5,70.3125,100,100,93.75,54.6875,90.625,100,100,100,100,89.0625,87.5,92.1875,100,100,100,100,100,100,93.75,100,100,89.0625,100,100,79.6875,71.875,29.6875,65.625,100,100,100,100,100,96.875,65.625,42.1875,92.1875,100,100,100,65.625,100,100,100,45.3125,75,100,100,100,100,71.875,100,40.625,100,51.5625,100,100,100,100,100,93.75,98.4375,73.4375,100,100,92.1875,100,85.9375,95.3125,100,100,100,73.4375,54.6875,92.1875,96.875,100,100,32.8125,68.75,100,45.3125,100,100,100,100,100,57.8125,31.25,100,75,100,100,100,100,98.4375,64.0625,89.0625,100,100,73.4375,100,100,100,71.875,100,28.125,70.3125,100,100,100,100,100,60.9375,100,100,100,100,93.75,67.1875,89.0625,14.0625,100,25,100,100,64.0625,56.25,100,100,51.5625,98.4375,92.1875,90.625,100,100,100,78.125,76.5625,93.75,100,81.25,100,42.1875,100,100,79.6875,59.375,68.75,100,100,100,98.4375,100,100,84.375,100,100,60.9375,54.6875,100,100,79.6875,100,100,96.875,48.4375,96.875,100,100,68.75,100,100,100,85.9375,56.25,84.375,59.375,100,100,64.0625,100,85.9375,65.625,100,100,89.0625,100,17.1875,90.625,100,56.25,71.875,82.8125,100,26.5625,78.125,9.375,100,100,100,100,76.5625,95.3125,100,100,75,100,84.375,100,100,100,100,95.3125,46.875,29.6875,100,59.375,85.9375,100,100,79.6875,100,67.1875,100,100,100,100,100,32.8125,100,100,76.5625,34.375,100,100,100,92.1875,100,35.9375,100,32.8125,53.125,23.4375,100,100,100,100,29.6875,71.875,100,100,81.25,100,100,64.0625,100,75,100,100,100,100,84.375,100,62.5,81.25,100,100,50,100,92.1875,75,32.8125,100,100,85.9375,100,81.25,82.8125,40.625,100,100,35.9375,10.9375,100,62.5,100,100,100,75,100,90.625,100,78.125,100,100,26.5625,100,100,100,84.375,93.75,100,100,65.625,100,64.0625,50,100,100,100,100,100,100,100,73.4375,84.375,100,42.1875,60.9375,45.3125,92.1875,100,98.4375,100,100,100,100,100,67.1875,100,84.375,100,100,100,96.875,42.1875,100,60.9375,68.75,48.4375,90.625,17.1875,45.3125,100,100,37.5,46.875,75,100,100,100,100,70.3125,76.5625,71.875,87.5,40.625,95.3125,100,68.75,100,89.0625,78.125,50,96.875,57.8125,100,87.5,57.8125,81.25,100,84.375,54.6875,53.125,100,100,100,75,40.625,100,100,51.5625,100,100,68.75,75,100,100,62.5,93.75,78.125,100,96.875,82.8125,100,100,100,100,100,39.0625,100,73.4375,34.375,100,100,81.25,100,100,70.3125,100,100,100,71.875,100,89.0625,85.9375,100,100,100,93.75,100,100,67.1875,100,92.1875,100,100,84.375,100,100,85.9375,100,43.75,53.125,35.9375,82.8125,92.1875,100,100,100,78.125,92.1875,87.5,100,100,59.375,48.4375,100,7.8125,100,100,100,79.6875,98.4375,51.5625,100,71.875,95.3125,71.875,100,79.6875,67.1875,100,71.875,84.375,23.4375,96.875,81.25,68.75,31.25,39.0625,100,56.25,100,100,26.5625,100,18.75,59.375,79.6875,70.3125,100,82.8125,100,81.25,87.5,100,100,100,100,76.5625,100,100,90.625,100,100,76.5625,84.375,100,100,56.25,100,35.9375,100,100,53.125,100,43.75,100,82.8125,92.1875,100,53.125,50,85.9375,100,70.3125,64.0625,100,100,100,100,85.9375,100,51.5625,100,100,100,100,100,95.3125,50,31.25,100,100,50,60.9375,100,100,54.6875,100,100,34.375,100,57.8125,100,100,100,85.9375,100,75,100,100,90.625,76.5625,64.0625,53.125,51.5625,100,100,84.375,100,100,87.5,100,65.625,100,100,100,100,100,82.8125,68.75,100,93.75,100,100,100,90.625,100,62.5,68.75,100,28.125,100,100,100,100,100,25,1.5625,96.875,100,37.5,100,76.5625,100,100,100,100,100,100,57.8125,84.375,100,100,100,100,100,87.5,100,100,34.375,35.9375,42.1875,100,56.25,100,100,70.3125,75,100,45.3125,64.0625,100,100,60.9375,100,100,46.875,100,98.4375,73.4375,100,100,100,92.1875,100,53.125,28.125,93.75,85.9375,100,56.25,100,100,43.75,100,92.1875,92.1875,50,100,100,100,73.4375,100,85.9375,100,100,57.8125,100,71.875,78.125,100,84.375,100,100,59.375,100,100,96.875,76.5625,92.1875,100,35.9375,76.5625,100,65.625,65.625,100,100,62.5,84.375,100,96.875,35.9375,62.5,43.75,100,100,100,93.75,100,62.5,42.1875,100,79.6875,100,100,100,42.1875,64.0625,100,54.6875,100,100,53.125,100,53.125,100,100,82.8125,100,100,59.375,60.9375,100,100,100,100,100,100
"6039",89.0625,100,100,100,100,42.1875,68.75,93.75,21.875,98.4375,53.125,100,100,100,68.75,76.5625,98.4375,78.125,100,100,96.875,100,100,100,56.25,100,100,82.8125,81.25,100,51.5625,100,100,96.875,100,98.4375,76.5625,100,51.5625,89.0625,70.3125,68.75,92.1875,100,100,100,100,100,65.625,85.9375,75,100,100,81.25,82.8125,100,4.6875,100,23.4375,40.625,96.875,54.6875,98.4375,93.75,100,100,57.8125,100,79.6875,100,54.6875,68.75,46.875,100,73.4375,100,100,29.6875,51.5625,100,75,100,87.5,79.6875,57.8125,100,100,100,100,100,62.5,82.8125,100,48.4375,79.6875,92.1875,100,64.0625,100,100,87.5,100,100,92.1875,100,15.625,100,48.4375,85.9375,100,56.25,87.5,100,100,34.375,100,75,100,90.625,98.4375,60.9375,100,100,100,100,54.6875,100,18.75,100,100,100,100,100,100,100,59.375,56.25,78.125,100,100,100,98.4375,42.1875,100,100,100,92.1875,100,59.375,84.375,59.375,45.3125,76.5625,93.75,96.875,96.875,37.5,100,100,6.25,100,100,85.9375,100,89.0625,68.75,100,85.9375,21.875,100,82.8125,70.3125,100,67.1875,100,100,85.9375,100,100,100,87.5,100,100,90.625,100,100,32.8125,100,100,84.375,100,100,84.375,100,90.625,100,100,82.8125,100,96.875,20.3125,60.9375,96.875,100,100,100,100,100,71.875,100,37.5,100,100,100,82.8125,78.125,34.375,57.8125,87.5,73.4375,100,78.125,100,100,100,53.125,70.3125,98.4375,100,100,75,82.8125,100,21.875,100,100,84.375,60.9375,82.8125,100,100,100,40.625,75,100,37.5,71.875,89.0625,100,46.875,100,76.5625,39.0625,98.4375,48.4375,65.625,100,59.375,100,100,100,98.4375,37.5,92.1875,92.1875,100,100,100,45.3125,100,59.375,50,100,57.8125,98.4375,32.8125,35.9375,100,71.875,100,85.9375,100,31.25,100,100,100,29.6875,100,92.1875,87.5,81.25,100,43.75,51.5625,100,100,100,90.625,64.0625,75,37.5,100,68.75,81.25,100,85.9375,89.0625,100,87.5,100,100,57.8125,29.6875,100,67.1875,93.75,100,100,64.0625,39.0625,89.0625,100,50,100,31.25,60.9375,100,70.3125,100,62.5,87.5,100,40.625,100,96.875,40.625,100,87.5,89.0625,100,90.625,82.8125,51.5625,100,70.3125,67.1875,40.625,100,100,75,100,78.125,100,93.75,67.1875,100,100,76.5625,62.5,95.3125,90.625,85.9375,100,100,84.375,53.125,62.5,81.25,98.4375,100,100,100,89.0625,73.4375,89.0625,100,95.3125,92.1875,70.3125,100,87.5,100,100,100,100,100,100,100,64.0625,90.625,100,75,100,100,100,73.4375,100,73.4375,100,14.0625,100,100,100,100,100,54.6875,40.625,79.6875,71.875,81.25,71.875,96.875,100,76.5625,100,84.375,34.375,50,100,76.5625,67.1875,100,100,100,100,34.375,54.6875,100,95.3125,100,82.8125,100,57.8125,100,76.5625,62.5,46.875,100,100,100,100,87.5,100,84.375,100,100,100,79.6875,92.1875,92.1875,93.75,100,100,100,82.8125,71.875,100,65.625,100,100,76.5625,71.875,73.4375,100,85.9375,48.4375,100,100,100,100,68.75,32.8125,48.4375,100,100,89.0625,100,100,100,67.1875,95.3125,100,100,71.875,82.8125,100,54.6875,100,65.625,68.75,100,78.125,78.125,43.75,54.6875,100,100,17.1875,71.875,75,78.125,100,100,100,85.9375,92.1875,67.1875,82.8125,100,100,64.0625,75,68.75,100,100,100,100,100,100,100,100,92.1875,79.6875,56.25,45.3125,93.75,100,100,35.9375,100,51.5625,100,87.5,92.1875,85.9375,70.3125,100,82.8125,81.25,90.625,84.375,65.625,100,34.375,42.1875,100,82.8125,95.3125,100,70.3125,95.3125,100,100,100,98.4375,45.3125,81.25,100,75,95.3125,100,71.875,100,100,100,89.0625,29.6875,100,100,100,78.125,100,92.1875,90.625,48.4375,73.4375,100,64.0625,100,100,64.0625,100,100,100,98.4375,100,67.1875,76.5625,100,73.4375,100,65.625,100,100,100,50,82.8125,100,64.0625,95.3125,93.75,100,100,78.125,96.875,100,81.25,20.3125,100,53.125,100,93.75,76.5625,100,76.5625,23.4375,45.3125,96.875,100,100,35.9375,100,100,62.5,100,100,39.0625,100,100,81.25,76.5625,100,100,100,100,100,100,95.3125,100,98.4375,100,100,26.5625,65.625,76.5625,71.875,81.25,73.4375,95.3125,100,100,89.0625,90.625,100,46.875,4.6875,84.375,59.375,50,96.875,100,39.0625,100,100,100,37.5,100,82.8125,45.3125,59.375,70.3125,70.3125,68.75,98.4375,78.125,93.75,92.1875,46.875,82.8125,53.125,40.625,76.5625,93.75,51.5625,81.25,100,100,100,100,100,100,31.25,100,45.3125,68.75,100,100,62.5,79.6875,48.4375,46.875,100,51.5625,100,100,75,100,100,100,59.375,100,75,90.625,82.8125,100,100,53.125,100,100,100,34.375,100,100,100,81.25,100,100,78.125,96.875,100,78.125,100,100,100,100,90.625,100,100,100,100,100,100,68.75,100,100,100,62.5,100,100,34.375,89.0625,100,70.3125,62.5,65.625,100,100,68.75,81.25,100,100,100,78.125,96.875,37.5,84.375,100,100,93.75,56.25,71.875,82.8125,70.3125,9.375,100,89.0625,73.4375,39.0625,100,20.3125,84.375,100,100,93.75,100,100,98.4375,100,100,93.75,100,51.5625,43.75,65.625,100,100,67.1875,65.625,100,100,100,57.8125,100,100,100,35.9375,81.25,100,100,53.125,20.3125,79.6875,100,89.0625,57.8125,100,37.5,92.1875,100,100,56.25,100,81.25,100,100,100,100,95.3125,62.5,100,100,76.5625,90.625,100,100,50,100,70.3125,87.5,79.6875,43.75,100,100,100,53.125,100,100,100,84.375,67.1875,100,100,100,67.1875,100,75,10.9375,67.1875,100,100,90.625,100,96.875,100,93.75,95.3125,78.125,100,100,100,100,100,100,100,100,65.625,42.1875,100,68.75,95.3125,78.125,100,57.8125,75,100,7.8125,100,100,56.25,100,60.9375,100,85.9375,84.375,100,98.4375,100,54.6875,100,100,73.4375,62.5,100,100,70.3125,98.4375,100,60.9375,100,100,100,100,100,53.125,100,21.875,100,78.125,89.0625,100,100,100,65.625,67.1875,93.75,100,35.9375,100,92.1875,100,92.1875,68.75,70.3125,84.375,85.9375,100,54.6875,76.5625,100,100,100,81.25,100,100,82.8125,100,100,60.9375,98.4375,96.875,25,67.1875,100,100,100,60.9375,100,100,100,100,100,100,92.1875,100,100,100,100,100,100,100,73.4375,70.3125,64.0625,100,87.5,31.25,50,100,84.375,100,100,100,98.4375,100,29.6875,100,45.3125,90.625,70.3125,70.3125,100,76.5625,20.3125,100,100,100,100,100,100,100,100,100,59.375,87.5,6.25,100,96.875,73.4375,95.3125,65.625,67.1875,20.3125,100,100,100,84.375,100,54.6875,100,81.25,100,75,100,78.125,100,100,82.8125,42.1875,100,100,79.6875,100,51.5625,100,93.75,98.4375,100,100,68.75,100,81.25,100,100,100,76.5625,62.5,54.6875,100,100,100,100,100,100,100,78.125,100,53.125,28.125,34.375,87.5,100,100,100,12.5,82.8125,89.0625,100,93.75,100,100,98.4375,100,68.75,96.875,100,82.8125,75,100,96.875,73.4375,100,100,81.25,100,100,40.625,100,62.5,100,95.3125,67.1875,100,100,40.625,100,100,89.0625,85.9375,90.625,37.5,76.5625,100,100,45.3125,64.0625,15.625,100,100,100,95.3125,100,100,100,100,100,81.25,100,65.625,53.125,89.0625,93.75,100,90.625,100,84.375,100,100,79.6875,100,100,76.5625,81.25,100,95.3125,100,100,82.8125,60.9375,100,82.8125,100,51.5625,82.8125,100,100,100,100,75,100,71.875,100,100,100,45.3125,100,100,59.375,65.625,100,93.75,100,60.9375,100,35.9375,70.3125,82.8125,90.625,100,100,100,100,100,100,100,59.375,50,100,100,78.125,100,100,100,76.5625,100,100,100,100,59.375,100,98.4375,100,71.875,76.5625,100,25,100,84.375,93.75,96.875,81.25,73.4375,100,92.1875,100,100,100,95.3125,100,100,51.5625,100,100,70.3125,90.625,100,100,82.8125,82.8125,53.125,100,93.75,39.0625,100,100,85.9375,100,100,100,100,100,100,100,100,62.5,98.4375,57.8125,50,50,100,62.5,100,20.3125,95.3125,76.5625,100,73.4375,32.8125,100,100,79.6875,100,90.625,100,100,100,31.25,100,40.625,57.8125,100,100,78.125,100,35.9375,64.0625,100,100,92.1875,89.0625,53.125,100,31.25,100,100,100,100,67.1875,67.1875,100,73.4375,100,90.625,100,100,100,46.875,81.25,53.125,87.5,75,100,100,81.25,71.875,65.625,67.1875,60.9375,50,100,100,64.0625,93.75,100,78.125,42.1875,100,39.0625,90.625,100,90.625,100,100,56.25,82.8125,100,75,100,100,100,82.8125,100,81.25,100,85.9375,42.1875,100,100,51.5625,100,100,100,87.5,100,98.4375,84.375,60.9375,100,100,67.1875,100,100,89.0625,100,100,100,100,90.625,54.6875,100,98.4375,100,76.5625,100,48.4375,84.375,25,54.6875,29.6875,93.75,67.1875,100,100,48.4375,57.8125,67.1875,40.625,43.75,100,100,76.5625,60.9375,60.9375,100,68.75,92.1875,93.75,100,90.625,100,45.3125,100,79.6875,48.4375,100,100,70.3125,100,100,100,84.375,92.1875,67.1875,100,93.75,100,100,100,73.4375,39.0625,100,35.9375,100,100,100,78.125,100,100,70.3125,67.1875,100,84.375,100,100,100,100,79.6875,59.375,57.8125,50,76.5625,54.6875,92.1875,100,42.1875,100,81.25,100,100,100,29.6875,85.9375,100,71.875,70.3125,84.375,90.625,60.9375,90.625,100,100,70.3125,100,100,73.4375,100,100,92.1875,81.25,75,100,100,100,100,100,93.75,96.875,100,100,100,100,75,100,100,93.75,82.8125,73.4375,100,100,70.3125,71.875,100,93.75,100,75,87.5,60.9375,100,98.4375,76.5625,100,89.0625,82.8125,46.875,89.0625,100,92.1875,81.25,78.125,100,100,100,100,57.8125,100,42.1875,92.1875,29.6875,100,81.25,35.9375,75,100,65.625,100,100,100,100,100,100,100,100,100,89.0625,32.8125,100,87.5,100,100,100,100,98.4375,26.5625,100,100,93.75,100,64.0625,100,92.1875,100,100,100,95.3125,70.3125,90.625,100,28.125,7.8125,40.625,100,100,100,100,45.3125,100,100,100,100,100,34.375,32.8125,76.5625,100,100,100,73.4375,100,100,100,100,46.875,100,100,100,70.3125,100,100,100,100,100,75,95.3125,65.625,51.5625,79.6875,100,42.1875,100,81.25,70.3125,100,81.25,100,100,90.625,100,87.5,89.0625,57.8125,59.375,28.125,100,87.5,100,100,54.6875,73.4375,100,100,100,89.0625,26.5625,78.125,100,100,100,20.3125,85.9375,100,92.1875,100,100,100,92.1875,100,100,100,90.625,93.75,100,100,100,96.875,100,100,100,100,100,100,70.3125,100,59.375,100,53.125,95.3125,82.8125,100,100,100,100,51.5625,71.875,68.75,71.875,100,100,70.3125,46.875,100,89.0625,70.3125,100,92.1875,100,15.625,100,100,100,50,57.8125,100,89.0625,100,100,87.5,100,28.125,32.8125,75,64.0625,100,100,87.5,100,100,100,100,100,90.625,100,100,25,43.75,100,95.3125,100,100,46.875,87.5,100,100,100,95.3125,100,40.625,23.4375,100,100,100,100,85.9375,100,100,100,100,100,89.0625,57.8125,100,100,100,92.1875,90.625,100,95.3125,100,100,100,76.5625,68.75,75,100,100,100,65.625,84.375,100,100,81.25,100,65.625,34.375,100,100,100,70.3125,76.5625,100,68.75,100,100,29.6875,59.375,62.5,96.875,67.1875,100,100,100,87.5,100,73.4375,84.375,100,100,100,100,82.8125,100,100,100,64.0625,70.3125,100,60.9375,100,34.375,84.375,100,100,100,100,100,89.0625,100,28.125,62.5,100,100,57.8125,100,100,100,100,100,82.8125,82.8125,100,81.25,100,45.3125,89.0625,64.0625,79.6875,100,100,29.6875,100,81.25,98.4375,17.1875,100,100,23.4375,68.75,100,18.75,100,54.6875,100,100,75,100,100,100,68.75,81.25,96.875,100,100,100,89.0625,60.9375,40.625,60.9375,68.75,81.25,81.25,100,60.9375,82.8125,92.1875,40.625,100,96.875,100,89.0625,100,100,25,75,100,95.3125,90.625,100,79.6875,100,89.0625,37.5,100,100,64.0625,100,60.9375,75,15.625,100,73.4375,93.75,100,68.75,100,100,50,79.6875,100,56.25,100,100,100,100,93.75,93.75,50,100,100,71.875,100,90.625,100,100,100,82.8125,100,84.375,100,100,68.75,57.8125,100,23.4375,100,100,84.375,51.5625,100,54.6875,100,31.25,35.9375,100,78.125,75,100,31.25,100,100,100,68.75,100,93.75,54.6875,100,84.375,100,90.625,60.9375,34.375,100,71.875,100,100,90.625,68.75,100,54.6875,29.6875,100,100,85.9375,60.9375,89.0625,100,76.5625,85.9375,95.3125,100,67.1875,100,42.1875,100,100,73.4375,93.75,84.375,100,100,100,29.6875,100,100,100,100,87.5,100,100,81.25,100,100,100,100,57.8125,57.8125,100,100,57.8125,100,35.9375,100,31.25,54.6875,100,87.5,100,76.5625,85.9375,82.8125,100,82.8125,100,100,100,100,100,68.75,14.0625,95.3125,100,100,100,100,100,100,98.4375,35.9375,100,34.375,96.875,100,89.0625,100,78.125,100,100,100,75,100,100,100,100,59.375,100,76.5625,81.25,100,100,96.875,100,100,100,100,67.1875,100,100,64.0625,100,100,39.0625,85.9375,78.125,73.4375,100,95.3125,59.375,59.375,67.1875,100,95.3125,100,100,100,84.375,100,56.25,100,100,93.75,100,34.375,39.0625,70.3125,82.8125,100,100,39.0625,98.4375,71.875,12.5,25,78.125,56.25,100,100,100,73.4375,92.1875,87.5,100,100,93.75,81.25,100,100,32.8125,100,100,100,71.875,100,31.25,100,100,100,53.125,100,100,10.9375,100,100,100,48.4375,81.25,100,100,81.25,100,100,82.8125,100,92.1875,100,42.1875,100,100,56.25,100,68.75,82.8125,78.125,75,70.3125,73.4375,100,100,100,85.9375,100,82.8125,82.8125,35.9375,100,98.4375,50,31.25,64.0625,100,90.625,100,64.0625,81.25,100,85.9375,62.5,100,82.8125,100,84.375,50,100,87.5,90.625,18.75,75,78.125,100,100,100,37.5,57.8125,59.375,90.625,89.0625,100,100,59.375,100,37.5,67.1875,4.6875,100,85.9375,75,98.4375,79.6875,100,90.625,100,100,60.9375,96.875,21.875,62.5,70.3125,70.3125,39.0625,100,67.1875,100,100,81.25,100,90.625,34.375,100,85.9375,75,81.25,67.1875,90.625,100,17.1875,100,100,68.75,100,93.75,89.0625,60.9375,100,46.875,62.5,98.4375,100,79.6875,98.4375,100,96.875,57.8125,57.8125,100,76.5625,100,84.375,96.875,53.125,100,76.5625,84.375,65.625,100,100,62.5,100,100,98.4375,100,100,100,98.4375,100,31.25,100,100,100,100,100,93.75,29.6875,54.6875,73.4375,100,57.8125,40.625,56.25,37.5,100,23.4375,68.75,89.0625,100,96.875,98.4375,100,67.1875,67.1875,78.125,100,100,96.875,100,100,100,92.1875,100,82.8125,100,85.9375,73.4375,53.125,12.5,100,70.3125,54.6875,100,81.25,68.75,73.4375,87.5,100,95.3125,54.6875,90.625,100,100,100,100,100,100,89.0625,100,100,79.6875,46.875,100,93.75,93.75,95.3125,100,89.0625,100,100,75,100,37.5,65.625,96.875,67.1875,100,100,100,95.3125,60.9375,42.1875,92.1875,100,100,100,79.6875,100,100,100,48.4375,71.875,100,100,98.4375,100,68.75,100,39.0625,100,85.9375,100,100,100,100,100,100,100,95.3125,100,100,92.1875,95.3125,82.8125,93.75,100,100,100,71.875,57.8125,87.5,96.875,100,100,31.25,76.5625,100,100,100,100,100,100,100,46.875,39.0625,100,85.9375,54.6875,100,89.0625,100,96.875,60.9375,81.25,100,100,100,100,100,100,68.75,71.875,21.875,71.875,73.4375,100,100,100,100,76.5625,100,100,62.5,95.3125,93.75,79.6875,93.75,60.9375,100,25,100,100,56.25,56.25,100,100,50,100,71.875,89.0625,100,100,100,78.125,82.8125,81.25,100,79.6875,100,42.1875,100,100,81.25,70.3125,65.625,100,45.3125,100,98.4375,100,100,82.8125,100,100,60.9375,54.6875,100,100,78.125,100,100,100,34.375,100,100,100,93.75,100,100,100,79.6875,64.0625,82.8125,60.9375,100,100,64.0625,100,100,65.625,100,100,81.25,100,100,89.0625,100,56.25,70.3125,100,100,26.5625,76.5625,54.6875,100,71.875,43.75,42.1875,79.6875,93.75,100,100,75,100,89.0625,100,100,100,100,100,46.875,90.625,100,40.625,90.625,100,100,82.8125,100,50,100,92.1875,50,84.375,100,100,100,100,76.5625,51.5625,100,100,100,92.1875,100,28.125,100,39.0625,79.6875,59.375,23.4375,100,100,100,100,75,100,100,100,100,100,100,100,73.4375,100,100,100,100,85.9375,100,53.125,100,100,100,67.1875,42.1875,92.1875,59.375,34.375,100,82.8125,79.6875,43.75,82.8125,82.8125,42.1875,100,100,45.3125,12.5,100,56.25,100,100,100,75,92.1875,68.75,100,100,93.75,100,26.5625,100,100,96.875,76.5625,93.75,100,100,65.625,95.3125,64.0625,51.5625,100,100,100,95.3125,100,100,100,62.5,79.6875,100,76.5625,100,62.5,92.1875,100,100,98.4375,79.6875,78.125,100,81.25,71.875,100,84.375,100,100,100,96.875,100,100,56.25,64.0625,64.0625,89.0625,17.1875,50,100,100,100,48.4375,73.4375,100,100,100,71.875,71.875,79.6875,79.6875,79.6875,51.5625,92.1875,100,68.75,100,100,82.8125,53.125,100,57.8125,100,48.4375,28.125,81.25,100,87.5,54.6875,100,100,100,100,75,45.3125,100,100,50,100,100,65.625,34.375,100,100,59.375,93.75,76.5625,100,100,90.625,85.9375,100,100,100,100,37.5,100,73.4375,100,100,100,57.8125,100,100,81.25,100,100,100,90.625,100,92.1875,85.9375,100,100,100,57.8125,100,100,64.0625,100,90.625,100,100,87.5,100,100,90.625,100,35.9375,76.5625,42.1875,85.9375,92.1875,68.75,100,100,81.25,92.1875,100,100,54.6875,56.25,48.4375,100,100,100,100,95.3125,78.125,100,50,100,79.6875,100,71.875,100,82.8125,23.4375,28.125,71.875,98.4375,18.75,100,82.8125,100,31.25,37.5,100,45.3125,100,100,26.5625,54.6875,100,57.8125,64.0625,68.75,100,100,90.625,79.6875,85.9375,100,100,100,100,60.9375,100,100,90.625,100,100,71.875,85.9375,100,100,56.25,100,42.1875,100,100,53.125,100,45.3125,100,78.125,76.5625,100,50,45.3125,82.8125,100,70.3125,70.3125,95.3125,100,100,100,71.875,93.75,46.875,100,53.125,100,98.4375,100,100,76.5625,29.6875,100,100,50,64.0625,100,100,40.625,100,100,39.0625,100,54.6875,100,100,100,85.9375,100,100,100,100,93.75,81.25,62.5,60.9375,51.5625,100,100,100,100,100,75,100,65.625,100,100,100,89.0625,100,81.25,68.75,100,93.75,100,100,100,90.625,100,60.9375,70.3125,100,26.5625,62.5,100,100,100,100,28.125,1.5625,100,17.1875,37.5,100,84.375,100,73.4375,100,100,100,100,100,85.9375,100,100,100,100,100,100,100,90.625,31.25,35.9375,43.75,100,51.5625,100,100,100,73.4375,98.4375,45.3125,64.0625,100,100,50,100,100,71.875,100,98.4375,90.625,100,100,100,92.1875,98.4375,53.125,26.5625,95.3125,65.625,100,81.25,42.1875,92.1875,39.0625,100,64.0625,93.75,51.5625,81.25,100,100,73.4375,100,85.9375,100,100,57.8125,100,67.1875,53.125,100,92.1875,98.4375,100,54.6875,100,100,96.875,100,100,96.875,34.375,65.625,95.3125,51.5625,62.5,100,100,64.0625,84.375,100,84.375,34.375,65.625,46.875,100,100,100,65.625,100,62.5,42.1875,65.625,100,100,100,100,100,62.5,100,54.6875,100,100,51.5625,100,59.375,100,59.375,78.125,100,100,75,60.9375,100,93.75,100,100,95.3125,100
"6040",90.625,100,34.375,100,100,39.0625,67.1875,100,21.875,98.4375,79.6875,100,100,100,64.0625,76.5625,87.5,75,100,100,96.875,100,100,100,59.375,100,100,79.6875,82.8125,100,100,100,100,93.75,100,98.4375,82.8125,100,100,100,89.0625,67.1875,85.9375,100,100,100,100,100,68.75,87.5,75,100,100,70.3125,78.125,100,31.25,100,100,39.0625,90.625,53.125,98.4375,100,100,100,57.8125,100,65.625,100,54.6875,73.4375,84.375,100,65.625,100,100,100,50,100,78.125,100,76.5625,78.125,57.8125,100,100,96.875,100,26.5625,54.6875,82.8125,100,46.875,90.625,95.3125,100,64.0625,100,100,78.125,100,100,92.1875,100,15.625,100,54.6875,85.9375,89.0625,73.4375,78.125,100,100,34.375,100,100,100,100,89.0625,67.1875,100,100,95.3125,96.875,54.6875,100,18.75,100,100,100,100,68.75,100,90.625,59.375,60.9375,78.125,100,100,100,100,45.3125,42.1875,100,100,90.625,100,60.9375,84.375,60.9375,40.625,78.125,93.75,100,95.3125,37.5,100,100,4.6875,100,100,78.125,100,89.0625,57.8125,100,85.9375,20.3125,100,100,70.3125,100,100,100,95.3125,82.8125,89.0625,100,100,93.75,100,100,100,100,100,29.6875,57.8125,100,95.3125,100,100,79.6875,100,93.75,100,90.625,82.8125,100,100,21.875,82.8125,95.3125,100,100,100,100,100,84.375,100,35.9375,100,100,100,76.5625,78.125,35.9375,56.25,100,67.1875,100,84.375,35.9375,100,100,53.125,100,100,59.375,100,78.125,81.25,67.1875,100,100,100,85.9375,60.9375,100,100,100,34.375,100,100,100,34.375,73.4375,89.0625,100,53.125,100,76.5625,15.625,100,100,67.1875,100,73.4375,100,100,100,96.875,34.375,89.0625,28.125,100,100,100,98.4375,100,76.5625,57.8125,100,100,89.0625,23.4375,35.9375,100,67.1875,100,92.1875,100,73.4375,100,100,100,29.6875,98.4375,75,90.625,79.6875,100,40.625,57.8125,100,100,96.875,92.1875,68.75,75,34.375,100,68.75,76.5625,100,87.5,81.25,65.625,90.625,64.0625,100,100,29.6875,100,100,95.3125,100,100,87.5,40.625,87.5,100,50,100,39.0625,59.375,100,68.75,100,82.8125,87.5,100,46.875,100,100,40.625,100,87.5,100,100,100,82.8125,50,100,65.625,62.5,39.0625,100,100,73.4375,100,43.75,100,93.75,70.3125,100,96.875,62.5,57.8125,100,90.625,85.9375,100,100,81.25,53.125,90.625,82.8125,98.4375,100,100,100,89.0625,60.9375,54.6875,100,90.625,89.0625,81.25,100,87.5,35.9375,92.1875,100,100,45.3125,100,100,62.5,90.625,100,81.25,100,28.125,100,75,100,70.3125,100,15.625,100,100,100,100,100,59.375,57.8125,79.6875,68.75,90.625,70.3125,89.0625,100,67.1875,100,100,34.375,46.875,100,76.5625,67.1875,100,100,100,100,34.375,40.625,100,100,100,82.8125,100,82.8125,100,75,60.9375,50,100,100,100,67.1875,93.75,93.75,75,100,100,100,81.25,82.8125,92.1875,75,100,100,100,84.375,73.4375,100,81.25,100,100,75,73.4375,73.4375,100,57.8125,51.5625,100,100,100,82.8125,60.9375,32.8125,60.9375,100,100,89.0625,100,100,100,100,100,100,100,68.75,82.8125,100,48.4375,100,62.5,59.375,100,81.25,78.125,50,37.5,100,100,100,68.75,79.6875,79.6875,100,100,100,84.375,73.4375,67.1875,84.375,100,100,64.0625,76.5625,68.75,100,37.5,62.5,100,100,100,100,100,89.0625,100,57.8125,43.75,95.3125,100,100,42.1875,100,51.5625,100,92.1875,93.75,84.375,67.1875,100,82.8125,79.6875,70.3125,81.25,64.0625,100,35.9375,45.3125,100,46.875,100,100,70.3125,87.5,98.4375,100,100,85.9375,45.3125,64.0625,100,73.4375,100,100,71.875,100,100,100,89.0625,28.125,98.4375,100,100,67.1875,100,93.75,90.625,43.75,67.1875,100,64.0625,100,100,68.75,100,100,100,96.875,93.75,100,73.4375,100,64.0625,100,65.625,100,100,54.6875,100,82.8125,87.5,65.625,96.875,100,95.3125,100,76.5625,95.3125,100,57.8125,51.5625,100,59.375,50,98.4375,76.5625,100,71.875,100,100,96.875,100,100,35.9375,100,90.625,62.5,92.1875,54.6875,34.375,100,100,100,76.5625,100,100,100,100,100,100,82.8125,100,96.875,100,100,26.5625,100,73.4375,78.125,64.0625,78.125,100,100,100,93.75,92.1875,100,46.875,26.5625,67.1875,100,50,95.3125,100,100,100,100,100,31.25,100,82.8125,45.3125,59.375,68.75,78.125,71.875,98.4375,76.5625,100,92.1875,100,82.8125,62.5,40.625,92.1875,93.75,35.9375,84.375,100,100,100,100,100,100,45.3125,100,45.3125,68.75,100,100,68.75,57.8125,37.5,46.875,100,60.9375,100,100,100,100,100,100,59.375,100,73.4375,90.625,84.375,100,100,57.8125,68.75,100,100,40.625,100,100,100,82.8125,100,100,100,100,100,76.5625,100,100,100,100,87.5,100,100,100,34.375,100,100,68.75,100,100,100,57.8125,100,100,35.9375,87.5,100,96.875,71.875,57.8125,100,100,89.0625,84.375,100,100,100,70.3125,95.3125,31.25,82.8125,100,100,98.4375,48.4375,57.8125,70.3125,78.125,9.375,100,100,100,40.625,100,9.375,84.375,100,100,64.0625,100,100,73.4375,79.6875,98.4375,93.75,76.5625,100,46.875,65.625,90.625,100,68.75,100,100,100,100,56.25,100,43.75,100,50,100,100,100,45.3125,100,82.8125,100,85.9375,81.25,100,100,93.75,100,100,54.6875,100,100,100,100,100,100,96.875,62.5,100,100,81.25,96.875,100,100,45.3125,100,71.875,85.9375,78.125,40.625,100,100,100,51.5625,100,100,95.3125,84.375,68.75,100,100,100,68.75,100,76.5625,20.3125,67.1875,100,100,76.5625,100,100,100,92.1875,95.3125,84.375,100,100,100,31.25,100,100,100,100,60.9375,42.1875,100,68.75,93.75,76.5625,100,59.375,78.125,100,51.5625,100,82.8125,57.8125,100,65.625,68.75,85.9375,81.25,100,98.4375,93.75,93.75,100,100,73.4375,54.6875,100,100,81.25,98.4375,92.1875,59.375,100,100,100,100,100,60.9375,100,21.875,100,78.125,100,85.9375,54.6875,100,62.5,70.3125,93.75,100,35.9375,100,84.375,90.625,82.8125,93.75,70.3125,70.3125,79.6875,100,59.375,75,81.25,100,100,81.25,90.625,100,76.5625,100,100,62.5,92.1875,100,25,70.3125,100,100,100,67.1875,100,100,98.4375,100,100,100,92.1875,95.3125,82.8125,100,68.75,100,100,100,89.0625,60.9375,67.1875,100,100,32.8125,40.625,81.25,87.5,100,100,84.375,100,100,31.25,100,46.875,82.8125,70.3125,70.3125,100,75,25,100,100,100,81.25,100,100,100,100,100,60.9375,87.5,100,100,100,62.5,95.3125,79.6875,65.625,45.3125,100,100,18.75,84.375,100,82.8125,100,79.6875,100,32.8125,100,75,100,100,96.875,39.0625,100,100,81.25,100,46.875,100,93.75,100,100,100,100,100,81.25,75,100,100,76.5625,70.3125,65.625,100,100,100,100,100,100,100,82.8125,100,50,100,100,100,100,100,100,6.25,89.0625,85.9375,100,93.75,100,100,100,100,68.75,85.9375,100,82.8125,75,100,89.0625,73.4375,100,100,84.375,100,100,42.1875,100,64.0625,100,100,68.75,100,54.6875,37.5,100,100,85.9375,93.75,87.5,46.875,84.375,100,100,50,71.875,15.625,100,100,100,90.625,100,100,100,100,100,71.875,75,64.0625,100,89.0625,82.8125,100,79.6875,100,81.25,100,100,100,100,100,75,100,100,93.75,100,71.875,82.8125,70.3125,100,82.8125,100,53.125,93.75,82.8125,100,100,100,60.9375,100,79.6875,100,100,100,59.375,100,100,57.8125,65.625,100,93.75,100,60.9375,100,96.875,81.25,78.125,95.3125,100,100,100,100,100,100,100,54.6875,62.5,100,100,57.8125,100,100,100,82.8125,68.75,90.625,100,100,100,100,96.875,100,82.8125,76.5625,100,95.3125,100,42.1875,96.875,76.5625,68.75,73.4375,65.625,98.4375,100,100,82.8125,96.875,100,48.4375,51.5625,100,100,68.75,81.25,100,100,100,100,48.4375,100,92.1875,37.5,92.1875,100,100,100,100,100,100,100,100,100,100,62.5,100,59.375,100,60.9375,100,100,100,20.3125,95.3125,79.6875,100,79.6875,39.0625,100,100,81.25,100,90.625,100,100,100,31.25,100,39.0625,78.125,100,100,100,100,35.9375,53.125,100,100,92.1875,89.0625,51.5625,100,29.6875,100,100,100,100,60.9375,68.75,100,73.4375,100,90.625,100,100,100,65.625,81.25,51.5625,87.5,75,100,79.6875,81.25,70.3125,90.625,67.1875,62.5,50,100,100,62.5,56.25,100,68.75,42.1875,100,40.625,87.5,100,90.625,100,100,95.3125,100,100,73.4375,100,100,90.625,100,100,96.875,100,85.9375,84.375,100,100,89.0625,100,98.4375,100,68.75,100,100,68.75,60.9375,100,21.875,70.3125,60.9375,100,89.0625,100,100,100,100,87.5,87.5,100,100,100,68.75,100,43.75,96.875,100,54.6875,28.125,92.1875,89.0625,100,100,60.9375,57.8125,67.1875,40.625,43.75,100,100,76.5625,60.9375,60.9375,100,67.1875,92.1875,96.875,90.625,90.625,100,51.5625,100,85.9375,56.25,82.8125,100,70.3125,100,100,100,84.375,92.1875,67.1875,82.8125,93.75,100,100,100,73.4375,37.5,95.3125,100,100,100,100,75,100,45.3125,68.75,76.5625,100,89.0625,100,100,100,89.0625,78.125,59.375,50,50,76.5625,51.5625,95.3125,100,100,100,82.8125,100,100,85.9375,26.5625,89.0625,100,76.5625,71.875,100,90.625,60.9375,100,93.75,100,32.8125,100,100,79.6875,100,100,92.1875,56.25,76.5625,100,100,100,100,100,93.75,100,100,100,20.3125,100,76.5625,100,100,82.8125,98.4375,70.3125,100,100,70.3125,76.5625,100,93.75,76.5625,25,90.625,53.125,100,98.4375,89.0625,100,100,76.5625,40.625,90.625,100,90.625,81.25,76.5625,96.875,100,76.5625,100,100,15.625,95.3125,100,100,100,78.125,35.9375,65.625,100,71.875,100,92.1875,84.375,100,100,100,100,100,100,89.0625,90.625,100,100,100,100,100,100,93.75,79.6875,100,100,93.75,100,71.875,100,90.625,100,98.4375,100,93.75,68.75,37.5,98.4375,39.0625,7.8125,42.1875,100,100,100,100,46.875,96.875,100,100,79.6875,100,46.875,100,78.125,100,100,100,65.625,100,100,100,100,89.0625,85.9375,100,100,57.8125,98.4375,100,95.3125,100,100,75,100,65.625,46.875,81.25,68.75,82.8125,12.5,79.6875,65.625,100,100,100,100,90.625,100,87.5,79.6875,56.25,60.9375,28.125,79.6875,85.9375,53.125,100,75,73.4375,100,100,100,85.9375,26.5625,87.5,100,98.4375,100,21.875,87.5,100,93.75,100,100,100,100,100,100,100,98.4375,85.9375,93.75,100,100,100,100,100,54.6875,100,100,100,93.75,100,59.375,100,100,96.875,81.25,100,100,100,100,84.375,71.875,51.5625,70.3125,100,100,100,40.625,100,92.1875,70.3125,100,92.1875,100,25,100,100,100,70.3125,59.375,100,87.5,100,100,89.0625,100,25,84.375,75,60.9375,100,100,85.9375,100,100,100,100,100,92.1875,75,100,23.4375,43.75,100,95.3125,67.1875,100,53.125,87.5,100,100,100,95.3125,100,37.5,20.3125,100,100,100,100,100,100,100,100,100,100,90.625,100,100,75,100,81.25,89.0625,100,96.875,100,100,90.625,73.4375,64.0625,89.0625,100,100,100,89.0625,95.3125,100,100,93.75,100,100,34.375,100,100,100,70.3125,71.875,100,78.125,100,100,29.6875,59.375,62.5,96.875,79.6875,100,100,100,96.875,100,76.5625,87.5,100,100,100,100,92.1875,100,100,100,100,67.1875,100,56.25,100,34.375,85.9375,100,100,100,100,100,89.0625,100,28.125,62.5,100,100,57.8125,93.75,100,100,100,100,75,73.4375,95.3125,76.5625,100,39.0625,100,65.625,82.8125,100,100,100,100,85.9375,100,51.5625,100,100,25,68.75,100,18.75,100,98.4375,100,87.5,75,100,100,100,68.75,73.4375,57.8125,100,100,100,89.0625,10.9375,42.1875,56.25,62.5,82.8125,82.8125,100,54.6875,82.8125,92.1875,39.0625,100,96.875,100,100,100,100,23.4375,73.4375,98.4375,100,100,100,67.1875,96.875,28.125,46.875,100,100,64.0625,100,64.0625,89.0625,87.5,100,75,98.4375,100,82.8125,100,100,48.4375,79.6875,100,62.5,100,100,100,100,87.5,95.3125,50,100,100,81.25,100,92.1875,95.3125,42.1875,100,81.25,96.875,79.6875,100,100,95.3125,100,100,21.875,98.4375,96.875,93.75,46.875,100,79.6875,100,42.1875,35.9375,100,76.5625,79.6875,100,31.25,100,100,100,62.5,100,95.3125,54.6875,100,85.9375,100,93.75,71.875,34.375,100,70.3125,100,100,90.625,68.75,100,54.6875,29.6875,12.5,100,75,60.9375,89.0625,100,73.4375,84.375,93.75,100,59.375,100,42.1875,100,100,82.8125,54.6875,100,100,100,78.125,43.75,100,100,100,100,78.125,100,100,100,100,100,100,100,56.25,82.8125,100,100,65.625,100,32.8125,100,26.5625,28.125,100,73.4375,100,76.5625,84.375,81.25,100,82.8125,100,100,100,100,100,70.3125,26.5625,53.125,100,62.5,100,100,100,98.4375,100,34.375,92.1875,100,100,100,89.0625,100,76.5625,100,100,100,48.4375,100,100,100,100,85.9375,100,76.5625,76.5625,100,100,100,87.5,100,100,100,67.1875,100,95.3125,62.5,100,100,40.625,85.9375,78.125,87.5,100,79.6875,62.5,59.375,64.0625,100,89.0625,92.1875,100,100,32.8125,100,59.375,100,100,93.75,100,89.0625,40.625,45.3125,78.125,100,100,35.9375,95.3125,100,17.1875,21.875,71.875,9.375,100,100,100,87.5,53.125,92.1875,100,100,100,76.5625,100,100,54.6875,100,100,100,71.875,100,100,100,100,100,81.25,100,100,29.6875,100,100,100,57.8125,81.25,23.4375,100,81.25,100,100,100,100,82.8125,100,40.625,100,100,54.6875,100,70.3125,89.0625,84.375,67.1875,70.3125,75,100,100,100,100,100,98.4375,78.125,35.9375,100,14.0625,60.9375,31.25,100,100,92.1875,100,57.8125,79.6875,100,85.9375,62.5,100,98.4375,100,75,50,100,87.5,100,26.5625,73.4375,87.5,100,100,100,32.8125,62.5,43.75,84.375,65.625,100,100,59.375,100,100,65.625,4.6875,100,84.375,81.25,95.3125,87.5,100,90.625,100,100,76.5625,96.875,23.4375,59.375,71.875,71.875,35.9375,100,62.5,100,100,75,100,84.375,42.1875,100,90.625,75,84.375,67.1875,87.5,100,18.75,100,84.375,60.9375,76.5625,93.75,73.4375,100,100,26.5625,60.9375,46.875,100,78.125,100,100,96.875,57.8125,57.8125,100,100,100,93.75,93.75,100,100,93.75,76.5625,67.1875,100,100,62.5,100,95.3125,98.4375,100,100,71.875,100,100,32.8125,100,100,100,100,100,98.4375,26.5625,50,100,100,56.25,40.625,95.3125,57.8125,100,100,73.4375,89.0625,79.6875,96.875,98.4375,100,67.1875,65.625,78.125,100,100,100,73.4375,100,45.3125,92.1875,100,93.75,100,87.5,71.875,48.4375,12.5,100,71.875,59.375,100,82.8125,100,73.4375,100,100,95.3125,54.6875,92.1875,100,100,100,18.75,100,64.0625,82.8125,100,100,100,64.0625,100,89.0625,93.75,78.125,100,95.3125,100,100,65.625,68.75,48.4375,65.625,100,100,100,100,100,95.3125,60.9375,42.1875,84.375,100,100,100,87.5,100,100,100,57.8125,73.4375,84.375,100,76.5625,100,70.3125,100,39.0625,100,53.125,100,100,100,100,100,90.625,98.4375,92.1875,100,100,92.1875,92.1875,84.375,95.3125,100,100,100,76.5625,56.25,98.4375,95.3125,100,100,31.25,79.6875,100,100,100,100,92.1875,100,100,57.8125,29.6875,100,84.375,57.8125,100,100,76.5625,96.875,59.375,84.375,100,100,76.5625,100,100,46.875,70.3125,84.375,21.875,71.875,100,100,100,100,100,100,98.4375,100,92.1875,51.5625,92.1875,93.75,71.875,67.1875,100,25,100,100,100,54.6875,100,100,50,95.3125,73.4375,89.0625,100,100,100,78.125,100,76.5625,100,78.125,100,40.625,42.1875,39.0625,81.25,59.375,73.4375,100,100,100,98.4375,100,100,84.375,56.25,100,60.9375,54.6875,100,93.75,79.6875,100,100,100,54.6875,100,100,100,87.5,100,100,100,67.1875,60.9375,100,60.9375,100,100,64.0625,100,100,64.0625,100,100,100,100,100,84.375,100,57.8125,71.875,100,100,26.5625,78.125,67.1875,100,82.8125,100,62.5,76.5625,93.75,100,100,73.4375,100,81.25,100,75,100,100,89.0625,48.4375,100,100,67.1875,84.375,75,100,95.3125,100,60.9375,100,70.3125,100,100,92.1875,100,100,100,76.5625,32.8125,100,75,100,92.1875,100,28.125,100,40.625,64.0625,59.375,100,100,100,100,20.3125,76.5625,100,100,57.8125,100,100,100,100,71.875,100,100,100,100,84.375,100,53.125,100,100,100,45.3125,100,85.9375,100,32.8125,100,93.75,82.8125,98.4375,85.9375,82.8125,45.3125,100,100,39.0625,12.5,100,54.6875,100,100,100,75,98.4375,78.125,100,100,100,100,26.5625,100,100,89.0625,73.4375,100,100,100,64.0625,89.0625,64.0625,59.375,100,100,100,79.6875,98.4375,100,100,87.5,85.9375,98.4375,45.3125,100,57.8125,92.1875,79.6875,100,82.8125,89.0625,87.5,98.4375,84.375,68.75,100,84.375,100,100,100,96.875,100,100,60.9375,68.75,92.1875,87.5,56.25,45.3125,100,100,12.5,48.4375,76.5625,100,100,85.9375,100,79.6875,79.6875,81.25,81.25,48.4375,70.3125,100,67.1875,100,100,100,53.125,100,60.9375,65.625,50,59.375,81.25,100,67.1875,54.6875,100,100,100,100,70.3125,39.0625,100,100,45.3125,100,100,64.0625,100,100,100,57.8125,93.75,78.125,100,96.875,90.625,56.25,100,100,92.1875,100,37.5,100,73.4375,70.3125,100,100,62.5,100,100,68.75,100,100,100,87.5,100,98.4375,81.25,100,100,100,62.5,100,100,60.9375,100,79.6875,100,100,85.9375,100,100,79.6875,100,35.9375,59.375,37.5,85.9375,92.1875,100,100,100,84.375,100,100,100,51.5625,56.25,48.4375,100,100,100,100,84.375,78.125,100,46.875,100,78.125,82.8125,71.875,100,75,68.75,85.9375,70.3125,100,18.75,100,68.75,100,26.5625,12.5,100,89.0625,100,100,28.125,56.25,40.625,59.375,100,100,100,70.3125,85.9375,81.25,87.5,42.1875,100,89.0625,100,60.9375,100,100,90.625,100,100,100,84.375,100,100,56.25,100,39.0625,100,100,51.5625,100,42.1875,100,79.6875,56.25,100,56.25,56.25,84.375,100,70.3125,85.9375,100,100,100,100,71.875,95.3125,51.5625,100,54.6875,100,100,100,100,85.9375,29.6875,100,100,50,67.1875,100,100,60.9375,100,100,39.0625,100,60.9375,100,100,100,85.9375,100,73.4375,100,100,93.75,81.25,59.375,57.8125,51.5625,100,100,100,100,100,70.3125,100,60.9375,100,100,100,100,100,76.5625,70.3125,100,93.75,100,100,100,90.625,100,64.0625,71.875,100,26.5625,100,100,100,100,100,23.4375,1.5625,100,39.0625,31.25,100,89.0625,100,100,76.5625,100,100,100,100,85.9375,100,100,100,100,73.4375,95.3125,100,100,39.0625,35.9375,54.6875,100,54.6875,100,100,100,76.5625,100,45.3125,64.0625,100,73.4375,59.375,100,100,75,100,98.4375,73.4375,100,100,100,92.1875,98.4375,70.3125,26.5625,100,82.8125,100,100,64.0625,89.0625,37.5,100,59.375,92.1875,50,85.9375,100,96.875,73.4375,100,85.9375,100,95.3125,57.8125,100,78.125,43.75,100,68.75,100,100,59.375,100,100,96.875,81.25,100,98.4375,34.375,67.1875,100,65.625,75,100,100,54.6875,78.125,100,79.6875,34.375,65.625,85.9375,100,100,100,57.8125,100,60.9375,42.1875,100,92.1875,64.0625,100,100,100,57.8125,100,54.6875,100,100,51.5625,100,53.125,96.875,100,73.4375,100,79.6875,100,57.8125,100,87.5,98.4375,100,95.3125,100
"6041",89.0625,100,32.8125,100,100,42.1875,70.3125,100,20.3125,98.4375,54.6875,100,100,100,100,76.5625,90.625,87.5,100,100,96.875,100,100,100,56.25,100,100,79.6875,84.375,100,100,89.0625,100,95.3125,100,92.1875,81.25,100,100,92.1875,87.5,62.5,82.8125,100,100,100,100,100,67.1875,84.375,75,100,100,75,73.4375,100,18.75,100,100,43.75,90.625,54.6875,98.4375,100,100,81.25,57.8125,100,79.6875,100,56.25,65.625,100,100,68.75,76.5625,100,59.375,50,100,78.125,53.125,84.375,76.5625,89.0625,100,100,89.0625,100,100,54.6875,82.8125,100,46.875,78.125,100,100,59.375,100,100,82.8125,100,100,92.1875,96.875,18.75,100,67.1875,85.9375,68.75,75,100,100,100,34.375,100,100,100,100,90.625,56.25,100,100,100,87.5,54.6875,100,18.75,100,100,100,100,73.4375,100,100,57.8125,54.6875,79.6875,100,100,100,100,81.25,54.6875,100,100,100,100,59.375,81.25,59.375,35.9375,79.6875,92.1875,96.875,93.75,39.0625,100,100,7.8125,100,100,75,100,89.0625,68.75,10.9375,84.375,21.875,100,82.8125,76.5625,100,82.8125,100,90.625,89.0625,100,100,100,100,100,100,73.4375,100,73.4375,29.6875,100,100,87.5,100,100,82.8125,95.3125,92.1875,100,73.4375,85.9375,100,100,18.75,100,98.4375,100,100,100,100,12.5,79.6875,100,32.8125,100,100,100,82.8125,79.6875,62.5,46.875,100,62.5,100,75,100,100,100,53.125,100,100,60.9375,100,75,82.8125,100,100,100,100,84.375,60.9375,87.5,100,100,100,100,73.4375,100,32.8125,81.25,90.625,100,53.125,60.9375,76.5625,42.1875,100,100,67.1875,100,59.375,100,100,100,96.875,35.9375,100,78.125,32.8125,100,4.6875,100,100,54.6875,56.25,100,100,100,35.9375,35.9375,100,68.75,100,18.75,100,23.4375,100,100,100,29.6875,98.4375,78.125,90.625,85.9375,100,40.625,56.25,100,100,100,90.625,68.75,75,35.9375,100,87.5,89.0625,100,82.8125,90.625,65.625,87.5,45.3125,100,100,31.25,100,67.1875,95.3125,100,100,96.875,40.625,89.0625,100,54.6875,100,35.9375,64.0625,100,67.1875,100,75,87.5,100,75,100,100,40.625,100,89.0625,96.875,100,98.4375,82.8125,46.875,100,67.1875,68.75,39.0625,100,100,70.3125,100,76.5625,100,93.75,68.75,100,100,71.875,51.5625,100,96.875,84.375,100,100,85.9375,53.125,96.875,85.9375,98.4375,100,100,100,87.5,81.25,100,100,96.875,100,71.875,100,87.5,100,35.9375,100,100,100,100,85.9375,60.9375,92.1875,100,73.4375,100,100,100,76.5625,100,56.25,100,18.75,100,100,100,100,100,62.5,59.375,79.6875,70.3125,82.8125,71.875,95.3125,100,81.25,100,90.625,32.8125,50,100,76.5625,45.3125,100,100,100,100,40.625,37.5,100,92.1875,100,82.8125,100,84.375,100,96.875,78.125,46.875,100,100,100,100,92.1875,100,100,87.5,100,100,100,89.0625,93.75,92.1875,100,100,100,84.375,68.75,100,65.625,100,100,76.5625,73.4375,68.75,100,100,54.6875,100,100,100,100,73.4375,34.375,50,100,100,89.0625,100,100,100,100,100,100,100,68.75,82.8125,100,48.4375,100,71.875,65.625,100,78.125,78.125,57.8125,46.875,100,100,100,73.4375,68.75,82.8125,100,100,100,85.9375,60.9375,100,84.375,100,100,64.0625,76.5625,68.75,100,100,100,100,100,100,100,100,65.625,64.0625,60.9375,40.625,93.75,100,100,42.1875,100,51.5625,100,87.5,100,84.375,71.875,100,82.8125,82.8125,100,76.5625,64.0625,100,35.9375,45.3125,100,64.0625,93.75,100,70.3125,93.75,100,100,100,85.9375,45.3125,65.625,100,70.3125,100,100,71.875,100,100,100,59.375,35.9375,78.125,100,100,78.125,100,85.9375,100,46.875,100,100,65.625,100,100,64.0625,100,100,100,100,100,100,78.125,100,62.5,100,68.75,100,100,100,100,82.8125,100,64.0625,96.875,93.75,100,100,100,100,100,71.875,59.375,100,56.25,62.5,71.875,76.5625,100,60.9375,100,100,100,100,100,35.9375,100,100,75,100,64.0625,53.125,100,100,78.125,76.5625,100,100,100,100,100,100,96.875,100,100,100,100,26.5625,96.875,70.3125,79.6875,68.75,85.9375,100,100,100,93.75,90.625,100,46.875,6.25,95.3125,53.125,50,98.4375,100,100,100,60.9375,100,29.6875,100,85.9375,40.625,59.375,50,73.4375,75,98.4375,78.125,92.1875,93.75,39.0625,84.375,60.9375,40.625,82.8125,93.75,34.375,81.25,100,57.8125,100,100,100,100,78.125,100,43.75,68.75,100,100,68.75,59.375,50,46.875,100,46.875,100,100,100,100,100,100,56.25,100,100,87.5,84.375,100,100,67.1875,100,100,100,34.375,100,100,100,93.75,100,100,100,100,100,78.125,89.0625,100,100,100,96.875,100,100,100,98.4375,100,100,68.75,100,100,100,64.0625,75,100,35.9375,89.0625,100,78.125,60.9375,59.375,100,100,67.1875,100,100,100,100,71.875,100,29.6875,76.5625,100,100,93.75,51.5625,70.3125,65.625,68.75,26.5625,100,100,89.0625,39.0625,100,45.3125,84.375,100,100,79.6875,100,100,76.5625,100,28.125,100,100,85.9375,42.1875,65.625,98.4375,100,100,54.6875,100,100,100,57.8125,87.5,56.25,100,39.0625,93.75,100,100,67.1875,100,85.9375,100,89.0625,57.8125,100,100,89.0625,100,100,54.6875,100,56.25,100,100,100,100,96.875,62.5,100,100,43.75,82.8125,100,100,35.9375,100,70.3125,76.5625,79.6875,43.75,100,100,90.625,56.25,100,100,100,82.8125,70.3125,96.875,75,100,68.75,100,76.5625,51.5625,67.1875,100,100,79.6875,100,95.3125,100,98.4375,100,82.8125,100,100,100,26.5625,95.3125,100,100,100,64.0625,53.125,100,68.75,95.3125,78.125,100,60.9375,76.5625,100,35.9375,100,96.875,57.8125,93.75,67.1875,71.875,85.9375,76.5625,100,98.4375,100,100,100,100,73.4375,64.0625,100,100,57.8125,98.4375,89.0625,67.1875,100,100,100,100,100,50,100,28.125,100,78.125,95.3125,87.5,53.125,100,68.75,70.3125,95.3125,100,35.9375,100,90.625,100,71.875,46.875,70.3125,62.5,100,100,53.125,67.1875,92.1875,100,59.375,87.5,100,57.8125,75,100,100,64.0625,100,100,25,100,100,100,100,70.3125,100,26.5625,64.0625,100,100,100,92.1875,100,100,100,92.1875,100,100,100,100,70.3125,65.625,100,90.625,28.125,31.25,100,85.9375,100,100,95.3125,100,100,31.25,100,48.4375,90.625,87.5,70.3125,100,75,18.75,100,100,100,100,100,100,100,100,100,65.625,87.5,20.3125,64.0625,95.3125,64.0625,95.3125,79.6875,60.9375,70.3125,100,100,62.5,84.375,100,71.875,100,78.125,100,100,100,73.4375,100,100,70.3125,39.0625,100,100,81.25,100,81.25,100,90.625,98.4375,100,100,100,23.4375,82.8125,100,100,100,76.5625,100,68.75,100,100,100,78.125,100,100,100,82.8125,100,62.5,100,96.875,100,100,100,96.875,35.9375,84.375,87.5,68.75,90.625,100,100,100,100,67.1875,100,100,84.375,75,100,100,70.3125,100,100,89.0625,100,100,40.625,100,60.9375,100,100,68.75,100,100,37.5,100,100,89.0625,100,85.9375,34.375,85.9375,100,100,21.875,68.75,15.625,100,100,100,100,100,100,100,100,100,87.5,100,64.0625,95.3125,89.0625,90.625,100,85.9375,100,84.375,100,64.0625,82.8125,100,100,75,68.75,100,93.75,100,100,82.8125,57.8125,100,82.8125,100,56.25,82.8125,82.8125,82.8125,100,100,51.5625,100,70.3125,100,100,100,48.4375,100,100,59.375,65.625,100,95.3125,100,60.9375,100,96.875,68.75,78.125,100,100,100,100,100,100,100,100,60.9375,62.5,100,100,48.4375,100,100,100,100,100,89.0625,100,100,59.375,100,96.875,100,70.3125,76.5625,100,100,100,84.375,100,100,82.8125,75,100,96.875,100,100,60.9375,93.75,100,35.9375,51.5625,100,100,68.75,25,100,100,100,100,48.4375,100,92.1875,35.9375,95.3125,100,100,100,100,100,100,100,100,100,100,60.9375,98.4375,60.9375,32.8125,59.375,100,100,100,100,95.3125,79.6875,100,67.1875,32.8125,100,100,84.375,100,89.0625,100,100,100,31.25,100,35.9375,76.5625,100,100,100,100,35.9375,50,100,100,92.1875,89.0625,53.125,100,29.6875,100,100,100,100,64.0625,68.75,100,73.4375,100,100,100,100,100,53.125,84.375,50,89.0625,75,100,75,73.4375,71.875,100,67.1875,62.5,57.8125,100,100,62.5,89.0625,100,76.5625,43.75,100,75,84.375,100,89.0625,100,100,100,92.1875,100,71.875,100,100,100,79.6875,96.875,73.4375,95.3125,87.5,34.375,75,98.4375,53.125,100,100,100,87.5,100,100,60.9375,60.9375,100,100,93.75,100,100,89.0625,100,100,100,100,93.75,68.75,100,100,100,84.375,100,42.1875,89.0625,17.1875,54.6875,35.9375,93.75,89.0625,100,100,48.4375,57.8125,68.75,40.625,45.3125,100,100,76.5625,60.9375,62.5,100,70.3125,89.0625,100,100,90.625,100,50,71.875,85.9375,53.125,100,100,68.75,100,100,100,84.375,85.9375,67.1875,82.8125,90.625,100,100,100,73.4375,37.5,100,100,100,100,42.1875,79.6875,100,100,73.4375,62.5,100,100,100,100,65.625,100,78.125,53.125,53.125,43.75,76.5625,59.375,92.1875,100,100,100,87.5,100,100,100,26.5625,89.0625,100,73.4375,68.75,100,92.1875,85.9375,100,100,100,100,100,100,100,100,100,92.1875,100,76.5625,100,100,100,100,100,92.1875,68.75,100,100,31.25,100,78.125,100,100,87.5,81.25,92.1875,100,100,68.75,68.75,100,100,100,76.5625,89.0625,75,100,100,81.25,100,100,85.9375,73.4375,89.0625,100,93.75,81.25,78.125,100,100,62.5,100,57.8125,100,100,67.1875,100,100,82.8125,35.9375,67.1875,100,79.6875,100,43.75,100,100,100,100,100,100,100,89.0625,70.3125,100,93.75,100,100,100,100,92.1875,100,100,100,93.75,100,65.625,100,89.0625,100,100,100,92.1875,68.75,93.75,100,39.0625,7.8125,40.625,100,15.625,100,100,46.875,92.1875,100,100,100,100,32.8125,100,76.5625,100,100,100,70.3125,100,100,100,100,46.875,87.5,100,100,76.5625,100,100,100,96.875,100,75,100,78.125,71.875,84.375,89.0625,81.25,100,81.25,67.1875,100,100,100,71.875,90.625,100,87.5,76.5625,51.5625,82.8125,29.6875,81.25,85.9375,100,100,70.3125,100,100,100,100,89.0625,26.5625,100,100,92.1875,100,20.3125,87.5,100,96.875,100,100,100,79.6875,100,100,100,100,84.375,100,100,100,100,100,100,100,100,100,100,100,100,57.8125,100,100,93.75,78.125,60.9375,100,100,100,78.125,71.875,100,73.4375,100,67.1875,73.4375,45.3125,100,90.625,100,100,92.1875,100,71.875,100,100,100,76.5625,60.9375,100,40.625,100,100,89.0625,100,28.125,84.375,75,56.25,100,9.375,93.75,100,100,81.25,100,100,90.625,57.8125,100,25,53.125,100,95.3125,73.4375,100,46.875,87.5,100,100,100,95.3125,100,37.5,20.3125,100,100,100,100,100,100,100,100,100,100,89.0625,17.1875,100,48.4375,100,79.6875,82.8125,100,100,56.25,100,84.375,79.6875,68.75,48.4375,100,100,25,100,89.0625,100,100,92.1875,100,82.8125,34.375,100,100,100,43.75,76.5625,100,57.8125,95.3125,100,26.5625,59.375,62.5,98.4375,82.8125,100,100,100,100,100,100,90.625,93.75,100,100,100,85.9375,98.4375,100,100,100,82.8125,100,60.9375,100,31.25,85.9375,100,100,87.5,100,100,82.8125,100,28.125,56.25,100,100,53.125,85.9375,100,100,100,100,70.3125,76.5625,100,78.125,100,43.75,100,64.0625,85.9375,100,100,100,100,87.5,100,62.5,100,100,25,68.75,100,21.875,100,54.6875,100,100,75,100,100,100,45.3125,70.3125,100,100,100,100,90.625,62.5,40.625,28.125,60.9375,82.8125,75,100,62.5,50,92.1875,32.8125,100,70.3125,100,100,100,100,32.8125,65.625,100,95.3125,100,100,76.5625,59.375,100,37.5,100,100,64.0625,100,59.375,76.5625,81.25,100,73.4375,100,100,62.5,100,100,50,81.25,100,53.125,100,100,100,100,95.3125,96.875,48.4375,100,100,84.375,100,70.3125,100,98.4375,100,81.25,100,82.8125,100,100,65.625,100,71.875,21.875,96.875,100,89.0625,43.75,100,54.6875,100,25,35.9375,100,79.6875,57.8125,100,31.25,100,100,100,60.9375,100,100,46.875,100,85.9375,100,100,60.9375,35.9375,100,70.3125,100,100,90.625,100,100,54.6875,31.25,100,100,84.375,60.9375,89.0625,100,40.625,84.375,95.3125,100,67.1875,100,20.3125,100,100,60.9375,98.4375,87.5,100,98.4375,100,45.3125,100,100,100,100,90.625,100,100,100,100,100,21.875,100,59.375,70.3125,100,100,59.375,100,34.375,100,73.4375,87.5,100,67.1875,100,76.5625,84.375,82.8125,100,90.625,100,100,100,100,100,75,31.25,54.6875,100,93.75,100,89.0625,100,98.4375,100,35.9375,100,100,20.3125,100,90.625,90.625,81.25,100,100,85.9375,56.25,100,100,100,100,92.1875,100,76.5625,67.1875,100,100,37.5,85.9375,100,100,100,67.1875,100,100,64.0625,100,100,34.375,87.5,79.6875,75,100,100,65.625,59.375,67.1875,100,90.625,100,100,100,42.1875,100,59.375,100,100,93.75,100,98.4375,43.75,53.125,79.6875,100,100,32.8125,100,98.4375,14.0625,23.4375,64.0625,56.25,100,100,100,76.5625,89.0625,79.6875,100,100,89.0625,78.125,100,100,17.1875,100,100,100,73.4375,100,100,96.875,100,100,53.125,100,100,39.0625,100,100,100,60.9375,81.25,100,100,79.6875,100,87.5,85.9375,100,75,29.6875,45.3125,100,100,57.8125,100,70.3125,100,76.5625,92.1875,70.3125,75,100,100,100,100,100,100,79.6875,35.9375,100,65.625,59.375,35.9375,81.25,100,90.625,100,64.0625,79.6875,100,85.9375,60.9375,96.875,100,100,73.4375,50,100,87.5,85.9375,20.3125,73.4375,73.4375,100,100,50,31.25,60.9375,34.375,84.375,100,100,100,59.375,100,100,67.1875,4.6875,100,85.9375,60.9375,79.6875,78.125,100,90.625,100,100,62.5,96.875,20.3125,62.5,71.875,71.875,39.0625,100,60.9375,100,100,76.5625,100,98.4375,34.375,100,84.375,75,84.375,67.1875,92.1875,100,18.75,100,100,64.0625,100,93.75,79.6875,100,100,46.875,53.125,93.75,100,78.125,100,100,95.3125,57.8125,57.8125,100,100,100,100,93.75,100,100,93.75,76.5625,67.1875,84.375,100,62.5,100,100,82.8125,65.625,100,87.5,98.4375,79.6875,35.9375,100,100,100,100,100,31.25,40.625,48.4375,100,100,48.4375,40.625,59.375,20.3125,100,100,71.875,89.0625,100,98.4375,100,100,68.75,65.625,78.125,100,100,100,90.625,100,45.3125,82.8125,100,81.25,100,85.9375,68.75,50,14.0625,100,71.875,60.9375,100,81.25,67.1875,75,79.6875,100,93.75,54.6875,93.75,100,100,100,79.6875,100,95.3125,82.8125,100,100,23.4375,100,100,90.625,93.75,76.5625,100,90.625,100,100,68.75,82.8125,40.625,65.625,100,100,100,100,100,95.3125,57.8125,42.1875,100,70.3125,100,100,100,100,100,100,18.75,100,100,100,100,100,68.75,100,39.0625,100,51.5625,93.75,100,100,100,100,92.1875,100,64.0625,100,100,92.1875,93.75,85.9375,96.875,100,100,100,70.3125,57.8125,95.3125,98.4375,100,100,31.25,75,100,48.4375,100,100,100,100,100,53.125,29.6875,100,81.25,100,100,98.4375,95.3125,82.8125,59.375,78.125,100,100,78.125,100,25,100,100,75,21.875,70.3125,100,100,100,100,100,67.1875,100,100,82.8125,46.875,100,65.625,76.5625,65.625,100,25,100,100,100,54.6875,100,100,50,100,73.4375,90.625,50,100,100,78.125,81.25,79.6875,100,79.6875,100,40.625,100,100,81.25,64.0625,81.25,100,100,100,98.4375,100,100,81.25,51.5625,100,62.5,54.6875,100,39.0625,78.125,100,100,100,18.75,96.875,100,100,98.4375,100,100,78.125,70.3125,65.625,84.375,59.375,100,100,64.0625,100,100,64.0625,100,100,81.25,100,100,85.9375,100,56.25,71.875,87.5,100,26.5625,78.125,43.75,100,54.6875,87.5,100,73.4375,92.1875,100,100,73.4375,100,84.375,100,70.3125,100,100,100,51.5625,100,100,57.8125,89.0625,75,35.9375,100,100,95.3125,100,100,46.875,100,100,100,100,100,76.5625,37.5,100,100,100,92.1875,100,29.6875,100,37.5,46.875,59.375,100,100,100,100,100,73.4375,100,100,70.3125,100,100,100,100,68.75,100,100,100,100,85.9375,46.875,54.6875,100,100,92.1875,43.75,100,84.375,42.1875,42.1875,100,85.9375,87.5,100,84.375,100,42.1875,100,100,37.5,12.5,100,53.125,100,100,100,75,100,95.3125,100,100,100,100,26.5625,100,100,100,78.125,95.3125,100,100,65.625,93.75,64.0625,51.5625,100,100,84.375,78.125,15.625,100,100,65.625,87.5,100,93.75,100,67.1875,92.1875,87.5,100,92.1875,92.1875,100,100,85.9375,64.0625,100,84.375,100,100,100,96.875,100,100,54.6875,68.75,93.75,89.0625,18.75,48.4375,100,70.3125,100,46.875,78.125,100,100,100,100,100,79.6875,81.25,76.5625,100,89.0625,100,68.75,28.125,95.3125,39.0625,89.0625,100,57.8125,100,50,9.375,81.25,100,68.75,57.8125,100,100,98.4375,100,75,39.0625,100,100,46.875,100,100,62.5,40.625,100,100,67.1875,92.1875,78.125,100,100,76.5625,79.6875,100,100,100,98.4375,37.5,100,73.4375,75,100,98.4375,64.0625,100,100,75,51.5625,100,100,79.6875,100,98.4375,84.375,100,100,100,71.875,100,100,65.625,100,51.5625,100,100,87.5,100,100,76.5625,100,35.9375,60.9375,40.625,82.8125,92.1875,54.6875,100,71.875,95.3125,93.75,93.75,100,62.5,64.0625,48.4375,100,100,100,100,100,79.6875,100,53.125,100,71.875,79.6875,71.875,100,70.3125,68.75,62.5,84.375,98.4375,20.3125,100,79.6875,92.1875,28.125,35.9375,100,59.375,45.3125,100,29.6875,100,48.4375,59.375,100,100,100,78.125,89.0625,81.25,84.375,78.125,100,100,100,60.9375,100,100,90.625,100,92.1875,76.5625,85.9375,100,100,56.25,100,34.375,100,100,50,100,40.625,100,90.625,100,100,54.6875,100,84.375,98.4375,68.75,85.9375,100,100,100,100,73.4375,100,53.125,100,59.375,100,100,100,100,68.75,28.125,100,100,50,68.75,100,100,84.375,100,100,39.0625,100,59.375,100,100,100,85.9375,100,75,100,100,90.625,82.8125,53.125,62.5,51.5625,100,100,100,100,100,84.375,100,70.3125,100,100,84.375,78.125,100,81.25,71.875,100,96.875,100,100,100,92.1875,100,68.75,73.4375,100,26.5625,100,100,100,85.9375,100,20.3125,1.5625,98.4375,32.8125,26.5625,100,78.125,100,100,100,100,100,17.1875,100,84.375,100,100,100,100,100,95.3125,100,79.6875,34.375,35.9375,54.6875,100,53.125,100,100,81.25,76.5625,100,43.75,64.0625,100,100,53.125,100,100,46.875,100,98.4375,73.4375,100,100,53.125,93.75,96.875,68.75,31.25,100,92.1875,100,100,68.75,100,39.0625,100,90.625,67.1875,50,84.375,100,100,75,100,85.9375,100,92.1875,57.8125,100,82.8125,35.9375,98.4375,17.1875,100,100,62.5,100,100,96.875,100,100,100,31.25,67.1875,95.3125,48.4375,68.75,100,100,60.9375,87.5,100,93.75,34.375,65.625,67.1875,100,100,100,92.1875,100,60.9375,42.1875,100,89.0625,100,100,100,100,64.0625,100,54.6875,93.75,100,51.5625,100,54.6875,96.875,98.4375,76.5625,100,100,34.375,100,100,100,100,100,92.1875,100
"6042",87.5,100,34.375,100,100,54.6875,68.75,100,21.875,98.4375,60.9375,100,100,100,68.75,76.5625,96.875,79.6875,100,100,96.875,100,100,100,51.5625,100,100,82.8125,84.375,100,100,100,100,93.75,100,45.3125,67.1875,100,100,93.75,75,64.0625,75,100,100,100,100,100,67.1875,87.5,75,100,100,70.3125,84.375,100,18.75,100,100,45.3125,89.0625,46.875,98.4375,100,100,100,57.8125,100,68.75,100,56.25,62.5,28.125,100,75,81.25,100,100,51.5625,100,76.5625,87.5,82.8125,76.5625,85.9375,100,100,26.5625,100,100,68.75,89.0625,100,46.875,67.1875,90.625,100,54.6875,100,100,76.5625,100,100,92.1875,100,18.75,100,56.25,85.9375,100,57.8125,82.8125,100,100,34.375,100,100,100,100,100,68.75,100,100,100,95.3125,54.6875,100,18.75,100,100,100,100,62.5,100,96.875,59.375,79.6875,78.125,100,100,100,100,46.875,60.9375,100,100,100,34.375,60.9375,79.6875,60.9375,37.5,79.6875,93.75,96.875,96.875,73.4375,100,100,100,100,100,73.4375,100,89.0625,68.75,100,84.375,28.125,100,81.25,70.3125,100,56.25,100,89.0625,84.375,100,100,45.3125,96.875,100,100,75,98.4375,100,29.6875,92.1875,100,87.5,100,100,82.8125,98.4375,96.875,100,100,78.125,100,100,20.3125,100,96.875,100,100,100,100,18.75,75,100,43.75,100,100,96.875,79.6875,78.125,34.375,59.375,43.75,59.375,71.875,75,100,100,100,54.6875,100,100,100,100,79.6875,82.8125,100,100,100,100,84.375,60.9375,89.0625,100,100,100,100,70.3125,100,32.8125,100,87.5,100,53.125,100,76.5625,45.3125,93.75,92.1875,57.8125,100,59.375,100,100,100,98.4375,35.9375,98.4375,43.75,100,100,100,100,100,59.375,62.5,100,100,100,20.3125,35.9375,100,68.75,100,90.625,100,53.125,100,100,100,29.6875,98.4375,81.25,90.625,79.6875,100,37.5,53.125,100,100,100,93.75,73.4375,75,35.9375,100,70.3125,76.5625,100,81.25,92.1875,64.0625,92.1875,100,100,100,29.6875,100,79.6875,93.75,100,100,60.9375,43.75,90.625,100,50,100,46.875,59.375,100,67.1875,100,100,85.9375,100,76.5625,84.375,100,40.625,84.375,85.9375,93.75,100,100,81.25,50,100,71.875,68.75,40.625,100,100,70.3125,100,70.3125,100,92.1875,65.625,100,100,70.3125,60.9375,79.6875,95.3125,95.3125,100,100,82.8125,53.125,100,79.6875,98.4375,100,100,100,85.9375,81.25,89.0625,100,90.625,100,65.625,100,78.125,100,100,100,100,78.125,100,100,60.9375,93.75,100,73.4375,100,100,100,75,100,70.3125,100,15.625,100,100,100,100,100,59.375,59.375,79.6875,79.6875,87.5,70.3125,92.1875,87.5,82.8125,100,87.5,31.25,59.375,100,75,67.1875,100,100,100,100,35.9375,37.5,100,98.4375,100,82.8125,100,62.5,100,71.875,64.0625,60.9375,100,100,100,100,93.75,87.5,76.5625,76.5625,100,100,59.375,79.6875,93.75,95.3125,100,100,100,84.375,67.1875,100,73.4375,100,100,76.5625,73.4375,67.1875,100,100,56.25,100,90.625,100,100,75,34.375,62.5,100,100,89.0625,100,100,100,100,100,100,79.6875,64.0625,82.8125,100,53.125,100,68.75,62.5,100,78.125,79.6875,35.9375,37.5,100,100,100,70.3125,100,79.6875,100,100,100,84.375,57.8125,71.875,82.8125,100,100,64.0625,78.125,68.75,100,100,100,100,100,100,100,100,100,100,56.25,40.625,96.875,100,87.5,46.875,100,51.5625,100,92.1875,100,84.375,71.875,100,82.8125,79.6875,100,84.375,68.75,100,35.9375,46.875,15.625,82.8125,93.75,100,70.3125,100,100,100,100,98.4375,60.9375,100,100,73.4375,100,100,71.875,100,100,100,35.9375,28.125,73.4375,100,100,78.125,100,90.625,92.1875,43.75,70.3125,100,67.1875,100,100,65.625,100,100,100,100,100,100,71.875,100,62.5,100,57.8125,100,100,100,100,82.8125,100,60.9375,100,64.0625,100,100,75,100,100,75,54.6875,100,56.25,100,100,78.125,100,71.875,100,100,76.5625,100,100,35.9375,100,100,81.25,100,62.5,20.3125,60.9375,100,65.625,78.125,100,100,100,100,100,100,100,100,100,100,100,26.5625,46.875,64.0625,78.125,81.25,90.625,100,100,100,92.1875,90.625,100,45.3125,10.9375,100,62.5,50,93.75,100,100,100,100,100,31.25,100,87.5,43.75,59.375,50,73.4375,76.5625,98.4375,78.125,100,90.625,100,84.375,53.125,40.625,75,93.75,37.5,98.4375,100,89.0625,100,100,100,100,75,100,45.3125,68.75,100,100,70.3125,54.6875,45.3125,46.875,100,46.875,100,100,100,100,100,100,64.0625,100,93.75,90.625,84.375,100,100,68.75,32.8125,100,100,34.375,100,100,100,81.25,100,85.9375,100,100,100,78.125,70.3125,100,31.25,100,100,100,100,100,98.4375,100,100,68.75,100,84.375,100,64.0625,100,100,35.9375,87.5,100,68.75,60.9375,59.375,95.3125,100,68.75,100,100,100,100,67.1875,32.8125,31.25,89.0625,100,100,100,48.4375,79.6875,68.75,76.5625,7.8125,100,90.625,65.625,42.1875,100,48.4375,84.375,100,100,73.4375,100,100,76.5625,100,96.875,85.9375,93.75,87.5,39.0625,67.1875,76.5625,100,68.75,67.1875,100,100,100,56.25,89.0625,100,100,37.5,92.1875,100,100,78.125,100,82.8125,100,89.0625,62.5,100,79.6875,89.0625,100,100,60.9375,82.8125,51.5625,100,100,100,100,96.875,62.5,100,100,79.6875,89.0625,100,100,43.75,100,70.3125,81.25,79.6875,42.1875,100,100,100,56.25,100,100,98.4375,82.8125,68.75,100,98.4375,100,68.75,100,76.5625,40.625,93.75,100,100,76.5625,100,95.3125,100,92.1875,100,100,100,100,100,31.25,96.875,100,100,100,65.625,48.4375,100,67.1875,96.875,71.875,100,57.8125,78.125,100,21.875,100,100,51.5625,65.625,62.5,100,85.9375,76.5625,70.3125,100,100,59.375,100,100,71.875,60.9375,100,100,45.3125,98.4375,100,62.5,100,100,100,100,100,51.5625,100,21.875,100,78.125,100,100,54.6875,100,60.9375,65.625,93.75,100,35.9375,100,84.375,100,76.5625,23.4375,70.3125,67.1875,81.25,100,56.25,65.625,89.0625,100,100,81.25,100,100,87.5,100,100,59.375,95.3125,95.3125,25,68.75,100,100,100,70.3125,100,100,76.5625,100,100,100,93.75,100,100,100,100,100,100,100,100,65.625,65.625,100,89.0625,28.125,20.3125,100,87.5,100,100,71.875,85.9375,100,29.6875,100,45.3125,87.5,70.3125,70.3125,100,68.75,84.375,100,100,100,93.75,100,100,100,100,100,59.375,85.9375,100,100,98.4375,68.75,95.3125,68.75,57.8125,54.6875,62.5,100,76.5625,84.375,100,56.25,100,81.25,100,100,100,84.375,100,100,82.8125,39.0625,56.25,100,84.375,100,71.875,100,95.3125,85.9375,100,100,100,100,82.8125,100,100,100,76.5625,73.4375,70.3125,100,100,100,100,100,100,100,89.0625,100,57.8125,75,100,100,100,100,100,9.375,87.5,87.5,79.6875,90.625,100,100,100,100,67.1875,76.5625,100,82.8125,26.5625,68.75,100,68.75,100,100,81.25,89.0625,100,40.625,100,76.5625,100,100,68.75,100,100,37.5,100,100,82.8125,76.5625,100,34.375,78.125,100,100,45.3125,76.5625,15.625,100,100,100,78.125,100,100,100,100,100,100,92.1875,64.0625,53.125,89.0625,89.0625,100,87.5,100,82.8125,100,100,79.6875,100,100,75,68.75,100,95.3125,100,100,82.8125,59.375,100,70.3125,100,51.5625,100,100,100,100,100,45.3125,100,79.6875,100,100,100,56.25,100,71.875,56.25,65.625,100,95.3125,100,89.0625,100,98.4375,70.3125,75,95.3125,87.5,100,100,100,100,57.8125,100,59.375,59.375,100,100,79.6875,100,100,100,93.75,100,100,100,100,57.8125,100,96.875,100,65.625,76.5625,100,100,100,87.5,100,100,79.6875,71.875,100,87.5,100,100,85.9375,95.3125,100,46.875,51.5625,100,100,68.75,90.625,100,100,100,100,51.5625,100,100,37.5,95.3125,100,100,100,100,100,100,100,100,100,100,68.75,100,59.375,67.1875,67.1875,100,79.6875,100,15.625,95.3125,81.25,100,70.3125,32.8125,100,100,84.375,100,98.4375,100,100,100,31.25,100,35.9375,73.4375,100,100,100,100,37.5,54.6875,100,100,93.75,89.0625,50,100,31.25,100,100,43.75,100,60.9375,68.75,100,73.4375,100,100,28.125,100,100,39.0625,82.8125,53.125,87.5,76.5625,100,81.25,75,84.375,92.1875,67.1875,60.9375,56.25,100,100,62.5,93.75,100,73.4375,37.5,100,45.3125,84.375,100,85.9375,100,100,100,92.1875,100,73.4375,100,100,100,81.25,100,82.8125,98.4375,85.9375,78.125,100,100,60.9375,100,100,100,67.1875,100,100,73.4375,60.9375,100,82.8125,78.125,100,100,89.0625,100,100,100,100,84.375,51.5625,100,100,100,68.75,100,43.75,93.75,100,53.125,29.6875,90.625,89.0625,100,100,57.8125,60.9375,71.875,40.625,56.25,100,100,76.5625,60.9375,60.9375,100,71.875,89.0625,96.875,100,90.625,100,51.5625,73.4375,62.5,51.5625,79.6875,100,67.1875,100,100,100,84.375,23.4375,93.75,100,93.75,100,100,100,73.4375,37.5,100,100,100,100,100,84.375,100,100,64.0625,62.5,100,100,100,100,100,100,78.125,48.4375,56.25,50,76.5625,51.5625,93.75,54.6875,100,100,87.5,100,100,100,26.5625,87.5,100,71.875,70.3125,98.4375,90.625,50,100,100,100,100,100,100,73.4375,100,100,92.1875,100,75,100,100,100,100,100,92.1875,100,100,100,100,100,82.8125,100,100,84.375,90.625,82.8125,100,100,68.75,70.3125,100,90.625,100,76.5625,87.5,71.875,100,100,78.125,100,100,100,31.25,90.625,100,87.5,81.25,76.5625,100,100,100,100,100,100,21.875,100,100,100,81.25,35.9375,65.625,100,87.5,100,100,100,100,100,100,100,100,100,89.0625,85.9375,100,90.625,100,100,100,100,92.1875,100,100,100,93.75,100,56.25,100,89.0625,93.75,98.4375,100,95.3125,70.3125,82.8125,95.3125,37.5,7.8125,40.625,100,100,100,100,50,79.6875,100,100,100,76.5625,32.8125,35.9375,76.5625,100,100,100,85.9375,100,100,100,100,40.625,90.625,100,100,81.25,93.75,100,100,96.875,100,75,100,65.625,51.5625,76.5625,100,18.75,100,81.25,70.3125,100,92.1875,100,100,90.625,100,87.5,75,54.6875,68.75,28.125,100,87.5,100,100,68.75,79.6875,100,100,100,100,28.125,92.1875,100,89.0625,100,21.875,89.0625,100,92.1875,100,100,100,100,100,100,100,100,82.8125,75,100,100,100,100,100,95.3125,100,98.4375,100,100,100,45.3125,100,100,93.75,82.8125,56.25,100,89.0625,100,29.6875,71.875,54.6875,67.1875,100,100,71.875,35.9375,100,82.8125,70.3125,100,92.1875,100,100,100,100,100,70.3125,54.6875,100,87.5,100,100,85.9375,100,26.5625,76.5625,87.5,54.6875,100,100,85.9375,100,100,100,100,100,85.9375,56.25,100,25,53.125,100,95.3125,78.125,100,48.4375,85.9375,100,100,100,95.3125,100,39.0625,20.3125,100,100,100,100,85.9375,100,100,100,100,100,100,54.6875,100,100,100,82.8125,100,100,100,100,100,87.5,85.9375,68.75,51.5625,100,100,100,90.625,85.9375,100,100,100,100,79.6875,34.375,100,100,100,100,75,100,64.0625,100,100,26.5625,59.375,62.5,79.6875,84.375,100,100,100,98.4375,100,76.5625,90.625,100,100,100,100,81.25,98.4375,100,100,100,89.0625,100,60.9375,100,25,84.375,100,100,100,100,100,89.0625,100,29.6875,53.125,85.9375,100,87.5,89.0625,100,100,100,100,70.3125,75,100,82.8125,100,39.0625,100,75,79.6875,100,100,100,71.875,90.625,100,43.75,100,100,25,68.75,100,20.3125,100,50,100,15.625,75,100,100,100,68.75,95.3125,96.875,100,100,100,95.3125,62.5,100,78.125,65.625,82.8125,73.4375,100,59.375,51.5625,92.1875,37.5,100,73.4375,100,100,100,100,23.4375,70.3125,100,100,100,100,79.6875,100,100,35.9375,100,100,65.625,100,57.8125,68.75,84.375,100,73.4375,95.3125,53.125,62.5,100,100,50,79.6875,100,56.25,100,100,100,100,95.3125,98.4375,45.3125,100,100,82.8125,100,90.625,100,100,100,82.8125,100,82.8125,84.375,100,90.625,93.75,62.5,23.4375,89.0625,100,85.9375,39.0625,100,60.9375,100,40.625,35.9375,100,79.6875,78.125,100,31.25,84.375,100,100,56.25,65.625,98.4375,100,100,87.5,100,93.75,70.3125,35.9375,100,68.75,100,100,90.625,73.4375,100,54.6875,35.9375,35.9375,100,65.625,60.9375,89.0625,100,18.75,84.375,95.3125,98.4375,67.1875,100,34.375,100,100,60.9375,100,100,100,100,73.4375,42.1875,100,100,100,100,100,100,100,81.25,100,100,100,100,56.25,59.375,100,100,70.3125,95.3125,35.9375,100,100,84.375,100,68.75,100,78.125,84.375,82.8125,100,89.0625,100,100,100,50,100,84.375,28.125,53.125,100,100,100,92.1875,100,96.875,100,34.375,89.0625,100,25,100,90.625,85.9375,100,100,100,81.25,56.25,100,100,100,100,84.375,100,76.5625,67.1875,100,100,31.25,92.1875,100,100,100,67.1875,29.6875,100,62.5,100,100,32.8125,85.9375,79.6875,100,100,64.0625,57.8125,59.375,65.625,100,100,100,100,82.8125,32.8125,100,60.9375,100,100,93.75,100,89.0625,43.75,54.6875,95.3125,100,95.3125,32.8125,100,34.375,12.5,25,17.1875,9.375,100,100,100,73.4375,90.625,87.5,100,100,87.5,100,100,100,87.5,100,100,100,71.875,100,100,93.75,100,100,64.0625,100,100,100,100,100,100,95.3125,81.25,100,100,82.8125,100,100,100,100,81.25,100,43.75,100,100,59.375,100,70.3125,89.0625,76.5625,84.375,70.3125,75,100,100,100,100,100,85.9375,78.125,35.9375,100,65.625,60.9375,70.3125,64.0625,100,85.9375,100,56.25,79.6875,100,87.5,62.5,100,100,100,71.875,50,100,90.625,100,20.3125,73.4375,100,100,100,90.625,34.375,59.375,32.8125,98.4375,100,100,100,59.375,100,100,67.1875,4.6875,100,85.9375,64.0625,76.5625,73.4375,100,90.625,100,100,76.5625,96.875,21.875,59.375,100,71.875,39.0625,100,59.375,100,100,56.25,100,100,34.375,100,84.375,75,87.5,67.1875,85.9375,100,18.75,100,100,68.75,100,92.1875,82.8125,100,100,21.875,48.4375,90.625,100,85.9375,100,100,98.4375,54.6875,57.8125,100,100,100,17.1875,96.875,100,100,100,75,65.625,70.3125,100,62.5,100,98.4375,71.875,73.4375,100,100,95.3125,90.625,32.8125,100,100,100,100,100,100,26.5625,50,100,100,37.5,40.625,93.75,32.8125,100,82.8125,67.1875,89.0625,100,96.875,100,100,65.625,18.75,75,79.6875,53.125,100,84.375,100,100,95.3125,100,100,100,87.5,68.75,43.75,10.9375,100,71.875,60.9375,100,81.25,57.8125,70.3125,89.0625,100,93.75,54.6875,92.1875,100,100,92.1875,40.625,100,100,90.625,100,100,100,100,100,79.6875,93.75,100,100,96.875,100,100,75,71.875,40.625,65.625,100,100,100,100,100,98.4375,65.625,42.1875,81.25,78.125,100,100,79.6875,100,100,100,65.625,76.5625,100,100,100,100,85.9375,100,39.0625,100,48.4375,100,100,100,100,100,87.5,92.1875,84.375,100,100,92.1875,90.625,82.8125,87.5,100,100,100,64.0625,54.6875,85.9375,98.4375,100,100,31.25,78.125,100,100,100,100,100,100,100,57.8125,29.6875,100,85.9375,48.4375,100,100,87.5,93.75,60.9375,59.375,100,100,82.8125,100,100,100,76.5625,70.3125,21.875,82.8125,100,100,100,100,100,51.5625,100,100,100,100,100,67.1875,60.9375,64.0625,100,25,100,100,42.1875,54.6875,100,100,56.25,100,73.4375,93.75,100,100,100,78.125,78.125,76.5625,100,79.6875,100,40.625,100,100,78.125,65.625,81.25,100,100,100,98.4375,100,100,84.375,64.0625,100,60.9375,54.6875,100,100,76.5625,100,100,100,59.375,100,100,100,100,100,100,100,68.75,71.875,67.1875,60.9375,100,100,65.625,100,100,64.0625,100,100,84.375,100,100,84.375,100,56.25,71.875,53.125,100,26.5625,76.5625,51.5625,100,53.125,81.25,100,76.5625,92.1875,100,100,76.5625,100,89.0625,100,68.75,100,100,65.625,46.875,50,100,48.4375,87.5,29.6875,100,81.25,100,90.625,100,100,45.3125,100,95.3125,100,100,100,76.5625,35.9375,100,100,100,92.1875,100,29.6875,100,100,51.5625,59.375,100,100,100,100,100,78.125,100,100,56.25,100,100,81.25,100,67.1875,100,100,100,100,96.875,100,54.6875,96.875,100,100,45.3125,100,87.5,100,32.8125,100,84.375,87.5,89.0625,90.625,100,42.1875,100,100,39.0625,10.9375,100,67.1875,100,100,78.125,75,100,67.1875,100,100,100,100,26.5625,100,100,95.3125,76.5625,93.75,100,100,64.0625,93.75,64.0625,51.5625,100,100,100,100,32.8125,100,100,62.5,87.5,100,92.1875,56.25,76.5625,92.1875,96.875,98.4375,89.0625,93.75,84.375,100,87.5,64.0625,100,84.375,100,100,100,96.875,100,100,59.375,68.75,71.875,87.5,26.5625,45.3125,100,100,100,48.4375,71.875,100,100,100,100,82.8125,79.6875,81.25,79.6875,32.8125,100,100,65.625,70.3125,100,68.75,48.4375,71.875,60.9375,100,100,9.375,79.6875,100,73.4375,54.6875,100,100,100,100,75,46.875,100,100,45.3125,100,100,65.625,43.75,100,100,57.8125,90.625,76.5625,100,100,78.125,75,100,100,93.75,100,39.0625,100,73.4375,45.3125,100,100,65.625,54.6875,100,71.875,79.6875,100,100,100,100,100,85.9375,100,100,100,100,100,100,67.1875,100,84.375,100,96.875,85.9375,100,100,76.5625,87.5,37.5,75,53.125,76.5625,92.1875,68.75,100,93.75,79.6875,89.0625,100,100,60.9375,56.25,48.4375,100,100,100,100,100,71.875,95.3125,46.875,100,82.8125,84.375,71.875,100,81.25,67.1875,82.8125,70.3125,84.375,18.75,100,65.625,100,29.6875,40.625,100,31.25,100,100,26.5625,82.8125,84.375,59.375,85.9375,100,100,82.8125,100,81.25,87.5,81.25,54.6875,98.4375,100,62.5,100,100,90.625,100,96.875,100,85.9375,100,100,56.25,100,40.625,100,100,51.5625,100,42.1875,95.3125,85.9375,48.4375,64.0625,51.5625,35.9375,84.375,100,70.3125,85.9375,100,100,100,100,81.25,96.875,53.125,100,59.375,100,85.9375,100,73.4375,70.3125,31.25,100,100,50,68.75,100,100,100,100,100,39.0625,100,57.8125,100,100,100,84.375,100,71.875,100,100,95.3125,76.5625,60.9375,59.375,51.5625,100,40.625,42.1875,31.25,100,100,100,98.4375,100,100,54.6875,100,100,81.25,70.3125,100,100,100,100,100,100,100,64.0625,100,100,26.5625,42.1875,100,35.9375,100,100,32.8125,1.5625,100,37.5,28.125,100,81.25,100,100,100,100,100,54.6875,85.9375,84.375,100,100,100,100,100,100,100,100,32.8125,35.9375,57.8125,100,54.6875,100,100,84.375,76.5625,100,48.4375,64.0625,100,100,54.6875,100,100,48.4375,100,98.4375,75,100,100,100,93.75,96.875,89.0625,26.5625,95.3125,75,100,42.1875,62.5,100,39.0625,100,68.75,100,51.5625,92.1875,100,100,73.4375,100,81.25,100,100,57.8125,100,79.6875,42.1875,100,78.125,85.9375,100,100,100,100,96.875,100,100,100,31.25,71.875,95.3125,46.875,65.625,100,100,57.8125,78.125,96.875,84.375,34.375,67.1875,62.5,100,100,100,76.5625,100,59.375,42.1875,9.375,67.1875,100,100,100,59.375,64.0625,93.75,54.6875,100,100,53.125,100,57.8125,100,54.6875,89.0625,100,100,64.0625,60.9375,100,85.9375,100,100,98.4375,100
"6043",89.0625,100,43.75,100,100,70.3125,67.1875,95.3125,21.875,96.875,53.125,100,100,100,76.5625,71.875,87.5,82.8125,100,100,96.875,100,100,100,37.5,100,100,84.375,81.25,100,100,100,100,87.5,100,98.4375,48.4375,100,100,90.625,85.9375,65.625,85.9375,100,100,100,92.1875,100,59.375,87.5,75,100,100,71.875,82.8125,100,15.625,100,100,39.0625,89.0625,65.625,98.4375,100,100,100,57.8125,100,79.6875,100,57.8125,60.9375,100,100,75,78.125,100,43.75,51.5625,100,78.125,100,85.9375,76.5625,95.3125,100,100,21.875,100,100,56.25,84.375,100,46.875,84.375,92.1875,100,57.8125,100,100,71.875,100,100,90.625,100,25,100,70.3125,85.9375,100,75,73.4375,100,100,34.375,100,100,100,100,100,62.5,100,100,76.5625,100,54.6875,100,18.75,100,100,100,100,57.8125,100,87.5,59.375,56.25,79.6875,100,100,100,100,45.3125,48.4375,100,100,92.1875,100,59.375,79.6875,54.6875,39.0625,78.125,90.625,96.875,100,76.5625,100,100,6.25,100,100,76.5625,100,82.8125,67.1875,28.125,84.375,35.9375,100,84.375,73.4375,100,48.4375,100,84.375,87.5,100,100,100,100,100,100,73.4375,100,100,28.125,34.375,100,87.5,100,100,78.125,100,100,100,96.875,76.5625,100,100,20.3125,100,96.875,100,100,100,100,100,75,100,34.375,100,100,100,78.125,78.125,45.3125,50,100,53.125,57.8125,70.3125,100,98.4375,100,53.125,73.4375,100,62.5,100,70.3125,81.25,56.25,100,100,100,82.8125,60.9375,92.1875,100,100,100,100,70.3125,100,34.375,100,92.1875,100,50,100,57.8125,40.625,100,100,54.6875,100,59.375,100,100,100,98.4375,37.5,84.375,65.625,87.5,100,100,100,100,60.9375,53.125,100,100,84.375,20.3125,37.5,100,68.75,50,92.1875,100,70.3125,100,100,100,29.6875,100,73.4375,93.75,79.6875,100,35.9375,54.6875,100,100,100,90.625,68.75,75,34.375,100,68.75,71.875,100,81.25,81.25,60.9375,92.1875,68.75,100,98.4375,29.6875,100,59.375,95.3125,100,100,62.5,50,87.5,67.1875,50,100,68.75,71.875,100,65.625,100,76.5625,85.9375,100,76.5625,90.625,96.875,40.625,100,87.5,96.875,100,100,79.6875,51.5625,100,67.1875,68.75,40.625,100,100,75,100,78.125,100,79.6875,70.3125,100,95.3125,65.625,51.5625,75,87.5,81.25,100,100,71.875,43.75,100,79.6875,98.4375,100,98.4375,100,90.625,79.6875,100,100,89.0625,100,100,96.875,87.5,93.75,79.6875,100,100,100,100,100,57.8125,93.75,100,79.6875,100,50,100,78.125,100,46.875,95.3125,12.5,100,100,100,100,100,42.1875,53.125,79.6875,73.4375,71.875,70.3125,100,100,90.625,100,89.0625,32.8125,51.5625,100,76.5625,59.375,100,100,100,100,60.9375,40.625,100,100,100,82.8125,100,100,20.3125,70.3125,84.375,48.4375,100,100,100,100,90.625,90.625,78.125,89.0625,100,100,82.8125,87.5,93.75,93.75,100,100,95.3125,82.8125,71.875,100,82.8125,100,100,71.875,64.0625,79.6875,95.3125,100,56.25,100,100,100,78.125,50,37.5,100,100,100,89.0625,100,92.1875,100,100,100,100,100,65.625,82.8125,100,57.8125,100,70.3125,65.625,100,76.5625,79.6875,28.125,37.5,100,100,34.375,67.1875,78.125,75,100,100,100,85.9375,67.1875,95.3125,84.375,100,100,64.0625,78.125,68.75,100,100,100,100,100,100,100,100,70.3125,75,57.8125,43.75,92.1875,100,93.75,46.875,100,51.5625,100,98.4375,100,84.375,70.3125,100,82.8125,82.8125,98.4375,78.125,68.75,100,35.9375,48.4375,100,85.9375,93.75,100,70.3125,82.8125,100,100,100,100,50,65.625,100,76.5625,95.3125,100,71.875,100,100,100,100,62.5,100,100,100,78.125,100,92.1875,100,50,75,100,64.0625,100,100,67.1875,100,98.4375,100,76.5625,100,100,75,100,62.5,100,65.625,100,100,100,100,100,100,59.375,95.3125,100,92.1875,100,81.25,100,15.625,65.625,21.875,98.4375,56.25,84.375,100,78.125,100,78.125,100,100,79.6875,100,100,35.9375,100,100,87.5,100,54.6875,62.5,98.4375,100,78.125,76.5625,100,100,100,100,100,100,82.8125,100,90.625,100,100,26.5625,98.4375,70.3125,53.125,68.75,85.9375,100,100,100,90.625,90.625,100,46.875,6.25,76.5625,57.8125,50,100,100,100,100,100,100,35.9375,100,87.5,53.125,59.375,67.1875,73.4375,76.5625,98.4375,76.5625,98.4375,90.625,42.1875,84.375,56.25,40.625,75,93.75,35.9375,76.5625,100,84.375,100,100,100,100,59.375,100,45.3125,68.75,100,100,70.3125,56.25,65.625,46.875,100,45.3125,100,100,100,100,100,100,64.0625,100,70.3125,89.0625,82.8125,100,100,70.3125,84.375,100,100,37.5,100,100,100,84.375,100,100,100,100,100,76.5625,67.1875,100,100,100,98.4375,100,100,100,96.875,100,100,70.3125,100,100,62.5,32.8125,100,100,35.9375,89.0625,100,64.0625,64.0625,67.1875,95.3125,100,68.75,100,100,100,100,71.875,79.6875,31.25,84.375,100,100,98.4375,48.4375,76.5625,70.3125,73.4375,9.375,100,100,25,40.625,100,48.4375,84.375,100,100,87.5,100,100,84.375,100,100,90.625,100,53.125,48.4375,65.625,100,100,70.3125,60.9375,100,100,100,56.25,81.25,100,100,32.8125,98.4375,100,100,75,100,84.375,100,89.0625,65.625,100,82.8125,90.625,100,100,50,78.125,85.9375,84.375,95.3125,100,100,96.875,62.5,100,100,82.8125,79.6875,100,100,43.75,100,70.3125,78.125,81.25,43.75,100,100,100,51.5625,100,100,89.0625,84.375,70.3125,100,73.4375,100,68.75,100,76.5625,21.875,64.0625,100,100,87.5,100,90.625,100,92.1875,100,84.375,100,100,100,29.6875,98.4375,100,100,100,67.1875,50,100,68.75,93.75,78.125,89.0625,57.8125,76.5625,100,23.4375,100,100,56.25,100,59.375,71.875,85.9375,76.5625,100,100,100,59.375,100,57.8125,71.875,51.5625,100,100,53.125,98.4375,76.5625,57.8125,100,100,100,100,100,57.8125,100,20.3125,100,78.125,90.625,100,57.8125,100,64.0625,60.9375,90.625,100,35.9375,100,84.375,89.0625,96.875,100,70.3125,59.375,93.75,100,56.25,73.4375,81.25,100,64.0625,81.25,84.375,100,81.25,100,100,64.0625,85.9375,100,25,71.875,100,100,100,71.875,100,100,70.3125,100,100,100,92.1875,100,100,100,100,100,100,100,100,70.3125,70.3125,100,92.1875,28.125,21.875,100,84.375,100,100,100,85.9375,100,31.25,100,45.3125,100,75,70.3125,100,50,85.9375,100,100,100,100,100,100,100,100,100,60.9375,87.5,32.8125,100,96.875,62.5,93.75,39.0625,64.0625,28.125,100,100,92.1875,84.375,100,56.25,100,71.875,100,46.875,100,54.6875,100,100,82.8125,39.0625,100,100,87.5,100,53.125,100,93.75,98.4375,60.9375,100,100,100,81.25,100,100,71.875,76.5625,62.5,67.1875,100,100,35.9375,100,100,100,100,75,100,68.75,100,98.4375,100,100,100,100,9.375,100,85.9375,81.25,90.625,100,100,100,100,67.1875,96.875,100,79.6875,34.375,100,100,73.4375,100,100,81.25,98.4375,100,35.9375,100,67.1875,100,100,67.1875,100,100,39.0625,100,100,82.8125,82.8125,96.875,34.375,79.6875,100,100,100,68.75,15.625,100,100,100,76.5625,100,100,100,100,95.3125,100,87.5,65.625,100,92.1875,92.1875,100,87.5,100,87.5,100,100,100,100,100,75,62.5,100,93.75,100,100,82.8125,57.8125,100,82.8125,100,54.6875,100,100,100,100,100,56.25,87.5,71.875,100,100,100,100,100,79.6875,56.25,65.625,100,93.75,100,87.5,100,95.3125,65.625,76.5625,95.3125,89.0625,100,100,100,100,100,100,64.0625,54.6875,100,100,100,100,100,100,82.8125,100,90.625,100,98.4375,60.9375,100,98.4375,100,79.6875,76.5625,100,100,100,85.9375,95.3125,100,85.9375,73.4375,100,81.25,100,100,84.375,96.875,100,43.75,51.5625,100,100,68.75,84.375,100,100,100,100,50,100,90.625,39.0625,92.1875,100,100,100,100,100,100,100,100,100,100,71.875,100,60.9375,75,76.5625,100,35.9375,98.4375,100,95.3125,79.6875,100,65.625,32.8125,100,51.5625,89.0625,100,82.8125,100,100,100,32.8125,100,43.75,68.75,100,100,100,100,35.9375,70.3125,100,100,85.9375,89.0625,51.5625,100,31.25,100,100,100,100,60.9375,68.75,100,73.4375,100,100,100,100,100,54.6875,79.6875,50,89.0625,73.4375,100,100,81.25,70.3125,90.625,67.1875,60.9375,53.125,100,95.3125,65.625,85.9375,100,75,37.5,100,40.625,87.5,100,89.0625,100,100,100,87.5,100,73.4375,100,100,100,89.0625,100,95.3125,100,85.9375,79.6875,100,100,57.8125,100,96.875,81.25,89.0625,100,100,60.9375,60.9375,100,17.1875,76.5625,100,100,89.0625,100,100,100,100,90.625,53.125,100,100,100,68.75,100,43.75,100,100,60.9375,34.375,92.1875,89.0625,100,100,67.1875,68.75,76.5625,40.625,43.75,85.9375,100,76.5625,60.9375,60.9375,100,60.9375,90.625,95.3125,100,90.625,100,50,56.25,81.25,95.3125,100,100,82.8125,100,100,100,84.375,50,70.3125,89.0625,29.6875,100,100,100,73.4375,39.0625,100,100,100,82.8125,100,85.9375,100,100,70.3125,62.5,100,96.875,100,100,100,100,39.0625,45.3125,51.5625,50,76.5625,60.9375,95.3125,100,100,100,87.5,100,100,81.25,31.25,85.9375,100,71.875,70.3125,100,98.4375,51.5625,100,100,100,100,100,100,90.625,100,90.625,92.1875,100,68.75,100,100,100,100,100,93.75,100,100,100,65.625,100,100,100,100,82.8125,96.875,71.875,100,100,70.3125,68.75,100,98.4375,100,76.5625,70.3125,73.4375,100,98.4375,78.125,100,100,81.25,37.5,100,93.75,92.1875,68.75,75,100,100,71.875,100,100,100,100,100,100,100,79.6875,35.9375,64.0625,100,84.375,100,100,100,100,100,100,100,100,100,95.3125,95.3125,100,76.5625,100,100,100,100,93.75,100,100,100,95.3125,100,60.9375,100,92.1875,100,79.6875,100,95.3125,67.1875,100,100,39.0625,7.8125,43.75,100,100,100,100,65.625,84.375,100,100,100,65.625,37.5,100,76.5625,100,100,100,100,100,100,100,81.25,42.1875,100,100,100,78.125,96.875,100,100,95.3125,100,75,100,67.1875,48.4375,68.75,100,45.3125,100,81.25,70.3125,100,87.5,100,100,89.0625,100,87.5,78.125,56.25,65.625,28.125,100,85.9375,100,100,73.4375,100,100,100,100,93.75,31.25,100,100,100,100,20.3125,87.5,100,90.625,100,100,100,100,100,100,100,100,84.375,100,100,100,76.5625,81.25,100,100,100,100,100,92.1875,100,59.375,100,59.375,93.75,81.25,67.1875,90.625,100,100,87.5,71.875,54.6875,73.4375,100,100,84.375,37.5,100,90.625,68.75,100,90.625,100,51.5625,100,100,100,70.3125,54.6875,100,62.5,100,100,87.5,100,26.5625,84.375,79.6875,64.0625,100,100,87.5,100,100,78.125,100,87.5,87.5,56.25,100,25,46.875,100,95.3125,79.6875,100,67.1875,87.5,100,100,100,95.3125,100,39.0625,23.4375,100,100,100,100,100,100,100,100,100,100,95.3125,59.375,100,100,100,79.6875,95.3125,100,98.4375,100,100,84.375,95.3125,65.625,51.5625,100,100,100,65.625,96.875,100,100,31.25,100,84.375,34.375,100,100,100,68.75,76.5625,100,60.9375,100,100,26.5625,59.375,62.5,98.4375,82.8125,100,100,100,100,100,98.4375,81.25,100,100,100,100,90.625,100,100,100,100,56.25,100,54.6875,100,29.6875,84.375,100,100,100,100,100,84.375,87.5,28.125,53.125,90.625,100,54.6875,89.0625,100,100,100,100,54.6875,76.5625,100,82.8125,100,35.9375,100,68.75,84.375,100,100,100,78.125,89.0625,100,62.5,100,100,25,68.75,100,26.5625,100,53.125,100,100,75,100,100,100,39.0625,70.3125,87.5,100,100,100,85.9375,9.375,100,40.625,64.0625,78.125,75,100,65.625,84.375,92.1875,39.0625,100,100,100,100,100,100,23.4375,82.8125,96.875,98.4375,100,76.5625,81.25,100,100,100,100,100,65.625,100,62.5,85.9375,98.4375,100,75,96.875,39.0625,56.25,100,100,48.4375,81.25,100,50,100,100,100,100,95.3125,92.1875,46.875,100,100,87.5,100,93.75,100,95.3125,100,81.25,100,82.8125,100,100,76.5625,100,100,28.125,93.75,92.1875,90.625,32.8125,100,54.6875,100,26.5625,35.9375,100,73.4375,78.125,100,34.375,100,100,100,56.25,90.625,92.1875,60.9375,92.1875,100,100,15.625,37.5,37.5,100,71.875,100,100,90.625,73.4375,100,54.6875,37.5,100,100,98.4375,60.9375,89.0625,100,75,85.9375,95.3125,100,59.375,100,37.5,100,100,64.0625,96.875,100,100,100,76.5625,42.1875,100,100,100,100,78.125,100,100,100,28.125,100,100,100,57.8125,75,100,100,57.8125,93.75,40.625,100,20.3125,79.6875,100,73.4375,100,79.6875,82.8125,82.8125,100,89.0625,100,100,100,100,100,84.375,51.5625,53.125,100,100,100,100,100,98.4375,95.3125,34.375,100,100,21.875,100,90.625,98.4375,46.875,100,98.4375,100,100,100,100,100,100,65.625,100,76.5625,75,100,100,84.375,87.5,100,100,100,67.1875,100,100,85.9375,100,100,68.75,90.625,79.6875,75,100,67.1875,62.5,59.375,93.75,100,100,100,100,89.0625,37.5,100,57.8125,100,100,93.75,100,65.625,35.9375,56.25,89.0625,100,100,34.375,81.25,100,12.5,29.6875,21.875,56.25,100,100,100,90.625,92.1875,87.5,100,100,81.25,73.4375,100,100,100,100,100,100,71.875,100,68.75,92.1875,100,100,79.6875,100,100,100,100,100,100,81.25,81.25,100,93.75,81.25,100,100,100,100,85.9375,100,59.375,100,100,59.375,100,70.3125,100,76.5625,75,73.4375,75,100,100,100,100,100,79.6875,82.8125,35.9375,98.4375,100,54.6875,31.25,85.9375,100,90.625,100,89.0625,81.25,100,87.5,60.9375,100,100,100,71.875,50,100,87.5,100,21.875,73.4375,75,100,100,100,34.375,76.5625,37.5,95.3125,100,100,100,60.9375,100,100,67.1875,4.6875,100,85.9375,75,76.5625,78.125,100,90.625,98.4375,100,81.25,96.875,21.875,60.9375,100,71.875,39.0625,100,64.0625,100,100,57.8125,100,100,34.375,100,87.5,75,87.5,67.1875,89.0625,100,17.1875,100,79.6875,62.5,95.3125,93.75,78.125,100,100,15.625,57.8125,89.0625,100,78.125,100,100,98.4375,57.8125,56.25,100,100,100,65.625,93.75,100,100,6.25,78.125,67.1875,68.75,100,62.5,100,100,79.6875,100,90.625,98.4375,98.4375,100,29.6875,100,98.4375,100,100,100,100,25,60.9375,100,100,57.8125,40.625,95.3125,29.6875,100,100,71.875,89.0625,100,79.6875,100,100,65.625,67.1875,78.125,100,100,100,100,100,100,71.875,60.9375,71.875,100,87.5,73.4375,43.75,25,100,71.875,56.25,100,82.8125,65.625,71.875,81.25,100,95.3125,54.6875,90.625,100,100,93.75,100,100,89.0625,95.3125,100,100,100,100,100,84.375,93.75,75,100,93.75,100,100,73.4375,62.5,35.9375,64.0625,100,96.875,71.875,100,100,96.875,67.1875,53.125,90.625,81.25,100,100,100,100,100,100,32.8125,75,100,96.875,89.0625,100,87.5,100,40.625,100,48.4375,100,100,100,100,100,90.625,90.625,14.0625,100,100,92.1875,95.3125,68.75,96.875,100,100,100,76.5625,56.25,68.75,100,100,100,32.8125,85.9375,100,100,100,100,100,100,100,42.1875,29.6875,100,76.5625,100,100,75,85.9375,87.5,60.9375,85.9375,100,100,100,100,100,100,71.875,81.25,21.875,79.6875,100,100,100,100,100,51.5625,100,100,100,85.9375,92.1875,62.5,96.875,64.0625,100,25,100,100,100,54.6875,100,100,50,100,71.875,87.5,100,100,100,81.25,82.8125,100,100,84.375,100,42.1875,100,100,81.25,59.375,73.4375,100,100,100,98.4375,100,100,84.375,65.625,100,60.9375,54.6875,100,100,78.125,100,100,100,46.875,100,100,100,84.375,98.4375,100,79.6875,70.3125,78.125,100,59.375,100,100,64.0625,100,100,64.0625,100,100,100,100,100,85.9375,100,56.25,71.875,35.9375,100,26.5625,51.5625,75,100,57.8125,84.375,100,85.9375,100,82.8125,100,76.5625,100,75,100,64.0625,100,100,98.4375,50,100,100,59.375,81.25,100,100,76.5625,100,85.9375,100,100,100,100,100,100,100,100,76.5625,35.9375,100,100,100,92.1875,100,32.8125,100,34.375,60.9375,60.9375,100,100,100,100,96.875,85.9375,100,100,100,100,100,81.25,100,59.375,100,100,100,85.9375,90.625,100,53.125,53.125,100,75,45.3125,28.125,87.5,53.125,32.8125,100,87.5,79.6875,100,85.9375,82.8125,50,100,100,37.5,14.0625,100,54.6875,100,100,100,73.4375,98.4375,68.75,100,100,100,100,28.125,100,100,95.3125,76.5625,93.75,100,100,51.5625,100,64.0625,53.125,100,100,100,81.25,100,100,100,65.625,81.25,100,92.1875,100,84.375,90.625,100,98.4375,84.375,100,50,100,100,64.0625,82.8125,84.375,100,100,100,96.875,100,100,53.125,67.1875,45.3125,87.5,17.1875,51.5625,100,100,100,50,81.25,100,100,100,100,81.25,79.6875,81.25,85.9375,96.875,93.75,100,68.75,64.0625,100,81.25,100,29.6875,57.8125,100,56.25,28.125,78.125,100,76.5625,54.6875,100,100,100,100,73.4375,39.0625,100,100,45.3125,100,100,67.1875,100,100,100,57.8125,89.0625,76.5625,100,98.4375,71.875,71.875,100,100,95.3125,100,37.5,100,73.4375,40.625,100,76.5625,67.1875,100,100,95.3125,100,100,100,73.4375,100,95.3125,100,100,100,100,71.875,100,100,64.0625,100,82.8125,100,76.5625,87.5,100,100,85.9375,100,40.625,35.9375,54.6875,92.1875,92.1875,100,100,100,100,89.0625,93.75,100,51.5625,56.25,48.4375,100,100,100,100,100,78.125,100,39.0625,100,67.1875,89.0625,71.875,100,65.625,65.625,100,73.4375,89.0625,18.75,100,67.1875,100,26.5625,37.5,100,35.9375,100,100,26.5625,92.1875,87.5,56.25,70.3125,100,100,60.9375,93.75,79.6875,87.5,100,100,98.4375,100,81.25,100,100,90.625,100,92.1875,71.875,84.375,100,100,57.8125,100,34.375,100,100,59.375,100,42.1875,100,100,48.4375,100,46.875,53.125,100,100,70.3125,85.9375,95.3125,100,100,100,79.6875,90.625,46.875,100,57.8125,100,100,100,76.5625,89.0625,28.125,100,100,54.6875,68.75,100,18.75,100,100,100,46.875,100,59.375,100,100,100,84.375,100,54.6875,100,100,90.625,89.0625,54.6875,73.4375,51.5625,100,100,100,100,98.4375,70.3125,100,62.5,100,100,65.625,87.5,100,65.625,65.625,100,96.875,100,100,100,89.0625,100,64.0625,76.5625,100,26.5625,100,100,100,100,100,26.5625,1.5625,100,46.875,35.9375,100,79.6875,100,100,100,100,100,100,100,84.375,68.75,100,39.0625,100,100,82.8125,100,92.1875,100,37.5,59.375,100,56.25,100,100,95.3125,75,100,43.75,65.625,100,100,50,100,100,54.6875,100,100,92.1875,100,100,89.0625,92.1875,93.75,56.25,26.5625,100,95.3125,100,100,56.25,100,43.75,100,71.875,76.5625,50,84.375,100,62.5,84.375,100,84.375,100,100,59.375,100,67.1875,42.1875,100,92.1875,100,100,56.25,100,100,96.875,79.6875,93.75,100,34.375,68.75,93.75,68.75,65.625,100,100,54.6875,87.5,100,87.5,35.9375,54.6875,14.0625,100,100,100,40.625,100,60.9375,45.3125,100,100,100,100,98.4375,57.8125,82.8125,95.3125,54.6875,85.9375,100,51.5625,100,62.5,95.3125,59.375,90.625,100,98.4375,100,59.375,100,81.25,100,100,100,100
"6044",89.0625,100,51.5625,100,100,78.125,67.1875,100,23.4375,98.4375,53.125,100,100,100,79.6875,75,89.0625,79.6875,100,100,96.875,100,100,100,32.8125,100,100,93.75,90.625,100,100,100,100,92.1875,100,95.3125,78.125,100,100,90.625,81.25,62.5,81.25,100,100,100,100,100,68.75,85.9375,75,100,100,70.3125,84.375,100,4.6875,100,100,43.75,84.375,67.1875,98.4375,100,100,100,59.375,100,73.4375,100,57.8125,76.5625,100,100,73.4375,93.75,100,40.625,53.125,100,64.0625,100,87.5,75,100,100,100,26.5625,100,100,56.25,84.375,100,46.875,93.75,48.4375,100,53.125,100,100,73.4375,100,100,92.1875,100,29.6875,100,53.125,85.9375,71.875,73.4375,65.625,75,89.0625,34.375,100,100,100,100,100,67.1875,100,100,43.75,87.5,54.6875,100,18.75,100,100,100,100,60.9375,100,78.125,59.375,60.9375,78.125,100,100,100,100,46.875,57.8125,100,100,89.0625,100,60.9375,82.8125,62.5,40.625,78.125,92.1875,100,98.4375,75,100,100,6.25,100,100,85.9375,100,89.0625,68.75,76.5625,85.9375,48.4375,100,78.125,70.3125,100,54.6875,100,96.875,84.375,100,100,100,100,100,100,70.3125,98.4375,100,29.6875,100,100,84.375,100,100,82.8125,100,95.3125,100,81.25,70.3125,100,100,25,100,98.4375,100,100,100,100,100,73.4375,95.3125,45.3125,100,100,100,85.9375,78.125,31.25,54.6875,100,60.9375,100,75,37.5,54.6875,100,53.125,68.75,40.625,65.625,100,79.6875,78.125,100,82.8125,100,100,84.375,60.9375,84.375,100,100,100,100,73.4375,100,35.9375,73.4375,89.0625,100,100,100,79.6875,20.3125,100,96.875,53.125,100,59.375,100,82.8125,100,98.4375,37.5,92.1875,60.9375,48.4375,100,100,100,100,65.625,57.8125,100,100,93.75,23.4375,39.0625,51.5625,68.75,100,42.1875,100,100,100,100,100,31.25,98.4375,100,100,81.25,100,40.625,51.5625,100,100,98.4375,89.0625,84.375,75,35.9375,100,62.5,85.9375,100,81.25,76.5625,56.25,90.625,100,100,46.875,31.25,100,57.8125,93.75,100,100,71.875,46.875,89.0625,100,50,100,39.0625,62.5,100,67.1875,100,68.75,90.625,100,75,87.5,100,40.625,100,87.5,100,100,95.3125,82.8125,53.125,100,64.0625,68.75,42.1875,100,93.75,75,100,78.125,100,64.0625,71.875,100,100,70.3125,51.5625,81.25,95.3125,84.375,100,100,81.25,39.0625,82.8125,81.25,98.4375,100,100,100,100,81.25,65.625,100,98.4375,100,85.9375,100,87.5,85.9375,100,100,100,100,100,100,62.5,90.625,100,87.5,100,100,100,76.5625,100,68.75,73.4375,26.5625,100,100,100,100,100,20.3125,42.1875,79.6875,78.125,82.8125,54.6875,98.4375,100,84.375,100,87.5,32.8125,51.5625,100,75,53.125,100,100,100,100,46.875,37.5,100,100,100,82.8125,100,90.625,100,73.4375,81.25,40.625,100,100,100,100,93.75,100,78.125,85.9375,100,100,100,79.6875,93.75,73.4375,100,100,100,82.8125,70.3125,100,68.75,100,100,71.875,65.625,79.6875,92.1875,100,60.9375,100,87.5,100,96.875,17.1875,37.5,84.375,100,100,89.0625,100,100,100,100,100,100,89.0625,64.0625,82.8125,100,54.6875,100,62.5,57.8125,100,81.25,79.6875,100,37.5,100,100,100,64.0625,73.4375,75,100,100,100,84.375,60.9375,89.0625,84.375,100,100,64.0625,79.6875,68.75,100,100,59.375,100,100,100,100,100,76.5625,100,57.8125,50,98.4375,100,100,48.4375,100,51.5625,100,89.0625,100,84.375,71.875,100,82.8125,60.9375,96.875,100,68.75,100,35.9375,46.875,100,85.9375,93.75,100,70.3125,100,100,100,100,100,46.875,100,100,75,100,100,71.875,100,100,100,96.875,35.9375,78.125,100,100,68.75,100,90.625,89.0625,50,68.75,100,70.3125,100,100,64.0625,90.625,100,100,100,96.875,100,70.3125,100,64.0625,100,60.9375,100,100,100,100,82.8125,100,60.9375,100,100,100,100,81.25,45.3125,100,85.9375,26.5625,100,59.375,65.625,46.875,79.6875,100,68.75,100,100,100,100,100,35.9375,100,76.5625,87.5,100,87.5,84.375,100,100,100,76.5625,100,100,100,100,100,100,65.625,100,90.625,100,100,26.5625,53.125,26.5625,59.375,67.1875,92.1875,100,96.875,100,92.1875,90.625,100,46.875,9.375,79.6875,50,50,96.875,100,100,100,100,100,29.6875,100,89.0625,54.6875,59.375,45.3125,70.3125,75,98.4375,76.5625,98.4375,93.75,100,85.9375,53.125,40.625,79.6875,93.75,35.9375,100,100,100,100,100,100,100,31.25,100,45.3125,68.75,100,100,65.625,57.8125,57.8125,48.4375,100,48.4375,100,100,100,100,100,100,54.6875,100,75,90.625,84.375,100,100,70.3125,100,100,100,35.9375,100,100,100,73.4375,100,100,100,100,100,76.5625,90.625,100,100,100,84.375,100,100,100,98.4375,100,100,70.3125,100,96.875,100,64.0625,100,100,35.9375,89.0625,100,71.875,60.9375,59.375,92.1875,100,60.9375,100,100,95.3125,100,70.3125,42.1875,35.9375,85.9375,100,100,100,48.4375,75,71.875,75,23.4375,100,100,65.625,42.1875,100,46.875,84.375,100,100,85.9375,100,100,78.125,71.875,100,100,100,100,73.4375,65.625,100,100,68.75,64.0625,100,100,100,56.25,93.75,100,100,37.5,90.625,100,100,65.625,100,84.375,100,89.0625,65.625,100,100,93.75,100,100,54.6875,56.25,71.875,70.3125,100,100,100,96.875,62.5,100,100,82.8125,89.0625,100,100,32.8125,100,71.875,92.1875,78.125,43.75,100,100,100,62.5,100,100,64.0625,79.6875,67.1875,45.3125,70.3125,100,67.1875,100,76.5625,59.375,64.0625,100,100,100,89.0625,92.1875,100,95.3125,100,96.875,100,100,100,25,100,100,100,100,64.0625,59.375,100,68.75,100,84.375,100,57.8125,71.875,100,12.5,100,71.875,56.25,93.75,79.6875,100,40.625,75,100,98.4375,95.3125,50,100,100,73.4375,67.1875,100,100,100,98.4375,100,65.625,100,100,100,100,100,56.25,100,20.3125,100,78.125,100,89.0625,53.125,98.4375,62.5,57.8125,95.3125,100,35.9375,100,76.5625,100,100,100,70.3125,60.9375,100,100,57.8125,59.375,100,100,68.75,79.6875,100,100,96.875,100,100,56.25,50,100,25,100,100,100,100,70.3125,100,100,100,100,100,100,93.75,100,100,100,100,100,81.25,100,100,64.0625,68.75,100,100,28.125,34.375,100,85.9375,100,100,100,85.9375,100,29.6875,100,45.3125,100,68.75,70.3125,100,10.9375,85.9375,100,100,100,100,100,100,100,100,100,40.625,87.5,100,100,98.4375,64.0625,93.75,26.5625,71.875,90.625,56.25,93.75,14.0625,84.375,100,68.75,100,62.5,100,100,100,50,100,100,79.6875,42.1875,100,100,84.375,100,75,100,95.3125,89.0625,100,15.625,100,100,81.25,100,100,100,76.5625,68.75,67.1875,100,100,75,96.875,100,100,100,78.125,100,71.875,100,100,100,100,100,100,6.25,90.625,87.5,100,93.75,100,100,100,100,68.75,96.875,100,82.8125,45.3125,100,100,71.875,100,100,76.5625,96.875,29.6875,34.375,100,68.75,100,100,67.1875,100,100,40.625,100,100,87.5,90.625,85.9375,35.9375,87.5,100,100,100,84.375,15.625,100,100,100,71.875,100,100,100,100,96.875,64.0625,100,64.0625,71.875,90.625,100,100,90.625,100,87.5,100,100,100,100,100,75,64.0625,100,93.75,100,100,82.8125,57.8125,100,81.25,100,62.5,100,35.9375,100,100,100,53.125,100,78.125,100,31.25,100,48.4375,100,75,57.8125,65.625,100,93.75,100,68.75,100,96.875,79.6875,79.6875,90.625,100,100,100,100,100,100,100,62.5,64.0625,100,100,100,100,100,100,81.25,100,93.75,100,100,64.0625,100,96.875,100,82.8125,76.5625,100,100,100,62.5,100,100,65.625,73.4375,71.875,32.8125,100,100,84.375,96.875,100,50,51.5625,100,100,70.3125,85.9375,100,100,79.6875,100,51.5625,100,96.875,43.75,100,14.0625,100,100,100,100,100,100,100,100,100,62.5,100,59.375,100,75,100,100,23.4375,10.9375,90.625,81.25,100,75,32.8125,100,100,89.0625,100,87.5,100,100,100,31.25,100,42.1875,98.4375,100,100,100,100,35.9375,73.4375,100,95.3125,93.75,89.0625,51.5625,100,29.6875,100,100,100,100,64.0625,67.1875,100,71.875,100,100,100,100,100,68.75,73.4375,54.6875,89.0625,73.4375,100,79.6875,76.5625,70.3125,89.0625,67.1875,60.9375,50,100,100,65.625,90.625,100,82.8125,37.5,100,39.0625,82.8125,100,90.625,100,100,100,100,100,75,100,100,100,81.25,100,56.25,100,85.9375,79.6875,100,100,100,100,98.4375,100,79.6875,100,100,64.0625,62.5,100,32.8125,100,95.3125,100,89.0625,100,100,100,100,89.0625,56.25,100,100,100,68.75,100,43.75,90.625,100,62.5,29.6875,92.1875,82.8125,35.9375,100,78.125,68.75,75,40.625,43.75,82.8125,100,76.5625,60.9375,60.9375,100,67.1875,90.625,95.3125,100,90.625,100,50,79.6875,62.5,59.375,90.625,100,85.9375,100,42.1875,100,82.8125,59.375,68.75,89.0625,78.125,100,100,100,73.4375,37.5,31.25,54.6875,100,100,100,73.4375,100,100,67.1875,70.3125,100,100,46.875,100,100,100,46.875,42.1875,53.125,50,76.5625,51.5625,93.75,100,100,90.625,87.5,100,100,60.9375,35.9375,84.375,18.75,73.4375,71.875,100,96.875,54.6875,100,100,65.625,100,100,100,78.125,100,89.0625,92.1875,100,57.8125,100,92.1875,100,100,100,92.1875,100,100,98.4375,84.375,98.4375,100,100,100,82.8125,95.3125,71.875,100,100,71.875,73.4375,100,95.3125,100,65.625,100,71.875,100,100,85.9375,100,100,100,37.5,95.3125,100,90.625,64.0625,78.125,100,100,64.0625,100,43.75,100,100,100,100,100,79.6875,35.9375,65.625,100,96.875,100,100,100,100,100,100,100,100,100,89.0625,85.9375,100,93.75,100,100,100,100,93.75,100,100,100,95.3125,100,60.9375,100,90.625,85.9375,100,100,95.3125,67.1875,96.875,96.875,37.5,7.8125,48.4375,100,100,100,100,51.5625,84.375,100,100,100,56.25,32.8125,100,76.5625,100,100,100,75,100,100,100,100,45.3125,85.9375,100,100,79.6875,82.8125,100,100,92.1875,100,76.5625,92.1875,46.875,39.0625,79.6875,54.6875,81.25,48.4375,79.6875,70.3125,100,100,100,100,90.625,100,89.0625,87.5,71.875,96.875,28.125,96.875,82.8125,100,100,100,100,100,100,100,79.6875,28.125,98.4375,100,95.3125,100,21.875,87.5,100,93.75,100,100,100,100,100,100,100,95.3125,82.8125,78.125,100,100,100,98.4375,100,100,100,100,100,100,100,23.4375,100,45.3125,93.75,79.6875,100,100,100,100,93.75,71.875,68.75,73.4375,100,100,70.3125,50,100,92.1875,76.5625,100,87.5,100,14.0625,100,100,100,64.0625,54.6875,100,71.875,100,100,89.0625,100,28.125,84.375,76.5625,64.0625,100,100,87.5,100,100,100,100,100,85.9375,57.8125,100,25,43.75,100,95.3125,65.625,100,57.8125,87.5,100,100,100,95.3125,17.1875,42.1875,20.3125,100,100,42.1875,100,95.3125,100,100,100,100,100,96.875,54.6875,100,100,100,82.8125,92.1875,100,100,100,100,100,89.0625,70.3125,53.125,100,100,100,76.5625,89.0625,100,100,90.625,100,84.375,34.375,100,100,100,53.125,75,100,67.1875,96.875,100,26.5625,59.375,62.5,96.875,82.8125,100,100,100,100,100,84.375,89.0625,100,100,100,100,79.6875,100,100,42.1875,100,70.3125,100,46.875,100,7.8125,85.9375,89.0625,100,100,100,100,90.625,100,28.125,48.4375,78.125,100,51.5625,100,100,100,100,98.4375,31.25,87.5,100,76.5625,100,37.5,90.625,68.75,78.125,100,100,100,100,89.0625,100,50,100,100,25,68.75,100,21.875,100,53.125,100,100,75,100,95.3125,100,59.375,87.5,76.5625,84.375,100,100,87.5,62.5,100,37.5,65.625,65.625,89.0625,100,56.25,84.375,92.1875,42.1875,100,100,100,100,100,100,45.3125,84.375,100,96.875,100,100,82.8125,82.8125,100,100,40.625,100,65.625,48.4375,62.5,76.5625,100,100,75,100,54.6875,56.25,100,100,32.8125,81.25,100,32.8125,100,100,100,100,98.4375,96.875,45.3125,100,100,76.5625,100,60.9375,100,100,100,79.6875,100,84.375,78.125,84.375,93.75,100,100,34.375,100,100,95.3125,35.9375,100,60.9375,100,40.625,35.9375,100,59.375,76.5625,100,31.25,100,100,100,57.8125,95.3125,93.75,57.8125,100,87.5,100,90.625,64.0625,39.0625,100,68.75,100,100,92.1875,64.0625,100,54.6875,37.5,70.3125,100,100,60.9375,89.0625,100,75,85.9375,95.3125,100,64.0625,14.0625,39.0625,100,100,62.5,100,100,100,100,100,42.1875,100,100,100,100,85.9375,100,100,59.375,62.5,100,100,100,57.8125,71.875,100,100,62.5,93.75,43.75,100,32.8125,82.8125,100,82.8125,100,93.75,89.0625,82.8125,100,89.0625,100,100,100,100,100,78.125,40.625,51.5625,100,100,100,100,100,96.875,100,34.375,79.6875,100,71.875,100,89.0625,92.1875,67.1875,100,100,100,57.8125,100,100,100,100,67.1875,100,76.5625,78.125,100,100,100,85.9375,100,100,100,67.1875,100,68.75,62.5,100,100,37.5,92.1875,79.6875,81.25,100,62.5,57.8125,59.375,68.75,100,100,100,100,100,39.0625,100,62.5,100,100,76.5625,100,96.875,40.625,67.1875,89.0625,100,90.625,32.8125,100,100,10.9375,37.5,76.5625,9.375,100,100,100,84.375,90.625,79.6875,100,100,90.625,78.125,100,100,100,100,100,100,71.875,100,100,92.1875,98.4375,100,75,100,100,100,100,100,100,75,81.25,100,96.875,81.25,100,100,96.875,100,92.1875,100,68.75,100,100,62.5,100,68.75,89.0625,78.125,73.4375,70.3125,59.375,100,100,100,100,100,76.5625,85.9375,35.9375,100,100,48.4375,31.25,100,100,90.625,100,67.1875,81.25,100,87.5,60.9375,100,92.1875,100,73.4375,50,100,87.5,100,21.875,75,84.375,100,100,100,34.375,62.5,70.3125,89.0625,73.4375,100,100,59.375,100,54.6875,68.75,4.6875,100,84.375,76.5625,82.8125,78.125,100,90.625,100,100,81.25,96.875,21.875,67.1875,67.1875,71.875,39.0625,100,65.625,100,100,56.25,100,100,32.8125,100,89.0625,75,92.1875,67.1875,100,100,18.75,100,100,67.1875,100,93.75,78.125,92.1875,100,17.1875,43.75,93.75,100,92.1875,100,100,100,57.8125,56.25,100,100,100,100,100,100,100,78.125,70.3125,65.625,75,100,62.5,100,98.4375,79.6875,100,100,84.375,98.4375,100,32.8125,85.9375,87.5,100,100,95.3125,100,26.5625,70.3125,100,100,56.25,40.625,73.4375,43.75,100,100,70.3125,54.6875,100,65.625,100,100,65.625,31.25,78.125,100,100,100,96.875,100,51.5625,71.875,100,87.5,100,87.5,100,100,12.5,100,71.875,62.5,100,82.8125,93.75,75,100,100,95.3125,54.6875,96.875,100,100,53.125,64.0625,100,100,84.375,100,100,100,100,100,100,93.75,75,100,93.75,100,100,81.25,71.875,43.75,64.0625,100,100,100,100,100,95.3125,67.1875,42.1875,92.1875,100,100,100,100,100,100,100,100,76.5625,100,100,90.625,100,87.5,100,40.625,100,48.4375,100,100,100,100,100,92.1875,92.1875,92.1875,100,100,92.1875,100,62.5,95.3125,100,100,100,71.875,56.25,95.3125,96.875,100,100,34.375,85.9375,100,100,100,100,100,100,100,51.5625,31.25,100,79.6875,59.375,100,96.875,92.1875,70.3125,67.1875,85.9375,100,100,85.9375,100,37.5,100,68.75,76.5625,23.4375,75,100,100,100,100,100,60.9375,100,100,100,96.875,100,56.25,17.1875,67.1875,100,25,100,100,48.4375,56.25,100,100,50,64.0625,73.4375,87.5,100,100,100,92.1875,70.3125,75,100,84.375,100,42.1875,100,100,29.6875,64.0625,56.25,100,100,100,98.4375,100,100,82.8125,100,100,60.9375,60.9375,100,100,79.6875,100,100,100,46.875,100,100,100,100,100,100,100,70.3125,87.5,89.0625,60.9375,100,100,64.0625,100,100,64.0625,100,100,100,100,100,100,100,56.25,71.875,65.625,100,25,78.125,68.75,100,53.125,82.8125,100,89.0625,96.875,100,100,87.5,100,84.375,56.25,70.3125,100,100,100,46.875,100,100,46.875,56.25,100,100,84.375,82.8125,84.375,100,87.5,100,100,100,100,100,100,76.5625,35.9375,100,12.5,100,92.1875,100,29.6875,100,39.0625,45.3125,59.375,100,100,100,100,100,73.4375,12.5,100,67.1875,100,100,70.3125,100,54.6875,100,100,100,100,93.75,100,62.5,100,100,100,54.6875,84.375,85.9375,100,34.375,100,100,79.6875,64.0625,87.5,81.25,62.5,100,100,40.625,21.875,100,53.125,100,100,100,70.3125,92.1875,100,100,100,100,100,26.5625,100,100,100,78.125,93.75,100,100,65.625,82.8125,64.0625,93.75,100,100,87.5,82.8125,100,100,100,60.9375,85.9375,100,90.625,65.625,81.25,92.1875,98.4375,98.4375,92.1875,100,87.5,100,85.9375,64.0625,85.9375,84.375,100,100,100,96.875,100,100,43.75,68.75,65.625,90.625,57.8125,45.3125,100,100,100,48.4375,75,100,100,100,85.9375,92.1875,79.6875,79.6875,73.4375,59.375,54.6875,100,67.1875,54.6875,100,75,96.875,100,59.375,100,57.8125,37.5,81.25,100,65.625,54.6875,100,100,95.3125,100,75,37.5,100,100,50,100,87.5,64.0625,37.5,100,100,56.25,93.75,60.9375,100,100,84.375,79.6875,100,100,100,90.625,37.5,100,76.5625,12.5,100,78.125,57.8125,100,100,95.3125,100,100,100,73.4375,100,95.3125,92.1875,100,100,100,100,100,100,59.375,100,92.1875,100,51.5625,89.0625,100,100,92.1875,100,35.9375,23.4375,54.6875,100,92.1875,100,100,79.6875,79.6875,85.9375,89.0625,100,53.125,56.25,48.4375,100,21.875,100,100,100,75,100,17.1875,100,78.125,81.25,71.875,100,85.9375,67.1875,87.5,71.875,98.4375,18.75,100,70.3125,100,28.125,39.0625,100,40.625,100,100,28.125,98.4375,100,59.375,68.75,100,100,84.375,100,76.5625,84.375,100,75,100,100,62.5,100,100,90.625,100,96.875,70.3125,84.375,100,100,57.8125,100,34.375,100,100,67.1875,100,46.875,100,82.8125,96.875,100,48.4375,59.375,100,100,68.75,85.9375,100,100,100,100,79.6875,95.3125,43.75,100,59.375,100,65.625,100,78.125,34.375,29.6875,100,100,7.8125,64.0625,100,28.125,46.875,100,100,40.625,100,62.5,100,100,100,82.8125,100,56.25,100,100,67.1875,90.625,53.125,84.375,51.5625,100,100,100,100,100,84.375,100,62.5,100,100,100,100,100,79.6875,56.25,100,100,100,100,100,84.375,100,100,76.5625,100,26.5625,100,100,100,100,100,32.8125,1.5625,100,100,34.375,100,79.6875,100,96.875,100,100,100,100,98.4375,84.375,100,100,10.9375,100,93.75,85.9375,100,100,34.375,37.5,59.375,100,56.25,100,100,98.4375,76.5625,100,43.75,64.0625,100,100,81.25,100,100,78.125,100,98.4375,73.4375,100,100,26.5625,92.1875,100,54.6875,28.125,100,100,100,53.125,71.875,100,43.75,100,75,70.3125,51.5625,84.375,100,54.6875,79.6875,100,93.75,100,90.625,57.8125,100,65.625,39.0625,100,73.4375,85.9375,100,56.25,100,100,96.875,100,100,20.3125,31.25,68.75,96.875,59.375,71.875,100,100,53.125,81.25,100,93.75,37.5,68.75,100,100,100,100,68.75,100,59.375,46.875,100,78.125,100,100,100,100,67.1875,100,54.6875,95.3125,100,53.125,100,31.25,90.625,76.5625,100,100,89.0625,12.5,60.9375,100,87.5,100,100,95.3125,100
"6045",87.5,100,62.5,100,100,82.8125,68.75,100,21.875,90.625,76.5625,100,100,100,100,76.5625,87.5,76.5625,100,100,96.875,100,100,100,9.375,100,100,90.625,87.5,100,100,100,100,100,100,96.875,84.375,100,100,100,89.0625,65.625,90.625,100,100,100,93.75,100,67.1875,59.375,75,100,100,70.3125,75,100,7.8125,100,100,39.0625,84.375,53.125,98.4375,81.25,100,96.875,59.375,100,79.6875,100,59.375,76.5625,100,100,70.3125,81.25,100,40.625,54.6875,100,57.8125,96.875,100,75,100,100,100,28.125,100,100,56.25,84.375,100,46.875,68.75,96.875,100,56.25,100,100,71.875,100,100,92.1875,100,34.375,100,100,85.9375,98.4375,73.4375,71.875,100,100,34.375,100,100,100,100,100,87.5,100,100,37.5,96.875,53.125,100,18.75,100,100,100,100,100,54.6875,90.625,59.375,70.3125,78.125,100,100,93.75,100,42.1875,64.0625,100,100,92.1875,100,25,84.375,57.8125,37.5,79.6875,93.75,95.3125,100,75,100,100,4.6875,29.6875,100,89.0625,100,89.0625,70.3125,65.625,84.375,56.25,100,84.375,73.4375,100,70.3125,100,96.875,84.375,100,100,100,100,98.4375,100,73.4375,100,87.5,29.6875,100,100,87.5,100,100,78.125,100,100,100,78.125,57.8125,100,100,78.125,100,95.3125,100,100,100,100,100,73.4375,100,35.9375,100,100,100,76.5625,78.125,34.375,90.625,100,39.0625,100,81.25,100,89.0625,100,54.6875,100,96.875,100,100,76.5625,73.4375,100,100,100,100,87.5,62.5,90.625,100,100,100,100,67.1875,100,37.5,67.1875,92.1875,100,100,100,76.5625,37.5,100,78.125,60.9375,100,60.9375,100,100,100,98.4375,40.625,93.75,78.125,60.9375,100,100,21.875,100,64.0625,67.1875,100,81.25,95.3125,37.5,39.0625,100,68.75,23.4375,68.75,100,100,100,100,100,29.6875,100,68.75,90.625,79.6875,100,39.0625,51.5625,100,100,100,89.0625,70.3125,75,35.9375,100,78.125,73.4375,100,85.9375,84.375,53.125,92.1875,100,100,57.8125,31.25,100,73.4375,93.75,100,100,70.3125,42.1875,87.5,100,50,100,28.125,59.375,100,65.625,100,68.75,85.9375,84.375,76.5625,90.625,100,40.625,100,85.9375,100,100,100,79.6875,53.125,100,100,68.75,40.625,100,100,68.75,100,78.125,100,54.6875,70.3125,100,96.875,70.3125,53.125,85.9375,90.625,90.625,100,100,81.25,43.75,93.75,84.375,98.4375,100,100,100,92.1875,81.25,100,100,98.4375,100,71.875,100,87.5,87.5,100,100,100,100,100,100,65.625,92.1875,100,81.25,100,100,100,78.125,100,65.625,100,17.1875,100,100,100,100,100,7.8125,40.625,79.6875,70.3125,85.9375,21.875,96.875,100,78.125,100,92.1875,32.8125,57.8125,100,75,29.6875,90.625,100,100,100,53.125,51.5625,100,100,100,82.8125,100,87.5,100,93.75,76.5625,70.3125,100,100,100,100,93.75,100,81.25,100,64.0625,100,71.875,100,93.75,95.3125,31.25,100,100,85.9375,73.4375,100,70.3125,100,100,76.5625,67.1875,79.6875,100,100,67.1875,100,93.75,100,73.4375,78.125,34.375,73.4375,100,100,89.0625,100,100,100,100,87.5,100,82.8125,64.0625,82.8125,100,48.4375,100,64.0625,68.75,100,78.125,79.6875,70.3125,46.875,100,100,100,59.375,81.25,81.25,100,100,100,87.5,56.25,81.25,82.8125,100,100,64.0625,78.125,68.75,100,100,65.625,100,100,100,100,100,100,73.4375,57.8125,45.3125,100,100,95.3125,48.4375,100,51.5625,100,87.5,100,84.375,71.875,100,82.8125,15.625,93.75,78.125,64.0625,100,34.375,100,39.0625,85.9375,93.75,100,70.3125,100,100,100,100,73.4375,43.75,100,100,95.3125,98.4375,100,70.3125,100,100,100,20.3125,34.375,73.4375,100,100,78.125,100,85.9375,82.8125,48.4375,81.25,100,68.75,100,100,65.625,53.125,100,100,81.25,100,12.5,78.125,100,68.75,100,62.5,100,100,100,100,84.375,100,71.875,100,90.625,100,100,67.1875,37.5,100,54.6875,45.3125,100,68.75,100,100,75,100,75,100,100,96.875,100,100,35.9375,100,84.375,87.5,51.5625,59.375,23.4375,100,100,100,78.125,100,64.0625,100,100,100,100,100,100,92.1875,100,100,28.125,65.625,70.3125,81.25,67.1875,64.0625,96.875,15.625,100,92.1875,90.625,100,46.875,9.375,87.5,59.375,50,92.1875,100,100,100,100,100,29.6875,100,82.8125,54.6875,59.375,43.75,71.875,71.875,98.4375,78.125,84.375,92.1875,25,84.375,50,40.625,79.6875,93.75,39.0625,93.75,100,100,100,100,100,100,32.8125,100,43.75,68.75,100,100,70.3125,57.8125,62.5,46.875,100,50,100,98.4375,100,100,100,100,39.0625,100,75,90.625,82.8125,100,100,73.4375,100,100,100,34.375,100,73.4375,100,81.25,100,100,100,100,100,89.0625,71.875,100,100,100,82.8125,100,100,100,75,100,100,70.3125,100,100,100,64.0625,100,100,34.375,85.9375,100,71.875,60.9375,57.8125,95.3125,100,100,100,100,100,100,100,32.8125,29.6875,92.1875,60.9375,100,32.8125,48.4375,95.3125,71.875,73.4375,9.375,100,100,35.9375,43.75,95.3125,48.4375,82.8125,100,100,65.625,100,100,78.125,100,100,90.625,87.5,85.9375,71.875,67.1875,100,100,81.25,64.0625,100,100,100,56.25,82.8125,90.625,100,62.5,81.25,100,100,82.8125,39.0625,78.125,100,87.5,67.1875,100,100,93.75,100,100,54.6875,21.875,81.25,100,100,100,100,96.875,62.5,100,100,82.8125,100,100,100,28.125,100,68.75,78.125,79.6875,43.75,100,100,100,68.75,100,100,75,75,67.1875,100,65.625,100,68.75,100,76.5625,54.6875,67.1875,100,100,79.6875,100,93.75,100,89.0625,95.3125,100,100,100,100,29.6875,96.875,100,100,100,62.5,59.375,100,68.75,93.75,84.375,60.9375,57.8125,54.6875,100,40.625,100,100,56.25,100,71.875,100,35.9375,82.8125,100,98.4375,100,62.5,100,100,73.4375,67.1875,100,100,100,98.4375,76.5625,73.4375,100,100,100,100,100,60.9375,100,28.125,100,78.125,95.3125,82.8125,56.25,100,76.5625,62.5,100,100,35.9375,100,92.1875,100,79.6875,100,70.3125,54.6875,100,100,54.6875,70.3125,90.625,100,81.25,81.25,100,95.3125,54.6875,100,53.125,26.5625,26.5625,87.5,25,68.75,100,100,100,67.1875,100,100,29.6875,100,100,100,93.75,100,100,100,100,100,51.5625,100,100,70.3125,67.1875,100,84.375,28.125,56.25,100,85.9375,100,100,100,81.25,100,31.25,100,45.3125,87.5,82.8125,70.3125,100,34.375,84.375,100,100,100,100,96.875,100,100,100,100,60.9375,87.5,26.5625,100,98.4375,100,93.75,75,73.4375,92.1875,90.625,100,100,84.375,100,73.4375,100,70.3125,100,100,100,43.75,95.3125,100,85.9375,50,100,100,82.8125,100,75,100,96.875,98.4375,100,100,100,100,82.8125,96.875,100,100,76.5625,92.1875,68.75,100,100,100,100,100,100,100,100,90.625,78.125,100,100,100,100,100,100,21.875,100,87.5,98.4375,90.625,100,100,100,100,70.3125,96.875,100,82.8125,75,100,98.4375,81.25,100,100,81.25,100,34.375,39.0625,100,73.4375,100,100,75,100,100,42.1875,100,100,79.6875,87.5,85.9375,71.875,75,100,100,100,100,18.75,100,100,100,65.625,100,100,100,100,100,78.125,100,64.0625,100,89.0625,100,100,89.0625,100,84.375,100,100,100,100,100,75,71.875,100,93.75,100,100,84.375,67.1875,100,82.8125,100,51.5625,100,100,100,100,100,76.5625,100,75,100,100,100,56.25,100,100,68.75,65.625,100,93.75,100,62.5,100,95.3125,84.375,78.125,96.875,48.4375,100,100,100,100,100,100,62.5,100,98.4375,100,68.75,100,100,100,85.9375,70.3125,92.1875,100,100,59.375,100,98.4375,100,53.125,76.5625,100,100,100,84.375,90.625,100,87.5,75,100,95.3125,100,100,85.9375,95.3125,100,50,51.5625,100,100,67.1875,70.3125,100,100,100,100,50,100,93.75,40.625,100,90.625,100,100,100,100,100,100,100,100,100,62.5,100,59.375,100,76.5625,100,100,100,20.3125,95.3125,79.6875,100,100,32.8125,100,100,89.0625,100,85.9375,100,100,100,31.25,100,43.75,73.4375,100,100,18.75,100,35.9375,73.4375,100,100,100,89.0625,51.5625,100,42.1875,100,100,100,100,64.0625,68.75,100,70.3125,100,87.5,100,100,100,76.5625,68.75,54.6875,89.0625,73.4375,100,76.5625,76.5625,71.875,85.9375,67.1875,60.9375,50,100,96.875,62.5,89.0625,100,68.75,35.9375,100,82.8125,89.0625,100,90.625,100,100,100,85.9375,98.4375,73.4375,100,100,100,81.25,100,79.6875,100,85.9375,81.25,89.0625,100,57.8125,100,87.5,100,87.5,100,100,100,60.9375,100,100,100,100,100,89.0625,100,100,90.625,100,90.625,51.5625,100,100,100,70.3125,100,42.1875,87.5,100,65.625,31.25,90.625,60.9375,100,100,92.1875,65.625,76.5625,40.625,43.75,100,100,76.5625,60.9375,60.9375,100,67.1875,90.625,95.3125,98.4375,89.0625,100,46.875,100,64.0625,95.3125,78.125,100,84.375,100,100,100,82.8125,62.5,62.5,100,92.1875,100,100,100,73.4375,37.5,31.25,100,100,87.5,100,78.125,100,100,70.3125,81.25,100,89.0625,100,100,100,100,42.1875,37.5,60.9375,50,75,56.25,95.3125,100,100,100,87.5,100,100,73.4375,37.5,90.625,100,76.5625,71.875,100,92.1875,46.875,100,100,53.125,100,100,100,76.5625,100,100,96.875,100,50,100,92.1875,100,100,100,92.1875,50,100,100,17.1875,100,100,100,100,84.375,84.375,71.875,100,100,71.875,78.125,100,93.75,100,75,73.4375,75,100,100,78.125,100,100,89.0625,42.1875,100,100,90.625,68.75,78.125,100,100,71.875,100,100,100,100,100,100,100,82.8125,35.9375,68.75,100,89.0625,100,100,100,100,100,100,100,100,100,89.0625,96.875,100,100,100,100,100,100,92.1875,100,100,100,84.375,100,53.125,100,93.75,100,100,100,93.75,95.3125,98.4375,100,37.5,9.375,48.4375,100,100,100,100,46.875,81.25,100,100,100,71.875,32.8125,100,75,100,100,100,75,100,100,100,100,59.375,100,100,100,76.5625,96.875,100,100,93.75,100,75,76.5625,62.5,53.125,78.125,54.6875,68.75,100,82.8125,73.4375,100,100,100,100,90.625,100,87.5,81.25,59.375,64.0625,29.6875,90.625,76.5625,100,100,100,100,100,100,100,95.3125,28.125,100,100,96.875,100,21.875,85.9375,100,92.1875,100,100,100,100,100,100,46.875,100,84.375,100,100,100,100,79.6875,100,100,100,100,100,92.1875,100,59.375,100,100,93.75,73.4375,53.125,100,100,100,87.5,71.875,60.9375,71.875,89.0625,100,68.75,26.5625,100,87.5,70.3125,100,85.9375,100,65.625,100,100,100,71.875,59.375,82.8125,90.625,100,100,89.0625,100,26.5625,84.375,75,62.5,57.8125,100,87.5,100,100,81.25,100,100,84.375,57.8125,100,25,100,100,95.3125,59.375,100,67.1875,85.9375,100,100,100,95.3125,100,37.5,20.3125,100,100,100,100,95.3125,100,100,76.5625,100,100,92.1875,100,85.9375,100,100,84.375,85.9375,100,100,100,100,82.8125,98.4375,64.0625,62.5,100,100,100,78.125,95.3125,100,100,84.375,100,56.25,57.8125,100,98.4375,100,92.1875,75,100,65.625,100,100,28.125,59.375,62.5,96.875,82.8125,100,100,100,95.3125,100,76.5625,79.6875,100,100,100,100,90.625,98.4375,100,100,100,71.875,100,46.875,100,20.3125,87.5,100,100,100,100,100,85.9375,56.25,28.125,65.625,96.875,100,53.125,82.8125,100,100,100,100,12.5,89.0625,92.1875,78.125,100,35.9375,95.3125,76.5625,85.9375,100,100,100,100,85.9375,100,70.3125,100,100,26.5625,68.75,100,29.6875,100,54.6875,100,42.1875,71.875,100,100,100,68.75,68.75,71.875,81.25,100,100,89.0625,9.375,40.625,56.25,65.625,57.8125,73.4375,100,67.1875,82.8125,92.1875,50,100,100,100,100,100,100,23.4375,84.375,100,90.625,100,64.0625,85.9375,100,98.4375,100,100,100,65.625,100,64.0625,92.1875,100,100,73.4375,82.8125,93.75,50,100,100,90.625,81.25,100,53.125,100,100,100,100,92.1875,92.1875,40.625,100,100,85.9375,100,95.3125,100,100,100,81.25,100,84.375,100,100,92.1875,100,96.875,43.75,100,96.875,100,34.375,100,85.9375,100,32.8125,35.9375,100,70.3125,75,100,31.25,100,100,100,48.4375,100,89.0625,53.125,100,100,100,93.75,46.875,39.0625,100,70.3125,100,100,90.625,62.5,100,53.125,40.625,100,100,10.9375,60.9375,89.0625,100,76.5625,85.9375,95.3125,100,100,100,84.375,100,100,64.0625,93.75,98.4375,100,100,82.8125,43.75,100,100,100,100,79.6875,100,100,92.1875,12.5,50,100,100,56.25,70.3125,100,100,62.5,100,42.1875,100,54.6875,87.5,100,90.625,100,100,79.6875,78.125,92.1875,89.0625,100,100,100,100,100,73.4375,39.0625,56.25,100,100,100,92.1875,100,93.75,100,34.375,92.1875,100,21.875,100,89.0625,90.625,68.75,100,100,100,64.0625,100,60.9375,100,100,100,100,76.5625,81.25,100,100,100,89.0625,100,100,100,67.1875,100,87.5,60.9375,100,100,81.25,95.3125,79.6875,65.625,100,68.75,59.375,59.375,68.75,100,92.1875,100,100,100,40.625,100,62.5,100,100,65.625,100,76.5625,39.0625,82.8125,100,100,98.4375,39.0625,45.3125,98.4375,12.5,42.1875,100,56.25,100,100,100,93.75,92.1875,84.375,100,100,93.75,78.125,100,100,17.1875,100,100,100,73.4375,100,100,87.5,96.875,100,46.875,100,100,100,100,100,100,76.5625,81.25,53.125,100,81.25,100,100,84.375,100,92.1875,100,75,100,100,62.5,100,64.0625,100,78.125,75,73.4375,60.9375,100,100,100,100,98.4375,75,81.25,35.9375,98.4375,100,59.375,31.25,76.5625,100,90.625,100,79.6875,78.125,100,87.5,60.9375,100,100,100,73.4375,50,100,87.5,98.4375,20.3125,73.4375,92.1875,100,100,100,34.375,59.375,100,93.75,82.8125,100,100,59.375,100,100,67.1875,7.8125,100,84.375,76.5625,73.4375,81.25,100,90.625,100,100,78.125,96.875,21.875,67.1875,71.875,71.875,37.5,100,70.3125,100,100,57.8125,100,100,34.375,100,89.0625,75,92.1875,67.1875,100,100,18.75,100,82.8125,57.8125,100,82.8125,78.125,100,100,20.3125,43.75,92.1875,89.0625,82.8125,100,100,100,59.375,57.8125,100,100,100,100,93.75,100,100,81.25,81.25,65.625,82.8125,100,62.5,100,100,81.25,100,100,78.125,92.1875,100,12.5,89.0625,100,100,100,100,95.3125,37.5,73.4375,100,100,46.875,40.625,98.4375,23.4375,100,100,73.4375,56.25,100,51.5625,100,100,67.1875,67.1875,73.4375,100,100,100,96.875,100,50,89.0625,23.4375,96.875,100,87.5,85.9375,50,12.5,100,70.3125,60.9375,29.6875,81.25,65.625,75,100,100,93.75,54.6875,90.625,100,100,53.125,100,79.6875,100,81.25,100,100,100,100,100,100,93.75,70.3125,100,90.625,100,100,75,71.875,42.1875,64.0625,100,100,100,100,100,95.3125,85.9375,42.1875,90.625,100,100,100,100,100,100,100,42.1875,100,100,100,95.3125,100,89.0625,100,34.375,100,51.5625,100,100,100,100,100,92.1875,100,85.9375,100,100,92.1875,100,59.375,87.5,96.875,100,100,68.75,54.6875,87.5,96.875,100,100,34.375,85.9375,100,100,100,100,100,100,100,43.75,31.25,100,100,98.4375,100,68.75,85.9375,100,70.3125,85.9375,100,100,70.3125,100,68.75,100,67.1875,64.0625,23.4375,89.0625,100,100,100,100,100,70.3125,96.875,100,25,100,93.75,68.75,84.375,67.1875,100,25,100,100,100,54.6875,100,100,50,100,92.1875,89.0625,100,100,100,95.3125,85.9375,73.4375,100,85.9375,100,42.1875,100,100,79.6875,75,70.3125,100,100,100,98.4375,100,100,85.9375,100,100,60.9375,73.4375,100,100,79.6875,100,100,100,59.375,100,100,100,57.8125,100,100,100,71.875,95.3125,81.25,59.375,100,100,64.0625,100,100,64.0625,100,100,100,100,100,100,100,57.8125,71.875,51.5625,100,34.375,78.125,14.0625,100,100,64.0625,100,90.625,93.75,100,100,78.125,100,89.0625,39.0625,68.75,100,100,81.25,50,100,100,46.875,59.375,100,100,79.6875,100,98.4375,100,100,100,100,100,100,100,100,76.5625,45.3125,100,100,100,92.1875,100,29.6875,100,40.625,37.5,59.375,100,100,100,100,100,70.3125,64.0625,100,95.3125,100,100,81.25,100,53.125,100,100,100,100,89.0625,100,57.8125,70.3125,100,100,59.375,100,85.9375,42.1875,32.8125,100,95.3125,84.375,100,79.6875,82.8125,59.375,100,100,37.5,12.5,100,53.125,100,100,100,71.875,100,76.5625,100,100,100,100,26.5625,100,100,100,90.625,100,98.4375,100,56.25,95.3125,64.0625,56.25,100,100,98.4375,76.5625,100,100,100,64.0625,87.5,100,92.1875,54.6875,84.375,90.625,85.9375,98.4375,82.8125,95.3125,100,100,85.9375,64.0625,93.75,84.375,100,100,100,96.875,100,100,40.625,68.75,53.125,87.5,18.75,51.5625,100,100,100,45.3125,78.125,100,100,100,100,75,79.6875,96.875,76.5625,100,92.1875,100,68.75,39.0625,100,65.625,51.5625,100,59.375,100,46.875,48.4375,81.25,100,73.4375,54.6875,100,100,100,100,75,39.0625,100,100,51.5625,100,100,92.1875,39.0625,100,100,59.375,93.75,67.1875,100,96.875,67.1875,82.8125,100,100,100,100,37.5,100,78.125,100,100,100,71.875,100,35.9375,98.4375,100,100,100,100,100,93.75,100,100,100,100,60.9375,100,100,57.8125,100,82.8125,100,57.8125,89.0625,100,100,95.3125,100,35.9375,73.4375,54.6875,90.625,90.625,100,100,100,100,85.9375,89.0625,100,53.125,56.25,48.4375,100,100,100,100,100,60.9375,100,7.8125,100,78.125,95.3125,71.875,100,73.4375,68.75,90.625,70.3125,84.375,20.3125,100,73.4375,100,28.125,39.0625,100,71.875,100,100,28.125,60.9375,84.375,59.375,84.375,95.3125,100,78.125,59.375,81.25,85.9375,100,59.375,100,100,60.9375,100,100,90.625,100,100,75,84.375,100,100,57.8125,100,37.5,100,100,81.25,100,46.875,100,79.6875,39.0625,100,54.6875,40.625,85.9375,100,67.1875,85.9375,100,100,100,100,81.25,100,26.5625,100,76.5625,100,76.5625,100,81.25,56.25,28.125,100,100,50,67.1875,100,100,100,100,100,34.375,100,98.4375,100,100,100,70.3125,100,57.8125,100,100,95.3125,92.1875,59.375,96.875,51.5625,100,100,100,100,100,87.5,100,68.75,100,100,100,81.25,100,84.375,51.5625,100,98.4375,100,100,100,79.6875,100,67.1875,79.6875,100,26.5625,100,100,100,59.375,100,31.25,1.5625,90.625,85.9375,26.5625,100,76.5625,100,100,42.1875,100,100,100,100,84.375,100,100,100,100,100,100,98.4375,90.625,34.375,35.9375,59.375,100,56.25,100,100,100,78.125,100,43.75,64.0625,100,100,50,100,100,100,100,98.4375,73.4375,100,100,45.3125,92.1875,95.3125,54.6875,28.125,100,100,100,100,56.25,100,43.75,100,60.9375,68.75,84.375,73.4375,100,100,75,100,90.625,100,87.5,59.375,100,67.1875,73.4375,100,87.5,100,100,57.8125,100,100,96.875,100,100,100,35.9375,68.75,100,92.1875,64.0625,100,100,56.25,84.375,100,90.625,45.3125,68.75,100,100,100,100,45.3125,100,59.375,43.75,100,62.5,100,100,100,89.0625,89.0625,100,54.6875,82.8125,100,51.5625,100,64.0625,78.125,87.5,79.6875,100,100,35.9375,62.5,100,92.1875,100,100,100,100
"6046",87.5,100,40.625,100,87.5,90.625,70.3125,100,28.125,87.5,57.8125,100,100,100,76.5625,75,85.9375,78.125,100,100,96.875,100,100,100,10.9375,100,100,95.3125,82.8125,100,100,100,100,100,100,96.875,82.8125,100,100,100,67.1875,64.0625,79.6875,100,100,100,100,100,67.1875,87.5,75,100,100,71.875,81.25,100,7.8125,100,100,40.625,82.8125,54.6875,98.4375,100,100,100,98.4375,100,71.875,100,59.375,76.5625,100,100,64.0625,100,100,56.25,56.25,100,50,65.625,84.375,76.5625,100,100,39.0625,29.6875,100,100,54.6875,84.375,100,48.4375,100,98.4375,100,62.5,100,100,75,100,100,92.1875,85.9375,40.625,96.875,51.5625,85.9375,100,76.5625,84.375,100,100,34.375,100,100,100,100,100,67.1875,100,100,96.875,96.875,53.125,100,18.75,100,100,100,100,100,100,87.5,59.375,60.9375,78.125,100,100,100,100,43.75,85.9375,100,100,92.1875,100,53.125,84.375,50,40.625,79.6875,93.75,96.875,100,76.5625,100,100,4.6875,100,100,90.625,100,89.0625,71.875,100,85.9375,62.5,100,78.125,71.875,100,60.9375,100,93.75,85.9375,100,100,100,100,92.1875,100,71.875,87.5,100,29.6875,43.75,100,87.5,100,100,76.5625,100,95.3125,100,79.6875,54.6875,100,100,34.375,100,96.875,100,100,100,100,100,73.4375,100,46.875,100,100,100,85.9375,78.125,35.9375,68.75,100,39.0625,100,70.3125,100,75,100,54.6875,57.8125,100,64.0625,100,82.8125,95.3125,100,100,100,100,90.625,60.9375,76.5625,100,100,100,100,100,100,53.125,82.8125,87.5,100,62.5,100,79.6875,42.1875,100,89.0625,57.8125,100,60.9375,100,100,100,98.4375,51.5625,92.1875,32.8125,34.375,100,100,84.375,100,59.375,92.1875,100,100,81.25,25,70.3125,100,68.75,100,100,100,100,100,100,100,32.8125,98.4375,92.1875,90.625,84.375,100,45.3125,50,100,100,98.4375,96.875,70.3125,75,53.125,100,95.3125,85.9375,100,81.25,78.125,39.0625,70.3125,100,100,59.375,34.375,100,96.875,95.3125,100,100,78.125,50,20.3125,100,54.6875,100,56.25,60.9375,100,64.0625,100,62.5,87.5,71.875,76.5625,95.3125,100,32.8125,100,89.0625,100,100,62.5,79.6875,53.125,100,65.625,68.75,34.375,100,85.9375,68.75,100,68.75,100,39.0625,68.75,100,100,93.75,50,70.3125,85.9375,93.75,100,100,82.8125,92.1875,76.5625,79.6875,98.4375,100,100,100,90.625,79.6875,82.8125,100,87.5,100,75,100,87.5,85.9375,68.75,100,100,100,100,100,62.5,92.1875,95.3125,76.5625,100,100,100,79.6875,100,56.25,85.9375,14.0625,100,100,100,100,100,23.4375,40.625,79.6875,70.3125,96.875,68.75,95.3125,100,68.75,100,90.625,34.375,48.4375,100,75,64.0625,93.75,100,100,100,35.9375,43.75,100,100,100,82.8125,100,81.25,100,79.6875,92.1875,59.375,100,100,100,100,93.75,87.5,84.375,100,100,100,84.375,79.6875,93.75,96.875,100,100,100,84.375,73.4375,100,84.375,100,100,76.5625,68.75,85.9375,100,89.0625,71.875,100,100,100,68.75,70.3125,39.0625,57.8125,98.4375,100,89.0625,100,100,100,82.8125,78.125,100,78.125,70.3125,82.8125,100,48.4375,100,68.75,75,100,79.6875,81.25,100,37.5,100,100,100,70.3125,73.4375,73.4375,100,100,100,85.9375,92.1875,100,82.8125,100,100,64.0625,78.125,68.75,100,100,92.1875,100,100,100,100,100,65.625,100,57.8125,78.125,96.875,100,90.625,51.5625,100,51.5625,100,89.0625,100,84.375,68.75,100,82.8125,76.5625,100,100,65.625,100,34.375,50,100,84.375,95.3125,100,70.3125,100,100,100,100,98.4375,43.75,81.25,100,100,100,89.0625,71.875,100,100,100,50,43.75,100,100,100,67.1875,100,92.1875,95.3125,21.875,76.5625,100,68.75,100,100,65.625,90.625,100,100,81.25,100,100,71.875,100,60.9375,100,59.375,100,100,100,100,82.8125,100,100,95.3125,100,100,100,93.75,71.875,100,54.6875,56.25,100,70.3125,70.3125,100,76.5625,100,67.1875,100,100,100,100,100,35.9375,100,87.5,85.9375,100,64.0625,100,95.3125,100,100,78.125,100,100,100,100,100,100,81.25,100,76.5625,100,100,34.375,51.5625,75,82.8125,56.25,93.75,100,21.875,100,90.625,93.75,100,45.3125,28.125,59.375,62.5,50,90.625,100,100,64.0625,100,100,31.25,100,82.8125,54.6875,59.375,35.9375,73.4375,71.875,98.4375,75,100,92.1875,68.75,84.375,65.625,42.1875,84.375,93.75,35.9375,100,100,90.625,100,100,100,100,78.125,100,45.3125,68.75,100,100,65.625,54.6875,64.0625,46.875,100,46.875,100,100,100,100,100,100,56.25,100,75,90.625,84.375,100,100,73.4375,53.125,100,100,37.5,100,100,100,84.375,100,100,100,100,100,100,85.9375,100,100,100,82.8125,100,100,100,89.0625,42.1875,100,70.3125,100,100,100,64.0625,100,100,34.375,87.5,100,67.1875,64.0625,71.875,100,100,65.625,81.25,100,100,73.4375,100,32.8125,31.25,71.875,87.5,100,100,48.4375,100,67.1875,73.4375,9.375,100,100,65.625,43.75,59.375,48.4375,84.375,100,100,100,100,100,76.5625,95.3125,100,90.625,100,100,78.125,64.0625,93.75,100,79.6875,73.4375,100,100,100,57.8125,78.125,85.9375,100,46.875,93.75,100,100,82.8125,100,84.375,100,89.0625,81.25,100,39.0625,93.75,100,100,53.125,26.5625,56.25,100,100,100,100,95.3125,62.5,100,100,82.8125,84.375,100,100,28.125,100,70.3125,89.0625,78.125,45.3125,100,15.625,100,54.6875,100,100,64.0625,81.25,70.3125,100,65.625,100,67.1875,100,76.5625,53.125,67.1875,100,100,93.75,100,100,100,96.875,100,100,100,100,100,100,100,100,100,100,64.0625,56.25,100,68.75,100,81.25,95.3125,60.9375,67.1875,100,71.875,100,100,53.125,100,64.0625,71.875,59.375,89.0625,100,100,59.375,59.375,100,100,73.4375,62.5,100,100,100,96.875,90.625,71.875,100,100,100,100,100,65.625,100,20.3125,100,78.125,85.9375,85.9375,56.25,100,76.5625,62.5,93.75,100,35.9375,100,76.5625,100,75,98.4375,70.3125,62.5,100,100,57.8125,100,79.6875,100,100,81.25,100,100,59.375,100,100,20.3125,46.875,93.75,25,67.1875,100,100,100,65.625,100,100,100,100,100,100,92.1875,95.3125,100,100,96.875,100,57.8125,100,100,60.9375,70.3125,100,100,28.125,53.125,100,85.9375,100,100,100,79.6875,100,31.25,100,45.3125,100,70.3125,71.875,100,100,85.9375,100,100,100,100,100,100,100,100,100,60.9375,87.5,100,100,98.4375,73.4375,93.75,100,73.4375,100,100,100,20.3125,84.375,100,82.8125,100,81.25,100,100,100,54.6875,100,100,81.25,100,100,100,81.25,100,75,100,93.75,90.625,100,100,100,100,82.8125,100,100,100,76.5625,75,14.0625,100,100,100,100,100,100,100,76.5625,100,82.8125,100,100,84.375,100,100,100,9.375,100,87.5,90.625,93.75,100,100,100,100,67.1875,93.75,100,84.375,75,100,98.4375,76.5625,100,100,79.6875,100,100,43.75,100,81.25,100,100,67.1875,100,100,42.1875,100,100,87.5,89.0625,100,34.375,76.5625,100,100,100,95.3125,15.625,100,78.125,100,73.4375,100,100,100,100,100,90.625,100,64.0625,60.9375,89.0625,100,100,89.0625,100,85.9375,100,100,100,100,100,73.4375,64.0625,100,95.3125,100,100,79.6875,48.4375,100,82.8125,100,50,100,100,100,100,100,68.75,100,81.25,100,100,100,53.125,100,100,57.8125,65.625,100,93.75,100,59.375,100,98.4375,75,76.5625,100,100,100,100,100,100,100,100,64.0625,62.5,100,100,64.0625,100,100,100,87.5,68.75,92.1875,100,100,76.5625,100,96.875,100,76.5625,76.5625,100,100,100,85.9375,96.875,100,79.6875,75,100,96.875,100,100,98.4375,95.3125,100,48.4375,51.5625,21.875,100,67.1875,89.0625,100,100,100,100,51.5625,71.875,92.1875,40.625,100,100,100,100,100,100,100,100,100,100,100,62.5,98.4375,54.6875,40.625,60.9375,100,100,100,17.1875,95.3125,82.8125,100,100,35.9375,100,100,84.375,100,92.1875,100,100,100,34.375,100,64.0625,68.75,100,100,100,100,35.9375,71.875,100,79.6875,100,89.0625,53.125,100,31.25,100,100,100,100,60.9375,68.75,100,70.3125,100,100,100,100,100,98.4375,68.75,51.5625,89.0625,78.125,100,79.6875,76.5625,71.875,92.1875,67.1875,60.9375,50,100,89.0625,62.5,25,100,75,35.9375,100,45.3125,62.5,100,93.75,100,100,100,100,100,75,100,100,95.3125,75,100,96.875,100,85.9375,100,100,100,64.0625,100,100,100,78.125,100,100,59.375,60.9375,100,100,100,95.3125,100,89.0625,100,100,100,100,89.0625,56.25,100,100,100,68.75,100,42.1875,100,34.375,62.5,37.5,89.0625,85.9375,100,100,89.0625,71.875,73.4375,40.625,43.75,100,100,76.5625,60.9375,60.9375,100,62.5,92.1875,95.3125,95.3125,90.625,100,40.625,100,93.75,56.25,100,100,93.75,100,100,100,81.25,100,67.1875,81.25,93.75,100,100,100,73.4375,20.3125,100,100,100,100,100,76.5625,100,100,70.3125,79.6875,100,87.5,100,100,100,93.75,37.5,34.375,62.5,46.875,75,57.8125,95.3125,100,100,100,85.9375,100,100,59.375,40.625,39.0625,100,76.5625,71.875,82.8125,95.3125,46.875,100,100,56.25,85.9375,100,100,76.5625,100,100,92.1875,100,39.0625,100,93.75,100,100,100,92.1875,100,100,100,35.9375,100,100,100,100,82.8125,87.5,73.4375,100,100,76.5625,71.875,100,87.5,100,76.5625,53.125,76.5625,92.1875,100,79.6875,100,100,96.875,46.875,100,100,95.3125,79.6875,76.5625,100,100,73.4375,100,100,100,100,100,92.1875,100,79.6875,40.625,68.75,100,87.5,100,32.8125,100,100,100,100,100,100,34.375,89.0625,93.75,100,100,100,100,100,100,93.75,100,100,100,76.5625,100,57.8125,100,92.1875,100,100,100,95.3125,68.75,100,100,37.5,7.8125,51.5625,100,90.625,100,87.5,46.875,76.5625,100,100,100,100,35.9375,100,75,100,100,100,68.75,100,100,100,100,40.625,100,100,100,79.6875,95.3125,100,98.4375,92.1875,100,75,78.125,79.6875,51.5625,79.6875,53.125,82.8125,59.375,71.875,71.875,100,100,100,59.375,90.625,100,87.5,79.6875,51.5625,67.1875,29.6875,100,84.375,100,100,100,93.75,100,100,100,84.375,29.6875,100,100,100,100,21.875,84.375,100,67.1875,100,100,93.75,100,100,98.4375,100,100,84.375,100,100,100,100,100,100,100,100,100,100,100,100,59.375,100,100,95.3125,81.25,65.625,100,100,100,90.625,71.875,57.8125,71.875,100,100,67.1875,35.9375,100,85.9375,70.3125,100,81.25,100,20.3125,100,100,100,71.875,54.6875,100,79.6875,100,100,89.0625,100,28.125,82.8125,78.125,56.25,100,100,87.5,100,96.875,75,100,96.875,82.8125,62.5,100,28.125,50,100,95.3125,62.5,18.75,57.8125,87.5,100,100,100,93.75,100,42.1875,20.3125,100,100,100,100,93.75,100,100,100,100,100,90.625,48.4375,100,100,100,82.8125,78.125,100,100,100,100,87.5,100,68.75,54.6875,100,100,100,48.4375,90.625,100,100,100,100,87.5,42.1875,100,100,100,73.4375,67.1875,100,67.1875,93.75,100,29.6875,59.375,62.5,96.875,81.25,100,100,100,50,100,71.875,92.1875,100,100,100,100,79.6875,100,100,100,100,82.8125,100,46.875,100,9.375,84.375,100,100,56.25,100,100,82.8125,100,32.8125,51.5625,93.75,100,59.375,75,100,100,100,100,42.1875,92.1875,100,76.5625,100,34.375,100,68.75,89.0625,100,100,100,100,81.25,37.5,67.1875,32.8125,95.3125,29.6875,68.75,100,31.25,100,51.5625,100,100,75,100,100,100,68.75,100,100,75,100,100,95.3125,15.625,40.625,100,71.875,64.0625,75,100,57.8125,82.8125,92.1875,50,100,68.75,100,100,100,100,23.4375,81.25,96.875,96.875,57.8125,100,87.5,95.3125,100,100,100,100,65.625,100,62.5,100,53.125,100,73.4375,100,50,46.875,100,67.1875,100,79.6875,100,54.6875,100,100,100,100,100,67.1875,39.0625,100,100,78.125,100,70.3125,100,100,100,81.25,100,81.25,100,100,82.8125,100,70.3125,48.4375,100,100,100,50,100,60.9375,100,42.1875,35.9375,100,75,76.5625,100,31.25,100,100,100,57.8125,100,98.4375,56.25,87.5,100,100,93.75,57.8125,42.1875,100,75,100,100,89.0625,70.3125,100,53.125,43.75,21.875,100,70.3125,60.9375,89.0625,100,73.4375,85.9375,95.3125,100,100,100,100,100,100,65.625,85.9375,96.875,100,100,79.6875,37.5,100,100,100,100,85.9375,100,100,67.1875,84.375,100,100,100,62.5,68.75,100,100,87.5,92.1875,43.75,100,40.625,84.375,100,79.6875,100,100,85.9375,71.875,100,90.625,100,100,95.3125,100,100,70.3125,45.3125,51.5625,100,100,100,100,100,100,100,32.8125,100,100,23.4375,100,93.75,95.3125,73.4375,100,100,100,60.9375,100,100,100,100,95.3125,100,76.5625,82.8125,100,100,100,84.375,100,100,100,67.1875,100,85.9375,64.0625,100,100,34.375,93.75,79.6875,93.75,100,71.875,64.0625,57.8125,64.0625,100,100,100,100,100,34.375,100,70.3125,100,100,71.875,100,100,40.625,68.75,100,100,100,37.5,100,100,10.9375,45.3125,100,10.9375,100,100,73.4375,96.875,90.625,78.125,100,100,95.3125,78.125,100,100,35.9375,100,100,100,71.875,100,100,100,100,100,85.9375,100,100,100,100,100,100,84.375,81.25,100,100,96.875,100,100,100,100,92.1875,100,56.25,100,100,62.5,100,62.5,71.875,76.5625,75,70.3125,59.375,100,100,100,100,100,82.8125,71.875,35.9375,96.875,100,59.375,31.25,100,100,90.625,100,98.4375,85.9375,100,87.5,60.9375,98.4375,96.875,100,73.4375,50,100,100,100,92.1875,73.4375,85.9375,100,100,100,32.8125,65.625,100,96.875,26.5625,100,100,60.9375,100,100,67.1875,53.125,100,84.375,81.25,95.3125,78.125,100,90.625,100,100,81.25,96.875,23.4375,65.625,76.5625,70.3125,39.0625,100,68.75,100,100,54.6875,100,100,34.375,100,87.5,75,84.375,67.1875,100,100,17.1875,96.875,98.4375,62.5,100,89.0625,87.5,100,100,37.5,51.5625,93.75,100,84.375,100,100,98.4375,70.3125,57.8125,100,100,100,100,93.75,100,100,78.125,76.5625,67.1875,87.5,100,62.5,100,100,100,57.8125,100,89.0625,95.3125,92.1875,34.375,100,17.1875,100,100,95.3125,39.0625,26.5625,85.9375,100,100,40.625,40.625,50,68.75,100,100,71.875,62.5,100,78.125,100,100,67.1875,67.1875,78.125,100,100,100,100,100,54.6875,82.8125,100,90.625,100,87.5,100,54.6875,18.75,100,71.875,62.5,100,79.6875,93.75,78.125,100,100,93.75,54.6875,100,100,100,87.5,100,100,100,84.375,100,100,100,31.25,100,100,93.75,78.125,100,100,100,100,76.5625,64.0625,42.1875,67.1875,100,100,100,100,100,96.875,62.5,42.1875,98.4375,65.625,100,100,85.9375,100,100,100,15.625,100,62.5,100,79.6875,100,85.9375,100,28.125,100,48.4375,73.4375,100,100,100,100,87.5,87.5,85.9375,100,100,92.1875,100,53.125,100,82.8125,100,100,70.3125,54.6875,85.9375,96.875,70.3125,100,48.4375,85.9375,100,100,100,100,100,100,100,45.3125,31.25,100,82.8125,100,100,100,18.75,92.1875,70.3125,87.5,100,100,89.0625,100,100,100,71.875,73.4375,25,100,100,100,100,100,100,100,100,100,100,100,92.1875,73.4375,85.9375,39.0625,100,25,100,100,15.625,54.6875,100,100,50,100,70.3125,89.0625,100,100,100,100,85.9375,71.875,100,90.625,100,40.625,100,98.4375,81.25,65.625,67.1875,100,98.4375,100,98.4375,100,100,82.8125,100,100,62.5,87.5,100,100,75,100,100,100,57.8125,90.625,100,100,96.875,100,100,100,68.75,100,95.3125,59.375,100,100,64.0625,100,100,64.0625,100,100,82.8125,100,100,100,100,56.25,70.3125,64.0625,100,25,76.5625,51.5625,100,54.6875,57.8125,100,85.9375,98.4375,67.1875,100,82.8125,100,85.9375,73.4375,100,100,100,100,46.875,100,100,60.9375,57.8125,93.75,100,78.125,100,89.0625,100,78.125,100,100,98.4375,100,100,70.3125,73.4375,35.9375,100,79.6875,100,92.1875,100,35.9375,100,43.75,100,57.8125,100,100,100,100,100,75,100,100,100,100,100,81.25,100,48.4375,100,100,100,100,95.3125,100,54.6875,100,100,100,65.625,100,87.5,45.3125,32.8125,100,96.875,87.5,65.625,96.875,82.8125,64.0625,100,100,37.5,12.5,100,53.125,35.9375,100,100,71.875,93.75,68.75,100,100,100,100,26.5625,100,82.8125,100,75,95.3125,100,92.1875,65.625,100,64.0625,51.5625,100,100,100,78.125,100,100,100,65.625,87.5,100,76.5625,100,79.6875,90.625,100,98.4375,84.375,89.0625,100,100,100,67.1875,100,84.375,100,100,100,96.875,100,100,39.0625,68.75,96.875,89.0625,42.1875,45.3125,100,100,100,45.3125,81.25,100,100,100,100,81.25,79.6875,98.4375,79.6875,67.1875,100,84.375,67.1875,25,100,21.875,95.3125,100,57.8125,100,100,48.4375,81.25,100,84.375,54.6875,100,100,100,100,75,39.0625,100,100,53.125,100,100,71.875,71.875,100,100,59.375,93.75,71.875,100,100,81.25,81.25,100,100,100,100,37.5,100,76.5625,100,100,100,42.1875,100,100,57.8125,100,100,100,90.625,100,95.3125,100,100,100,100,62.5,59.375,100,57.8125,100,92.1875,100,42.1875,87.5,100,100,100,100,35.9375,100,50,100,92.1875,100,100,100,79.6875,87.5,96.875,100,93.75,54.6875,48.4375,65.625,100,100,100,100,64.0625,100,14.0625,100,71.875,90.625,70.3125,100,70.3125,67.1875,92.1875,70.3125,98.4375,21.875,95.3125,64.0625,65.625,31.25,37.5,100,57.8125,100,100,32.8125,100,100,59.375,65.625,100,100,75,82.8125,81.25,79.6875,75,100,100,100,64.0625,100,100,90.625,100,100,65.625,85.9375,100,100,57.8125,100,35.9375,100,100,100,100,31.25,100,79.6875,54.6875,100,51.5625,56.25,100,100,67.1875,84.375,100,100,100,100,71.875,98.4375,25,100,68.75,100,95.3125,100,75,81.25,29.6875,100,100,48.4375,67.1875,100,100,79.6875,100,100,35.9375,100,100,100,100,100,79.6875,100,100,100,100,93.75,92.1875,53.125,100,53.125,100,100,100,100,100,67.1875,100,60.9375,100,100,92.1875,98.4375,100,85.9375,45.3125,100,93.75,100,100,100,82.8125,100,68.75,78.125,100,26.5625,100,100,100,100,100,31.25,1.5625,96.875,25,28.125,100,87.5,100,100,92.1875,100,100,100,100,84.375,100,100,100,100,100,92.1875,100,100,42.1875,35.9375,56.25,100,53.125,100,76.5625,100,75,100,45.3125,64.0625,100,100,48.4375,100,100,96.875,100,98.4375,73.4375,100,100,53.125,92.1875,95.3125,71.875,26.5625,100,100,100,100,100,100,43.75,100,68.75,75,84.375,85.9375,100,57.8125,73.4375,100,92.1875,100,100,57.8125,100,67.1875,85.9375,100,93.75,95.3125,89.0625,53.125,100,100,96.875,100,64.0625,100,35.9375,67.1875,93.75,84.375,64.0625,100,100,64.0625,73.4375,100,90.625,42.1875,45.3125,84.375,100,90.625,71.875,37.5,100,59.375,43.75,100,100,100,100,100,89.0625,70.3125,100,54.6875,100,100,51.5625,95.3125,57.8125,76.5625,60.9375,78.125,100,96.875,100,62.5,100,92.1875,96.875,100,100,100
"6047",100,100,43.75,100,100,85.9375,68.75,95.3125,20.3125,98.4375,100,100,100,100,75,76.5625,85.9375,96.875,71.875,100,96.875,100,100,100,18.75,100,100,100,79.6875,100,100,100,100,93.75,100,96.875,79.6875,100,100,90.625,67.1875,64.0625,92.1875,100,100,100,100,100,68.75,89.0625,75,100,100,70.3125,71.875,100,15.625,100,100,39.0625,92.1875,54.6875,98.4375,100,100,100,59.375,100,79.6875,100,59.375,67.1875,100,100,79.6875,79.6875,100,100,50,100,54.6875,96.875,87.5,79.6875,100,100,100,39.0625,100,100,56.25,82.8125,100,48.4375,54.6875,90.625,100,59.375,100,100,87.5,100,100,92.1875,92.1875,45.3125,100,53.125,85.9375,85.9375,76.5625,71.875,100,100,34.375,100,100,100,87.5,100,65.625,100,100,82.8125,100,53.125,100,18.75,100,100,100,100,89.0625,100,90.625,65.625,56.25,78.125,100,100,100,100,45.3125,40.625,100,100,100,100,59.375,79.6875,57.8125,34.375,78.125,93.75,98.4375,96.875,76.5625,100,100,3.125,100,100,92.1875,100,89.0625,71.875,100,84.375,64.0625,100,79.6875,70.3125,100,65.625,100,100,89.0625,100,100,100,100,96.875,100,65.625,100,100,29.6875,100,100,87.5,100,28.125,79.6875,100,95.3125,100,70.3125,56.25,100,98.4375,75,100,96.875,100,100,100,100,100,68.75,100,42.1875,93.75,100,100,78.125,78.125,34.375,95.3125,100,56.25,100,82.8125,100,100,100,54.6875,76.5625,100,67.1875,100,73.4375,71.875,100,100,100,100,84.375,59.375,95.3125,100,100,100,100,89.0625,100,54.6875,82.8125,87.5,100,73.4375,100,76.5625,10.9375,96.875,76.5625,59.375,100,89.0625,100,100,100,98.4375,62.5,95.3125,50,95.3125,100,100,100,100,65.625,54.6875,100,100,95.3125,34.375,85.9375,100,70.3125,100,34.375,100,100,100,100,100,32.8125,98.4375,100,92.1875,79.6875,100,46.875,53.125,100,100,100,93.75,70.3125,75,34.375,100,64.0625,76.5625,100,82.8125,76.5625,100,92.1875,100,100,57.8125,29.6875,100,60.9375,93.75,100,100,67.1875,40.625,89.0625,100,50,100,45.3125,57.8125,100,68.75,100,60.9375,87.5,100,57.8125,92.1875,100,32.8125,100,87.5,96.875,100,100,78.125,53.125,100,67.1875,68.75,68.75,100,100,46.875,100,78.125,100,35.9375,70.3125,100,89.0625,70.3125,46.875,89.0625,85.9375,79.6875,100,100,84.375,90.625,100,82.8125,98.4375,100,100,100,93.75,81.25,82.8125,100,95.3125,96.875,81.25,100,87.5,87.5,95.3125,100,100,100,100,100,64.0625,93.75,100,71.875,98.4375,100,100,79.6875,100,67.1875,93.75,21.875,100,100,100,100,100,26.5625,57.8125,100,70.3125,79.6875,68.75,96.875,100,75,100,95.3125,34.375,57.8125,100,75,60.9375,90.625,100,100,100,100,42.1875,100,96.875,100,82.8125,100,92.1875,100,70.3125,65.625,54.6875,100,100,100,100,93.75,84.375,87.5,98.4375,100,100,64.0625,92.1875,93.75,96.875,100,100,100,82.8125,73.4375,100,57.8125,100,100,76.5625,62.5,90.625,100,46.875,78.125,100,28.125,100,100,64.0625,34.375,46.875,100,100,89.0625,100,100,100,90.625,75,100,100,62.5,82.8125,100,51.5625,100,67.1875,75,100,76.5625,78.125,100,50,100,100,100,67.1875,87.5,76.5625,100,100,100,85.9375,59.375,100,85.9375,100,100,64.0625,75,68.75,100,100,100,59.375,100,100,100,81.25,70.3125,73.4375,64.0625,75,96.875,100,95.3125,48.4375,100,51.5625,100,92.1875,100,85.9375,70.3125,100,82.8125,84.375,98.4375,76.5625,65.625,100,35.9375,48.4375,100,84.375,93.75,100,70.3125,100,100,100,100,100,46.875,67.1875,100,100,100,40.625,71.875,51.5625,100,100,89.0625,43.75,78.125,100,100,78.125,100,89.0625,100,23.4375,95.3125,100,68.75,100,100,62.5,54.6875,18.75,100,85.9375,90.625,100,68.75,100,64.0625,100,64.0625,100,100,100,32.8125,82.8125,100,100,96.875,100,93.75,100,100,32.8125,100,60.9375,53.125,100,87.5,100,84.375,76.5625,100,67.1875,100,62.5,95.3125,100,100,35.9375,100,100,85.9375,100,100,100,92.1875,100,100,76.5625,100,100,100,100,100,100,82.8125,100,100,100,100,26.5625,42.1875,76.5625,82.8125,60.9375,75,100,26.5625,100,93.75,93.75,100,45.3125,6.25,64.0625,48.4375,50,93.75,100,100,100,100,100,37.5,100,82.8125,54.6875,59.375,67.1875,78.125,67.1875,98.4375,76.5625,92.1875,90.625,85.9375,85.9375,62.5,40.625,79.6875,93.75,62.5,90.625,100,100,100,100,100,100,76.5625,100,45.3125,68.75,100,100,60.9375,57.8125,76.5625,46.875,100,50,100,100,100,100,100,100,54.6875,100,75,90.625,82.8125,100,100,64.0625,100,100,100,34.375,100,100,100,82.8125,100,100,100,100,100,100,73.4375,100,100,100,100,100,100,100,90.625,100,100,70.3125,100,100,100,64.0625,100,100,35.9375,85.9375,100,76.5625,62.5,60.9375,90.625,100,64.0625,100,100,100,100,70.3125,90.625,35.9375,78.125,100,100,100,48.4375,79.6875,92.1875,70.3125,15.625,100,100,100,43.75,100,48.4375,84.375,84.375,100,93.75,100,100,82.8125,100,100,92.1875,100,90.625,73.4375,64.0625,100,100,81.25,45.3125,100,100,100,56.25,100,84.375,100,53.125,92.1875,100,100,82.8125,100,82.8125,100,87.5,70.3125,100,100,92.1875,100,100,60.9375,35.9375,70.3125,100,100,100,100,96.875,62.5,100,100,65.625,95.3125,100,100,28.125,100,68.75,82.8125,78.125,45.3125,100,100,100,56.25,100,100,100,79.6875,71.875,100,78.125,100,67.1875,100,76.5625,35.9375,67.1875,100,100,89.0625,100,100,100,98.4375,96.875,100,100,100,100,21.875,100,100,100,100,64.0625,71.875,100,68.75,93.75,81.25,100,60.9375,46.875,100,31.25,100,100,57.8125,93.75,64.0625,100,35.9375,100,100,100,40.625,57.8125,100,92.1875,73.4375,67.1875,100,100,100,96.875,100,73.4375,100,100,100,100,100,60.9375,100,20.3125,100,78.125,100,75,48.4375,100,60.9375,62.5,93.75,100,35.9375,100,84.375,100,79.6875,100,70.3125,100,100,100,56.25,71.875,93.75,100,100,81.25,100,100,70.3125,100,100,28.125,100,100,25,100,100,100,100,67.1875,100,100,100,100,100,100,92.1875,90.625,100,100,100,82.8125,53.125,100,71.875,70.3125,68.75,100,90.625,28.125,48.4375,100,82.8125,100,100,100,82.8125,100,32.8125,100,45.3125,89.0625,70.3125,70.3125,100,87.5,84.375,100,100,100,100,100,100,100,100,100,60.9375,85.9375,100,100,96.875,68.75,95.3125,100,100,100,100,100,100,84.375,71.875,59.375,100,100,100,100,100,45.3125,50,100,79.6875,100,100,100,84.375,100,70.3125,100,68.75,100,100,100,100,100,81.25,89.0625,100,79.6875,76.5625,73.4375,70.3125,100,100,64.0625,100,100,100,100,79.6875,100,82.8125,100,51.5625,100,100,100,100,10.9375,100,85.9375,100,93.75,100,100,96.875,100,67.1875,96.875,100,84.375,75,100,100,73.4375,100,100,79.6875,100,100,50,100,100,100,100,71.875,100,100,40.625,100,100,87.5,67.1875,93.75,32.8125,75,100,100,100,82.8125,17.1875,100,100,100,64.0625,100,100,100,100,100,78.125,87.5,65.625,85.9375,90.625,96.875,100,89.0625,100,87.5,100,100,64.0625,100,100,75,68.75,67.1875,93.75,100,65.625,82.8125,64.0625,100,81.25,100,51.5625,100,100,100,100,100,43.75,100,87.5,100,100,100,53.125,100,100,57.8125,65.625,100,93.75,100,60.9375,100,100,73.4375,79.6875,95.3125,93.75,100,100,100,100,100,100,64.0625,53.125,89.0625,100,76.5625,100,100,100,78.125,62.5,89.0625,100,100,56.25,92.1875,96.875,100,82.8125,76.5625,100,87.5,100,87.5,95.3125,100,75,75,100,98.4375,100,100,85.9375,98.4375,100,100,51.5625,68.75,100,100,84.375,100,100,100,100,43.75,59.375,95.3125,39.0625,96.875,100,100,100,100,100,100,71.875,100,100,100,62.5,98.4375,56.25,93.75,76.5625,100,100,100,12.5,95.3125,81.25,62.5,100,32.8125,100,100,90.625,100,85.9375,100,100,100,34.375,100,48.4375,71.875,100,100,100,100,35.9375,73.4375,100,100,95.3125,89.0625,53.125,100,29.6875,100,100,100,100,60.9375,67.1875,100,68.75,100,85.9375,100,100,100,43.75,100,53.125,89.0625,73.4375,100,79.6875,67.1875,73.4375,90.625,67.1875,100,50,100,70.3125,65.625,93.75,100,81.25,37.5,100,42.1875,79.6875,100,93.75,100,100,100,100,100,75,100,100,43.75,85.9375,100,78.125,100,85.9375,87.5,100,100,53.125,100,100,100,87.5,100,100,60.9375,62.5,100,84.375,100,100,100,89.0625,100,100,100,100,89.0625,48.4375,100,100,100,70.3125,100,42.1875,87.5,100,64.0625,29.6875,90.625,89.0625,100,100,95.3125,75,75,54.6875,43.75,100,100,76.5625,62.5,75,100,51.5625,89.0625,96.875,100,90.625,100,50,79.6875,57.8125,51.5625,87.5,100,93.75,100,100,100,78.125,89.0625,62.5,85.9375,92.1875,100,100,100,73.4375,23.4375,35.9375,20.3125,93.75,85.9375,100,75,96.875,85.9375,73.4375,84.375,100,93.75,100,100,100,100,37.5,37.5,67.1875,50,75,59.375,93.75,100,100,100,34.375,100,100,71.875,45.3125,87.5,100,73.4375,75,100,100,46.875,96.875,100,100,100,100,100,70.3125,100,100,92.1875,100,35.9375,85.9375,92.1875,100,100,100,95.3125,100,100,100,100,93.75,100,100,100,84.375,82.8125,71.875,100,100,70.3125,70.3125,100,93.75,100,75,85.9375,73.4375,100,100,78.125,100,93.75,100,40.625,100,100,93.75,79.6875,73.4375,100,100,65.625,100,87.5,100,100,100,100,100,78.125,34.375,65.625,100,85.9375,100,64.0625,100,100,100,100,100,98.4375,100,89.0625,92.1875,100,78.125,100,100,100,100,100,15.625,100,100,93.75,100,64.0625,100,93.75,100,100,100,95.3125,67.1875,95.3125,100,39.0625,7.8125,48.4375,100,100,100,100,45.3125,90.625,100,100,100,100,32.8125,40.625,81.25,100,100,100,73.4375,100,100,100,100,45.3125,95.3125,100,100,71.875,98.4375,100,100,89.0625,100,75,87.5,78.125,53.125,79.6875,96.875,76.5625,39.0625,82.8125,73.4375,100,48.4375,100,100,89.0625,95.3125,87.5,85.9375,53.125,64.0625,28.125,79.6875,85.9375,100,98.4375,95.3125,100,100,100,100,95.3125,31.25,95.3125,100,98.4375,100,20.3125,85.9375,100,98.4375,100,100,100,79.6875,100,98.4375,100,100,84.375,100,100,100,100,75,100,92.1875,100,100,100,100,100,57.8125,100,100,96.875,71.875,100,100,95.3125,100,84.375,71.875,100,73.4375,100,100,70.3125,15.625,100,90.625,73.4375,42.1875,81.25,100,48.4375,100,100,100,75,51.5625,100,85.9375,100,100,87.5,100,25,85.9375,71.875,46.875,100,100,85.9375,100,100,100,59.375,100,87.5,70.3125,100,25,32.8125,100,95.3125,100,100,50,87.5,100,100,100,75,100,40.625,20.3125,100,100,100,100,84.375,100,100,100,100,100,90.625,18.75,90.625,100,100,93.75,87.5,100,79.6875,100,100,100,65.625,64.0625,53.125,100,100,100,100,95.3125,100,100,96.875,100,100,42.1875,100,100,100,62.5,76.5625,100,67.1875,100,100,26.5625,45.3125,62.5,93.75,82.8125,100,100,100,39.0625,100,85.9375,92.1875,100,100,100,100,82.8125,100,100,100,100,90.625,100,48.4375,100,18.75,85.9375,85.9375,100,100,100,100,82.8125,100,28.125,53.125,100,100,53.125,89.0625,100,100,100,100,64.0625,90.625,81.25,76.5625,100,37.5,100,68.75,84.375,100,100,100,100,96.875,100,31.25,100,93.75,26.5625,68.75,100,20.3125,100,53.125,100,100,75,100,100,100,68.75,64.0625,100,90.625,100,100,93.75,62.5,42.1875,100,67.1875,48.4375,75,100,67.1875,82.8125,92.1875,39.0625,100,71.875,100,100,100,100,25,79.6875,100,100,25,100,87.5,98.4375,100,100,100,100,65.625,100,64.0625,100,25,100,75,89.0625,100,50,100,100,100,79.6875,100,56.25,100,100,100,100,93.75,96.875,34.375,100,100,68.75,100,90.625,100,100,100,82.8125,31.25,82.8125,100,100,100,100,92.1875,50,95.3125,98.4375,100,37.5,100,56.25,100,40.625,35.9375,100,76.5625,76.5625,100,31.25,95.3125,100,100,62.5,100,93.75,54.6875,100,100,100,93.75,87.5,42.1875,100,78.125,100,100,90.625,84.375,100,53.125,40.625,100,100,75,59.375,89.0625,100,76.5625,81.25,93.75,100,43.75,100,10.9375,100,100,60.9375,98.4375,100,100,100,90.625,42.1875,100,100,100,75,92.1875,100,100,57.8125,54.6875,100,100,100,56.25,67.1875,100,100,76.5625,92.1875,45.3125,100,59.375,87.5,100,85.9375,100,100,82.8125,73.4375,100,89.0625,100,100,100,100,100,71.875,45.3125,95.3125,100,92.1875,100,100,100,100,100,34.375,81.25,100,28.125,100,90.625,95.3125,68.75,100,92.1875,100,54.6875,100,100,100,100,82.8125,100,76.5625,78.125,100,100,100,100,100,100,100,67.1875,100,87.5,64.0625,100,100,37.5,85.9375,79.6875,82.8125,100,85.9375,56.25,59.375,65.625,100,93.75,100,100,100,34.375,100,67.1875,100,100,75,100,64.0625,39.0625,82.8125,100,100,100,32.8125,100,100,10.9375,48.4375,100,56.25,100,100,100,100,92.1875,78.125,100,100,85.9375,73.4375,100,100,9.375,100,100,96.875,73.4375,100,100,100,98.4375,100,85.9375,100,100,100,100,100,100,100,73.4375,100,92.1875,82.8125,100,100,100,100,93.75,78.125,68.75,100,100,62.5,100,60.9375,100,78.125,76.5625,70.3125,62.5,100,100,100,95.3125,100,84.375,81.25,35.9375,95.3125,100,59.375,31.25,79.6875,100,92.1875,100,62.5,78.125,100,85.9375,60.9375,100,93.75,100,73.4375,50,100,100,100,21.875,76.5625,92.1875,100,100,100,42.1875,65.625,100,87.5,42.1875,100,100,59.375,100,78.125,65.625,25,100,85.9375,78.125,81.25,75,100,89.0625,100,100,79.6875,96.875,20.3125,65.625,73.4375,70.3125,39.0625,100,64.0625,100,100,54.6875,100,100,34.375,100,90.625,75,92.1875,67.1875,92.1875,100,17.1875,90.625,100,71.875,100,87.5,100,70.3125,100,20.3125,50,95.3125,100,82.8125,100,100,93.75,54.6875,57.8125,100,68.75,100,100,98.4375,100,100,81.25,78.125,65.625,96.875,100,62.5,100,96.875,79.6875,100,100,100,95.3125,100,34.375,100,100,100,100,100,100,54.6875,87.5,100,100,56.25,40.625,100,75,100,100,75,54.6875,95.3125,95.3125,100,93.75,67.1875,65.625,76.5625,100,100,100,68.75,100,53.125,81.25,100,87.5,100,87.5,92.1875,51.5625,12.5,100,71.875,64.0625,100,79.6875,59.375,87.5,82.8125,100,93.75,54.6875,95.3125,59.375,100,56.25,68.75,100,100,81.25,100,100,100,100,100,100,93.75,73.4375,100,82.8125,100,100,79.6875,100,46.875,67.1875,100,100,100,100,100,98.4375,65.625,42.1875,92.1875,100,100,100,96.875,100,100,100,93.75,64.0625,90.625,100,78.125,100,87.5,100,37.5,100,85.9375,100,100,100,100,100,89.0625,90.625,95.3125,100,100,92.1875,100,59.375,100,100,100,93.75,76.5625,54.6875,93.75,96.875,31.25,100,46.875,85.9375,100,100,100,100,31.25,100,100,100,31.25,100,79.6875,78.125,100,100,45.3125,84.375,65.625,82.8125,100,100,90.625,100,100,100,71.875,100,20.3125,100,100,100,100,100,100,100,100,100,34.375,100,93.75,70.3125,65.625,67.1875,100,25,89.0625,100,40.625,57.8125,100,100,50,100,70.3125,89.0625,100,100,100,100,79.6875,75,100,87.5,100,35.9375,100,100,81.25,65.625,100,100,100,100,98.4375,100,100,81.25,100,100,60.9375,96.875,100,100,75,100,100,100,60.9375,45.3125,100,100,93.75,100,100,100,70.3125,100,85.9375,59.375,100,100,64.0625,100,54.6875,65.625,100,100,89.0625,100,100,100,100,56.25,71.875,85.9375,100,25,75,18.75,100,65.625,56.25,100,90.625,93.75,46.875,100,82.8125,100,82.8125,59.375,68.75,100,100,79.6875,48.4375,93.75,100,70.3125,82.8125,100,100,98.4375,100,92.1875,100,82.8125,100,51.5625,96.875,100,100,100,76.5625,71.875,100,98.4375,100,92.1875,100,29.6875,100,37.5,95.3125,59.375,100,23.4375,100,100,100,76.5625,100,100,100,100,100,56.25,100,53.125,100,100,100,100,96.875,100,56.25,100,100,76.5625,64.0625,64.0625,89.0625,67.1875,35.9375,100,100,87.5,100,85.9375,100,60.9375,100,100,35.9375,12.5,100,54.6875,100,100,100,73.4375,90.625,98.4375,100,100,100,100,25,100,100,90.625,76.5625,95.3125,100,100,59.375,100,64.0625,51.5625,100,100,100,75,100,100,100,60.9375,85.9375,100,57.8125,85.9375,76.5625,92.1875,84.375,98.4375,85.9375,100,100,100,82.8125,64.0625,100,84.375,100,100,100,96.875,100,87.5,39.0625,70.3125,87.5,87.5,18.75,51.5625,100,100,100,46.875,84.375,100,100,95.3125,100,87.5,79.6875,50,79.6875,64.0625,98.4375,100,68.75,40.625,42.1875,70.3125,56.25,100,59.375,100,65.625,50,78.125,100,84.375,54.6875,100,100,100,100,67.1875,37.5,100,100,53.125,100,100,65.625,42.1875,100,100,57.8125,92.1875,45.3125,100,96.875,68.75,87.5,100,100,100,100,37.5,100,84.375,39.0625,100,100,59.375,100,100,76.5625,100,100,100,73.4375,100,89.0625,100,100,100,100,65.625,56.25,100,60.9375,100,89.0625,100,56.25,87.5,100,100,100,100,35.9375,100,50,85.9375,92.1875,100,100,100,95.3125,96.875,85.9375,100,51.5625,56.25,50,100,100,100,100,100,100,100,17.1875,100,84.375,100,71.875,100,85.9375,96.875,32.8125,71.875,82.8125,18.75,100,76.5625,93.75,28.125,37.5,100,29.6875,100,100,32.8125,84.375,100,59.375,89.0625,100,100,65.625,42.1875,71.875,82.8125,67.1875,76.5625,100,100,60.9375,100,100,90.625,100,93.75,70.3125,84.375,100,100,56.25,100,37.5,100,100,100,100,37.5,100,81.25,57.8125,100,51.5625,50,92.1875,100,50,85.9375,100,100,100,100,81.25,93.75,23.4375,100,68.75,100,81.25,100,84.375,87.5,26.5625,100,100,50,64.0625,100,100,56.25,100,100,34.375,100,68.75,100,100,100,81.25,100,62.5,32.8125,100,95.3125,92.1875,48.4375,95.3125,51.5625,100,100,100,100,100,84.375,100,60.9375,100,100,100,92.1875,100,82.8125,46.875,100,100,100,100,100,90.625,100,18.75,70.3125,100,26.5625,100,100,100,100,100,31.25,1.5625,100,23.4375,32.8125,100,90.625,100,100,100,100,100,100,100,85.9375,60.9375,100,93.75,100,100,100,100,85.9375,40.625,35.9375,59.375,100,56.25,100,53.125,78.125,73.4375,100,45.3125,64.0625,100,100,45.3125,100,100,98.4375,100,98.4375,87.5,100,100,100,92.1875,98.4375,59.375,26.5625,100,87.5,100,100,98.4375,100,43.75,48.4375,87.5,70.3125,29.6875,87.5,100,100,75,100,90.625,100,100,57.8125,100,75,84.375,100,79.6875,59.375,50,64.0625,100,100,96.875,100,100,100,29.6875,67.1875,100,48.4375,64.0625,100,100,70.3125,85.9375,100,100,34.375,68.75,42.1875,100,100,100,73.4375,100,59.375,48.4375,100,100,100,100,100,40.625,64.0625,100,54.6875,87.5,100,53.125,10.9375,62.5,92.1875,53.125,78.125,100,100,100,67.1875,100,92.1875,100,100,96.875,100
"6048",89.0625,100,46.875,100,100,84.375,67.1875,100,21.875,96.875,100,100,100,100,85.9375,76.5625,92.1875,93.75,100,100,96.875,100,100,100,10.9375,100,100,93.75,87.5,100,100,100,100,89.0625,100,73.4375,84.375,100,100,92.1875,81.25,68.75,95.3125,100,100,100,100,100,64.0625,85.9375,75,100,89.0625,70.3125,82.8125,100,14.0625,100,35.9375,40.625,87.5,56.25,98.4375,42.1875,100,100,89.0625,100,75,100,59.375,73.4375,100,85.9375,57.8125,100,100,100,50,100,65.625,100,81.25,79.6875,100,100,100,43.75,100,100,56.25,84.375,100,45.3125,76.5625,96.875,100,59.375,100,100,75,100,100,90.625,93.75,45.3125,100,56.25,85.9375,100,70.3125,73.4375,100,100,34.375,100,100,100,100,100,76.5625,100,100,87.5,85.9375,54.6875,100,18.75,100,100,100,100,67.1875,100,90.625,65.625,64.0625,79.6875,100,100,100,100,39.0625,43.75,100,100,98.4375,100,59.375,84.375,57.8125,37.5,78.125,93.75,100,96.875,75,100,100,4.6875,100,100,96.875,100,90.625,71.875,100,82.8125,64.0625,100,100,70.3125,100,100,100,96.875,84.375,100,100,100,93.75,92.1875,100,100,98.4375,100,29.6875,92.1875,75,95.3125,100,100,79.6875,100,100,100,70.3125,56.25,100,100,50,100,96.875,100,100,100,84.375,100,92.1875,100,40.625,62.5,100,100,81.25,78.125,32.8125,68.75,100,39.0625,100,68.75,79.6875,56.25,100,53.125,100,100,100,100,78.125,78.125,100,100,100,100,84.375,60.9375,100,100,100,100,100,100,100,35.9375,57.8125,87.5,100,60.9375,100,79.6875,43.75,100,73.4375,57.8125,100,68.75,100,100,100,98.4375,45.3125,90.625,46.875,100,100,100,73.4375,100,71.875,57.8125,100,100,100,20.3125,67.1875,100,70.3125,20.3125,70.3125,100,100,100,100,100,31.25,98.4375,79.6875,95.3125,81.25,100,56.25,53.125,100,100,93.75,92.1875,67.1875,75,35.9375,100,76.5625,76.5625,100,84.375,82.8125,23.4375,87.5,100,100,100,29.6875,100,100,93.75,100,100,98.4375,45.3125,87.5,79.6875,50,100,59.375,56.25,100,67.1875,100,100,87.5,100,75,100,100,35.9375,90.625,87.5,100,100,100,81.25,54.6875,100,64.0625,68.75,42.1875,100,100,70.3125,64.0625,56.25,89.0625,46.875,71.875,100,95.3125,70.3125,46.875,21.875,87.5,92.1875,100,100,82.8125,64.0625,75,90.625,98.4375,100,89.0625,100,93.75,79.6875,78.125,100,96.875,100,82.8125,100,75,100,100,100,100,100,100,100,57.8125,90.625,100,71.875,100,100,100,79.6875,100,59.375,89.0625,14.0625,100,100,100,62.5,100,37.5,59.375,75,70.3125,84.375,68.75,100,100,56.25,100,39.0625,32.8125,48.4375,100,76.5625,64.0625,93.75,100,100,100,45.3125,40.625,100,96.875,100,82.8125,100,79.6875,100,78.125,60.9375,57.8125,100,100,100,87.5,93.75,100,82.8125,100,100,100,67.1875,95.3125,93.75,96.875,100,100,100,84.375,73.4375,100,70.3125,100,100,76.5625,68.75,100,100,48.4375,67.1875,100,100,100,64.0625,70.3125,34.375,68.75,100,100,89.0625,100,100,100,62.5,100,100,100,64.0625,82.8125,100,57.8125,100,62.5,75,100,79.6875,78.125,93.75,46.875,100,100,100,67.1875,76.5625,68.75,100,100,100,85.9375,68.75,100,85.9375,87.5,100,64.0625,73.4375,68.75,100,100,100,100,100,100,100,100,70.3125,100,59.375,43.75,93.75,100,96.875,48.4375,100,51.5625,100,98.4375,100,85.9375,70.3125,100,82.8125,39.0625,76.5625,84.375,62.5,100,35.9375,48.4375,100,85.9375,100,100,70.3125,100,100,100,100,73.4375,43.75,70.3125,100,100,100,100,71.875,100,100,100,79.6875,64.0625,73.4375,100,100,67.1875,100,90.625,87.5,46.875,100,100,70.3125,100,100,65.625,100,100,100,100,100,100,68.75,100,62.5,100,62.5,100,100,100,100,81.25,100,100,98.4375,100,93.75,100,82.8125,90.625,100,59.375,21.875,100,85.9375,56.25,100,76.5625,100,76.5625,100,100,92.1875,100,100,35.9375,100,100,85.9375,100,37.5,9.375,100,100,100,78.125,100,100,100,100,100,100,100,100,96.875,100,100,26.5625,98.4375,73.4375,100,100,100,100,100,100,92.1875,93.75,100,43.75,4.6875,79.6875,92.1875,50,95.3125,100,96.875,100,100,100,29.6875,100,82.8125,54.6875,59.375,50,75,70.3125,98.4375,78.125,100,100,100,85.9375,64.0625,40.625,71.875,93.75,45.3125,92.1875,100,100,100,100,100,100,78.125,100,45.3125,68.75,100,100,64.0625,57.8125,62.5,46.875,100,59.375,100,92.1875,100,100,100,100,48.4375,100,82.8125,90.625,84.375,100,100,75,100,100,60.9375,39.0625,100,100,100,82.8125,65.625,100,100,100,100,100,71.875,100,100,100,85.9375,100,100,100,84.375,100,100,70.3125,100,95.3125,100,64.0625,100,100,34.375,89.0625,100,84.375,59.375,60.9375,100,100,71.875,81.25,100,100,100,78.125,31.25,32.8125,87.5,100,100,100,48.4375,82.8125,71.875,68.75,9.375,100,100,100,43.75,37.5,48.4375,82.8125,100,100,82.8125,100,100,78.125,100,81.25,95.3125,100,100,64.0625,65.625,87.5,100,67.1875,100,100,100,100,54.6875,100,100,100,65.625,100,100,100,57.8125,100,81.25,100,82.8125,62.5,100,37.5,93.75,100,100,53.125,37.5,100,100,87.5,100,100,96.875,62.5,100,100,82.8125,87.5,100,100,29.6875,100,70.3125,78.125,79.6875,45.3125,100,100,96.875,60.9375,100,100,100,81.25,71.875,100,100,100,67.1875,100,76.5625,15.625,62.5,100,90.625,85.9375,100,17.1875,100,95.3125,100,90.625,100,100,100,28.125,96.875,100,100,100,67.1875,60.9375,100,68.75,100,84.375,100,60.9375,60.9375,100,12.5,100,100,54.6875,100,59.375,65.625,76.5625,100,100,96.875,93.75,60.9375,100,93.75,73.4375,67.1875,100,100,100,98.4375,92.1875,73.4375,100,100,100,100,100,62.5,100,21.875,100,78.125,100,90.625,42.1875,100,65.625,59.375,96.875,39.0625,35.9375,100,78.125,100,81.25,100,70.3125,65.625,100,100,57.8125,82.8125,81.25,87.5,100,81.25,100,100,67.1875,100,100,46.875,100,100,25,68.75,100,100,96.875,60.9375,100,100,100,100,100,100,92.1875,100,60.9375,100,90.625,100,81.25,100,57.8125,64.0625,68.75,100,100,26.5625,26.5625,95.3125,87.5,100,45.3125,54.6875,98.4375,100,29.6875,100,45.3125,81.25,70.3125,70.3125,100,29.6875,10.9375,100,100,100,100,100,100,100,100,100,60.9375,85.9375,34.375,100,98.4375,70.3125,95.3125,100,62.5,100,100,100,100,84.375,100,78.125,100,100,100,100,100,37.5,100,100,96.875,100,100,100,85.9375,100,75,100,96.875,100,100,100,100,100,81.25,100,100,100,76.5625,65.625,67.1875,100,100,18.75,100,100,100,100,79.6875,100,82.8125,100,100,100,100,100,100,6.25,100,87.5,100,100,100,100,100,100,70.3125,92.1875,100,84.375,28.125,100,100,73.4375,100,100,81.25,87.5,100,43.75,100,89.0625,100,100,100,100,100,42.1875,100,100,84.375,95.3125,100,32.8125,79.6875,100,100,100,73.4375,17.1875,100,100,100,62.5,100,100,100,100,82.8125,78.125,100,64.0625,45.3125,90.625,93.75,100,90.625,100,87.5,100,100,81.25,100,100,75,100,100,93.75,100,100,82.8125,48.4375,100,82.8125,100,51.5625,100,100,100,100,100,46.875,100,78.125,100,100,100,57.8125,100,100,59.375,65.625,100,93.75,100,59.375,100,98.4375,70.3125,79.6875,92.1875,26.5625,100,100,100,100,100,100,62.5,64.0625,100,100,100,100,100,100,84.375,60.9375,93.75,100,100,89.0625,100,98.4375,100,81.25,76.5625,100,100,100,85.9375,96.875,90.625,87.5,71.875,100,96.875,100,100,82.8125,95.3125,100,43.75,51.5625,17.1875,100,57.8125,70.3125,100,100,100,100,42.1875,100,96.875,35.9375,100,100,100,100,100,100,100,100,100,100,100,62.5,98.4375,56.25,100,62.5,100,100,100,15.625,95.3125,78.125,100,100,37.5,100,100,90.625,39.0625,95.3125,100,100,100,35.9375,100,57.8125,37.5,100,100,100,100,35.9375,73.4375,100,84.375,75,89.0625,53.125,100,32.8125,100,100,100,100,60.9375,68.75,100,71.875,100,100,100,100,100,34.375,68.75,53.125,89.0625,73.4375,100,76.5625,78.125,70.3125,92.1875,67.1875,60.9375,50,100,81.25,64.0625,100,100,81.25,42.1875,100,42.1875,92.1875,100,98.4375,100,100,100,100,79.6875,75,100,100,100,100,100,100,100,85.9375,81.25,100,100,59.375,100,90.625,100,81.25,64.0625,100,64.0625,62.5,100,32.8125,100,18.75,100,89.0625,100,100,100,59.375,90.625,100,100,100,100,73.4375,100,42.1875,78.125,53.125,64.0625,31.25,92.1875,82.8125,100,93.75,95.3125,73.4375,73.4375,35.9375,43.75,100,100,76.5625,62.5,60.9375,100,57.8125,82.8125,95.3125,100,89.0625,100,46.875,51.5625,95.3125,56.25,57.8125,100,96.875,100,95.3125,100,82.8125,95.3125,68.75,85.9375,67.1875,100,100,100,73.4375,37.5,35.9375,100,100,100,100,76.5625,100,100,71.875,84.375,100,89.0625,100,100,100,100,78.125,31.25,57.8125,50,75,62.5,93.75,100,100,100,87.5,100,100,62.5,45.3125,81.25,100,71.875,71.875,100,100,51.5625,95.3125,100,70.3125,100,100,100,70.3125,100,96.875,92.1875,100,14.0625,100,93.75,100,100,100,96.875,100,100,100,84.375,82.8125,100,100,100,84.375,81.25,84.375,100,100,78.125,71.875,100,100,100,42.1875,75,75,100,98.4375,98.4375,100,96.875,84.375,50,100,100,100,76.5625,75,100,100,79.6875,100,100,95.3125,100,100,100,100,79.6875,35.9375,67.1875,100,84.375,100,100,100,100,100,100,100,100,100,90.625,92.1875,100,100,100,100,100,100,96.875,100,100,100,82.8125,100,64.0625,100,92.1875,100,100,100,95.3125,67.1875,100,96.875,39.0625,9.375,48.4375,100,100,100,100,45.3125,79.6875,100,100,96.875,100,39.0625,100,78.125,100,100,100,75,100,100,100,100,57.8125,90.625,100,100,67.1875,100,100,100,93.75,100,75,100,56.25,50,79.6875,90.625,79.6875,23.4375,76.5625,71.875,100,93.75,100,100,90.625,100,87.5,79.6875,53.125,64.0625,28.125,75,85.9375,100,100,34.375,87.5,100,100,100,90.625,28.125,98.4375,100,62.5,100,21.875,82.8125,100,92.1875,100,100,100,100,100,89.0625,100,100,84.375,100,100,100,100,65.625,100,60.9375,100,100,100,68.75,100,59.375,100,21.875,100,81.25,51.5625,100,82.8125,100,95.3125,71.875,62.5,71.875,100,100,82.8125,31.25,100,92.1875,68.75,100,81.25,100,32.8125,100,100,100,70.3125,54.6875,100,92.1875,100,84.375,89.0625,100,25,84.375,73.4375,60.9375,100,100,89.0625,100,100,81.25,100,100,87.5,87.5,100,25,32.8125,100,95.3125,71.875,100,53.125,87.5,100,100,100,79.6875,100,42.1875,20.3125,98.4375,100,100,100,100,100,100,100,100,100,90.625,79.6875,79.6875,100,100,81.25,85.9375,100,100,100,100,85.9375,93.75,65.625,85.9375,100,100,100,95.3125,89.0625,100,100,100,100,100,42.1875,100,100,100,59.375,70.3125,100,78.125,100,100,25,59.375,62.5,90.625,81.25,100,100,100,76.5625,100,81.25,89.0625,93.75,100,100,100,87.5,100,100,100,100,56.25,100,48.4375,100,34.375,85.9375,82.8125,100,100,100,100,73.4375,100,28.125,54.6875,100,100,56.25,89.0625,100,100,100,100,65.625,84.375,100,76.5625,100,39.0625,15.625,62.5,78.125,100,100,34.375,100,85.9375,100,75,98.4375,100,25,68.75,100,25,100,100,100,100,75,100,100,100,68.75,73.4375,79.6875,92.1875,100,100,95.3125,50,45.3125,82.8125,67.1875,75,75,100,70.3125,82.8125,92.1875,40.625,100,70.3125,100,100,100,100,23.4375,81.25,100,100,87.5,82.8125,85.9375,100,100,100,100,100,65.625,100,64.0625,100,100,100,75,95.3125,62.5,37.5,100,51.5625,100,81.25,100,53.125,100,100,100,100,96.875,96.875,34.375,100,100,84.375,100,76.5625,100,100,100,81.25,100,82.8125,100,100,87.5,100,89.0625,51.5625,93.75,100,100,43.75,100,62.5,100,51.5625,35.9375,100,71.875,75,100,31.25,100,100,100,40.625,89.0625,90.625,45.3125,100,95.3125,100,60.9375,73.4375,42.1875,100,73.4375,100,100,89.0625,68.75,100,54.6875,39.0625,40.625,100,73.4375,60.9375,89.0625,100,76.5625,28.125,95.3125,100,34.375,100,100,100,100,81.25,75,100,100,100,100,46.875,100,100,100,100,100,100,100,100,85.9375,100,100,100,57.8125,73.4375,100,100,67.1875,93.75,45.3125,100,45.3125,84.375,100,48.4375,100,100,82.8125,78.125,100,90.625,100,100,100,100,100,76.5625,31.25,57.8125,100,100,100,100,100,100,100,34.375,100,100,98.4375,100,95.3125,100,73.4375,100,53.125,100,75,100,96.875,100,100,93.75,100,76.5625,78.125,100,100,79.6875,85.9375,54.6875,100,100,67.1875,100,89.0625,64.0625,100,100,51.5625,81.25,81.25,79.6875,100,68.75,64.0625,59.375,68.75,100,100,100,100,100,39.0625,100,79.6875,100,100,82.8125,100,95.3125,53.125,73.4375,100,100,100,34.375,85.9375,100,25,48.4375,100,9.375,100,100,100,100,64.0625,82.8125,100,100,100,79.6875,100,100,31.25,100,100,100,71.875,100,100,100,100,100,85.9375,100,100,10.9375,100,100,100,96.875,81.25,100,100,92.1875,100,100,96.875,100,90.625,100,60.9375,100,100,62.5,100,65.625,79.6875,82.8125,73.4375,71.875,73.4375,100,100,100,59.375,90.625,68.75,79.6875,35.9375,96.875,100,57.8125,78.125,81.25,100,90.625,100,68.75,78.125,100,81.25,60.9375,100,85.9375,100,71.875,50,100,89.0625,100,20.3125,75,92.1875,100,100,100,34.375,62.5,100,79.6875,64.0625,100,100,59.375,100,100,67.1875,57.8125,100,84.375,73.4375,90.625,87.5,100,90.625,100,100,81.25,96.875,20.3125,67.1875,68.75,70.3125,39.0625,100,67.1875,100,100,56.25,100,92.1875,37.5,100,87.5,75,87.5,67.1875,92.1875,100,18.75,87.5,100,68.75,100,85.9375,75,82.8125,100,34.375,51.5625,95.3125,100,92.1875,100,100,98.4375,57.8125,59.375,100,100,100,100,93.75,100,100,84.375,82.8125,67.1875,53.125,100,62.5,100,100,92.1875,100,100,100,96.875,100,35.9375,100,100,100,100,100,100,68.75,45.3125,100,100,56.25,40.625,100,73.4375,100,100,70.3125,76.5625,98.4375,95.3125,100,100,67.1875,67.1875,78.125,100,100,100,100,100,46.875,81.25,100,100,100,87.5,68.75,50,20.3125,100,70.3125,62.5,100,82.8125,100,65.625,32.8125,100,93.75,54.6875,93.75,100,100,40.625,20.3125,100,100,81.25,100,60.9375,95.3125,100,100,100,93.75,71.875,100,89.0625,100,100,78.125,98.4375,50,67.1875,100,100,100,100,100,100,62.5,42.1875,90.625,100,100,100,85.9375,100,100,100,100,60.9375,57.8125,15.625,85.9375,100,89.0625,100,35.9375,100,67.1875,100,100,100,87.5,100,89.0625,92.1875,87.5,100,100,92.1875,100,53.125,95.3125,100,100,100,70.3125,54.6875,96.875,100,70.3125,100,42.1875,85.9375,100,100,48.4375,100,100,100,100,64.0625,29.6875,100,76.5625,79.6875,100,100,100,100,70.3125,84.375,100,100,93.75,100,21.875,25,71.875,78.125,21.875,84.375,100,100,100,100,100,75,100,100,100,46.875,93.75,59.375,73.4375,67.1875,100,25,100,100,100,54.6875,100,100,50,89.0625,70.3125,89.0625,100,100,100,100,100,73.4375,93.75,89.0625,100,40.625,100,29.6875,81.25,62.5,96.875,100,84.375,100,98.4375,100,100,84.375,64.0625,100,60.9375,100,100,100,70.3125,100,100,100,59.375,100,100,100,96.875,100,100,100,70.3125,100,98.4375,59.375,100,100,64.0625,100,95.3125,64.0625,100,100,100,100,100,98.4375,100,56.25,71.875,100,100,26.5625,76.5625,54.6875,100,89.0625,100,100,87.5,90.625,100,100,75,100,85.9375,100,67.1875,100,39.0625,100,46.875,84.375,100,50,90.625,100,100,79.6875,100,100,100,65.625,100,100,100,100,100,100,76.5625,35.9375,100,100,100,92.1875,100,28.125,100,45.3125,100,57.8125,43.75,100,100,100,100,73.4375,100,100,51.5625,100,100,81.25,100,59.375,100,100,100,100,93.75,100,65.625,100,100,100,53.125,100,89.0625,100,34.375,100,85.9375,89.0625,79.6875,85.9375,100,57.8125,100,100,37.5,10.9375,100,54.6875,100,100,100,71.875,89.0625,65.625,100,100,100,100,25,100,100,95.3125,82.8125,95.3125,100,100,9.375,93.75,64.0625,48.4375,100,100,96.875,79.6875,100,100,100,100,87.5,100,100,100,79.6875,90.625,96.875,98.4375,89.0625,90.625,100,100,84.375,64.0625,64.0625,84.375,100,100,100,96.875,100,100,39.0625,70.3125,56.25,90.625,18.75,45.3125,100,100,100,46.875,81.25,100,100,100,100,76.5625,79.6875,98.4375,84.375,42.1875,93.75,100,67.1875,100,84.375,18.75,54.6875,100,59.375,100,53.125,64.0625,78.125,100,70.3125,54.6875,100,100,100,100,75,45.3125,100,100,51.5625,100,100,64.0625,42.1875,100,100,53.125,90.625,70.3125,100,98.4375,40.625,100,100,100,100,100,37.5,100,75,90.625,100,100,78.125,100,100,75,100,100,100,81.25,100,96.875,100,82.8125,100,100,65.625,43.75,100,59.375,100,92.1875,100,100,90.625,100,100,90.625,100,35.9375,75,54.6875,75,92.1875,100,98.4375,93.75,42.1875,100,100,100,53.125,56.25,48.4375,100,100,100,100,100,76.5625,100,18.75,100,73.4375,79.6875,71.875,65.625,79.6875,68.75,51.5625,68.75,100,18.75,96.875,64.0625,100,28.125,12.5,100,60.9375,100,100,26.5625,100,43.75,59.375,100,84.375,60.9375,65.625,84.375,71.875,87.5,51.5625,37.5,100,100,59.375,100,100,90.625,100,85.9375,71.875,84.375,100,100,56.25,100,42.1875,100,100,89.0625,100,31.25,100,89.0625,56.25,100,48.4375,59.375,100,100,43.75,85.9375,95.3125,100,100,100,82.8125,100,23.4375,100,82.8125,100,100,100,100,84.375,28.125,100,98.4375,48.4375,64.0625,100,100,75,100,100,39.0625,100,70.3125,100,100,100,82.8125,100,54.6875,100,100,95.3125,92.1875,65.625,89.0625,51.5625,100,100,100,100,100,85.9375,100,59.375,100,65.625,100,96.875,100,81.25,48.4375,100,98.4375,100,100,100,96.875,71.875,32.8125,78.125,100,26.5625,100,100,100,100,100,26.5625,1.5625,100,100,34.375,100,75,100,100,100,100,100,100,100,85.9375,100,100,100,100,100,89.0625,75,95.3125,32.8125,35.9375,56.25,100,57.8125,100,100,34.375,73.4375,100,46.875,64.0625,100,100,54.6875,100,100,98.4375,100,98.4375,87.5,100,100,100,93.75,98.4375,60.9375,28.125,100,85.9375,100,89.0625,62.5,100,39.0625,100,56.25,65.625,95.3125,100,100,100,79.6875,100,90.625,100,90.625,57.8125,100,59.375,84.375,100,93.75,100,100,57.8125,100,100,96.875,85.9375,78.125,100,29.6875,70.3125,95.3125,92.1875,65.625,100,100,64.0625,78.125,100,84.375,42.1875,64.0625,100,100,100,100,70.3125,100,59.375,43.75,100,89.0625,100,100,100,90.625,57.8125,100,54.6875,71.875,100,51.5625,100,62.5,93.75,48.4375,89.0625,100,100,34.375,60.9375,100,93.75,95.3125,100,100,100
"6049",89.0625,100,35.9375,100,100,85.9375,70.3125,100,23.4375,96.875,57.8125,100,100,100,100,76.5625,87.5,93.75,100,100,96.875,100,100,100,7.8125,100,100,90.625,87.5,100,100,100,100,100,100,54.6875,78.125,100,100,93.75,45.3125,65.625,96.875,100,100,100,100,100,67.1875,89.0625,75,100,100,100,82.8125,100,15.625,100,100,39.0625,85.9375,54.6875,98.4375,100,100,100,71.875,100,64.0625,100,59.375,79.6875,100,98.4375,60.9375,78.125,100,48.4375,50,100,62.5,100,39.0625,78.125,100,100,100,20.3125,100,100,54.6875,82.8125,100,48.4375,85.9375,98.4375,100,57.8125,100,100,93.75,100,100,92.1875,100,43.75,95.3125,46.875,85.9375,100,68.75,85.9375,100,100,34.375,100,100,100,85.9375,100,79.6875,100,100,89.0625,100,54.6875,100,18.75,100,100,100,100,62.5,100,92.1875,65.625,57.8125,79.6875,100,100,100,100,82.8125,46.875,100,100,90.625,100,57.8125,82.8125,50,37.5,78.125,93.75,98.4375,98.4375,76.5625,100,100,3.125,100,100,81.25,100,90.625,71.875,57.8125,82.8125,62.5,100,81.25,76.5625,100,62.5,100,96.875,90.625,100,100,100,100,85.9375,60.9375,85.9375,95.3125,100,29.6875,100,100,87.5,100,100,81.25,100,93.75,100,87.5,54.6875,78.125,100,21.875,100,98.4375,100,100,100,100,78.125,73.4375,100,35.9375,100,100,100,76.5625,81.25,51.5625,87.5,100,39.0625,34.375,84.375,100,100,100,53.125,100,100,100,100,78.125,78.125,100,100,100,100,90.625,60.9375,90.625,100,100,100,100,79.6875,100,59.375,35.9375,90.625,100,43.75,100,78.125,64.0625,92.1875,100,57.8125,100,59.375,100,100,100,98.4375,42.1875,100,46.875,100,100,100,39.0625,100,53.125,62.5,100,100,100,34.375,87.5,100,67.1875,100,100,100,46.875,100,100,100,29.6875,96.875,71.875,90.625,81.25,100,89.0625,53.125,100,100,100,90.625,67.1875,75,35.9375,100,76.5625,100,100,82.8125,78.125,32.8125,90.625,100,100,50,31.25,100,60.9375,92.1875,100,100,96.875,45.3125,89.0625,100,50,100,54.6875,60.9375,100,68.75,100,64.0625,85.9375,100,75,100,100,29.6875,100,85.9375,100,100,100,79.6875,59.375,100,68.75,68.75,42.1875,100,100,73.4375,100,78.125,100,51.5625,70.3125,100,100,67.1875,62.5,84.375,81.25,87.5,100,100,84.375,51.5625,100,79.6875,98.4375,100,100,100,95.3125,75,100,100,90.625,100,79.6875,100,85.9375,89.0625,100,50,100,100,100,100,67.1875,92.1875,100,81.25,100,100,100,78.125,100,60.9375,56.25,21.875,100,100,100,100,100,39.0625,59.375,76.5625,79.6875,92.1875,65.625,82.8125,100,76.5625,100,95.3125,31.25,51.5625,100,76.5625,25,87.5,100,100,100,70.3125,40.625,100,96.875,100,82.8125,100,92.1875,100,92.1875,64.0625,68.75,100,100,100,100,92.1875,100,100,71.875,100,100,76.5625,96.875,93.75,95.3125,100,100,100,84.375,73.4375,100,68.75,100,100,76.5625,73.4375,90.625,100,70.3125,65.625,100,96.875,100,100,71.875,35.9375,68.75,100,100,89.0625,100,100,100,100,78.125,100,100,62.5,82.8125,100,53.125,100,62.5,73.4375,100,81.25,78.125,100,37.5,100,100,100,68.75,68.75,76.5625,100,100,100,85.9375,56.25,100,84.375,100,100,64.0625,76.5625,68.75,100,100,75,100,100,100,35.9375,68.75,65.625,60.9375,59.375,67.1875,98.4375,100,95.3125,46.875,100,51.5625,100,90.625,100,84.375,71.875,100,82.8125,45.3125,100,84.375,68.75,100,34.375,46.875,100,85.9375,96.875,100,70.3125,79.6875,100,100,100,100,42.1875,60.9375,100,100,98.4375,100,70.3125,100,100,100,18.75,65.625,95.3125,100,100,70.3125,100,90.625,89.0625,34.375,100,100,68.75,100,100,100,93.75,100,100,81.25,100,100,89.0625,100,62.5,100,67.1875,100,100,100,100,78.125,100,100,95.3125,100,100,100,62.5,79.6875,17.1875,59.375,17.1875,100,64.0625,76.5625,81.25,75,100,73.4375,100,100,100,100,100,35.9375,100,100,84.375,100,62.5,100,100,100,79.6875,81.25,100,100,100,100,100,100,87.5,100,96.875,100,100,26.5625,67.1875,73.4375,73.4375,100,87.5,100,100,100,90.625,92.1875,100,43.75,6.25,100,65.625,50,93.75,100,100,100,100,100,29.6875,100,84.375,54.6875,59.375,64.0625,71.875,73.4375,98.4375,78.125,92.1875,100,100,84.375,82.8125,40.625,79.6875,93.75,39.0625,93.75,100,100,100,100,100,100,76.5625,100,45.3125,68.75,100,100,64.0625,59.375,62.5,46.875,100,43.75,100,65.625,100,100,100,100,57.8125,100,100,85.9375,84.375,100,100,68.75,70.3125,100,100,32.8125,100,100,100,48.4375,100,100,100,100,100,78.125,85.9375,100,100,100,87.5,100,100,100,84.375,100,100,68.75,100,100,100,59.375,93.75,100,35.9375,89.0625,100,78.125,65.625,64.0625,100,100,76.5625,82.8125,100,100,100,75,31.25,31.25,39.0625,100,100,100,48.4375,56.25,79.6875,71.875,9.375,100,100,100,43.75,62.5,48.4375,84.375,100,100,81.25,100,100,78.125,100,100,100,89.0625,64.0625,57.8125,64.0625,100,100,65.625,100,100,100,100,54.6875,100,100,100,40.625,82.8125,100,100,75,100,81.25,100,89.0625,64.0625,100,35.9375,92.1875,100,100,46.875,50,73.4375,100,100,100,100,95.3125,62.5,100,100,82.8125,82.8125,100,71.875,29.6875,100,70.3125,92.1875,78.125,43.75,70.3125,42.1875,100,57.8125,35.9375,100,65.625,82.8125,70.3125,100,93.75,100,67.1875,100,76.5625,37.5,65.625,100,67.1875,85.9375,100,92.1875,100,93.75,100,95.3125,100,100,100,35.9375,100,100,100,100,67.1875,60.9375,100,68.75,93.75,67.1875,100,60.9375,51.5625,100,42.1875,100,100,53.125,100,64.0625,70.3125,78.125,98.4375,100,98.4375,100,100,100,100,73.4375,64.0625,100,100,100,96.875,73.4375,71.875,100,100,100,100,100,100,100,20.3125,100,78.125,100,96.875,57.8125,100,60.9375,56.25,95.3125,100,35.9375,100,81.25,100,90.625,100,70.3125,65.625,100,100,50,65.625,89.0625,100,73.4375,100,100,98.4375,71.875,100,100,53.125,100,100,25,68.75,100,100,100,59.375,100,100,87.5,100,100,100,92.1875,96.875,100,100,100,100,100,100,100,70.3125,64.0625,100,90.625,29.6875,26.5625,100,82.8125,100,100,100,90.625,100,29.6875,100,45.3125,87.5,87.5,70.3125,100,48.4375,85.9375,100,100,100,100,100,100,100,100,100,60.9375,85.9375,100,100,93.75,62.5,95.3125,100,73.4375,100,100,100,100,84.375,100,79.6875,100,100,100,100,100,50,100,100,73.4375,100,100,100,81.25,100,71.875,100,90.625,100,100,100,100,50,81.25,89.0625,100,100,76.5625,100,64.0625,100,100,100,79.6875,100,100,100,79.6875,100,75,100,100,100,100,100,100,10.9375,100,96.875,100,100,100,100,100,100,67.1875,95.3125,100,79.6875,35.9375,100,100,71.875,100,100,100,96.875,100,45.3125,100,79.6875,100,100,81.25,100,85.9375,39.0625,100,100,96.875,100,85.9375,100,78.125,100,100,62.5,81.25,18.75,100,100,100,64.0625,100,25,100,100,100,100,100,64.0625,51.5625,89.0625,84.375,100,81.25,100,87.5,100,100,85.9375,100,100,75,50,100,93.75,93.75,100,82.8125,15.625,100,82.8125,100,53.125,100,100,100,100,100,45.3125,100,78.125,100,100,100,46.875,100,100,57.8125,65.625,100,93.75,100,59.375,100,93.75,71.875,78.125,100,100,100,100,100,100,100,100,64.0625,60.9375,100,100,67.1875,100,100,100,100,93.75,93.75,100,100,59.375,100,98.4375,100,81.25,76.5625,100,100,100,82.8125,100,84.375,89.0625,84.375,78.125,96.875,100,100,100,95.3125,100,48.4375,51.5625,23.4375,100,64.0625,100,100,100,100,100,46.875,100,93.75,34.375,100,100,100,100,100,100,100,100,100,100,100,62.5,98.4375,56.25,42.1875,93.75,100,100,100,18.75,95.3125,79.6875,90.625,100,32.8125,100,100,78.125,100,87.5,39.0625,100,100,31.25,100,50,100,100,100,100,100,35.9375,73.4375,100,79.6875,100,89.0625,53.125,100,29.6875,100,100,100,90.625,64.0625,68.75,100,73.4375,100,100,100,100,100,39.0625,70.3125,53.125,89.0625,71.875,100,85.9375,81.25,84.375,29.6875,67.1875,60.9375,70.3125,100,87.5,64.0625,89.0625,100,73.4375,40.625,100,39.0625,89.0625,100,92.1875,100,100,100,100,42.1875,75,100,100,100,96.875,100,42.1875,100,85.9375,76.5625,100,100,62.5,100,45.3125,100,57.8125,100,100,67.1875,62.5,100,100,100,100,100,89.0625,100,100,43.75,59.375,93.75,46.875,100,100,100,76.5625,100,42.1875,92.1875,100,64.0625,37.5,92.1875,89.0625,100,100,96.875,71.875,71.875,42.1875,45.3125,100,100,76.5625,62.5,60.9375,100,59.375,89.0625,95.3125,100,90.625,100,40.625,65.625,100,56.25,100,100,96.875,100,100,100,81.25,87.5,59.375,78.125,67.1875,100,100,100,73.4375,39.0625,37.5,100,100,100,100,81.25,100,100,75,84.375,100,95.3125,100,100,100,100,42.1875,29.6875,64.0625,37.5,75,51.5625,92.1875,100,100,100,87.5,100,100,100,48.4375,53.125,100,71.875,70.3125,100,100,48.4375,84.375,100,68.75,57.8125,100,100,70.3125,100,100,92.1875,73.4375,9.375,100,95.3125,100,100,100,95.3125,100,100,100,15.625,62.5,78.125,100,100,82.8125,82.8125,100,100,100,68.75,68.75,100,100,100,71.875,82.8125,76.5625,100,98.4375,76.5625,100,100,96.875,100,100,100,100,79.6875,78.125,100,100,92.1875,100,70.3125,100,100,100,100,100,75,35.9375,67.1875,100,76.5625,100,96.875,100,100,100,100,98.4375,100,17.1875,89.0625,100,100,87.5,100,100,100,100,100,100,100,100,79.6875,100,70.3125,100,93.75,100,100,100,95.3125,100,100,95.3125,37.5,9.375,46.875,100,100,100,76.5625,42.1875,78.125,100,100,100,100,32.8125,100,81.25,100,100,87.5,70.3125,100,100,100,100,48.4375,87.5,100,100,82.8125,96.875,100,100,90.625,100,75,100,79.6875,89.0625,26.5625,96.875,82.8125,62.5,82.8125,71.875,100,100,39.0625,100,90.625,100,87.5,79.6875,85.9375,65.625,25,76.5625,85.9375,100,100,56.25,96.875,100,100,100,95.3125,31.25,100,100,85.9375,100,21.875,81.25,100,100,100,100,95.3125,76.5625,100,98.4375,100,35.9375,82.8125,82.8125,100,100,100,96.875,100,100,100,100,100,89.0625,100,59.375,100,51.5625,95.3125,78.125,100,100,81.25,79.6875,84.375,71.875,100,60.9375,100,100,70.3125,39.0625,100,89.0625,71.875,100,71.875,100,40.625,100,100,100,60.9375,54.6875,100,100,100,28.125,75,100,26.5625,84.375,75,59.375,100,100,90.625,100,100,100,100,100,82.8125,57.8125,100,25,42.1875,100,95.3125,39.0625,100,34.375,87.5,100,100,100,95.3125,100,42.1875,18.75,100,100,100,100,89.0625,100,100,100,100,100,98.4375,59.375,98.4375,100,100,81.25,92.1875,100,70.3125,96.875,100,93.75,92.1875,68.75,46.875,100,100,100,100,93.75,100,100,100,100,84.375,45.3125,100,100,100,67.1875,76.5625,85.9375,68.75,100,100,26.5625,59.375,62.5,85.9375,85.9375,100,95.3125,100,73.4375,100,100,89.0625,100,100,100,100,90.625,100,100,100,100,71.875,100,48.4375,100,34.375,85.9375,100,100,100,100,100,85.9375,100,28.125,56.25,89.0625,100,62.5,81.25,100,100,100,95.3125,26.5625,79.6875,100,76.5625,100,37.5,100,64.0625,89.0625,100,100,100,100,93.75,100,76.5625,92.1875,93.75,23.4375,68.75,100,18.75,100,53.125,100,100,75,100,100,100,60.9375,71.875,37.5,100,100,100,92.1875,29.6875,40.625,62.5,78.125,64.0625,73.4375,100,60.9375,82.8125,92.1875,14.0625,100,70.3125,100,100,100,100,26.5625,71.875,100,87.5,100,62.5,85.9375,50,100,100,100,100,65.625,100,62.5,100,75,100,73.4375,87.5,70.3125,23.4375,100,100,100,79.6875,100,54.6875,100,100,100,100,93.75,96.875,29.6875,100,100,76.5625,100,90.625,100,100,100,81.25,100,82.8125,100,100,26.5625,100,100,53.125,92.1875,96.875,100,31.25,100,57.8125,100,32.8125,34.375,100,76.5625,76.5625,100,31.25,100,100,100,48.4375,90.625,96.875,68.75,100,92.1875,100,100,64.0625,40.625,100,71.875,100,100,90.625,90.625,100,54.6875,39.0625,100,100,73.4375,60.9375,89.0625,100,76.5625,78.125,95.3125,100,67.1875,100,31.25,100,100,65.625,75,100,100,100,100,42.1875,100,100,100,100,98.4375,100,100,100,10.9375,100,100,100,56.25,67.1875,100,100,67.1875,90.625,45.3125,100,25,81.25,100,95.3125,100,100,87.5,78.125,100,87.5,100,100,100,100,100,26.5625,29.6875,51.5625,100,100,100,100,100,100,98.4375,34.375,90.625,100,98.4375,100,93.75,92.1875,71.875,100,96.875,100,57.8125,100,100,100,100,71.875,100,76.5625,84.375,100,100,100,87.5,68.75,100,100,67.1875,100,100,62.5,100,100,37.5,85.9375,81.25,76.5625,100,100,81.25,59.375,68.75,100,93.75,100,100,100,32.8125,100,64.0625,100,100,90.625,100,90.625,56.25,68.75,100,100,90.625,32.8125,100,100,10.9375,50,100,56.25,100,100,100,90.625,90.625,85.9375,100,100,84.375,81.25,100,100,92.1875,100,100,100,71.875,100,100,98.4375,96.875,100,82.8125,100,100,100,100,100,100,87.5,81.25,62.5,93.75,79.6875,100,100,78.125,100,92.1875,100,70.3125,100,100,62.5,100,65.625,100,81.25,92.1875,70.3125,75,100,100,100,100,100,100,82.8125,35.9375,100,87.5,50,82.8125,84.375,100,90.625,100,65.625,81.25,100,87.5,62.5,100,100,100,75,50,100,87.5,100,20.3125,76.5625,92.1875,100,100,100,32.8125,62.5,98.4375,89.0625,26.5625,100,100,59.375,100,100,65.625,57.8125,100,85.9375,100,75,73.4375,100,90.625,100,100,89.0625,96.875,21.875,62.5,78.125,71.875,37.5,100,76.5625,100,100,54.6875,100,89.0625,34.375,100,84.375,75,89.0625,67.1875,70.3125,100,17.1875,92.1875,82.8125,71.875,100,84.375,76.5625,100,100,43.75,56.25,96.875,100,81.25,100,98.4375,95.3125,57.8125,57.8125,100,100,100,100,93.75,100,100,26.5625,75,67.1875,100,100,62.5,100,98.4375,81.25,79.6875,100,100,93.75,100,35.9375,100,100,100,100,100,32.8125,82.8125,65.625,100,100,45.3125,40.625,57.8125,68.75,100,43.75,70.3125,73.4375,79.6875,93.75,100,73.4375,67.1875,65.625,79.6875,100,100,100,89.0625,100,46.875,87.5,100,100,100,87.5,76.5625,50,12.5,100,71.875,64.0625,75,79.6875,64.0625,76.5625,60.9375,100,93.75,54.6875,93.75,100,100,46.875,18.75,100,100,87.5,100,18.75,62.5,100,95.3125,95.3125,93.75,93.75,100,98.4375,100,100,75,81.25,45.3125,67.1875,100,100,100,100,100,96.875,60.9375,42.1875,96.875,100,100,100,93.75,100,100,100,100,62.5,79.6875,100,100,100,60.9375,100,40.625,100,82.8125,100,100,100,95.3125,100,85.9375,90.625,87.5,71.875,100,92.1875,100,62.5,98.4375,100,100,100,78.125,56.25,98.4375,96.875,84.375,100,57.8125,85.9375,95.3125,100,87.5,100,100,92.1875,100,42.1875,29.6875,100,81.25,64.0625,100,93.75,100,76.5625,70.3125,85.9375,95.3125,100,79.6875,100,100,100,100,81.25,21.875,81.25,100,100,100,100,100,56.25,100,100,100,100,96.875,65.625,76.5625,65.625,100,25,100,48.4375,68.75,54.6875,100,100,50,100,71.875,89.0625,100,100,100,100,84.375,78.125,100,89.0625,100,40.625,100,100,81.25,65.625,78.125,100,75,100,98.4375,100,100,84.375,100,100,60.9375,90.625,100,100,79.6875,100,100,100,100,92.1875,100,100,100,100,100,100,70.3125,100,79.6875,59.375,100,100,64.0625,100,98.4375,64.0625,100,100,98.4375,100,100,90.625,100,56.25,71.875,81.25,100,26.5625,78.125,76.5625,100,56.25,79.6875,100,84.375,92.1875,100,100,75,100,89.0625,100,67.1875,100,100,100,54.6875,25,48.4375,57.8125,92.1875,100,100,81.25,100,100,100,100,100,100,100,100,100,100,76.5625,37.5,100,100,100,92.1875,100,29.6875,100,23.4375,100,59.375,85.9375,100,100,100,48.4375,76.5625,100,100,75,100,100,81.25,100,57.8125,21.875,100,100,100,93.75,100,60.9375,100,100,100,54.6875,67.1875,89.0625,54.6875,32.8125,64.0625,89.0625,87.5,100,96.875,100,54.6875,100,100,37.5,10.9375,100,53.125,100,100,100,75,100,68.75,100,57.8125,100,100,26.5625,100,100,100,75,93.75,100,100,28.125,93.75,64.0625,60.9375,100,100,89.0625,98.4375,100,100,100,67.1875,79.6875,100,92.1875,68.75,89.0625,92.1875,98.4375,98.4375,89.0625,87.5,100,100,89.0625,64.0625,100,82.8125,100,100,100,96.875,100,100,37.5,70.3125,53.125,90.625,18.75,48.4375,100,100,100,45.3125,87.5,100,100,89.0625,100,68.75,79.6875,98.4375,87.5,82.8125,100,100,64.0625,100,100,15.625,62.5,100,57.8125,84.375,54.6875,60.9375,81.25,100,82.8125,54.6875,100,54.6875,100,100,65.625,42.1875,100,65.625,48.4375,100,100,71.875,40.625,100,100,79.6875,93.75,65.625,100,100,84.375,81.25,100,100,100,100,39.0625,100,73.4375,81.25,100,42.1875,60.9375,100,57.8125,79.6875,100,95.3125,100,75,100,98.4375,100,100,100,100,71.875,64.0625,100,59.375,100,60.9375,100,57.8125,89.0625,100,100,90.625,100,35.9375,100,48.4375,96.875,92.1875,100,100,92.1875,100,87.5,98.4375,100,54.6875,65.625,50,100,100,100,100,98.4375,76.5625,100,15.625,100,68.75,89.0625,71.875,100,78.125,68.75,60.9375,75,85.9375,18.75,95.3125,65.625,54.6875,28.125,31.25,100,59.375,100,100,28.125,100,57.8125,59.375,100,100,87.5,100,98.4375,79.6875,87.5,37.5,100,100,100,70.3125,100,100,89.0625,100,81.25,67.1875,84.375,100,100,56.25,100,34.375,100,100,84.375,100,31.25,100,79.6875,100,100,51.5625,100,96.875,100,53.125,68.75,100,100,70.3125,25,76.5625,100,26.5625,100,76.5625,100,90.625,100,78.125,60.9375,28.125,100,98.4375,48.4375,54.6875,100,100,89.0625,100,100,39.0625,100,65.625,100,100,100,85.9375,100,57.8125,100,100,31.25,92.1875,59.375,85.9375,51.5625,100,100,100,87.5,100,84.375,100,64.0625,100,100,100,89.0625,100,81.25,48.4375,100,93.75,100,100,100,89.0625,28.125,25,92.1875,100,26.5625,100,100,100,100,100,31.25,1.5625,81.25,12.5,29.6875,100,75,100,100,100,100,100,100,45.3125,84.375,100,100,100,100,79.6875,87.5,100,100,35.9375,35.9375,59.375,100,65.625,100,100,100,73.4375,100,56.25,64.0625,100,100,50,100,100,95.3125,100,98.4375,100,100,100,100,92.1875,98.4375,67.1875,28.125,100,85.9375,100,59.375,65.625,96.875,39.0625,100,28.125,71.875,82.8125,85.9375,100,60.9375,73.4375,100,93.75,100,100,57.8125,100,67.1875,82.8125,100,46.875,100,43.75,51.5625,100,100,96.875,100,89.0625,100,29.6875,73.4375,96.875,100,64.0625,100,100,53.125,82.8125,100,79.6875,39.0625,68.75,43.75,100,100,96.875,64.0625,100,59.375,42.1875,100,70.3125,100,100,100,100,59.375,100,54.6875,79.6875,100,51.5625,100,57.8125,89.0625,100,76.5625,67.1875,100,18.75,100,100,100,100,100,93.75,100
"6050",90.625,100,37.5,100,100,89.0625,68.75,100,21.875,96.875,56.25,100,100,100,90.625,76.5625,100,78.125,100,100,96.875,100,100,100,7.8125,100,100,95.3125,90.625,100,100,100,100,93.75,100,79.6875,82.8125,100,100,95.3125,87.5,62.5,96.875,100,100,18.75,100,100,65.625,85.9375,75,100,100,100,100,100,6.25,100,100,42.1875,90.625,54.6875,98.4375,100,100,89.0625,64.0625,100,78.125,100,57.8125,78.125,100,100,60.9375,79.6875,100,45.3125,51.5625,100,78.125,100,100,79.6875,100,100,100,29.6875,100,100,84.375,82.8125,100,48.4375,92.1875,98.4375,100,60.9375,100,100,82.8125,100,100,92.1875,100,43.75,100,51.5625,85.9375,100,70.3125,75,100,100,34.375,100,100,100,100,100,57.8125,100,10.9375,87.5,85.9375,53.125,100,18.75,100,100,100,100,56.25,100,81.25,65.625,93.75,78.125,100,100,100,100,40.625,35.9375,100,100,98.4375,34.375,60.9375,81.25,60.9375,37.5,78.125,93.75,95.3125,95.3125,76.5625,100,100,3.125,100,100,78.125,100,92.1875,71.875,40.625,84.375,60.9375,100,92.1875,70.3125,100,54.6875,100,89.0625,90.625,100,100,100,87.5,85.9375,100,82.8125,98.4375,100,29.6875,100,100,84.375,100,100,73.4375,100,100,100,100,51.5625,100,100,18.75,100,98.4375,100,100,100,100,100,73.4375,21.875,34.375,100,21.875,92.1875,84.375,78.125,35.9375,89.0625,100,42.1875,62.5,75,100,100,100,54.6875,26.5625,100,100,100,71.875,78.125,100,100,100,100,90.625,60.9375,100,100,100,100,100,68.75,100,54.6875,100,92.1875,100,57.8125,100,78.125,20.3125,100,100,54.6875,100,60.9375,100,100,100,98.4375,37.5,98.4375,51.5625,93.75,100,100,59.375,100,59.375,51.5625,100,17.1875,100,20.3125,56.25,100,70.3125,100,92.1875,100,28.125,100,100,100,29.6875,98.4375,76.5625,90.625,79.6875,100,87.5,53.125,100,100,95.3125,90.625,70.3125,75,34.375,100,65.625,75,100,82.8125,76.5625,35.9375,89.0625,67.1875,100,57.8125,31.25,100,67.1875,93.75,100,43.75,90.625,40.625,89.0625,100,50,100,35.9375,60.9375,100,68.75,100,75,87.5,87.5,76.5625,87.5,100,39.0625,57.8125,87.5,100,100,100,81.25,53.125,100,87.5,68.75,40.625,100,100,71.875,92.1875,78.125,100,53.125,71.875,100,98.4375,70.3125,59.375,100,87.5,82.8125,70.3125,100,79.6875,46.875,78.125,84.375,98.4375,100,100,100,98.4375,79.6875,90.625,100,71.875,100,84.375,100,87.5,84.375,100,100,100,100,100,100,64.0625,90.625,100,75,100,100,100,70.3125,100,54.6875,100,14.0625,100,100,100,100,100,25,59.375,67.1875,73.4375,93.75,67.1875,96.875,95.3125,85.9375,100,100,34.375,51.5625,100,76.5625,64.0625,87.5,100,100,100,50,43.75,100,100,57.8125,82.8125,100,87.5,100,76.5625,70.3125,76.5625,100,100,100,100,93.75,79.6875,75,92.1875,100,100,68.75,82.8125,92.1875,95.3125,100,100,100,84.375,73.4375,100,70.3125,100,100,71.875,73.4375,85.9375,100,40.625,64.0625,100,96.875,100,64.0625,28.125,34.375,75,100,100,89.0625,100,84.375,100,100,76.5625,100,100,65.625,82.8125,100,48.4375,100,59.375,75,100,79.6875,78.125,100,60.9375,100,98.4375,100,71.875,100,78.125,100,100,100,84.375,76.5625,100,82.8125,100,100,64.0625,78.125,68.75,100,100,100,100,100,100,100,87.5,100,100,59.375,53.125,93.75,100,98.4375,46.875,100,51.5625,100,90.625,100,84.375,71.875,100,82.8125,42.1875,78.125,78.125,67.1875,100,34.375,46.875,100,68.75,95.3125,100,70.3125,100,100,100,100,100,71.875,56.25,100,90.625,100,100,71.875,100,100,100,31.25,89.0625,100,100,100,76.5625,100,90.625,100,46.875,100,100,70.3125,100,100,92.1875,100,85.9375,100,100,96.875,100,73.4375,100,64.0625,100,67.1875,100,100,100,100,89.0625,100,93.75,95.3125,100,98.4375,100,93.75,100,100,68.75,42.1875,100,56.25,100,100,75,100,54.6875,100,100,98.4375,100,100,35.9375,100,93.75,85.9375,100,60.9375,100,100,100,76.5625,78.125,100,84.375,100,100,100,100,95.3125,100,100,100,100,28.125,51.5625,75,71.875,100,29.6875,100,100,100,90.625,92.1875,100,45.3125,6.25,100,64.0625,50,96.875,100,100,100,100,100,29.6875,100,87.5,54.6875,59.375,48.4375,76.5625,75,98.4375,76.5625,92.1875,100,68.75,84.375,85.9375,40.625,82.8125,92.1875,65.625,100,100,100,100,100,100,100,78.125,100,43.75,68.75,100,100,70.3125,70.3125,65.625,46.875,100,48.4375,100,90.625,100,100,100,100,62.5,100,73.4375,71.875,84.375,100,100,68.75,100,100,100,34.375,100,100,100,85.9375,100,95.3125,100,100,100,78.125,68.75,100,100,100,89.0625,100,100,100,78.125,100,100,70.3125,100,100,100,64.0625,100,100,34.375,89.0625,100,78.125,62.5,65.625,100,100,67.1875,96.875,100,100,100,75,31.25,31.25,92.1875,100,100,100,50,81.25,71.875,76.5625,37.5,28.125,100,37.5,43.75,68.75,42.1875,82.8125,100,100,76.5625,100,100,79.6875,100,100,89.0625,100,100,59.375,67.1875,100,100,60.9375,56.25,100,100,100,54.6875,93.75,100,100,89.0625,92.1875,100,100,81.25,100,85.9375,100,89.0625,71.875,100,37.5,93.75,90.625,100,71.875,35.9375,68.75,100,100,100,100,96.875,62.5,100,100,89.0625,85.9375,100,100,34.375,100,70.3125,79.6875,79.6875,43.75,100,64.0625,100,56.25,100,100,100,84.375,71.875,100,100,100,67.1875,100,76.5625,12.5,100,100,53.125,81.25,100,98.4375,100,98.4375,100,89.0625,100,100,100,34.375,100,100,100,100,70.3125,56.25,100,68.75,93.75,67.1875,100,60.9375,76.5625,100,26.5625,100,96.875,42.1875,96.875,68.75,59.375,17.1875,89.0625,100,98.4375,82.8125,70.3125,100,100,73.4375,67.1875,100,100,100,98.4375,100,73.4375,89.0625,100,100,100,100,59.375,100,20.3125,100,78.125,87.5,100,62.5,100,68.75,59.375,96.875,100,35.9375,100,78.125,100,81.25,96.875,70.3125,59.375,100,100,56.25,76.5625,100,98.4375,100,81.25,100,100,70.3125,100,100,59.375,100,100,25,100,100,100,100,65.625,100,100,95.3125,100,100,68.75,92.1875,100,100,100,82.8125,100,100,100,100,68.75,65.625,100,90.625,31.25,20.3125,100,85.9375,100,100,100,95.3125,100,29.6875,100,46.875,87.5,73.4375,70.3125,100,43.75,87.5,100,100,100,100,100,100,100,100,100,60.9375,85.9375,57.8125,100,98.4375,60.9375,95.3125,100,73.4375,100,100,98.4375,100,84.375,100,79.6875,100,100,100,100,100,71.875,100,100,93.75,100,100,100,73.4375,100,73.4375,100,95.3125,92.1875,100,100,100,100,81.25,100,100,100,76.5625,62.5,67.1875,100,100,100,100,100,100,100,92.1875,100,81.25,87.5,100,100,100,100,100,7.8125,100,87.5,46.875,100,100,100,100,100,67.1875,35.9375,100,82.8125,43.75,100,100,73.4375,100,100,81.25,100,100,51.5625,100,90.625,100,100,89.0625,100,100,35.9375,96.875,100,93.75,96.875,100,37.5,76.5625,100,100,100,71.875,20.3125,100,100,100,82.8125,100,100,100,100,100,100,89.0625,64.0625,73.4375,90.625,100,100,87.5,100,87.5,100,100,73.4375,100,100,76.5625,67.1875,100,93.75,100,100,84.375,48.4375,100,67.1875,100,54.6875,92.1875,96.875,100,100,100,51.5625,54.6875,78.125,100,100,100,57.8125,100,100,57.8125,65.625,100,96.875,100,59.375,100,100,68.75,81.25,100,100,100,100,100,100,100,100,68.75,53.125,100,100,59.375,100,100,100,81.25,68.75,100,100,100,56.25,100,96.875,100,100,76.5625,100,100,100,85.9375,95.3125,100,75,73.4375,100,93.75,100,100,79.6875,96.875,100,45.3125,51.5625,100,100,65.625,84.375,100,100,100,100,51.5625,100,100,31.25,100,100,100,100,100,100,100,100,100,100,76.5625,62.5,100,60.9375,100,57.8125,100,100,100,21.875,95.3125,78.125,89.0625,100,54.6875,100,100,45.3125,100,59.375,62.5,100,100,31.25,100,46.875,31.25,100,100,100,100,35.9375,71.875,64.0625,67.1875,85.9375,89.0625,51.5625,100,35.9375,100,100,100,100,60.9375,68.75,100,73.4375,100,85.9375,100,100,100,53.125,68.75,54.6875,89.0625,67.1875,100,85.9375,81.25,71.875,85.9375,67.1875,62.5,51.5625,100,68.75,65.625,93.75,100,82.8125,57.8125,100,42.1875,87.5,100,92.1875,100,100,100,96.875,50,75,100,100,100,87.5,100,39.0625,100,85.9375,75,100,100,67.1875,100,100,100,85.9375,100,100,67.1875,62.5,100,17.1875,100,100,100,89.0625,100,100,100,70.3125,89.0625,43.75,100,100,100,70.3125,100,45.3125,100,54.6875,65.625,32.8125,93.75,89.0625,100,100,95.3125,70.3125,75,42.1875,51.5625,100,100,76.5625,60.9375,60.9375,100,54.6875,92.1875,93.75,100,90.625,100,43.75,75,73.4375,54.6875,90.625,100,92.1875,100,100,100,81.25,76.5625,96.875,100,89.0625,100,100,100,73.4375,39.0625,46.875,100,100,100,100,78.125,100,37.5,73.4375,67.1875,100,100,100,100,100,100,35.9375,31.25,60.9375,50,75,59.375,92.1875,21.875,100,100,87.5,100,100,60.9375,39.0625,87.5,100,76.5625,71.875,100,100,59.375,100,100,65.625,100,100,100,75,68.75,95.3125,92.1875,100,20.3125,100,93.75,100,100,100,90.625,100,100,100,71.875,40.625,73.4375,100,100,82.8125,82.8125,73.4375,100,100,71.875,75,100,100,100,76.5625,78.125,75,100,98.4375,78.125,100,100,100,42.1875,100,89.0625,100,81.25,78.125,100,100,100,100,100,100,100,100,100,100,75,35.9375,71.875,100,75,100,85.9375,100,100,100,100,100,100,100,89.0625,95.3125,100,85.9375,100,100,100,100,100,100,100,100,73.4375,100,67.1875,100,89.0625,17.1875,100,100,90.625,67.1875,92.1875,100,39.0625,9.375,46.875,100,100,100,100,43.75,79.6875,100,100,96.875,100,57.8125,100,76.5625,100,100,90.625,73.4375,100,100,100,100,37.5,100,100,100,81.25,23.4375,100,100,100,100,65.625,100,57.8125,57.8125,78.125,84.375,100,53.125,79.6875,73.4375,100,93.75,100,100,90.625,100,87.5,75,85.9375,62.5,28.125,100,85.9375,100,100,67.1875,100,100,100,100,100,28.125,82.8125,100,98.4375,100,21.875,85.9375,100,100,100,100,100,100,100,100,100,100,84.375,75,100,100,100,95.3125,100,92.1875,100,100,100,100,100,59.375,100,50,96.875,75,100,100,81.25,100,84.375,71.875,54.6875,71.875,100,100,73.4375,31.25,100,90.625,71.875,100,89.0625,100,100,100,100,100,70.3125,54.6875,100,90.625,100,100,89.0625,100,25,85.9375,87.5,64.0625,100,100,87.5,100,85.9375,90.625,100,100,82.8125,53.125,100,25,43.75,100,95.3125,59.375,100,26.5625,87.5,100,100,100,87.5,100,42.1875,20.3125,100,100,100,98.4375,96.875,100,100,100,92.1875,100,100,35.9375,92.1875,100,100,84.375,100,100,98.4375,100,100,89.0625,89.0625,60.9375,92.1875,100,100,100,85.9375,100,100,100,100,100,100,48.4375,100,100,100,100,75,100,67.1875,100,100,26.5625,59.375,62.5,35.9375,82.8125,100,100,100,82.8125,100,81.25,84.375,100,100,100,100,81.25,98.4375,100,100,100,73.4375,100,46.875,100,34.375,85.9375,59.375,100,100,100,100,85.9375,23.4375,28.125,48.4375,100,100,65.625,87.5,95.3125,100,100,100,12.5,78.125,42.1875,76.5625,100,46.875,100,67.1875,84.375,100,100,100,100,85.9375,100,73.4375,100,92.1875,25,68.75,100,18.75,100,48.4375,100,64.0625,75,100,100,100,65.625,100,100,100,100,100,93.75,51.5625,40.625,76.5625,87.5,43.75,75,100,54.6875,82.8125,92.1875,39.0625,100,70.3125,100,100,100,100,23.4375,82.8125,100,95.3125,100,23.4375,82.8125,100,100,100,100,100,65.625,100,62.5,90.625,100,100,73.4375,89.0625,100,59.375,100,100,100,81.25,100,35.9375,100,100,100,100,93.75,98.4375,31.25,100,100,84.375,100,70.3125,100,100,100,81.25,95.3125,82.8125,84.375,100,93.75,100,84.375,50,93.75,100,100,40.625,100,81.25,100,40.625,34.375,100,65.625,81.25,100,31.25,100,100,100,51.5625,100,95.3125,100,100,100,100,93.75,68.75,39.0625,100,73.4375,100,100,87.5,71.875,18.75,54.6875,37.5,70.3125,100,78.125,60.9375,89.0625,100,76.5625,84.375,95.3125,100,40.625,100,43.75,100,100,64.0625,100,100,100,100,100,42.1875,100,100,100,100,85.9375,100,100,100,17.1875,100,100,100,57.8125,67.1875,100,100,60.9375,100,46.875,100,100,79.6875,100,100,76.5625,100,84.375,79.6875,100,87.5,100,100,100,100,100,82.8125,15.625,54.6875,93.75,100,100,100,100,98.4375,95.3125,34.375,100,100,98.4375,100,93.75,90.625,60.9375,100,95.3125,100,67.1875,100,100,100,100,75,100,76.5625,79.6875,100,100,100,93.75,100,100,100,67.1875,92.1875,96.875,62.5,100,100,37.5,87.5,81.25,85.9375,100,68.75,81.25,59.375,71.875,100,100,100,100,100,39.0625,100,65.625,100,100,93.75,100,98.4375,39.0625,46.875,100,100,100,34.375,100,96.875,32.8125,48.4375,92.1875,9.375,100,100,100,89.0625,90.625,79.6875,98.4375,100,93.75,79.6875,100,100,71.875,100,100,100,71.875,100,100,98.4375,100,100,85.9375,100,100,100,100,100,100,100,81.25,100,100,79.6875,100,100,100,100,89.0625,100,76.5625,100,100,62.5,100,70.3125,100,76.5625,78.125,73.4375,75,100,100,100,100,100,79.6875,84.375,42.1875,96.875,100,57.8125,31.25,59.375,100,90.625,100,100,81.25,100,87.5,62.5,100,100,100,73.4375,50,100,90.625,100,100,76.5625,98.4375,100,100,100,32.8125,65.625,100,84.375,71.875,100,100,59.375,100,100,67.1875,57.8125,100,85.9375,78.125,98.4375,76.5625,100,90.625,100,100,89.0625,96.875,20.3125,68.75,100,70.3125,35.9375,100,60.9375,100,100,57.8125,100,100,70.3125,100,82.8125,75,62.5,67.1875,95.3125,100,18.75,96.875,100,68.75,81.25,85.9375,75,93.75,100,39.0625,59.375,82.8125,100,81.25,100,100,93.75,57.8125,57.8125,100,100,100,100,93.75,100,100,87.5,76.5625,67.1875,100,100,62.5,100,100,100,100,100,100,98.4375,56.25,32.8125,100,100,100,53.125,100,98.4375,73.4375,51.5625,100,100,34.375,40.625,96.875,68.75,100,100,73.4375,78.125,100,96.875,100,100,65.625,64.0625,78.125,100,53.125,100,95.3125,100,54.6875,75,100,100,100,84.375,85.9375,53.125,10.9375,100,71.875,62.5,23.4375,79.6875,57.8125,71.875,100,100,93.75,54.6875,96.875,100,100,51.5625,100,90.625,100,81.25,100,100,92.1875,100,100,100,93.75,100,100,89.0625,100,100,81.25,73.4375,43.75,65.625,100,100,100,100,100,96.875,64.0625,42.1875,89.0625,100,100,100,92.1875,100,100,100,42.1875,62.5,92.1875,100,100,100,68.75,100,37.5,100,82.8125,100,100,100,87.5,100,87.5,89.0625,89.0625,100,100,92.1875,100,64.0625,96.875,100,100,100,68.75,54.6875,90.625,98.4375,100,100,37.5,85.9375,14.0625,100,100,100,100,100,100,65.625,31.25,100,75,87.5,100,100,100,87.5,70.3125,67.1875,100,100,68.75,100,96.875,100,67.1875,100,21.875,79.6875,100,100,100,100,100,100,100,100,98.4375,64.0625,93.75,68.75,75,65.625,100,25,100,100,32.8125,54.6875,100,100,98.4375,100,75,100,100,100,100,100,79.6875,76.5625,100,85.9375,100,40.625,100,100,81.25,64.0625,79.6875,100,100,100,98.4375,100,100,84.375,64.0625,100,60.9375,95.3125,100,100,79.6875,100,100,100,56.25,100,100,100,100,100,100,100,68.75,93.75,89.0625,60.9375,100,64.0625,64.0625,100,100,64.0625,100,100,81.25,100,100,93.75,100,57.8125,71.875,100,100,26.5625,76.5625,78.125,100,54.6875,81.25,100,84.375,92.1875,100,100,84.375,100,79.6875,100,62.5,100,100,100,46.875,32.8125,100,46.875,92.1875,100,100,79.6875,100,100,100,100,100,100,100,100,100,100,76.5625,35.9375,100,100,100,92.1875,100,32.8125,100,7.8125,39.0625,57.8125,100,100,100,100,100,76.5625,100,100,51.5625,100,100,56.25,100,60.9375,100,100,100,100,93.75,100,53.125,100,100,100,54.6875,100,85.9375,100,60.9375,100,79.6875,87.5,81.25,95.3125,100,54.6875,100,100,34.375,10.9375,100,71.875,100,100,100,71.875,96.875,68.75,100,100,100,100,26.5625,100,100,96.875,78.125,93.75,85.9375,100,17.1875,100,64.0625,64.0625,100,100,92.1875,100,100,100,100,65.625,82.8125,100,93.75,87.5,82.8125,92.1875,90.625,98.4375,87.5,87.5,100,100,100,62.5,100,84.375,100,96.875,100,96.875,100,100,39.0625,67.1875,79.6875,89.0625,14.0625,43.75,100,100,100,46.875,82.8125,92.1875,100,100,100,100,79.6875,45.3125,89.0625,59.375,100,100,67.1875,100,100,54.6875,96.875,100,57.8125,100,100,39.0625,81.25,100,81.25,54.6875,100,100,100,100,73.4375,46.875,100,95.3125,46.875,100,96.875,65.625,42.1875,100,100,57.8125,92.1875,78.125,100,100,93.75,90.625,100,100,100,100,39.0625,100,73.4375,67.1875,100,100,64.0625,100,100,70.3125,100,100,100,84.375,100,100,100,100,100,100,100,65.625,100,59.375,100,90.625,100,64.0625,89.0625,100,100,85.9375,100,35.9375,100,54.6875,90.625,92.1875,100,100,64.0625,92.1875,93.75,100,100,59.375,54.6875,50,100,98.4375,100,100,100,75,100,14.0625,100,81.25,95.3125,71.875,100,81.25,64.0625,92.1875,71.875,89.0625,20.3125,96.875,82.8125,100,26.5625,20.3125,100,48.4375,100,100,29.6875,100,100,48.4375,54.6875,100,76.5625,100,100,76.5625,78.125,48.4375,62.5,100,100,70.3125,100,100,87.5,100,95.3125,100,85.9375,100,100,57.8125,100,50,100,100,76.5625,100,46.875,100,79.6875,53.125,42.1875,54.6875,42.1875,87.5,100,43.75,70.3125,100,100,100,100,76.5625,96.875,26.5625,100,71.875,100,100,100,75,87.5,28.125,100,98.4375,48.4375,68.75,100,100,78.125,100,100,39.0625,100,68.75,100,100,100,85.9375,100,60.9375,98.4375,100,31.25,92.1875,62.5,78.125,51.5625,100,100,100,100,100,100,100,100,100,98.4375,100,100,100,82.8125,48.4375,100,100,100,100,100,92.1875,100,37.5,79.6875,100,26.5625,28.125,100,100,100,100,21.875,1.5625,100,23.4375,26.5625,100,89.0625,100,100,100,100,100,43.75,100,85.9375,100,100,100,100,100,95.3125,100,100,43.75,35.9375,57.8125,100,53.125,100,100,98.4375,75,100,45.3125,64.0625,100,100,60.9375,100,100,98.4375,100,98.4375,100,100,100,100,92.1875,96.875,53.125,28.125,100,87.5,100,100,75,96.875,40.625,100,70.3125,100,34.375,100,100,100,73.4375,100,100,100,95.3125,59.375,100,71.875,81.25,100,92.1875,100,51.5625,92.1875,100,100,96.875,87.5,100,100,29.6875,68.75,100,67.1875,64.0625,100,100,70.3125,87.5,100,82.8125,34.375,68.75,15.625,100,100,100,57.8125,100,59.375,42.1875,57.8125,73.4375,100,100,100,85.9375,60.9375,100,54.6875,79.6875,100,51.5625,100,57.8125,87.5,53.125,76.5625,100,100,9.375,59.375,100,85.9375,100,100,98.4375,100
"6051",87.5,100,37.5,100,100,82.8125,65.625,100,21.875,98.4375,46.875,100,100,100,76.5625,73.4375,87.5,75,100,100,96.875,100,100,100,14.0625,57.8125,100,93.75,76.5625,100,100,100,100,96.875,100,71.875,84.375,100,68.75,98.4375,85.9375,64.0625,96.875,100,100,100,100,100,60.9375,87.5,75,100,12.5,73.4375,76.5625,100,10.9375,100,100,39.0625,87.5,51.5625,98.4375,100,100,100,65.625,100,60.9375,100,57.8125,70.3125,89.0625,100,59.375,87.5,100,70.3125,51.5625,100,76.5625,100,100,78.125,100,100,100,37.5,100,100,56.25,84.375,100,48.4375,78.125,92.1875,100,62.5,100,100,87.5,98.4375,100,92.1875,60.9375,45.3125,100,75,85.9375,100,56.25,73.4375,100,100,34.375,100,34.375,100,100,100,68.75,100,100,82.8125,31.25,53.125,100,18.75,100,15.625,100,100,60.9375,75,90.625,57.8125,57.8125,78.125,100,100,100,100,50,42.1875,100,100,93.75,100,59.375,81.25,57.8125,34.375,76.5625,93.75,98.4375,96.875,73.4375,100,100,4.6875,100,100,82.8125,100,100,71.875,100,87.5,59.375,100,82.8125,70.3125,100,46.875,100,95.3125,87.5,100,100,50,73.4375,92.1875,100,67.1875,98.4375,100,34.375,62.5,100,87.5,100,100,84.375,100,100,100,82.8125,48.4375,100,92.1875,20.3125,100,95.3125,100,100,100,100,100,73.4375,100,34.375,100,100,100,37.5,78.125,34.375,95.3125,100,54.6875,100,71.875,59.375,100,100,100,56.25,100,100,100,76.5625,71.875,100,100,100,100,89.0625,62.5,90.625,100,100,100,100,93.75,100,43.75,75,87.5,100,76.5625,100,76.5625,64.0625,96.875,100,56.25,100,60.9375,100,100,100,98.4375,37.5,82.8125,45.3125,100,100,100,100,100,51.5625,57.8125,100,12.5,90.625,23.4375,40.625,100,67.1875,100,90.625,100,39.0625,100,100,100,29.6875,98.4375,81.25,90.625,79.6875,100,90.625,57.8125,100,71.875,100,93.75,64.0625,75,35.9375,100,57.8125,76.5625,100,82.8125,76.5625,31.25,85.9375,100,100,48.4375,31.25,100,68.75,93.75,79.6875,100,79.6875,50,89.0625,100,50,100,51.5625,71.875,100,67.1875,100,82.8125,92.1875,96.875,76.5625,98.4375,98.4375,40.625,78.125,87.5,100,100,100,78.125,51.5625,100,68.75,68.75,39.0625,100,100,73.4375,18.75,71.875,100,51.5625,71.875,100,95.3125,71.875,51.5625,84.375,85.9375,78.125,100,100,82.8125,39.0625,89.0625,79.6875,98.4375,100,100,100,92.1875,78.125,93.75,100,92.1875,100,96.875,100,87.5,62.5,85.9375,100,100,100,100,100,53.125,90.625,100,98.4375,100,81.25,100,71.875,100,60.9375,100,18.75,100,100,100,100,100,21.875,59.375,96.875,76.5625,87.5,70.3125,100,100,60.9375,100,73.4375,39.0625,53.125,100,76.5625,32.8125,87.5,100,100,100,43.75,45.3125,100,100,100,82.8125,100,37.5,100,68.75,68.75,54.6875,100,100,100,100,84.375,82.8125,84.375,96.875,100,85.9375,71.875,85.9375,93.75,82.8125,100,100,100,82.8125,70.3125,100,75,100,100,76.5625,73.4375,100,100,100,60.9375,100,92.1875,100,70.3125,75,34.375,78.125,100,100,89.0625,100,100,100,79.6875,71.875,100,65.625,62.5,82.8125,100,48.4375,100,62.5,73.4375,100,79.6875,78.125,100,46.875,100,100,100,67.1875,71.875,79.6875,100,100,100,85.9375,56.25,89.0625,82.8125,100,100,73.4375,76.5625,68.75,100,100,100,100,100,100,100,100,70.3125,75,60.9375,45.3125,93.75,100,90.625,45.3125,100,51.5625,100,89.0625,100,84.375,71.875,100,82.8125,100,98.4375,84.375,64.0625,100,34.375,68.75,100,85.9375,93.75,100,70.3125,93.75,100,100,100,79.6875,48.4375,68.75,100,100,100,84.375,71.875,82.8125,100,100,76.5625,93.75,100,100,100,60.9375,100,90.625,100,34.375,71.875,100,68.75,100,100,92.1875,100,87.5,73.4375,46.875,100,100,76.5625,100,62.5,100,62.5,100,100,100,100,95.3125,100,96.875,98.4375,100,100,100,100,100,100,71.875,46.875,100,68.75,50,100,79.6875,100,68.75,100,100,100,100,100,46.875,100,100,85.9375,100,45.3125,48.4375,100,100,68.75,78.125,100,64.0625,100,100,100,100,100,100,96.875,100,100,26.5625,32.8125,76.5625,71.875,81.25,90.625,100,100,100,95.3125,90.625,100,46.875,6.25,87.5,51.5625,50,100,100,100,100,100,100,31.25,100,85.9375,54.6875,59.375,56.25,75,75,98.4375,78.125,93.75,93.75,31.25,82.8125,76.5625,40.625,82.8125,93.75,60.9375,100,100,100,100,100,100,100,78.125,100,43.75,68.75,100,100,71.875,54.6875,68.75,46.875,100,50,100,90.625,100,100,100,100,82.8125,100,75,70.3125,84.375,100,100,64.0625,85.9375,100,100,62.5,100,100,100,79.6875,100,100,100,100,100,75,65.625,100,100,100,100,100,100,100,92.1875,100,100,68.75,100,100,100,42.1875,100,100,35.9375,89.0625,100,95.3125,60.9375,73.4375,100,100,64.0625,81.25,100,100,100,71.875,100,40.625,90.625,100,100,100,48.4375,62.5,71.875,68.75,6.25,100,100,53.125,45.3125,43.75,48.4375,84.375,100,100,76.5625,100,100,79.6875,100,100,90.625,100,100,100,65.625,100,100,57.8125,67.1875,100,100,100,54.6875,90.625,100,100,68.75,85.9375,100,100,75,89.0625,87.5,93.75,89.0625,67.1875,100,40.625,90.625,100,100,59.375,75,48.4375,100,100,100,100,96.875,62.5,100,100,89.0625,81.25,100,100,28.125,100,70.3125,82.8125,79.6875,45.3125,100,89.0625,100,51.5625,100,100,100,84.375,60.9375,100,100,100,68.75,100,76.5625,51.5625,67.1875,100,56.25,96.875,67.1875,81.25,100,93.75,96.875,95.3125,100,100,100,25,98.4375,100,100,100,65.625,56.25,100,68.75,96.875,67.1875,100,60.9375,76.5625,100,37.5,100,100,60.9375,100,65.625,84.375,84.375,75,100,98.4375,90.625,60.9375,100,100,73.4375,67.1875,100,100,100,98.4375,96.875,73.4375,93.75,100,100,100,100,50,100,21.875,100,78.125,100,100,39.0625,96.875,67.1875,53.125,90.625,100,35.9375,100,78.125,100,81.25,73.4375,70.3125,65.625,100,100,57.8125,79.6875,92.1875,71.875,73.4375,81.25,100,96.875,75,100,100,46.875,100,100,28.125,68.75,100,81.25,100,54.6875,100,100,100,100,100,100,92.1875,100,100,100,76.5625,100,100,100,100,57.8125,62.5,100,87.5,31.25,26.5625,100,85.9375,100,100,100,100,100,29.6875,100,45.3125,81.25,70.3125,70.3125,100,21.875,40.625,100,100,100,81.25,100,100,100,100,100,60.9375,85.9375,71.875,100,96.875,76.5625,93.75,100,73.4375,100,100,71.875,100,84.375,100,53.125,100,76.5625,100,100,100,53.125,39.0625,100,84.375,37.5,75,100,76.5625,100,65.625,100,85.9375,100,53.125,100,100,100,81.25,90.625,100,100,76.5625,70.3125,68.75,100,100,100,100,100,100,100,79.6875,100,79.6875,100,100,100,100,100,100,12.5,96.875,87.5,100,93.75,100,100,100,100,70.3125,96.875,100,82.8125,75,100,93.75,79.6875,100,100,78.125,93.75,100,43.75,100,84.375,100,100,76.5625,100,100,42.1875,100,100,84.375,89.0625,84.375,32.8125,81.25,100,100,100,76.5625,17.1875,100,100,100,75,100,100,100,100,96.875,100,93.75,7.8125,60.9375,92.1875,82.8125,100,87.5,100,87.5,100,100,100,100,100,75,48.4375,100,93.75,95.3125,100,82.8125,48.4375,100,82.8125,100,53.125,60.9375,100,100,100,100,50,100,89.0625,100,100,100,100,100,100,57.8125,65.625,100,93.75,100,62.5,100,84.375,81.25,78.125,95.3125,89.0625,100,100,100,100,100,100,68.75,57.8125,100,100,65.625,100,100,100,100,92.1875,100,100,100,71.875,100,96.875,100,75,76.5625,100,84.375,100,84.375,95.3125,100,85.9375,75,100,90.625,100,100,84.375,96.875,100,54.6875,51.5625,68.75,100,68.75,93.75,100,100,100,100,50,100,100,29.6875,100,100,100,100,100,100,100,100,100,100,100,70.3125,100,60.9375,48.4375,71.875,100,100,100,100,95.3125,73.4375,100,100,53.125,100,71.875,90.625,100,95.3125,100,100,100,31.25,100,51.5625,100,100,100,100,100,35.9375,71.875,96.875,100,85.9375,89.0625,45.3125,100,29.6875,100,100,100,100,60.9375,68.75,100,73.4375,100,100,100,100,100,60.9375,68.75,56.25,89.0625,67.1875,100,100,81.25,71.875,92.1875,67.1875,62.5,51.5625,100,90.625,62.5,87.5,100,68.75,40.625,100,50,89.0625,100,95.3125,100,100,100,100,64.0625,75,100,100,100,96.875,100,96.875,100,85.9375,85.9375,100,100,57.8125,100,79.6875,100,59.375,100,100,62.5,62.5,100,51.5625,73.4375,100,100,89.0625,100,100,95.3125,100,90.625,51.5625,100,100,100,67.1875,100,45.3125,89.0625,87.5,64.0625,34.375,90.625,15.625,100,100,95.3125,62.5,71.875,39.0625,43.75,100,100,76.5625,60.9375,60.9375,100,65.625,89.0625,96.875,100,89.0625,100,42.1875,87.5,59.375,100,98.4375,100,100,100,100,73.4375,78.125,100,79.6875,79.6875,87.5,100,100,100,73.4375,32.8125,84.375,100,100,96.875,100,73.4375,100,100,73.4375,62.5,100,78.125,100,100,100,100,39.0625,31.25,60.9375,50,75,56.25,92.1875,100,100,100,85.9375,100,100,59.375,37.5,87.5,100,75,71.875,100,100,50,89.0625,100,100,100,100,100,95.3125,100,92.1875,92.1875,100,42.1875,100,90.625,100,100,100,93.75,100,100,100,100,76.5625,96.875,100,100,89.0625,82.8125,70.3125,100,100,71.875,71.875,100,98.4375,100,75,76.5625,76.5625,100,100,81.25,100,100,100,42.1875,100,100,100,56.25,76.5625,100,100,100,100,100,100,78.125,100,100,100,78.125,35.9375,71.875,100,70.3125,100,100,100,100,100,100,100,100,100,90.625,95.3125,100,79.6875,100,100,100,100,100,100,100,100,28.125,100,70.3125,100,92.1875,100,100,100,95.3125,67.1875,96.875,100,39.0625,7.8125,78.125,100,100,100,100,45.3125,76.5625,100,100,100,75,60.9375,100,84.375,100,100,92.1875,79.6875,100,100,100,100,40.625,95.3125,100,100,79.6875,100,100,100,96.875,100,57.8125,95.3125,70.3125,51.5625,79.6875,81.25,76.5625,100,82.8125,71.875,100,82.8125,100,62.5,90.625,100,87.5,79.6875,84.375,65.625,28.125,92.1875,85.9375,100,100,65.625,82.8125,100,100,100,92.1875,26.5625,87.5,100,100,100,20.3125,82.8125,100,90.625,100,100,100,100,100,100,100,100,84.375,100,100,100,100,90.625,100,100,100,100,100,100,100,59.375,100,100,93.75,82.8125,100,100,89.0625,100,60.9375,71.875,59.375,62.5,100,100,100,39.0625,100,39.0625,78.125,100,75,100,100,100,100,100,68.75,56.25,100,76.5625,100,100,87.5,100,26.5625,32.8125,79.6875,65.625,100,100,87.5,100,96.875,100,100,100,89.0625,57.8125,100,25,25,100,95.3125,65.625,100,98.4375,87.5,100,100,100,93.75,100,40.625,20.3125,100,100,100,100,100,100,100,100,100,100,92.1875,12.5,84.375,100,100,81.25,100,100,100,100,100,78.125,89.0625,68.75,51.5625,100,100,96.875,79.6875,92.1875,100,100,100,100,92.1875,43.75,100,100,100,64.0625,75,100,67.1875,100,100,26.5625,57.8125,62.5,73.4375,85.9375,100,100,100,71.875,100,98.4375,82.8125,100,100,100,100,87.5,98.4375,100,82.8125,100,87.5,100,46.875,100,28.125,85.9375,56.25,100,53.125,100,100,59.375,100,28.125,70.3125,98.4375,100,53.125,100,100,100,100,100,14.0625,78.125,76.5625,78.125,100,39.0625,100,68.75,84.375,100,100,100,100,89.0625,100,75,100,92.1875,25,70.3125,100,18.75,100,67.1875,100,100,71.875,100,100,100,78.125,78.125,100,100,100,100,95.3125,54.6875,40.625,31.25,75,100,73.4375,100,70.3125,81.25,93.75,32.8125,100,78.125,100,100,100,100,25,68.75,100,95.3125,100,100,82.8125,100,100,100,100,100,65.625,100,62.5,100,90.625,100,73.4375,89.0625,64.0625,100,100,68.75,68.75,79.6875,100,56.25,82.8125,100,100,100,93.75,96.875,32.8125,100,100,76.5625,100,95.3125,100,96.875,100,81.25,100,82.8125,100,100,82.8125,100,84.375,50,85.9375,92.1875,100,46.875,100,57.8125,100,17.1875,34.375,100,73.4375,75,100,35.9375,100,100,100,48.4375,90.625,100,50,100,95.3125,100,93.75,32.8125,37.5,73.4375,73.4375,100,100,90.625,70.3125,100,54.6875,35.9375,100,100,71.875,60.9375,89.0625,100,76.5625,18.75,65.625,100,64.0625,100,43.75,100,100,65.625,95.3125,100,100,100,100,45.3125,100,100,100,100,87.5,100,100,100,31.25,100,100,100,59.375,70.3125,100,100,73.4375,100,46.875,100,48.4375,79.6875,100,100,51.5625,100,89.0625,78.125,100,87.5,79.6875,100,95.3125,100,100,82.8125,35.9375,53.125,100,100,100,100,100,100,95.3125,34.375,100,98.4375,93.75,100,90.625,85.9375,75,100,87.5,100,100,100,100,100,100,78.125,100,76.5625,73.4375,100,100,100,89.0625,100,100,100,67.1875,100,98.4375,78.125,100,100,32.8125,56.25,81.25,82.8125,100,65.625,75,59.375,93.75,100,90.625,100,100,100,32.8125,100,68.75,100,100,93.75,100,43.75,56.25,100,100,100,100,32.8125,100,76.5625,14.0625,46.875,100,56.25,100,100,100,70.3125,92.1875,78.125,100,100,76.5625,100,100,100,100,100,100,100,71.875,100,100,100,100,100,85.9375,100,32.8125,100,100,100,100,100,78.125,100,68.75,81.25,100,100,96.875,100,82.8125,100,75,100,100,62.5,100,68.75,100,81.25,75,70.3125,75,100,100,100,100,100,78.125,84.375,35.9375,100,96.875,53.125,32.8125,90.625,100,92.1875,100,100,81.25,100,87.5,60.9375,100,84.375,75,73.4375,35.9375,100,89.0625,17.1875,100,76.5625,67.1875,100,100,100,34.375,87.5,100,100,53.125,100,100,60.9375,100,100,67.1875,57.8125,100,84.375,76.5625,68.75,75,100,90.625,100,100,90.625,95.3125,20.3125,64.0625,73.4375,68.75,39.0625,100,70.3125,100,100,54.6875,100,93.75,35.9375,100,84.375,75,85.9375,67.1875,92.1875,100,17.1875,76.5625,84.375,70.3125,98.4375,85.9375,75,48.4375,100,34.375,57.8125,96.875,100,79.6875,100,100,95.3125,54.6875,57.8125,100,100,100,100,93.75,100,100,96.875,87.5,65.625,100,100,62.5,100,100,82.8125,100,85.9375,100,93.75,100,31.25,100,100,100,100,100,56.25,75,35.9375,100,100,57.8125,40.625,39.0625,75,100,100,73.4375,84.375,100,98.4375,96.875,100,67.1875,65.625,76.5625,100,100,100,95.3125,100,48.4375,75,100,100,100,79.6875,65.625,51.5625,26.5625,100,70.3125,64.0625,25,78.125,81.25,68.75,100,100,93.75,54.6875,93.75,23.4375,100,46.875,42.1875,100,84.375,81.25,100,100,25,100,100,100,93.75,65.625,100,100,100,100,75,76.5625,40.625,64.0625,100,100,26.5625,100,100,100,59.375,57.8125,87.5,100,100,100,100,100,100,100,57.8125,100,100,100,75,60.9375,51.5625,100,35.9375,100,48.4375,100,82.8125,100,100,100,85.9375,90.625,100,100,100,92.1875,100,70.3125,89.0625,100,100,100,79.6875,57.8125,85.9375,96.875,100,100,32.8125,70.3125,100,100,100,100,100,100,100,48.4375,32.8125,100,87.5,70.3125,100,82.8125,85.9375,98.4375,70.3125,89.0625,100,100,100,98.4375,100,100,67.1875,89.0625,21.875,79.6875,100,100,100,100,100,68.75,96.875,100,84.375,100,98.4375,67.1875,75,65.625,100,25,100,100,50,56.25,100,100,50,92.1875,73.4375,100,100,100,100,100,87.5,100,100,76.5625,100,42.1875,100,100,78.125,67.1875,79.6875,100,78.125,100,98.4375,100,100,82.8125,62.5,100,60.9375,100,100,100,79.6875,100,100,93.75,48.4375,100,100,100,98.4375,100,100,100,68.75,79.6875,95.3125,60.9375,100,92.1875,64.0625,100,90.625,65.625,100,100,81.25,100,100,87.5,100,56.25,70.3125,89.0625,100,26.5625,50,54.6875,100,59.375,56.25,100,79.6875,100,100,100,78.125,45.3125,82.8125,100,67.1875,100,100,100,46.875,100,100,50,92.1875,100,100,81.25,100,100,100,100,40.625,32.8125,98.4375,100,100,100,75,39.0625,100,92.1875,100,92.1875,100,31.25,100,45.3125,100,57.8125,100,100,100,100,98.4375,73.4375,100,100,100,100,100,60.9375,100,65.625,100,100,100,85.9375,68.75,100,56.25,100,100,100,46.875,100,85.9375,81.25,37.5,100,100,82.8125,100,81.25,100,100,100,100,40.625,10.9375,100,51.5625,100,100,100,71.875,98.4375,68.75,100,100,100,100,25,100,78.125,95.3125,81.25,93.75,100,100,29.6875,87.5,64.0625,54.6875,100,100,85.9375,79.6875,100,100,100,62.5,76.5625,100,92.1875,67.1875,95.3125,90.625,100,98.4375,90.625,96.875,100,100,100,64.0625,100,84.375,100,100,100,96.875,100,100,37.5,59.375,95.3125,90.625,18.75,50,100,100,100,46.875,79.6875,100,100,100,100,70.3125,79.6875,34.375,89.0625,100,92.1875,17.1875,62.5,100,92.1875,68.75,100,100,60.9375,100,51.5625,70.3125,81.25,100,73.4375,54.6875,100,100,100,100,73.4375,40.625,100,100,48.4375,100,100,67.1875,42.1875,100,100,57.8125,93.75,75,100,98.4375,70.3125,95.3125,100,100,100,100,40.625,100,76.5625,40.625,100,100,62.5,100,100,89.0625,48.4375,100,100,84.375,100,98.4375,100,100,100,100,100,50,100,57.8125,100,100,100,54.6875,90.625,100,100,89.0625,100,45.3125,67.1875,56.25,90.625,92.1875,100,100,100,98.4375,89.0625,85.9375,100,59.375,56.25,48.4375,100,12.5,100,100,100,78.125,100,10.9375,100,70.3125,68.75,70.3125,100,79.6875,68.75,100,70.3125,98.4375,18.75,98.4375,82.8125,100,26.5625,40.625,100,56.25,100,100,26.5625,84.375,100,48.4375,95.3125,100,43.75,84.375,90.625,81.25,85.9375,45.3125,68.75,100,100,87.5,100,100,90.625,100,95.3125,71.875,84.375,100,100,56.25,100,56.25,100,100,70.3125,100,46.875,100,85.9375,53.125,100,46.875,54.6875,92.1875,96.875,45.3125,85.9375,100,100,100,100,79.6875,96.875,28.125,100,67.1875,100,100,100,100,53.125,28.125,100,98.4375,48.4375,68.75,100,100,100,100,100,48.4375,100,68.75,100,100,100,85.9375,100,54.6875,95.3125,100,93.75,92.1875,50,75,51.5625,100,62.5,100,100,100,100,100,64.0625,100,100,100,93.75,100,81.25,46.875,100,95.3125,100,100,100,100,100,23.4375,87.5,100,26.5625,100,100,100,100,100,28.125,1.5625,100,100,28.125,100,87.5,100,100,100,100,100,100,100,85.9375,100,100,7.8125,100,100,85.9375,100,67.1875,62.5,35.9375,59.375,100,65.625,100,100,100,75,100,46.875,64.0625,100,100,64.0625,100,100,96.875,100,98.4375,81.25,100,100,100,92.1875,100,62.5,28.125,100,100,100,100,100,100,43.75,100,76.5625,62.5,100,37.5,100,71.875,100,100,92.1875,100,84.375,59.375,100,65.625,78.125,100,43.75,100,53.125,57.8125,100,100,96.875,87.5,100,96.875,34.375,73.4375,96.875,75,64.0625,100,100,64.0625,85.9375,100,89.0625,34.375,68.75,31.25,100,100,100,40.625,100,59.375,42.1875,100,79.6875,100,100,100,34.375,62.5,100,54.6875,71.875,100,51.5625,100,56.25,100,54.6875,81.25,100,90.625,40.625,76.5625,100,87.5,100,100,100,100
"6052",89.0625,100,35.9375,100,100,82.8125,67.1875,100,21.875,92.1875,67.1875,100,100,100,93.75,76.5625,87.5,75,28.125,100,96.875,100,100,100,18.75,71.875,100,84.375,89.0625,100,100,100,100,89.0625,100,98.4375,81.25,100,100,100,79.6875,68.75,98.4375,100,100,100,100,100,67.1875,84.375,75,100,89.0625,65.625,75,100,9.375,100,100,42.1875,90.625,76.5625,98.4375,20.3125,100,100,59.375,100,78.125,100,57.8125,76.5625,100,100,56.25,96.875,100,76.5625,46.875,100,78.125,82.8125,87.5,79.6875,100,100,100,100,100,100,54.6875,82.8125,100,48.4375,68.75,21.875,100,51.5625,100,100,100,100,100,90.625,26.5625,42.1875,100,57.8125,85.9375,100,56.25,71.875,100,100,34.375,100,100,100,100,100,75,100,100,73.4375,95.3125,54.6875,100,18.75,100,100,100,100,57.8125,100,81.25,65.625,60.9375,76.5625,100,100,100,100,54.6875,40.625,82.8125,100,100,100,60.9375,82.8125,62.5,35.9375,78.125,93.75,95.3125,92.1875,76.5625,100,98.4375,3.125,100,100,71.875,100,100,71.875,7.8125,87.5,57.8125,100,84.375,70.3125,100,60.9375,90.625,93.75,87.5,100,100,100,100,87.5,100,96.875,95.3125,100,29.6875,100,100,87.5,98.4375,100,82.8125,100,100,100,73.4375,48.4375,100,100,39.0625,100,96.875,100,100,100,100,100,87.5,100,35.9375,100,100,100,89.0625,78.125,35.9375,87.5,100,46.875,100,75,100,100,100,100,100,100,51.5625,100,76.5625,76.5625,100,100,100,100,85.9375,59.375,100,100,100,100,100,92.1875,100,42.1875,68.75,89.0625,100,100,39.0625,78.125,100,100,100,56.25,100,57.8125,100,100,100,98.4375,35.9375,90.625,45.3125,98.4375,100,100,100,100,59.375,59.375,100,82.8125,92.1875,21.875,39.0625,100,71.875,100,90.625,100,18.75,100,100,100,29.6875,100,82.8125,92.1875,81.25,100,90.625,54.6875,100,100,100,90.625,71.875,75,32.8125,100,70.3125,73.4375,100,82.8125,87.5,31.25,92.1875,100,100,73.4375,32.8125,100,62.5,95.3125,100,100,62.5,40.625,87.5,100,50,100,60.9375,65.625,37.5,67.1875,100,71.875,87.5,100,76.5625,95.3125,100,40.625,100,87.5,90.625,100,100,79.6875,53.125,100,100,67.1875,37.5,100,100,73.4375,100,76.5625,100,57.8125,70.3125,100,100,70.3125,57.8125,79.6875,96.875,59.375,100,100,48.4375,35.9375,71.875,87.5,98.4375,98.4375,100,100,100,81.25,95.3125,100,92.1875,100,87.5,100,85.9375,87.5,100,100,100,21.875,100,100,60.9375,92.1875,100,75,100,100,100,73.4375,100,48.4375,100,21.875,43.75,100,100,100,100,26.5625,57.8125,100,67.1875,78.125,67.1875,96.875,100,45.3125,100,84.375,32.8125,50,100,76.5625,45.3125,87.5,100,100,100,67.1875,43.75,100,93.75,100,82.8125,100,81.25,100,73.4375,68.75,57.8125,100,100,100,100,92.1875,100,75,100,100,100,100,76.5625,93.75,93.75,100,100,100,82.8125,71.875,100,73.4375,100,100,76.5625,71.875,89.0625,100,96.875,65.625,100,90.625,100,79.6875,100,32.8125,92.1875,100,100,89.0625,100,100,100,84.375,75,100,100,62.5,82.8125,100,53.125,100,64.0625,73.4375,100,79.6875,79.6875,95.3125,42.1875,100,100,100,65.625,82.8125,75,93.75,100,100,84.375,59.375,100,82.8125,65.625,100,71.875,76.5625,68.75,100,100,67.1875,100,100,100,100,85.9375,76.5625,100,54.6875,45.3125,93.75,100,100,48.4375,100,51.5625,100,90.625,100,84.375,71.875,100,82.8125,57.8125,100,82.8125,70.3125,100,34.375,50,100,50,92.1875,100,70.3125,100,100,100,100,100,42.1875,73.4375,100,87.5,100,100,71.875,100,100,100,87.5,90.625,79.6875,100,100,75,100,87.5,90.625,32.8125,65.625,100,75,87.5,100,70.3125,100,87.5,17.1875,73.4375,100,100,75,100,62.5,100,59.375,100,100,100,100,81.25,100,96.875,100,100,98.4375,100,100,100,100,85.9375,59.375,100,54.6875,68.75,100,79.6875,100,79.6875,100,100,100,100,100,35.9375,100,100,85.9375,100,67.1875,100,100,100,73.4375,79.6875,100,100,100,100,100,100,81.25,100,96.875,100,100,28.125,53.125,70.3125,54.6875,78.125,84.375,75,100,100,90.625,90.625,100,40.625,10.9375,93.75,59.375,50,87.5,100,100,100,100,100,31.25,100,84.375,54.6875,59.375,70.3125,45.3125,76.5625,98.4375,76.5625,92.1875,92.1875,89.0625,85.9375,82.8125,40.625,81.25,93.75,43.75,75,100,73.4375,100,100,100,100,76.5625,100,43.75,68.75,100,100,62.5,100,68.75,46.875,100,46.875,100,92.1875,100,100,100,100,46.875,100,75,79.6875,84.375,100,100,71.875,100,100,100,37.5,100,79.6875,100,82.8125,100,100,100,100,100,79.6875,73.4375,100,100,100,87.5,100,100,100,93.75,100,100,68.75,100,100,100,64.0625,100,100,35.9375,89.0625,100,73.4375,62.5,76.5625,100,100,64.0625,100,100,98.4375,100,73.4375,31.25,34.375,81.25,100,100,100,48.4375,62.5,68.75,68.75,10.9375,100,100,100,45.3125,54.6875,48.4375,84.375,100,100,78.125,100,100,85.9375,87.5,78.125,93.75,90.625,100,56.25,67.1875,100,100,59.375,71.875,21.875,100,100,56.25,100,100,100,75,92.1875,100,100,81.25,17.1875,87.5,100,89.0625,64.0625,100,37.5,93.75,100,100,60.9375,100,40.625,100,100,100,100,96.875,62.5,100,100,87.5,90.625,100,100,28.125,100,70.3125,70.3125,79.6875,43.75,100,100,100,54.6875,100,90.625,100,82.8125,60.9375,48.4375,73.4375,100,67.1875,100,76.5625,79.6875,67.1875,100,100,95.3125,100,82.8125,100,98.4375,100,85.9375,100,100,100,32.8125,93.75,100,100,100,67.1875,54.6875,100,68.75,100,67.1875,100,60.9375,76.5625,100,42.1875,100,60.9375,54.6875,100,62.5,81.25,100,76.5625,100,100,95.3125,68.75,100,100,73.4375,57.8125,100,100,100,98.4375,71.875,73.4375,90.625,100,100,100,100,51.5625,100,21.875,100,78.125,100,93.75,60.9375,100,62.5,50,92.1875,100,35.9375,100,78.125,100,100,89.0625,70.3125,62.5,100,100,56.25,98.4375,100,57.8125,79.6875,81.25,100,100,65.625,100,100,56.25,100,100,28.125,68.75,100,100,100,53.125,100,100,100,100,100,100,93.75,98.4375,100,100,95.3125,100,100,100,100,68.75,65.625,100,100,25,34.375,100,71.875,100,100,79.6875,100,100,29.6875,100,45.3125,93.75,71.875,70.3125,100,43.75,100,100,100,100,98.4375,100,100,100,100,100,60.9375,78.125,57.8125,100,95.3125,60.9375,93.75,100,73.4375,100,100,87.5,67.1875,84.375,100,82.8125,100,78.125,100,100,100,51.5625,100,100,78.125,35.9375,100,100,85.9375,100,53.125,100,95.3125,100,100,100,84.375,100,81.25,100,100,100,76.5625,70.3125,70.3125,100,100,28.125,100,100,100,100,81.25,100,81.25,89.0625,100,100,100,100,93.75,14.0625,84.375,85.9375,98.4375,85.9375,100,100,100,100,68.75,93.75,100,81.25,75,100,100,78.125,100,100,81.25,100,100,46.875,100,75,100,100,76.5625,100,100,42.1875,90.625,100,81.25,65.625,85.9375,31.25,76.5625,100,100,100,82.8125,18.75,100,100,100,96.875,100,100,100,100,90.625,100,100,62.5,100,89.0625,100,100,85.9375,100,87.5,50,100,84.375,100,100,75,81.25,100,93.75,93.75,100,84.375,51.5625,100,78.125,100,60.9375,45.3125,39.0625,100,100,100,45.3125,100,82.8125,100,100,100,56.25,100,100,57.8125,65.625,100,93.75,100,76.5625,100,87.5,68.75,76.5625,90.625,100,100,100,100,100,100,100,64.0625,57.8125,100,100,51.5625,100,100,100,85.9375,73.4375,92.1875,100,100,62.5,100,96.875,100,81.25,76.5625,100,100,100,84.375,96.875,100,79.6875,73.4375,78.125,96.875,100,100,84.375,96.875,100,50,51.5625,18.75,100,68.75,87.5,100,100,100,100,51.5625,100,95.3125,28.125,100,78.125,100,100,100,100,100,100,100,100,100,75,98.4375,59.375,100,68.75,100,100,53.125,10.9375,95.3125,71.875,100,100,35.9375,100,100,89.0625,100,100,100,100,100,31.25,100,48.4375,100,100,100,100,100,35.9375,68.75,100,100,100,89.0625,45.3125,100,32.8125,100,100,100,100,60.9375,67.1875,100,73.4375,100,89.0625,100,100,100,71.875,71.875,54.6875,89.0625,67.1875,100,81.25,76.5625,84.375,87.5,67.1875,60.9375,53.125,100,79.6875,62.5,90.625,100,68.75,37.5,100,40.625,87.5,100,93.75,100,100,100,100,100,75,100,100,96.875,92.1875,100,96.875,100,85.9375,81.25,100,100,100,100,100,100,84.375,100,100,64.0625,62.5,100,17.1875,100,100,100,89.0625,100,100,87.5,100,93.75,57.8125,100,100,100,71.875,100,45.3125,98.4375,15.625,100,31.25,89.0625,71.875,100,100,93.75,60.9375,71.875,34.375,43.75,100,100,76.5625,62.5,60.9375,100,60.9375,92.1875,95.3125,93.75,90.625,100,50,87.5,71.875,73.4375,100,100,100,100,100,100,81.25,89.0625,82.8125,85.9375,93.75,100,100,100,73.4375,31.25,73.4375,100,100,100,100,75,98.4375,87.5,71.875,62.5,100,75,100,100,100,100,100,32.8125,53.125,50,76.5625,59.375,92.1875,100,100,100,84.375,100,87.5,57.8125,37.5,89.0625,87.5,68.75,71.875,90.625,100,50,100,100,48.4375,100,100,100,100,100,100,100,100,32.8125,100,93.75,100,100,100,93.75,100,100,100,95.3125,54.6875,89.0625,62.5,100,93.75,96.875,71.875,100,100,71.875,70.3125,100,100,100,76.5625,89.0625,76.5625,100,100,89.0625,100,100,98.4375,32.8125,100,100,92.1875,65.625,78.125,100,100,100,100,100,100,34.375,100,100,100,100,34.375,71.875,100,87.5,100,100,100,100,100,93.75,100,100,100,89.0625,96.875,100,92.1875,100,100,100,100,100,100,100,100,67.1875,100,71.875,100,93.75,100,100,100,95.3125,67.1875,95.3125,53.125,18.75,7.8125,46.875,100,100,100,18.75,45.3125,89.0625,100,100,100,25,35.9375,100,75,100,100,100,68.75,100,100,100,100,40.625,89.0625,100,100,81.25,96.875,100,100,95.3125,100,60.9375,100,56.25,45.3125,81.25,87.5,81.25,46.875,68.75,73.4375,100,100,100,100,90.625,100,87.5,95.3125,56.25,100,28.125,84.375,85.9375,100,100,70.3125,100,100,100,100,90.625,28.125,100,100,85.9375,100,20.3125,96.875,100,95.3125,100,100,90.625,100,100,93.75,100,100,84.375,87.5,100,100,100,65.625,100,100,100,100,100,100,100,59.375,100,100,100,82.8125,84.375,100,100,100,84.375,71.875,73.4375,71.875,100,100,67.1875,26.5625,100,93.75,71.875,100,67.1875,100,39.0625,100,100,100,75,56.25,100,89.0625,100,100,89.0625,70.3125,26.5625,31.25,78.125,65.625,100,100,87.5,100,100,92.1875,100,100,79.6875,57.8125,100,28.125,40.625,100,95.3125,75,100,42.1875,87.5,100,100,100,95.3125,100,40.625,18.75,100,100,100,100,95.3125,100,100,100,75,100,93.75,32.8125,100,100,100,81.25,100,100,100,100,100,84.375,95.3125,60.9375,51.5625,100,100,100,100,90.625,53.125,100,87.5,100,100,48.4375,100,100,100,65.625,75,100,68.75,100,100,26.5625,57.8125,62.5,57.8125,23.4375,100,100,100,31.25,100,100,84.375,100,100,100,100,93.75,96.875,100,60.9375,100,62.5,100,46.875,100,39.0625,85.9375,100,100,100,100,100,54.6875,100,28.125,73.4375,85.9375,100,50,81.25,100,100,100,100,35.9375,76.5625,70.3125,79.6875,100,42.1875,100,60.9375,82.8125,100,100,100,100,100,70.3125,76.5625,100,96.875,25,68.75,100,20.3125,100,100,100,100,75,100,100,100,67.1875,64.0625,90.625,92.1875,100,100,35.9375,54.6875,42.1875,54.6875,70.3125,70.3125,73.4375,100,68.75,84.375,93.75,46.875,100,75,100,100,100,100,34.375,76.5625,100,100,100,60.9375,81.25,100,100,100,100,100,65.625,100,64.0625,98.4375,98.4375,100,73.4375,87.5,71.875,15.625,100,100,45.3125,81.25,100,53.125,100,100,100,100,92.1875,96.875,35.9375,100,100,75,100,70.3125,100,100,100,82.8125,50,84.375,98.4375,100,100,100,65.625,48.4375,100,95.3125,100,50,100,81.25,100,40.625,34.375,100,78.125,75,100,31.25,100,100,100,56.25,81.25,96.875,53.125,100,100,100,93.75,53.125,37.5,100,73.4375,100,100,90.625,60.9375,100,54.6875,40.625,100,100,100,60.9375,89.0625,100,73.4375,84.375,40.625,100,100,100,32.8125,100,100,64.0625,100,100,100,100,78.125,43.75,100,100,100,35.9375,89.0625,100,100,75,85.9375,100,100,100,56.25,67.1875,100,100,62.5,100,50,100,60.9375,85.9375,100,100,31.25,100,89.0625,71.875,100,89.0625,100,100,100,100,100,84.375,28.125,53.125,95.3125,100,100,100,100,100,98.4375,34.375,56.25,100,98.4375,100,90.625,92.1875,82.8125,100,95.3125,31.25,100,100,100,100,100,78.125,100,76.5625,100,100,100,100,87.5,82.8125,100,100,67.1875,100,100,64.0625,100,100,37.5,84.375,81.25,85.9375,100,68.75,78.125,59.375,65.625,100,67.1875,100,100,100,31.25,100,79.6875,100,100,92.1875,100,93.75,57.8125,54.6875,100,100,100,32.8125,100,89.0625,12.5,46.875,53.125,9.375,100,100,100,93.75,90.625,79.6875,98.4375,100,85.9375,81.25,100,100,100,100,100,100,71.875,100,100,89.0625,57.8125,100,85.9375,100,100,100,100,100,100,100,57.8125,100,100,81.25,100,100,85.9375,100,76.5625,100,68.75,100,100,62.5,100,70.3125,100,78.125,89.0625,71.875,76.5625,100,100,100,100,100,82.8125,82.8125,35.9375,98.4375,100,56.25,31.25,100,100,92.1875,100,82.8125,78.125,100,87.5,60.9375,100,100,100,100,62.5,100,89.0625,100,100,76.5625,93.75,100,100,100,34.375,56.25,100,73.4375,100,100,100,59.375,100,100,67.1875,59.375,100,84.375,68.75,98.4375,81.25,100,90.625,100,100,85.9375,96.875,21.875,60.9375,71.875,67.1875,39.0625,100,67.1875,100,100,54.6875,100,93.75,32.8125,100,89.0625,92.1875,87.5,65.625,92.1875,100,17.1875,76.5625,100,70.3125,100,87.5,78.125,100,100,43.75,45.3125,96.875,100,82.8125,100,100,90.625,56.25,57.8125,100,100,100,100,95.3125,100,100,73.4375,18.75,67.1875,96.875,89.0625,64.0625,100,100,82.8125,89.0625,100,100,98.4375,100,32.8125,100,96.875,100,92.1875,100,57.8125,87.5,35.9375,95.3125,100,56.25,40.625,98.4375,68.75,100,26.5625,73.4375,79.6875,89.0625,98.4375,100,100,67.1875,67.1875,76.5625,100,100,100,100,100,71.875,78.125,100,100,100,85.9375,84.375,39.0625,12.5,100,71.875,62.5,73.4375,82.8125,64.0625,82.8125,100,100,93.75,54.6875,92.1875,100,100,68.75,100,100,95.3125,85.9375,100,100,100,100,100,100,93.75,71.875,100,93.75,100,100,65.625,71.875,51.5625,65.625,100,100,53.125,100,100,100,67.1875,42.1875,89.0625,100,100,100,100,100,100,100,100,100,100,100,78.125,100,59.375,100,34.375,100,50,100,100,100,100,100,89.0625,90.625,92.1875,100,100,92.1875,100,85.9375,92.1875,100,100,100,87.5,56.25,81.25,96.875,87.5,100,32.8125,82.8125,100,100,100,100,100,100,100,60.9375,32.8125,100,79.6875,73.4375,100,84.375,92.1875,95.3125,65.625,82.8125,100,100,76.5625,100,100,100,70.3125,87.5,21.875,76.5625,100,100,100,100,100,62.5,98.4375,100,21.875,45.3125,95.3125,62.5,100,62.5,100,25,100,100,59.375,54.6875,100,100,48.4375,100,78.125,100,100,100,100,100,76.5625,84.375,100,79.6875,75,42.1875,100,100,81.25,53.125,76.5625,100,100,100,98.4375,100,100,84.375,100,100,60.9375,90.625,100,100,78.125,100,100,100,100,100,100,100,98.4375,100,100,100,71.875,68.75,75,60.9375,100,85.9375,64.0625,100,100,65.625,100,100,100,100,100,84.375,100,60.9375,68.75,67.1875,100,26.5625,78.125,51.5625,100,56.25,76.5625,40.625,87.5,92.1875,100,100,78.125,100,79.6875,100,68.75,100,100,84.375,46.875,100,100,50,90.625,100,100,81.25,100,100,100,100,100,100,100,100,100,100,71.875,39.0625,100,25,100,92.1875,100,29.6875,100,21.875,89.0625,57.8125,100,100,100,100,100,75,12.5,100,64.0625,100,100,81.25,100,68.75,100,100,100,100,82.8125,100,62.5,100,100,100,45.3125,100,82.8125,79.6875,35.9375,100,100,82.8125,81.25,76.5625,100,51.5625,100,100,39.0625,10.9375,100,53.125,100,100,100,73.4375,93.75,68.75,100,70.3125,100,100,25,100,100,96.875,87.5,64.0625,87.5,100,28.125,67.1875,64.0625,57.8125,100,100,93.75,81.25,92.1875,100,100,60.9375,78.125,100,93.75,100,100,92.1875,95.3125,100,89.0625,90.625,100,100,92.1875,64.0625,100,84.375,100,100,100,96.875,100,100,37.5,62.5,70.3125,90.625,15.625,46.875,100,100,100,43.75,28.125,100,100,100,100,76.5625,78.125,35.9375,89.0625,90.625,100,100,67.1875,100,100,78.125,71.875,100,57.8125,100,60.9375,60.9375,81.25,100,90.625,54.6875,100,100,100,100,73.4375,39.0625,100,100,50,100,84.375,64.0625,40.625,100,100,57.8125,92.1875,78.125,100,100,82.8125,76.5625,100,100,100,100,37.5,100,73.4375,37.5,100,100,50,100,100,65.625,100,100,100,100,100,92.1875,100,100,100,100,62.5,92.1875,100,59.375,100,40.625,100,62.5,85.9375,100,100,76.5625,100,35.9375,40.625,56.25,100,75,100,100,100,100,79.6875,85.9375,100,68.75,56.25,48.4375,100,100,100,100,98.4375,39.0625,89.0625,12.5,100,76.5625,100,70.3125,100,76.5625,60.9375,53.125,76.5625,87.5,20.3125,96.875,65.625,85.9375,26.5625,42.1875,100,78.125,100,100,28.125,54.6875,100,59.375,67.1875,100,100,75,95.3125,79.6875,84.375,14.0625,64.0625,92.1875,100,98.4375,100,53.125,89.0625,100,92.1875,78.125,84.375,100,100,56.25,100,37.5,100,100,59.375,100,46.875,100,82.8125,53.125,100,50,50,90.625,85.9375,43.75,85.9375,98.4375,100,100,100,78.125,100,29.6875,100,81.25,100,100,100,76.5625,70.3125,28.125,100,98.4375,25,68.75,100,100,100,100,100,40.625,100,65.625,100,100,100,79.6875,100,57.8125,95.3125,100,95.3125,92.1875,53.125,65.625,51.5625,100,50,100,100,100,82.8125,100,60.9375,100,100,100,100,100,84.375,50,100,95.3125,100,100,100,100,100,35.9375,87.5,100,26.5625,84.375,100,100,100,100,29.6875,1.5625,100,100,35.9375,100,71.875,100,100,79.6875,100,100,100,100,84.375,100,100,100,100,100,85.9375,100,100,42.1875,34.375,59.375,100,53.125,56.25,100,95.3125,75,100,45.3125,64.0625,100,100,75,100,100,92.1875,100,98.4375,96.875,100,100,100,92.1875,96.875,70.3125,26.5625,100,100,100,100,23.4375,100,43.75,100,76.5625,78.125,26.5625,89.0625,100,100,76.5625,100,93.75,100,96.875,59.375,100,76.5625,79.6875,100,93.75,100,54.6875,51.5625,100,100,96.875,79.6875,100,100,34.375,68.75,100,46.875,75,100,100,60.9375,71.875,100,89.0625,34.375,68.75,17.1875,100,100,100,29.6875,100,59.375,42.1875,100,82.8125,100,100,100,100,64.0625,100,54.6875,81.25,100,51.5625,100,54.6875,79.6875,56.25,100,100,100,39.0625,64.0625,100,87.5,100,100,89.0625,100
"6053",89.0625,100,45.3125,100,100,79.6875,70.3125,100,21.875,93.75,56.25,100,100,100,67.1875,75,87.5,75,100,100,96.875,100,100,100,18.75,100,100,95.3125,85.9375,100,100,100,100,93.75,100,96.875,82.8125,100,100,90.625,100,9.375,92.1875,100,100,100,100,100,89.0625,75,75,100,100,71.875,84.375,100,14.0625,100,100,100,92.1875,51.5625,98.4375,35.9375,100,100,62.5,100,70.3125,100,56.25,76.5625,48.4375,84.375,71.875,93.75,100,100,50,100,75,100,50,79.6875,82.8125,100,100,56.25,100,100,56.25,82.8125,100,46.875,79.6875,67.1875,100,53.125,100,100,100,100,100,92.1875,84.375,45.3125,96.875,100,85.9375,82.8125,70.3125,85.9375,100,100,34.375,100,100,100,100,100,89.0625,100,100,95.3125,100,54.6875,100,18.75,100,100,100,100,60.9375,100,92.1875,65.625,60.9375,78.125,100,100,100,100,40.625,32.8125,96.875,100,100,100,100,76.5625,53.125,35.9375,76.5625,87.5,98.4375,90.625,76.5625,100,100,4.6875,100,100,73.4375,100,89.0625,68.75,100,87.5,57.8125,100,78.125,70.3125,100,46.875,100,100,85.9375,100,100,100,100,87.5,100,82.8125,95.3125,29.6875,31.25,87.5,100,85.9375,100,100,82.8125,100,100,100,100,48.4375,100,100,39.0625,28.125,95.3125,100,100,100,100,14.0625,79.6875,100,67.1875,100,100,100,79.6875,78.125,34.375,46.875,100,46.875,100,75,100,100,100,100,50,100,59.375,100,71.875,79.6875,100,100,100,100,84.375,62.5,76.5625,100,100,100,100,98.4375,100,39.0625,62.5,89.0625,100,100,100,79.6875,37.5,100,45.3125,53.125,100,60.9375,100,100,100,96.875,35.9375,100,46.875,95.3125,100,100,100,100,54.6875,85.9375,100,100,100,20.3125,37.5,100,68.75,100,90.625,100,56.25,100,100,100,53.125,100,90.625,93.75,82.8125,100,93.75,54.6875,100,100,100,85.9375,78.125,75,34.375,100,73.4375,100,100,82.8125,76.5625,59.375,90.625,100,100,42.1875,51.5625,100,100,93.75,100,100,64.0625,40.625,89.0625,92.1875,50,100,57.8125,59.375,42.1875,68.75,100,67.1875,85.9375,100,76.5625,95.3125,100,39.0625,50,87.5,100,100,100,78.125,50,100,100,68.75,34.375,100,100,71.875,100,76.5625,100,59.375,68.75,100,95.3125,75,48.4375,84.375,100,92.1875,100,82.8125,84.375,34.375,71.875,87.5,98.4375,100,100,100,93.75,46.875,82.8125,100,100,100,87.5,100,84.375,84.375,100,21.875,100,96.875,100,100,62.5,90.625,100,71.875,100,100,100,78.125,100,62.5,98.4375,14.0625,100,100,100,100,100,20.3125,59.375,100,68.75,79.6875,65.625,95.3125,100,100,100,95.3125,32.8125,48.4375,100,75,64.0625,87.5,100,100,100,45.3125,37.5,100,96.875,100,82.8125,100,82.8125,100,84.375,81.25,64.0625,100,100,100,100,93.75,73.4375,70.3125,100,100,100,100,100,93.75,96.875,100,100,100,82.8125,71.875,100,76.5625,100,100,76.5625,73.4375,89.0625,100,100,65.625,100,96.875,100,78.125,12.5,34.375,95.3125,100,100,89.0625,54.6875,100,100,43.75,70.3125,100,100,60.9375,82.8125,100,60.9375,100,64.0625,56.25,100,15.625,78.125,78.125,35.9375,100,100,100,65.625,82.8125,79.6875,93.75,100,100,84.375,67.1875,85.9375,84.375,100,100,73.4375,73.4375,68.75,100,50,100,100,100,100,78.125,100,100,67.1875,54.6875,40.625,93.75,100,100,45.3125,100,51.5625,100,89.0625,100,84.375,68.75,100,82.8125,79.6875,96.875,73.4375,67.1875,100,35.9375,95.3125,100,85.9375,93.75,100,70.3125,75,100,100,100,100,43.75,100,100,84.375,100,100,71.875,100,100,100,64.0625,68.75,87.5,100,100,68.75,100,79.6875,96.875,31.25,64.0625,100,71.875,71.875,100,65.625,75,100,70.3125,100,95.3125,100,71.875,100,64.0625,100,68.75,100,100,100,100,81.25,100,93.75,98.4375,100,48.4375,100,98.4375,100,100,56.25,54.6875,100,56.25,73.4375,100,75,100,68.75,100,100,100,100,100,35.9375,100,90.625,85.9375,100,62.5,100,100,100,84.375,84.375,100,100,100,100,100,100,95.3125,100,90.625,100,100,50,100,76.5625,75,68.75,100,82.8125,100,100,93.75,95.3125,100,43.75,26.5625,89.0625,59.375,50,100,100,71.875,100,100,100,29.6875,100,82.8125,53.125,59.375,64.0625,45.3125,76.5625,98.4375,76.5625,93.75,100,92.1875,84.375,82.8125,40.625,81.25,92.1875,42.1875,100,100,100,100,100,100,100,76.5625,100,43.75,68.75,100,100,70.3125,56.25,65.625,46.875,100,51.5625,100,93.75,53.125,100,100,100,56.25,100,75,90.625,84.375,100,100,65.625,100,100,100,35.9375,100,100,100,90.625,100,92.1875,100,100,100,100,68.75,100,100,100,85.9375,100,100,100,93.75,100,100,68.75,100,98.4375,100,62.5,100,100,34.375,89.0625,100,73.4375,62.5,73.4375,100,76.5625,93.75,81.25,100,100,92.1875,100,31.25,31.25,90.625,46.875,100,100,48.4375,100,67.1875,68.75,17.1875,100,100,14.0625,42.1875,43.75,48.4375,84.375,100,100,87.5,75,100,79.6875,100,100,93.75,87.5,100,54.6875,67.1875,100,100,76.5625,64.0625,100,100,100,57.8125,100,92.1875,100,100,85.9375,100,100,75,57.8125,89.0625,100,84.375,67.1875,100,40.625,92.1875,100,100,53.125,100,75,100,100,100,100,96.875,62.5,100,100,89.0625,100,100,100,28.125,100,70.3125,81.25,79.6875,39.0625,17.1875,45.3125,100,62.5,100,100,100,79.6875,62.5,89.0625,90.625,100,67.1875,100,75,35.9375,67.1875,100,37.5,100,100,92.1875,100,96.875,100,90.625,100,100,100,29.6875,100,100,100,100,71.875,50,100,68.75,98.4375,67.1875,100,60.9375,76.5625,100,6.25,100,100,56.25,93.75,65.625,100,59.375,75,100,98.4375,100,54.6875,100,100,71.875,62.5,100,100,100,96.875,100,71.875,100,100,100,100,100,54.6875,100,20.3125,100,79.6875,82.8125,95.3125,53.125,84.375,87.5,46.875,100,100,35.9375,100,81.25,100,82.8125,32.8125,70.3125,62.5,100,100,54.6875,79.6875,78.125,62.5,98.4375,81.25,82.8125,92.1875,60.9375,100,100,56.25,100,100,21.875,100,100,100,100,84.375,100,100,100,100,100,100,93.75,100,100,100,100,100,100,100,71.875,70.3125,62.5,100,84.375,31.25,51.5625,100,71.875,100,100,85.9375,100,100,29.6875,100,45.3125,96.875,70.3125,70.3125,100,18.75,84.375,100,100,100,89.0625,100,100,100,100,100,60.9375,85.9375,100,100,98.4375,100,93.75,84.375,73.4375,100,70.3125,100,100,84.375,100,100,100,81.25,100,100,100,75,100,100,81.25,34.375,100,100,85.9375,100,73.4375,100,93.75,98.4375,100,100,100,100,81.25,78.125,100,62.5,76.5625,75,68.75,100,100,92.1875,100,100,100,100,100,100,81.25,81.25,100,100,100,100,100,14.0625,95.3125,92.1875,100,100,100,100,100,100,70.3125,89.0625,100,84.375,29.6875,100,100,71.875,68.75,100,79.6875,100,100,39.0625,100,81.25,100,100,78.125,100,100,42.1875,100,100,95.3125,90.625,100,35.9375,81.25,100,100,100,100,15.625,100,100,100,85.9375,100,100,100,100,100,100,89.0625,65.625,40.625,90.625,100,100,78.125,100,87.5,100,100,73.4375,100,100,75,68.75,100,93.75,100,100,85.9375,46.875,100,82.8125,100,51.5625,57.8125,32.8125,100,100,100,90.625,100,75,100,100,100,57.8125,100,100,67.1875,65.625,100,93.75,100,73.4375,100,100,82.8125,79.6875,96.875,100,100,100,100,100,100,100,60.9375,100,100,100,64.0625,100,100,100,31.25,71.875,93.75,100,100,62.5,100,96.875,100,81.25,76.5625,100,100,100,85.9375,95.3125,85.9375,87.5,73.4375,100,96.875,100,100,87.5,95.3125,100,50,51.5625,45.3125,29.6875,68.75,98.4375,100,45.3125,100,100,51.5625,100,100,28.125,85.9375,100,100,100,100,100,100,100,100,100,42.1875,73.4375,98.4375,59.375,34.375,76.5625,100,100,78.125,14.0625,95.3125,75,100,100,39.0625,100,100,81.25,100,28.125,100,100,100,53.125,100,48.4375,100,100,100,100,100,31.25,70.3125,100,100,85.9375,89.0625,48.4375,100,42.1875,100,100,100,100,62.5,68.75,100,73.4375,100,100,100,100,100,95.3125,71.875,56.25,89.0625,67.1875,100,81.25,75,71.875,98.4375,67.1875,62.5,50,100,98.4375,67.1875,92.1875,100,81.25,39.0625,100,92.1875,90.625,100,92.1875,100,100,100,96.875,100,75,100,100,100,87.5,100,90.625,100,85.9375,89.0625,100,100,68.75,100,96.875,100,68.75,100,100,100,62.5,100,9.375,100,100,100,89.0625,100,100,100,57.8125,98.4375,64.0625,100,100,100,73.4375,100,42.1875,96.875,68.75,100,29.6875,89.0625,100,100,96.875,100,59.375,71.875,40.625,42.1875,100,100,76.5625,60.9375,60.9375,100,62.5,92.1875,95.3125,100,90.625,100,50,100,60.9375,57.8125,76.5625,100,85.9375,100,100,100,82.8125,100,79.6875,100,93.75,100,100,100,73.4375,29.6875,100,100,100,100,100,76.5625,100,90.625,71.875,64.0625,100,93.75,100,100,100,100,78.125,34.375,65.625,48.4375,75,59.375,93.75,90.625,100,100,87.5,100,100,68.75,35.9375,92.1875,100,73.4375,71.875,100,100,46.875,100,100,81.25,100,100,100,82.8125,100,85.9375,100,100,51.5625,23.4375,93.75,100,100,100,92.1875,100,90.625,100,21.875,71.875,100,100,100,90.625,93.75,71.875,100,100,70.3125,81.25,100,100,100,76.5625,93.75,78.125,100,100,100,100,100,93.75,37.5,100,100,100,78.125,73.4375,100,100,100,100,100,100,64.0625,100,100,100,100,57.8125,70.3125,100,100,100,100,100,100,100,100,100,100,26.5625,90.625,95.3125,100,87.5,100,100,100,100,100,95.3125,100,100,76.5625,100,71.875,100,90.625,100,100,100,92.1875,64.0625,93.75,98.4375,100,7.8125,45.3125,100,100,100,100,46.875,89.0625,100,100,100,100,32.8125,100,76.5625,100,100,100,68.75,100,100,100,100,54.6875,92.1875,100,100,81.25,93.75,100,100,96.875,100,75,100,75,51.5625,79.6875,34.375,82.8125,50,79.6875,73.4375,100,57.8125,100,100,90.625,100,87.5,95.3125,68.75,62.5,28.125,84.375,87.5,100,100,75,100,100,100,100,81.25,54.6875,82.8125,100,95.3125,100,20.3125,98.4375,100,100,100,100,100,100,100,42.1875,100,40.625,84.375,100,100,100,100,62.5,100,96.875,100,100,100,100,93.75,59.375,100,100,100,81.25,100,100,100,100,32.8125,71.875,78.125,68.75,100,100,100,25,100,84.375,75,100,84.375,100,68.75,100,100,100,73.4375,53.125,100,78.125,100,100,89.0625,100,26.5625,32.8125,75,64.0625,100,100,87.5,100,100,100,100,100,71.875,54.6875,100,25,100,100,95.3125,78.125,100,39.0625,87.5,100,100,100,95.3125,100,37.5,23.4375,100,100,100,100,87.5,100,100,100,100,100,95.3125,100,84.375,100,100,79.6875,100,100,100,100,100,90.625,100,68.75,98.4375,100,100,100,98.4375,92.1875,100,100,100,100,92.1875,51.5625,100,100,100,54.6875,76.5625,100,67.1875,26.5625,100,53.125,59.375,62.5,59.375,85.9375,100,100,100,89.0625,100,100,75,100,100,100,100,85.9375,98.4375,100,100,100,70.3125,100,46.875,100,78.125,87.5,100,100,100,100,100,79.6875,35.9375,51.5625,57.8125,93.75,100,65.625,75,100,100,100,95.3125,9.375,75,100,78.125,100,35.9375,100,68.75,82.8125,100,100,85.9375,100,85.9375,100,76.5625,100,100,26.5625,68.75,100,25,100,100,100,100,76.5625,100,85.9375,100,34.375,78.125,100,90.625,100,100,92.1875,7.8125,40.625,75,71.875,76.5625,95.3125,100,62.5,82.8125,92.1875,46.875,100,100,100,100,100,100,21.875,84.375,100,96.875,68.75,79.6875,76.5625,100,100,100,100,100,65.625,100,59.375,93.75,100,100,73.4375,95.3125,100,17.1875,100,100,100,79.6875,100,53.125,100,100,100,100,95.3125,98.4375,39.0625,100,100,81.25,100,92.1875,100,100,100,81.25,100,84.375,100,100,75,26.5625,100,50,100,100,100,57.8125,100,100,100,23.4375,34.375,100,65.625,73.4375,100,31.25,100,100,100,54.6875,100,100,73.4375,100,100,100,90.625,60.9375,32.8125,100,73.4375,100,100,90.625,71.875,100,54.6875,37.5,42.1875,100,57.8125,59.375,89.0625,100,75,82.8125,93.75,100,59.375,100,18.75,100,100,65.625,81.25,100,100,100,100,37.5,100,100,100,100,93.75,100,100,87.5,85.9375,100,100,100,60.9375,68.75,100,89.0625,65.625,100,48.4375,100,37.5,87.5,100,100,60.9375,100,89.0625,82.8125,100,90.625,100,100,100,100,100,82.8125,34.375,53.125,87.5,100,100,100,100,98.4375,98.4375,32.8125,100,100,98.4375,100,90.625,100,68.75,100,29.6875,45.3125,100,100,100,100,100,68.75,100,76.5625,78.125,100,100,100,87.5,100,100,100,67.1875,100,100,76.5625,100,100,100,76.5625,81.25,75,100,100,67.1875,59.375,68.75,100,100,100,100,87.5,32.8125,100,67.1875,100,100,92.1875,100,93.75,39.0625,62.5,87.5,100,100,51.5625,100,100,10.9375,45.3125,31.25,56.25,100,100,90.625,95.3125,89.0625,78.125,100,100,95.3125,78.125,100,100,37.5,100,100,100,71.875,100,100,93.75,26.5625,100,85.9375,100,100,100,100,100,100,70.3125,71.875,100,100,79.6875,100,100,98.4375,100,76.5625,100,73.4375,98.4375,100,62.5,100,70.3125,100,78.125,73.4375,70.3125,75,100,23.4375,100,100,100,75,85.9375,35.9375,100,100,57.8125,31.25,75,100,90.625,100,84.375,84.375,100,89.0625,60.9375,100,100,100,100,100,100,90.625,90.625,35.9375,75,98.4375,100,100,100,37.5,68.75,98.4375,96.875,51.5625,100,100,59.375,100,100,67.1875,57.8125,100,84.375,78.125,98.4375,75,100,82.8125,100,100,92.1875,96.875,20.3125,62.5,78.125,70.3125,37.5,100,68.75,100,100,57.8125,100,95.3125,34.375,100,85.9375,75,82.8125,67.1875,100,100,17.1875,73.4375,100,70.3125,100,93.75,89.0625,100,100,43.75,54.6875,93.75,100,82.8125,93.75,100,75,57.8125,57.8125,100,100,100,100,93.75,100,100,87.5,79.6875,65.625,93.75,100,64.0625,100,100,78.125,100,100,100,100,100,32.8125,100,98.4375,100,100,98.4375,23.4375,89.0625,32.8125,70.3125,100,12.5,40.625,87.5,65.625,100,100,73.4375,75,100,95.3125,100,100,65.625,67.1875,75,100,100,43.75,81.25,100,48.4375,93.75,100,98.4375,100,82.8125,76.5625,50,18.75,100,70.3125,62.5,95.3125,78.125,65.625,73.4375,65.625,100,93.75,54.6875,93.75,43.75,100,100,82.8125,100,100,85.9375,32.8125,100,53.125,100,100,100,93.75,100,100,100,100,100,81.25,73.4375,76.5625,65.625,100,100,100,100,100,96.875,90.625,42.1875,90.625,100,100,100,95.3125,100,100,100,65.625,100,100,100,82.8125,100,54.6875,100,32.8125,100,48.4375,100,100,100,100,67.1875,84.375,100,87.5,100,100,92.1875,93.75,82.8125,90.625,92.1875,100,100,71.875,57.8125,96.875,96.875,95.3125,100,31.25,73.4375,100,100,81.25,100,100,100,100,43.75,60.9375,100,82.8125,87.5,100,82.8125,87.5,95.3125,68.75,85.9375,100,100,89.0625,93.75,100,100,71.875,81.25,21.875,81.25,100,100,100,100,100,50,100,100,100,100,100,56.25,85.9375,67.1875,100,25,100,100,18.75,56.25,100,100,50,100,89.0625,100,60.9375,100,100,98.4375,85.9375,84.375,100,78.125,100,40.625,100,98.4375,81.25,68.75,79.6875,100,89.0625,100,98.4375,100,100,81.25,100,100,60.9375,73.4375,71.875,100,75,100,100,100,100,100,100,100,98.4375,100,100,100,68.75,60.9375,78.125,60.9375,100,100,64.0625,100,100,64.0625,100,100,100,100,100,84.375,100,56.25,70.3125,39.0625,100,57.8125,76.5625,48.4375,100,53.125,100,100,90.625,93.75,100,100,76.5625,100,87.5,100,70.3125,100,100,100,48.4375,31.25,100,50,92.1875,100,100,78.125,100,100,100,100,56.25,98.4375,100,100,100,100,75,35.9375,100,14.0625,100,92.1875,100,53.125,100,46.875,82.8125,59.375,100,100,100,100,100,76.5625,100,100,65.625,100,100,54.6875,100,71.875,100,100,100,100,89.0625,100,54.6875,100,90.625,45.3125,45.3125,100,89.0625,93.75,35.9375,100,100,79.6875,100,78.125,100,51.5625,100,100,37.5,10.9375,100,53.125,100,100,100,68.75,90.625,93.75,100,100,100,100,25,100,100,98.4375,100,95.3125,100,100,17.1875,75,64.0625,50,100,100,100,76.5625,95.3125,100,46.875,65.625,76.5625,95.3125,35.9375,100,96.875,90.625,96.875,98.4375,90.625,92.1875,62.5,100,85.9375,64.0625,93.75,84.375,100,100,100,96.875,100,100,37.5,84.375,45.3125,89.0625,18.75,48.4375,100,100,100,45.3125,28.125,100,100,92.1875,100,79.6875,79.6875,98.4375,84.375,76.5625,100,100,67.1875,100,79.6875,73.4375,42.1875,100,59.375,100,85.9375,62.5,81.25,100,73.4375,54.6875,100,100,100,100,75,39.0625,100,100,48.4375,100,100,89.0625,37.5,100,100,59.375,93.75,78.125,100,96.875,73.4375,100,100,100,100,100,37.5,100,73.4375,18.75,100,75,62.5,100,100,98.4375,35.9375,95.3125,100,75,100,93.75,100,100,100,100,67.1875,46.875,100,57.8125,100,56.25,100,57.8125,87.5,100,100,78.125,100,35.9375,29.6875,56.25,75,76.5625,65.625,100,81.25,95.3125,92.1875,85.9375,100,51.5625,54.6875,48.4375,100,100,100,100,92.1875,73.4375,100,15.625,100,78.125,100,71.875,100,85.9375,68.75,62.5,71.875,84.375,18.75,95.3125,64.0625,100,28.125,32.8125,100,29.6875,100,100,56.25,100,96.875,59.375,68.75,100,100,100,93.75,78.125,84.375,39.0625,82.8125,100,100,96.875,100,100,90.625,100,100,76.5625,85.9375,100,100,56.25,100,34.375,100,100,54.6875,100,45.3125,100,85.9375,59.375,100,51.5625,54.6875,90.625,100,43.75,85.9375,100,100,100,100,70.3125,92.1875,34.375,100,62.5,100,100,100,100,50,28.125,100,98.4375,53.125,68.75,100,100,100,100,100,34.375,100,78.125,100,100,100,84.375,100,56.25,100,100,90.625,92.1875,60.9375,56.25,51.5625,100,45.3125,100,100,100,79.6875,100,53.125,100,100,100,95.3125,100,73.4375,54.6875,100,100,100,100,100,98.4375,100,35.9375,81.25,100,26.5625,70.3125,100,100,100,100,28.125,1.5625,100,100,34.375,100,78.125,100,100,100,100,100,100,95.3125,84.375,100,100,100,100,100,93.75,100,100,32.8125,34.375,59.375,100,56.25,100,100,100,76.5625,100,43.75,64.0625,100,100,57.8125,100,100,95.3125,100,98.4375,100,100,100,92.1875,92.1875,90.625,64.0625,28.125,100,89.0625,100,54.6875,67.1875,100,43.75,100,64.0625,100,100,75,100,100,76.5625,100,95.3125,100,90.625,57.8125,100,67.1875,76.5625,100,85.9375,100,54.6875,57.8125,100,100,96.875,85.9375,87.5,100,51.5625,70.3125,95.3125,78.125,62.5,100,100,67.1875,79.6875,100,79.6875,34.375,59.375,21.875,100,100,100,68.75,100,59.375,42.1875,100,71.875,100,100,100,43.75,89.0625,59.375,54.6875,100,100,51.5625,100,51.5625,100,53.125,79.6875,100,100,35.9375,60.9375,100,93.75,100,100,100,100
"6054",92.1875,100,40.625,100,60.9375,81.25,68.75,100,26.5625,98.4375,56.25,100,100,100,76.5625,60.9375,87.5,79.6875,100,100,96.875,100,100,100,18.75,100,100,93.75,85.9375,100,100,100,100,90.625,100,95.3125,84.375,100,100,100,100,9.375,98.4375,100,100,26.5625,100,100,79.6875,87.5,73.4375,100,100,82.8125,81.25,100,15.625,100,100,40.625,84.375,54.6875,98.4375,100,100,100,65.625,100,67.1875,100,56.25,73.4375,100,100,59.375,79.6875,100,100,57.8125,100,76.5625,100,84.375,79.6875,78.125,100,100,57.8125,100,100,56.25,82.8125,100,46.875,100,98.4375,100,59.375,100,89.0625,82.8125,100,100,92.1875,100,37.5,96.875,59.375,85.9375,100,73.4375,81.25,100,98.4375,34.375,100,100,100,96.875,100,84.375,100,100,81.25,92.1875,56.25,100,18.75,100,100,100,100,95.3125,84.375,87.5,64.0625,59.375,79.6875,23.4375,100,100,100,43.75,51.5625,100,84.375,95.3125,100,60.9375,79.6875,60.9375,39.0625,78.125,92.1875,95.3125,90.625,75,100,100,7.8125,100,100,71.875,100,87.5,70.3125,100,82.8125,56.25,100,85.9375,70.3125,64.0625,62.5,100,82.8125,82.8125,100,100,100,100,93.75,100,75,100,95.3125,53.125,100,100,87.5,100,100,82.8125,100,100,100,100,56.25,100,100,20.3125,100,96.875,100,100,100,100,100,71.875,50,40.625,71.875,89.0625,100,79.6875,78.125,35.9375,82.8125,100,68.75,100,68.75,100,100,100,54.6875,100,100,100,100,81.25,71.875,100,100,100,100,84.375,82.8125,89.0625,100,100,100,100,92.1875,100,37.5,64.0625,85.9375,59.375,45.3125,100,79.6875,51.5625,100,73.4375,53.125,100,60.9375,100,100,42.1875,98.4375,34.375,90.625,75,90.625,100,100,100,100,57.8125,92.1875,100,100,98.4375,20.3125,37.5,100,79.6875,100,90.625,100,70.3125,100,100,100,32.8125,98.4375,100,95.3125,79.6875,100,90.625,53.125,100,100,100,89.0625,68.75,75,45.3125,100,93.75,79.6875,100,85.9375,78.125,29.6875,76.5625,100,100,54.6875,31.25,100,50,93.75,100,100,70.3125,40.625,90.625,100,54.6875,100,70.3125,59.375,43.75,62.5,100,68.75,87.5,100,71.875,100,100,40.625,73.4375,87.5,100,100,70.3125,73.4375,50,100,64.0625,68.75,32.8125,100,100,71.875,100,78.125,100,71.875,45.3125,100,95.3125,100,54.6875,78.125,96.875,95.3125,100,100,81.25,50,100,78.125,98.4375,100,100,100,96.875,81.25,84.375,95.3125,96.875,96.875,100,100,87.5,92.1875,100,100,100,75,100,100,64.0625,90.625,100,71.875,100,100,100,78.125,100,68.75,100,15.625,100,100,100,100,100,10.9375,57.8125,100,68.75,90.625,70.3125,96.875,96.875,87.5,100,85.9375,32.8125,56.25,100,75,57.8125,87.5,100,100,100,68.75,45.3125,100,96.875,100,82.8125,100,79.6875,100,87.5,78.125,75,100,100,100,100,92.1875,92.1875,84.375,100,100,100,100,87.5,93.75,95.3125,100,100,100,84.375,73.4375,100,75,100,34.375,73.4375,71.875,81.25,100,28.125,67.1875,100,100,100,65.625,67.1875,62.5,76.5625,100,100,89.0625,100,95.3125,100,100,76.5625,100,84.375,75,82.8125,100,53.125,100,64.0625,73.4375,100,15.625,79.6875,100,40.625,100,100,100,64.0625,73.4375,76.5625,100,82.8125,100,85.9375,85.9375,100,82.8125,100,100,73.4375,78.125,68.75,100,100,100,100,100,100,100,100,100,100,57.8125,42.1875,92.1875,100,100,46.875,100,51.5625,100,90.625,100,84.375,71.875,100,82.8125,84.375,50,100,64.0625,100,35.9375,43.75,100,85.9375,93.75,100,70.3125,100,100,100,100,100,45.3125,73.4375,100,75,100,53.125,65.625,100,100,100,60.9375,54.6875,100,100,100,70.3125,100,87.5,82.8125,29.6875,75,100,71.875,100,100,68.75,100,100,60.9375,100,95.3125,100,82.8125,100,82.8125,100,64.0625,100,100,100,100,82.8125,100,71.875,100,100,100,100,85.9375,100,100,68.75,14.0625,98.4375,100,53.125,100,76.5625,100,65.625,100,100,98.4375,100,100,35.9375,100,100,82.8125,100,56.25,100,98.4375,100,100,79.6875,100,100,100,100,51.5625,100,100,100,75,100,100,57.8125,100,17.1875,71.875,71.875,81.25,82.8125,100,100,92.1875,90.625,100,45.3125,6.25,75,48.4375,50,92.1875,100,84.375,100,100,100,79.6875,100,87.5,50,59.375,53.125,45.3125,71.875,98.4375,76.5625,85.9375,92.1875,100,84.375,84.375,40.625,82.8125,93.75,42.1875,92.1875,100,100,100,100,100,100,78.125,100,43.75,68.75,100,26.5625,76.5625,59.375,59.375,46.875,100,46.875,100,78.125,100,100,100,100,53.125,100,76.5625,87.5,82.8125,100,100,62.5,100,100,100,34.375,100,90.625,100,75,100,96.875,100,100,100,100,73.4375,100,100,100,96.875,100,100,100,93.75,96.875,100,68.75,100,100,82.8125,62.5,100,100,35.9375,89.0625,100,65.625,62.5,73.4375,100,100,65.625,84.375,100,23.4375,68.75,71.875,100,64.0625,89.0625,100,100,100,48.4375,75,68.75,73.4375,9.375,100,75,92.1875,43.75,87.5,34.375,84.375,100,100,100,100,100,81.25,100,100,90.625,89.0625,100,57.8125,67.1875,100,100,79.6875,100,100,100,90.625,60.9375,90.625,100,100,35.9375,85.9375,100,100,57.8125,100,81.25,100,89.0625,68.75,100,37.5,93.75,100,100,54.6875,100,82.8125,100,100,100,100,96.875,62.5,100,100,82.8125,89.0625,100,100,29.6875,100,70.3125,82.8125,87.5,42.1875,100,14.0625,100,54.6875,100,100,100,84.375,64.0625,100,100,100,67.1875,100,76.5625,32.8125,65.625,96.875,100,100,67.1875,93.75,100,96.875,98.4375,85.9375,100,100,100,100,100,100,100,100,65.625,48.4375,100,65.625,100,67.1875,100,60.9375,78.125,100,39.0625,100,96.875,53.125,100,65.625,84.375,32.8125,75,100,95.3125,100,60.9375,100,93.75,71.875,62.5,100,100,100,96.875,46.875,73.4375,100,100,100,100,100,59.375,100,28.125,100,79.6875,100,79.6875,43.75,100,64.0625,56.25,87.5,100,35.9375,100,98.4375,100,78.125,98.4375,70.3125,65.625,100,100,57.8125,100,89.0625,100,82.8125,82.8125,100,100,65.625,100,100,64.0625,35.9375,100,20.3125,70.3125,100,100,100,85.9375,100,100,100,100,100,100,93.75,100,100,100,95.3125,100,100,100,100,60.9375,64.0625,100,90.625,28.125,54.6875,100,71.875,100,100,64.0625,100,79.6875,29.6875,100,45.3125,100,68.75,70.3125,100,23.4375,85.9375,100,100,100,100,100,100,100,100,100,60.9375,85.9375,71.875,79.6875,98.4375,64.0625,93.75,37.5,73.4375,100,100,100,43.75,84.375,100,73.4375,100,81.25,100,100,100,100,100,100,89.0625,35.9375,100,100,85.9375,100,42.1875,100,96.875,93.75,100,100,100,100,81.25,100,100,35.9375,76.5625,70.3125,100,100,100,82.8125,100,100,100,100,81.25,100,81.25,100,100,100,100,100,100,79.6875,75,85.9375,100,95.3125,100,100,90.625,100,65.625,95.3125,100,79.6875,31.25,100,100,76.5625,25,100,81.25,100,100,37.5,100,73.4375,100,100,79.6875,100,100,40.625,100,100,82.8125,92.1875,95.3125,32.8125,79.6875,100,100,100,75,15.625,100,96.875,100,78.125,100,100,100,100,100,100,98.4375,64.0625,62.5,90.625,93.75,100,81.25,100,87.5,100,100,71.875,100,100,76.5625,57.8125,100,93.75,96.875,100,84.375,67.1875,100,82.8125,100,51.5625,98.4375,100,100,100,100,39.0625,100,79.6875,100,100,100,46.875,100,100,57.8125,65.625,100,93.75,100,76.5625,100,93.75,84.375,79.6875,92.1875,100,100,100,100,100,100,100,62.5,56.25,98.4375,100,67.1875,100,100,100,100,100,92.1875,100,100,59.375,100,96.875,100,68.75,75,100,85.9375,100,85.9375,96.875,100,79.6875,75,98.4375,95.3125,100,100,100,95.3125,100,53.125,51.5625,25,100,68.75,93.75,100,100,100,100,50,100,93.75,29.6875,100,100,100,100,100,100,100,100,100,100,100,78.125,98.4375,59.375,100,68.75,100,100,98.4375,20.3125,95.3125,78.125,100,98.4375,32.8125,100,100,75,100,100,100,100,100,34.375,100,60.9375,100,100,100,100,100,35.9375,73.4375,100,100,100,89.0625,46.875,100,31.25,100,100,26.5625,60.9375,60.9375,68.75,100,73.4375,100,100,100,100,100,90.625,68.75,59.375,89.0625,76.5625,100,75,75,84.375,76.5625,67.1875,60.9375,53.125,100,87.5,67.1875,92.1875,100,82.8125,39.0625,100,37.5,87.5,100,90.625,100,100,100,87.5,93.75,75,90.625,100,100,85.9375,100,87.5,100,90.625,100,100,100,76.5625,100,100,100,65.625,100,100,59.375,62.5,100,100,100,100,100,89.0625,100,100,100,100,87.5,56.25,100,100,100,60.9375,100,42.1875,100,96.875,100,60.9375,89.0625,89.0625,100,100,98.4375,51.5625,68.75,43.75,43.75,100,100,76.5625,60.9375,60.9375,100,70.3125,89.0625,98.4375,100,90.625,100,31.25,65.625,71.875,62.5,100,100,82.8125,100,100,100,82.8125,100,71.875,84.375,89.0625,100,100,100,73.4375,31.25,100,100,100,73.4375,100,73.4375,100,100,73.4375,79.6875,100,78.125,100,100,100,84.375,76.5625,40.625,70.3125,50,87.5,59.375,93.75,100,100,100,84.375,100,100,67.1875,32.8125,90.625,100,71.875,70.3125,100,100,82.8125,100,100,100,100,100,100,100,100,100,100,100,53.125,100,93.75,100,100,100,89.0625,100,100,100,28.125,87.5,100,100,100,84.375,82.8125,75,100,100,71.875,68.75,100,100,100,73.4375,93.75,75,100,100,89.0625,100,100,100,39.0625,100,100,90.625,79.6875,78.125,100,100,100,100,100,100,100,78.125,100,100,79.6875,37.5,70.3125,100,82.8125,100,100,100,100,100,100,100,100,100,89.0625,92.1875,100,90.625,100,100,100,100,100,100,100,100,40.625,100,71.875,100,93.75,96.875,96.875,100,90.625,85.9375,95.3125,98.4375,37.5,9.375,46.875,100,100,100,100,48.4375,100,100,100,100,100,32.8125,100,79.6875,100,100,100,73.4375,100,100,100,100,37.5,95.3125,100,100,78.125,100,100,100,96.875,100,92.1875,100,57.8125,65.625,82.8125,54.6875,82.8125,17.1875,76.5625,73.4375,100,93.75,100,100,89.0625,100,87.5,82.8125,68.75,59.375,31.25,75,87.5,100,81.25,73.4375,71.875,100,100,100,85.9375,28.125,89.0625,100,98.4375,100,25,89.0625,100,75,100,100,100,100,100,59.375,100,59.375,84.375,98.4375,100,100,100,96.875,100,100,100,100,100,89.0625,100,59.375,100,53.125,95.3125,82.8125,100,100,100,100,85.9375,71.875,62.5,65.625,100,100,82.8125,20.3125,100,92.1875,71.875,100,81.25,100,20.3125,100,100,100,76.5625,53.125,100,89.0625,100,100,87.5,100,28.125,85.9375,75,62.5,100,100,87.5,100,100,100,100,100,93.75,59.375,100,50,29.6875,100,95.3125,70.3125,12.5,39.0625,87.5,100,100,100,95.3125,100,35.9375,18.75,100,100,100,100,100,100,100,100,100,100,93.75,100,90.625,100,100,82.8125,100,100,100,100,100,84.375,95.3125,68.75,53.125,100,100,100,100,92.1875,100,100,100,100,82.8125,43.75,100,100,100,70.3125,75,100,78.125,12.5,100,28.125,59.375,62.5,78.125,84.375,100,100,100,98.4375,100,100,79.6875,78.125,100,100,100,87.5,100,100,100,100,100,100,46.875,100,10.9375,85.9375,100,100,100,100,100,65.625,100,31.25,48.4375,95.3125,100,82.8125,100,100,100,100,100,14.0625,76.5625,100,81.25,100,34.375,100,68.75,89.0625,100,100,18.75,100,84.375,40.625,76.5625,100,93.75,71.875,68.75,100,18.75,100,100,100,100,75,100,100,100,68.75,87.5,100,93.75,100,100,90.625,35.9375,42.1875,73.4375,76.5625,81.25,76.5625,42.1875,59.375,84.375,92.1875,100,100,100,100,100,100,100,23.4375,84.375,100,100,100,100,85.9375,100,100,70.3125,100,100,65.625,100,56.25,98.4375,98.4375,100,73.4375,89.0625,100,21.875,100,100,92.1875,81.25,100,53.125,100,100,100,100,93.75,65.625,32.8125,82.8125,100,85.9375,100,78.125,100,93.75,100,81.25,100,82.8125,100,34.375,92.1875,100,87.5,48.4375,98.4375,100,100,64.0625,100,65.625,100,40.625,34.375,100,75,78.125,40.625,31.25,100,100,100,59.375,100,100,50,100,100,100,93.75,67.1875,34.375,23.4375,73.4375,100,100,93.75,71.875,34.375,54.6875,35.9375,100,100,84.375,59.375,89.0625,100,75,85.9375,87.5,100,62.5,100,100,100,100,65.625,98.4375,100,100,100,100,45.3125,100,100,100,100,100,100,100,76.5625,100,100,100,100,59.375,70.3125,100,100,100,100,50,100,18.75,85.9375,100,100,100,95.3125,79.6875,82.8125,100,84.375,100,100,100,100,100,84.375,45.3125,56.25,85.9375,100,100,100,37.5,100,100,34.375,100,100,93.75,100,92.1875,100,71.875,100,28.125,100,100,100,100,100,100,67.1875,100,76.5625,73.4375,100,100,93.75,89.0625,100,100,100,67.1875,100,100,60.9375,100,100,35.9375,89.0625,81.25,100,100,89.0625,64.0625,59.375,70.3125,98.4375,100,100,100,76.5625,31.25,100,71.875,100,100,93.75,100,95.3125,46.875,46.875,87.5,100,98.4375,26.5625,100,90.625,12.5,45.3125,26.5625,9.375,100,100,39.0625,98.4375,81.25,79.6875,93.75,100,87.5,100,100,100,100,100,100,100,73.4375,100,100,100,100,100,85.9375,100,100,51.5625,100,100,100,64.0625,75,100,98.4375,100,100,100,92.1875,100,78.125,100,75,100,100,62.5,100,70.3125,100,76.5625,75,70.3125,73.4375,100,100,100,100,92.1875,87.5,85.9375,35.9375,100,76.5625,62.5,32.8125,100,100,85.9375,100,76.5625,92.1875,100,85.9375,60.9375,100,100,89.0625,71.875,89.0625,100,92.1875,100,100,79.6875,96.875,100,100,100,64.0625,67.1875,100,79.6875,100,100,100,59.375,100,100,73.4375,59.375,100,89.0625,81.25,93.75,78.125,100,42.1875,100,100,90.625,96.875,25,62.5,76.5625,70.3125,39.0625,100,70.3125,100,100,54.6875,100,84.375,34.375,100,89.0625,75,89.0625,67.1875,95.3125,100,18.75,100,100,68.75,100,92.1875,82.8125,100,100,45.3125,53.125,90.625,100,85.9375,100,100,93.75,70.3125,57.8125,100,100,100,100,95.3125,100,100,79.6875,75,65.625,79.6875,100,62.5,100,100,78.125,100,100,100,98.4375,100,17.1875,100,100,100,100,89.0625,96.875,82.8125,31.25,78.125,92.1875,12.5,40.625,25,78.125,100,100,75,87.5,85.9375,96.875,98.4375,100,95.3125,68.75,73.4375,100,100,100,84.375,100,48.4375,95.3125,100,100,100,59.375,100,51.5625,12.5,100,78.125,62.5,28.125,84.375,65.625,90.625,81.25,100,95.3125,54.6875,95.3125,89.0625,100,100,54.6875,100,100,85.9375,100,100,70.3125,100,100,93.75,93.75,87.5,81.25,90.625,100,100,81.25,75,67.1875,67.1875,100,100,100,100,100,100,56.25,42.1875,76.5625,100,100,100,92.1875,100,100,100,100,60.9375,100,100,76.5625,100,59.375,100,29.6875,100,48.4375,100,100,100,100,60.9375,90.625,100,93.75,100,100,92.1875,100,89.0625,95.3125,100,100,100,81.25,56.25,93.75,96.875,48.4375,100,31.25,79.6875,100,100,100,100,96.875,100,100,51.5625,28.125,82.8125,82.8125,100,100,82.8125,96.875,100,64.0625,85.9375,100,100,87.5,98.4375,25,100,73.4375,82.8125,26.5625,78.125,100,100,100,100,100,45.3125,100,100,62.5,92.1875,98.4375,71.875,56.25,50,100,25,100,100,40.625,57.8125,100,100,50,100,85.9375,100,100,100,100,90.625,81.25,81.25,100,75,100,40.625,100,100,81.25,75,53.125,100,50,100,98.4375,100,100,82.8125,100,100,60.9375,73.4375,100,100,76.5625,100,100,98.4375,60.9375,100,100,100,98.4375,100,37.5,100,68.75,53.125,90.625,59.375,100,100,64.0625,100,100,64.0625,100,100,100,100,100,85.9375,100,56.25,71.875,95.3125,100,28.125,78.125,18.75,100,81.25,100,82.8125,90.625,90.625,100,100,76.5625,100,82.8125,100,90.625,100,100,100,46.875,100,100,67.1875,79.6875,40.625,100,82.8125,100,96.875,100,100,100,100,100,82.8125,100,100,76.5625,35.9375,100,100,100,92.1875,100,31.25,100,59.375,40.625,60.9375,100,100,100,100,100,78.125,100,100,59.375,100,100,81.25,100,73.4375,100,100,100,100,90.625,100,56.25,100,81.25,100,46.875,100,84.375,60.9375,35.9375,100,100,84.375,100,90.625,100,51.5625,100,100,40.625,10.9375,100,53.125,100,100,100,75,93.75,73.4375,100,93.75,100,100,25,100,100,100,73.4375,95.3125,92.1875,100,15.625,90.625,64.0625,53.125,100,100,95.3125,76.5625,90.625,100,96.875,64.0625,71.875,100,92.1875,40.625,96.875,92.1875,100,98.4375,100,100,100,100,84.375,65.625,85.9375,84.375,100,100,100,96.875,100,100,39.0625,100,67.1875,90.625,29.6875,50,100,100,50,48.4375,31.25,100,100,100,100,70.3125,78.125,98.4375,64.0625,100,81.25,100,64.0625,100,100,81.25,50,100,57.8125,100,65.625,64.0625,81.25,100,76.5625,54.6875,100,100,100,100,70.3125,39.0625,100,100,48.4375,100,100,67.1875,100,100,100,56.25,92.1875,78.125,100,100,84.375,78.125,100,100,98.4375,100,37.5,100,73.4375,92.1875,100,100,78.125,100,100,98.4375,100,100,100,90.625,100,92.1875,100,100,100,100,64.0625,65.625,100,50,100,100,100,65.625,89.0625,100,100,71.875,100,35.9375,100,53.125,100,81.25,100,100,92.1875,95.3125,93.75,90.625,100,100,56.25,50,100,100,100,100,98.4375,81.25,100,9.375,100,84.375,87.5,71.875,100,87.5,68.75,32.8125,84.375,87.5,21.875,96.875,70.3125,100,51.5625,39.0625,100,40.625,46.875,100,26.5625,85.9375,100,59.375,65.625,100,100,100,96.875,76.5625,85.9375,42.1875,57.8125,93.75,96.875,57.8125,100,100,90.625,100,100,76.5625,84.375,100,100,56.25,100,37.5,100,100,54.6875,100,43.75,100,79.6875,43.75,100,54.6875,43.75,100,100,53.125,85.9375,93.75,100,100,100,70.3125,92.1875,35.9375,100,71.875,100,100,100,100,43.75,59.375,100,98.4375,48.4375,68.75,100,100,34.375,100,100,43.75,100,78.125,100,100,100,81.25,100,70.3125,100,100,95.3125,92.1875,53.125,51.5625,51.5625,100,100,100,76.5625,100,100,100,56.25,100,100,100,100,100,84.375,56.25,100,100,100,100,100,100,89.0625,42.1875,89.0625,100,26.5625,100,100,100,100,100,29.6875,1.5625,100,100,29.6875,100,85.9375,100,100,96.875,100,100,100,100,84.375,100,100,100,100,100,84.375,100,100,39.0625,35.9375,59.375,100,60.9375,100,100,100,76.5625,100,43.75,64.0625,100,100,56.25,100,100,95.3125,100,98.4375,96.875,100,100,29.6875,92.1875,100,56.25,28.125,100,73.4375,100,68.75,100,96.875,43.75,100,89.0625,100,31.25,79.6875,100,100,71.875,100,85.9375,100,98.4375,59.375,100,81.25,79.6875,100,93.75,100,48.4375,59.375,100,100,96.875,68.75,100,100,32.8125,70.3125,96.875,53.125,64.0625,100,100,57.8125,75,100,85.9375,31.25,100,57.8125,100,100,100,71.875,100,59.375,40.625,100,100,100,100,100,100,73.4375,95.3125,54.6875,100,100,51.5625,100,54.6875,100,98.4375,79.6875,100,100,100,70.3125,100,78.125,100,100,98.4375,100
"6055",89.0625,100,42.1875,100,100,79.6875,95.3125,96.875,21.875,95.3125,59.375,100,100,100,78.125,76.5625,87.5,85.9375,100,100,96.875,100,100,100,32.8125,100,100,95.3125,81.25,100,100,100,100,98.4375,100,96.875,84.375,100,100,90.625,75,28.125,98.4375,100,100,100,100,100,82.8125,87.5,46.875,100,100,81.25,84.375,100,14.0625,100,100,75,84.375,54.6875,85.9375,92.1875,100,100,60.9375,100,78.125,100,56.25,75,100,100,93.75,79.6875,100,100,54.6875,100,75,100,85.9375,79.6875,71.875,100,100,23.4375,100,100,54.6875,82.8125,100,46.875,65.625,96.875,100,57.8125,100,100,93.75,100,100,92.1875,100,35.9375,100,50,85.9375,100,85.9375,70.3125,23.4375,100,34.375,100,100,100,100,100,78.125,100,100,96.875,100,54.6875,100,18.75,100,100,100,100,60.9375,98.4375,92.1875,59.375,62.5,78.125,100,100,100,100,51.5625,100,100,100,100,100,59.375,78.125,60.9375,39.0625,79.6875,93.75,96.875,90.625,76.5625,100,100,4.6875,100,100,71.875,100,89.0625,68.75,100,82.8125,50,100,78.125,71.875,100,62.5,68.75,100,65.625,100,100,81.25,100,89.0625,42.1875,82.8125,95.3125,100,29.6875,100,100,87.5,100,100,85.9375,100,100,100,100,59.375,100,100,21.875,100,96.875,100,100,100,100,100,73.4375,100,37.5,100,100,100,82.8125,78.125,34.375,89.0625,100,40.625,100,70.3125,100,100,100,54.6875,100,100,59.375,100,71.875,75,100,100,100,100,85.9375,100,82.8125,100,100,100,31.25,76.5625,100,42.1875,67.1875,92.1875,100,65.625,29.6875,51.5625,71.875,100,76.5625,56.25,100,75,100,92.1875,100,100,35.9375,92.1875,82.8125,100,100,100,100,100,53.125,53.125,100,100,92.1875,20.3125,37.5,100,64.0625,100,90.625,100,82.8125,100,100,71.875,32.8125,98.4375,79.6875,93.75,84.375,100,93.75,53.125,100,100,96.875,82.8125,70.3125,75,35.9375,100,89.0625,78.125,100,81.25,87.5,100,89.0625,100,100,56.25,29.6875,100,65.625,96.875,100,100,64.0625,40.625,89.0625,100,50,100,43.75,62.5,51.5625,70.3125,100,79.6875,87.5,100,62.5,100,100,39.0625,71.875,87.5,100,100,85.9375,78.125,48.4375,100,70.3125,67.1875,37.5,100,100,76.5625,100,68.75,100,78.125,43.75,100,100,68.75,54.6875,100,89.0625,93.75,100,100,79.6875,51.5625,70.3125,79.6875,98.4375,100,100,100,98.4375,79.6875,87.5,100,92.1875,98.4375,100,75,79.6875,89.0625,70.3125,100,100,100,100,100,60.9375,90.625,100,73.4375,100,100,100,75,100,79.6875,92.1875,15.625,100,100,100,100,100,7.8125,59.375,100,79.6875,76.5625,68.75,100,100,45.3125,100,96.875,32.8125,50,100,75,17.1875,100,100,100,100,43.75,34.375,100,100,100,82.8125,100,82.8125,100,71.875,62.5,56.25,100,100,100,100,89.0625,100,73.4375,100,100,100,100,90.625,93.75,92.1875,100,100,100,84.375,73.4375,100,70.3125,100,100,75,70.3125,78.125,98.4375,100,57.8125,100,81.25,100,96.875,76.5625,35.9375,68.75,100,100,89.0625,100,100,100,100,75,84.375,79.6875,62.5,100,100,50,100,70.3125,75,100,23.4375,79.6875,100,40.625,48.4375,100,100,70.3125,78.125,73.4375,100,100,100,85.9375,62.5,100,84.375,65.625,100,75,76.5625,100,100,100,100,100,100,100,100,81.25,70.3125,84.375,54.6875,40.625,93.75,100,96.875,45.3125,100,51.5625,100,90.625,100,84.375,71.875,100,82.8125,82.8125,93.75,85.9375,62.5,100,35.9375,48.4375,100,85.9375,93.75,100,71.875,100,100,100,100,100,45.3125,71.875,100,73.4375,100,100,68.75,100,100,100,87.5,37.5,76.5625,100,100,76.5625,100,90.625,100,34.375,71.875,100,76.5625,96.875,100,71.875,100,100,70.3125,100,98.4375,100,85.9375,100,95.3125,100,67.1875,100,100,57.8125,100,81.25,100,71.875,100,100,100,100,100,87.5,100,59.375,21.875,100,51.5625,100,100,75,100,60.9375,100,37.5,95.3125,100,100,35.9375,100,78.125,82.8125,100,100,100,95.3125,100,100,79.6875,100,100,100,100,100,100,100,100,93.75,100,100,28.125,100,75,75,73.4375,93.75,84.375,100,100,93.75,90.625,100,51.5625,4.6875,67.1875,51.5625,50,85.9375,100,100,100,100,100,32.8125,100,85.9375,43.75,59.375,57.8125,46.875,67.1875,98.4375,60.9375,100,93.75,48.4375,79.6875,87.5,40.625,90.625,93.75,54.6875,73.4375,100,100,100,100,100,100,73.4375,100,43.75,68.75,100,31.25,70.3125,56.25,82.8125,46.875,100,53.125,100,68.75,100,100,100,100,54.6875,100,73.4375,81.25,82.8125,100,100,57.8125,100,100,100,34.375,100,100,100,79.6875,100,100,100,100,100,100,70.3125,100,100,100,84.375,100,100,100,90.625,100,100,68.75,100,100,100,64.0625,100,100,35.9375,89.0625,100,84.375,64.0625,76.5625,100,100,65.625,96.875,100,100,100,73.4375,100,32.8125,92.1875,100,100,100,48.4375,70.3125,84.375,71.875,7.8125,100,100,81.25,43.75,70.3125,48.4375,84.375,100,57.8125,85.9375,100,100,92.1875,100,100,92.1875,100,100,56.25,68.75,65.625,100,79.6875,100,100,100,100,59.375,100,100,100,100,95.3125,100,100,17.1875,100,79.6875,100,89.0625,64.0625,100,35.9375,93.75,100,100,53.125,100,70.3125,100,100,100,100,96.875,62.5,100,100,79.6875,78.125,100,100,28.125,100,70.3125,81.25,93.75,42.1875,100,25,100,53.125,100,100,89.0625,78.125,60.9375,100,100,100,67.1875,100,76.5625,32.8125,64.0625,100,100,92.1875,100,84.375,100,96.875,100,81.25,100,100,100,35.9375,100,100,100,100,73.4375,48.4375,100,42.1875,96.875,67.1875,100,60.9375,78.125,100,9.375,100,100,57.8125,100,57.8125,45.3125,59.375,75,100,98.4375,100,62.5,100,100,70.3125,54.6875,100,100,35.9375,96.875,89.0625,64.0625,100,100,100,100,100,50,100,90.625,100,79.6875,98.4375,87.5,50,93.75,65.625,64.0625,93.75,100,35.9375,100,95.3125,84.375,84.375,100,98.4375,89.0625,100,100,53.125,79.6875,100,100,100,82.8125,100,82.8125,64.0625,100,100,62.5,45.3125,100,37.5,68.75,100,100,100,67.1875,100,100,100,100,100,100,92.1875,89.0625,100,100,56.25,100,100,100,100,68.75,65.625,100,87.5,45.3125,42.1875,100,71.875,100,85.9375,100,98.4375,100,32.8125,100,46.875,95.3125,70.3125,70.3125,100,37.5,87.5,100,100,100,100,100,100,100,100,100,60.9375,84.375,50,100,96.875,65.625,93.75,12.5,59.375,96.875,100,100,84.375,84.375,100,81.25,100,81.25,100,100,100,65.625,96.875,100,95.3125,34.375,100,100,65.625,100,76.5625,100,56.25,100,100,100,100,100,82.8125,100,100,56.25,76.5625,65.625,62.5,100,100,32.8125,100,100,100,100,93.75,100,84.375,85.9375,95.3125,100,100,100,100,84.375,76.5625,87.5,93.75,93.75,100,100,82.8125,100,68.75,93.75,100,84.375,75,100,100,57.8125,32.8125,100,79.6875,100,100,35.9375,100,87.5,100,100,75,100,100,42.1875,100,100,89.0625,100,100,39.0625,82.8125,100,100,100,62.5,17.1875,15.625,100,100,81.25,100,100,100,100,85.9375,100,89.0625,64.0625,56.25,90.625,95.3125,100,71.875,100,87.5,100,100,81.25,100,71.875,75,71.875,100,93.75,100,100,84.375,48.4375,100,82.8125,100,51.5625,100,68.75,100,100,100,51.5625,92.1875,90.625,100,100,100,59.375,100,100,57.8125,65.625,100,93.75,100,73.4375,100,70.3125,68.75,76.5625,93.75,100,100,100,100,100,100,100,62.5,65.625,100,100,100,100,100,100,78.125,71.875,90.625,71.875,100,64.0625,100,43.75,100,82.8125,75,100,100,100,85.9375,95.3125,98.4375,85.9375,75,100,96.875,100,100,48.4375,98.4375,100,75,51.5625,56.25,100,70.3125,79.6875,100,100,100,100,53.125,100,95.3125,31.25,100,100,100,100,100,100,100,100,100,100,15.625,67.1875,98.4375,59.375,89.0625,67.1875,100,100,100,15.625,95.3125,76.5625,100,100,32.8125,100,100,73.4375,100,98.4375,100,100,100,34.375,100,48.4375,100,100,100,100,100,35.9375,70.3125,100,100,100,89.0625,53.125,100,32.8125,100,100,100,100,39.0625,68.75,100,73.4375,100,87.5,100,100,100,53.125,75,53.125,89.0625,75,100,81.25,78.125,71.875,90.625,67.1875,60.9375,51.5625,100,62.5,68.75,100,100,82.8125,35.9375,100,43.75,92.1875,100,93.75,100,100,100,85.9375,90.625,75,100,100,100,76.5625,100,96.875,100,85.9375,92.1875,76.5625,100,62.5,100,85.9375,100,85.9375,100,100,68.75,64.0625,100,9.375,100,100,100,89.0625,100,100,100,100,92.1875,62.5,100,100,100,73.4375,100,40.625,96.875,100,70.3125,29.6875,87.5,89.0625,100,100,92.1875,56.25,75,40.625,45.3125,100,100,75,62.5,100,100,68.75,87.5,95.3125,100,90.625,100,32.8125,76.5625,71.875,53.125,100,100,82.8125,100,100,100,82.8125,85.9375,62.5,98.4375,93.75,100,100,98.4375,73.4375,34.375,100,100,100,100,100,82.8125,100,39.0625,78.125,67.1875,100,84.375,100,100,100,100,79.6875,50,71.875,50,75,64.0625,95.3125,100,26.5625,100,81.25,100,100,65.625,35.9375,90.625,100,73.4375,71.875,76.5625,100,50,100,100,62.5,100,100,100,81.25,100,87.5,95.3125,100,60.9375,100,100,100,100,100,78.125,100,100,100,73.4375,90.625,100,100,100,89.0625,93.75,73.4375,100,100,68.75,71.875,100,100,100,73.4375,93.75,73.4375,100,100,81.25,100,100,90.625,31.25,100,100,93.75,78.125,78.125,100,100,51.5625,100,92.1875,100,100,100,100,100,53.125,34.375,70.3125,100,90.625,100,42.1875,100,100,100,100,100,100,100,90.625,96.875,100,100,100,100,100,100,100,100,100,100,79.6875,100,71.875,100,92.1875,100,100,100,89.0625,81.25,96.875,81.25,46.875,7.8125,45.3125,100,100,100,100,45.3125,100,100,100,100,100,32.8125,100,81.25,100,100,100,65.625,100,100,100,100,45.3125,100,100,100,81.25,87.5,100,100,98.4375,100,75,100,81.25,50,79.6875,81.25,81.25,64.0625,82.8125,73.4375,100,100,100,100,32.8125,100,87.5,87.5,60.9375,62.5,28.125,100,87.5,100,90.625,81.25,100,100,100,100,78.125,26.5625,85.9375,100,85.9375,100,21.875,89.0625,100,98.4375,100,100,100,100,100,68.75,100,71.875,82.8125,100,100,100,100,100,100,98.4375,100,100,100,92.1875,100,37.5,100,43.75,100,76.5625,100,100,100,100,87.5,71.875,100,71.875,100,100,75,15.625,100,92.1875,73.4375,93.75,89.0625,100,37.5,100,100,100,76.5625,56.25,100,89.0625,100,100,31.25,100,29.6875,85.9375,71.875,60.9375,100,100,89.0625,100,100,100,100,100,92.1875,67.1875,100,56.25,25,100,95.3125,100,100,37.5,84.375,100,100,100,95.3125,100,39.0625,18.75,100,100,100,100,90.625,100,100,100,100,100,85.9375,59.375,100,100,100,98.4375,100,100,100,100,100,100,100,67.1875,56.25,100,100,100,81.25,93.75,100,100,87.5,100,87.5,54.6875,100,100,100,67.1875,75,100,68.75,100,100,26.5625,59.375,62.5,75,85.9375,100,100,100,100,100,100,84.375,100,100,100,100,90.625,100,100,100,100,100,100,48.4375,100,34.375,87.5,100,100,100,100,100,64.0625,100,31.25,51.5625,95.3125,100,92.1875,82.8125,100,100,100,100,43.75,75,76.5625,82.8125,100,42.1875,100,68.75,85.9375,100,85.9375,100,100,87.5,100,45.3125,100,95.3125,28.125,70.3125,100,29.6875,100,100,100,100,75,100,100,100,68.75,73.4375,87.5,79.6875,100,100,93.75,60.9375,100,81.25,78.125,79.6875,79.6875,71.875,64.0625,43.75,92.1875,100,100,68.75,100,100,100,100,23.4375,81.25,100,100,100,39.0625,84.375,98.4375,100,59.375,100,98.4375,65.625,73.4375,54.6875,100,67.1875,100,73.4375,96.875,73.4375,25,17.1875,100,60.9375,79.6875,100,51.5625,100,100,100,100,93.75,93.75,23.4375,100,100,81.25,100,92.1875,100,95.3125,43.75,81.25,100,82.8125,100,100,92.1875,65.625,87.5,43.75,100,100,95.3125,60.9375,100,96.875,100,37.5,35.9375,100,76.5625,78.125,100,32.8125,100,100,100,73.4375,100,98.4375,56.25,100,100,100,92.1875,60.9375,32.8125,100,70.3125,100,100,93.75,68.75,100,100,34.375,15.625,100,81.25,35.9375,89.0625,100,73.4375,73.4375,93.75,100,65.625,100,9.375,100,100,65.625,96.875,89.0625,100,100,90.625,48.4375,100,100,100,100,87.5,100,100,100,100,70.3125,82.8125,100,56.25,67.1875,100,100,67.1875,98.4375,50,100,23.4375,79.6875,100,100,100,90.625,73.4375,82.8125,100,90.625,100,100,100,100,100,84.375,43.75,100,92.1875,100,100,100,100,100,100,43.75,100,100,98.4375,100,92.1875,93.75,68.75,100,28.125,100,65.625,100,53.125,100,100,100,100,76.5625,84.375,100,100,100,100,92.1875,100,100,67.1875,100,98.4375,62.5,100,100,37.5,95.3125,73.4375,90.625,100,76.5625,56.25,57.8125,65.625,100,100,100,100,96.875,37.5,100,67.1875,100,100,93.75,100,98.4375,59.375,76.5625,84.375,100,100,21.875,100,51.5625,10.9375,43.75,37.5,56.25,100,100,100,100,92.1875,84.375,100,100,100,79.6875,100,100,34.375,100,100,100,73.4375,100,100,100,100,100,79.6875,100,100,100,100,100,100,57.8125,53.125,100,96.875,81.25,100,100,71.875,100,76.5625,100,78.125,100,100,62.5,100,70.3125,100,76.5625,75,70.3125,73.4375,100,100,100,100,100,85.9375,82.8125,35.9375,100,95.3125,50,39.0625,92.1875,100,60.9375,100,62.5,100,100,85.9375,62.5,100,95.3125,100,73.4375,93.75,100,89.0625,100,21.875,73.4375,98.4375,100,100,100,35.9375,68.75,100,81.25,84.375,100,100,39.0625,100,92.1875,25,59.375,100,84.375,71.875,81.25,73.4375,100,42.1875,100,100,90.625,96.875,21.875,62.5,76.5625,71.875,39.0625,100,67.1875,100,100,59.375,100,98.4375,34.375,100,89.0625,75,48.4375,67.1875,85.9375,100,17.1875,100,87.5,68.75,100,93.75,100,100,100,39.0625,46.875,95.3125,100,79.6875,100,100,96.875,57.8125,57.8125,100,45.3125,100,100,100,100,100,81.25,78.125,65.625,68.75,100,62.5,100,100,81.25,98.4375,100,95.3125,95.3125,100,15.625,100,100,100,100,100,100,87.5,37.5,100,100,57.8125,40.625,98.4375,73.4375,100,96.875,75,89.0625,100,96.875,100,100,78.125,67.1875,75,100,100,100,100,100,53.125,73.4375,100,96.875,100,85.9375,90.625,53.125,10.9375,100,39.0625,62.5,54.6875,81.25,65.625,73.4375,56.25,100,95.3125,54.6875,92.1875,84.375,100,100,29.6875,100,100,81.25,100,100,37.5,100,100,100,93.75,79.6875,75,100,100,100,81.25,100,68.75,67.1875,96.875,100,21.875,100,100,95.3125,65.625,42.1875,92.1875,100,100,100,100,100,100,100,45.3125,62.5,100,100,98.4375,100,59.375,100,34.375,100,81.25,100,100,100,100,100,87.5,89.0625,85.9375,100,100,79.6875,100,92.1875,92.1875,100,100,93.75,68.75,59.375,96.875,96.875,100,100,31.25,78.125,100,100,100,100,100,100,100,39.0625,29.6875,100,73.4375,65.625,100,87.5,92.1875,100,70.3125,84.375,100,100,71.875,100,100,100,71.875,57.8125,21.875,82.8125,92.1875,100,100,100,100,96.875,100,100,96.875,100,93.75,68.75,79.6875,59.375,100,25,100,100,28.125,56.25,100,100,50,100,73.4375,100,100,100,93.75,87.5,79.6875,78.125,100,89.0625,100,42.1875,100,100,81.25,54.6875,81.25,100,32.8125,100,98.4375,100,100,82.8125,100,100,60.9375,67.1875,100,100,73.4375,100,100,100,29.6875,100,100,100,98.4375,100,98.4375,71.875,67.1875,53.125,100,60.9375,100,100,64.0625,100,100,64.0625,100,100,78.125,100,100,79.6875,100,57.8125,70.3125,34.375,100,28.125,78.125,51.5625,100,100,100,100,90.625,92.1875,100,100,76.5625,100,87.5,92.1875,67.1875,100,100,57.8125,46.875,100,100,51.5625,82.8125,37.5,100,84.375,100,87.5,100,100,100,31.25,100,100,100,100,76.5625,51.5625,100,17.1875,100,93.75,100,28.125,100,31.25,46.875,59.375,100,84.375,100,100,100,79.6875,100,100,100,100,100,71.875,100,73.4375,100,100,100,100,92.1875,100,53.125,100,100,100,62.5,100,100,46.875,34.375,100,90.625,81.25,100,87.5,100,53.125,100,100,43.75,10.9375,100,53.125,100,100,100,75,95.3125,65.625,100,93.75,100,100,25,100,100,98.4375,71.875,95.3125,87.5,100,25,100,64.0625,53.125,100,100,92.1875,76.5625,100,100,100,67.1875,73.4375,100,90.625,100,92.1875,92.1875,92.1875,98.4375,95.3125,54.6875,100,100,87.5,70.3125,51.5625,84.375,100,100,100,96.875,100,95.3125,46.875,45.3125,95.3125,90.625,18.75,50,100,100,100,45.3125,31.25,100,100,100,100,76.5625,79.6875,98.4375,90.625,54.6875,89.0625,100,68.75,100,39.0625,81.25,51.5625,100,59.375,100,50,45.3125,79.6875,100,89.0625,54.6875,100,100,100,100,75,40.625,100,100,100,100,100,65.625,59.375,100,100,56.25,93.75,75,100,100,79.6875,100,100,100,62.5,100,39.0625,100,75,51.5625,100,100,57.8125,100,100,92.1875,100,100,100,100,100,90.625,96.875,100,100,100,67.1875,64.0625,34.375,59.375,100,42.1875,100,95.3125,89.0625,100,100,73.4375,64.0625,34.375,70.3125,54.6875,71.875,84.375,100,100,100,98.4375,92.1875,93.75,100,57.8125,56.25,53.125,73.4375,100,100,100,92.1875,75,100,14.0625,100,71.875,100,71.875,100,84.375,23.4375,65.625,84.375,98.4375,18.75,100,64.0625,78.125,29.6875,37.5,100,54.6875,46.875,100,26.5625,100,17.1875,59.375,75,100,100,64.0625,87.5,73.4375,82.8125,100,100,100,96.875,62.5,100,100,89.0625,100,70.3125,82.8125,85.9375,100,100,56.25,100,34.375,100,100,100,100,45.3125,100,79.6875,53.125,100,54.6875,42.1875,89.0625,96.875,46.875,79.6875,100,100,100,100,70.3125,90.625,35.9375,100,68.75,100,75,100,73.4375,32.8125,29.6875,100,98.4375,48.4375,68.75,100,100,100,100,100,17.1875,100,59.375,100,100,100,81.25,100,65.625,100,100,95.3125,90.625,57.8125,53.125,53.125,100,100,100,92.1875,100,87.5,100,56.25,100,100,100,100,100,85.9375,57.8125,100,93.75,100,100,100,96.875,87.5,59.375,100,100,26.5625,100,100,100,100,100,35.9375,1.5625,100,100,50,100,78.125,100,100,100,100,100,100,100,96.875,100,100,100,100,100,82.8125,100,100,60.9375,34.375,57.8125,100,51.5625,100,100,96.875,78.125,100,46.875,64.0625,100,100,60.9375,100,92.1875,100,100,98.4375,95.3125,100,100,85.9375,92.1875,100,62.5,26.5625,100,85.9375,100,100,100,100,40.625,100,60.9375,89.0625,12.5,82.8125,100,100,71.875,100,90.625,100,100,59.375,100,59.375,78.125,100,82.8125,82.8125,54.6875,57.8125,100,100,96.875,84.375,100,87.5,29.6875,68.75,100,40.625,68.75,100,100,64.0625,84.375,100,89.0625,32.8125,68.75,73.4375,100,89.0625,100,26.5625,100,60.9375,40.625,100,67.1875,100,100,95.3125,43.75,60.9375,48.4375,48.4375,85.9375,100,51.5625,75,53.125,79.6875,59.375,93.75,100,100,17.1875,56.25,100,79.6875,100,100,95.3125,100
"6056",90.625,100,35.9375,100,100,73.4375,84.375,100,21.875,93.75,82.8125,100,100,100,100,75,100,79.6875,100,100,96.875,100,100,100,43.75,100,100,93.75,84.375,100,100,100,100,85.9375,100,98.4375,81.25,100,100,100,75,68.75,84.375,100,100,100,100,100,73.4375,85.9375,42.1875,100,100,68.75,54.6875,100,29.6875,100,100,46.875,89.0625,54.6875,85.9375,100,100,89.0625,68.75,100,71.875,100,54.6875,68.75,100,100,59.375,100,100,100,51.5625,100,75,100,87.5,79.6875,62.5,90.625,100,100,100,100,56.25,84.375,100,46.875,65.625,96.875,100,60.9375,100,100,85.9375,100,100,70.3125,32.8125,35.9375,96.875,100,85.9375,100,71.875,71.875,100,98.4375,37.5,100,100,100,100,100,87.5,100,100,92.1875,92.1875,60.9375,100,18.75,100,100,100,100,68.75,43.75,84.375,59.375,59.375,79.6875,100,100,81.25,100,50,46.875,100,100,100,100,60.9375,78.125,60.9375,39.0625,79.6875,93.75,85.9375,90.625,75,100,100,4.6875,100,100,71.875,100,92.1875,68.75,48.4375,87.5,46.875,100,100,71.875,100,100,100,100,87.5,100,100,100,100,92.1875,100,100,100,100,28.125,45.3125,100,96.875,100,100,60.9375,100,100,100,89.0625,65.625,100,100,18.75,100,96.875,100,100,100,100,100,84.375,100,32.8125,92.1875,100,100,87.5,78.125,28.125,95.3125,100,78.125,100,82.8125,81.25,100,100,53.125,40.625,100,57.8125,100,81.25,79.6875,100,100,100,100,90.625,100,100,100,100,100,100,100,100,42.1875,82.8125,85.9375,100,65.625,100,79.6875,53.125,100,48.4375,56.25,100,60.9375,100,100,100,98.4375,35.9375,98.4375,37.5,100,100,100,100,100,100,60.9375,100,100,100,20.3125,40.625,100,59.375,70.3125,92.1875,100,100,100,100,71.875,29.6875,98.4375,78.125,92.1875,81.25,100,79.6875,56.25,100,100,100,82.8125,65.625,75,35.9375,100,87.5,79.6875,100,85.9375,89.0625,46.875,89.0625,100,100,100,29.6875,100,100,93.75,100,100,93.75,42.1875,89.0625,100,51.5625,31.25,26.5625,68.75,42.1875,65.625,100,100,87.5,100,73.4375,96.875,100,39.0625,79.6875,87.5,98.4375,100,100,76.5625,46.875,100,70.3125,60.9375,37.5,100,100,71.875,100,64.0625,100,84.375,71.875,100,95.3125,68.75,45.3125,100,92.1875,87.5,100,96.875,85.9375,51.5625,17.1875,81.25,98.4375,100,100,100,90.625,71.875,84.375,100,90.625,100,100,100,85.9375,100,73.4375,100,100,9.375,100,100,73.4375,29.6875,100,73.4375,100,100,100,75,100,76.5625,96.875,15.625,100,100,100,100,100,9.375,59.375,100,76.5625,84.375,68.75,96.875,100,79.6875,100,100,32.8125,48.4375,100,75,57.8125,100,100,100,100,35.9375,46.875,100,100,100,82.8125,100,79.6875,100,98.4375,67.1875,57.8125,100,100,100,100,92.1875,100,93.75,85.9375,100,100,100,85.9375,93.75,92.1875,100,100,100,82.8125,70.3125,100,100,100,100,71.875,70.3125,76.5625,100,100,56.25,100,95.3125,100,82.8125,65.625,34.375,67.1875,100,100,89.0625,100,100,100,37.5,100,100,100,62.5,100,100,48.4375,100,73.4375,75,100,78.125,78.125,9.375,48.4375,78.125,100,100,71.875,70.3125,82.8125,100,100,100,87.5,57.8125,81.25,82.8125,100,100,85.9375,75,100,100,28.125,54.6875,100,100,100,100,100,71.875,100,56.25,43.75,93.75,100,95.3125,46.875,100,45.3125,100,87.5,100,84.375,71.875,100,82.8125,75,100,89.0625,100,100,34.375,89.0625,100,85.9375,100,100,100,100,100,100,100,100,45.3125,81.25,100,73.4375,96.875,100,71.875,100,100,59.375,100,37.5,78.125,100,100,71.875,100,82.8125,100,32.8125,75,100,73.4375,100,100,64.0625,100,100,100,100,100,100,71.875,100,64.0625,100,57.8125,100,100,100,100,82.8125,100,59.375,96.875,100,100,100,100,90.625,100,56.25,45.3125,100,57.8125,100,100,78.125,100,79.6875,100,100,100,100,89.0625,34.375,100,93.75,82.8125,100,71.875,100,95.3125,100,100,78.125,100,100,21.875,100,100,100,100,100,100,100,100,26.5625,96.875,65.625,100,76.5625,64.0625,93.75,100,100,93.75,100,100,43.75,6.25,78.125,100,50,89.0625,100,100,100,100,100,29.6875,100,87.5,43.75,21.875,40.625,45.3125,64.0625,98.4375,57.8125,100,100,67.1875,82.8125,76.5625,40.625,92.1875,92.1875,40.625,65.625,100,100,100,100,100,100,75,100,43.75,68.75,100,29.6875,71.875,60.9375,71.875,46.875,100,62.5,100,65.625,100,100,100,100,70.3125,100,75,89.0625,82.8125,100,100,65.625,100,100,100,34.375,100,100,100,90.625,100,100,100,100,100,100,75,100,100,100,85.9375,100,100,100,48.4375,100,100,70.3125,100,100,100,64.0625,100,100,34.375,89.0625,100,95.3125,64.0625,78.125,98.4375,100,64.0625,81.25,100,100,100,60.9375,31.25,29.6875,92.1875,100,100,100,48.4375,65.625,75,79.6875,26.5625,100,81.25,100,43.75,100,40.625,84.375,100,75,92.1875,100,100,85.9375,100,98.4375,100,95.3125,100,53.125,67.1875,100,100,53.125,100,100,100,100,57.8125,93.75,76.5625,100,53.125,100,100,100,17.1875,100,87.5,100,84.375,60.9375,100,37.5,93.75,100,100,67.1875,100,92.1875,100,100,100,100,92.1875,46.875,100,100,89.0625,62.5,100,100,29.6875,100,70.3125,85.9375,92.1875,43.75,100,15.625,100,51.5625,100,100,100,79.6875,64.0625,100,100,100,67.1875,100,76.5625,10.9375,65.625,100,100,98.4375,78.125,62.5,100,93.75,100,81.25,100,100,100,100,100,100,100,100,67.1875,46.875,100,40.625,93.75,78.125,100,59.375,78.125,100,28.125,100,100,57.8125,90.625,68.75,75,85.9375,76.5625,100,98.4375,100,56.25,100,90.625,70.3125,67.1875,100,100,10.9375,98.4375,95.3125,73.4375,100,100,100,100,100,54.6875,100,90.625,100,79.6875,100,82.8125,59.375,100,67.1875,68.75,93.75,100,35.9375,96.875,81.25,85.9375,81.25,100,100,65.625,100,100,53.125,68.75,100,100,100,81.25,100,100,98.4375,100,100,62.5,7.8125,100,39.0625,100,100,100,100,68.75,100,100,100,100,100,100,92.1875,98.4375,100,100,100,100,100,78.125,89.0625,65.625,68.75,100,100,56.25,26.5625,96.875,70.3125,100,100,100,87.5,90.625,31.25,100,32.8125,84.375,71.875,70.3125,100,51.5625,85.9375,100,100,100,92.1875,100,100,100,100,100,60.9375,84.375,100,100,96.875,65.625,95.3125,28.125,65.625,15.625,100,100,42.1875,84.375,100,78.125,100,60.9375,100,100,100,45.3125,100,100,28.125,35.9375,100,100,64.0625,100,79.6875,100,95.3125,100,100,45.3125,100,100,81.25,75,100,100,76.5625,70.3125,70.3125,100,100,20.3125,100,100,100,100,71.875,100,82.8125,42.1875,100,100,100,100,45.3125,78.125,84.375,90.625,100,100,100,100,100,100,68.75,90.625,100,65.625,75,100,100,78.125,31.25,100,82.8125,100,100,34.375,40.625,64.0625,100,100,100,100,100,42.1875,100,100,89.0625,93.75,100,31.25,79.6875,100,100,100,68.75,17.1875,100,100,100,87.5,100,100,100,100,100,85.9375,93.75,65.625,100,90.625,96.875,100,81.25,100,87.5,100,100,100,100,64.0625,75,100,100,93.75,93.75,100,84.375,62.5,32.8125,82.8125,100,57.8125,100,100,100,100,100,39.0625,100,76.5625,100,100,100,53.125,100,100,60.9375,65.625,100,93.75,100,71.875,100,98.4375,67.1875,65.625,96.875,40.625,100,100,100,100,100,100,60.9375,39.0625,100,100,100,100,100,100,76.5625,100,92.1875,100,93.75,100,100,43.75,100,65.625,75,100,100,100,87.5,98.4375,100,79.6875,75,100,96.875,100,100,92.1875,96.875,100,51.5625,51.5625,78.125,100,67.1875,95.3125,100,87.5,100,100,50,100,89.0625,31.25,82.8125,100,100,100,100,100,100,100,100,100,20.3125,78.125,98.4375,56.25,100,65.625,100,40.625,100,15.625,95.3125,81.25,100,100,32.8125,100,100,75,100,100,100,100,100,32.8125,100,48.4375,100,100,100,100,100,32.8125,73.4375,100,100,100,89.0625,51.5625,100,53.125,100,100,100,100,34.375,67.1875,100,73.4375,23.4375,100,100,100,100,64.0625,78.125,53.125,89.0625,76.5625,100,79.6875,76.5625,84.375,92.1875,67.1875,60.9375,50,100,93.75,68.75,64.0625,100,73.4375,37.5,79.6875,100,96.875,100,92.1875,100,100,100,100,100,75,93.75,100,100,100,100,100,100,37.5,84.375,100,100,65.625,100,100,100,78.125,100,100,59.375,51.5625,100,37.5,100,100,100,89.0625,100,100,100,100,89.0625,100,100,100,100,79.6875,100,42.1875,92.1875,100,56.25,28.125,92.1875,29.6875,100,100,90.625,54.6875,78.125,73.4375,43.75,100,84.375,78.125,67.1875,100,100,70.3125,89.0625,96.875,95.3125,90.625,100,45.3125,59.375,54.6875,50,85.9375,100,78.125,100,82.8125,100,84.375,93.75,81.25,87.5,92.1875,100,100,100,73.4375,32.8125,100,100,34.375,85.9375,100,78.125,100,100,79.6875,70.3125,100,84.375,100,100,100,100,81.25,45.3125,71.875,50,75,65.625,96.875,100,100,100,87.5,100,93.75,100,35.9375,78.125,100,75,68.75,100,100,54.6875,100,100,48.4375,71.875,57.8125,100,68.75,100,100,100,100,68.75,100,76.5625,100,43.75,100,73.4375,100,100,100,100,96.875,100,100,100,85.9375,89.0625,71.875,100,100,71.875,70.3125,100,100,100,100,93.75,70.3125,100,98.4375,89.0625,100,100,100,35.9375,100,84.375,100,78.125,78.125,100,100,100,100,100,26.5625,100,100,100,100,81.25,34.375,71.875,100,73.4375,100,57.8125,100,100,100,100,100,100,100,89.0625,81.25,100,100,100,100,100,100,100,100,100,100,92.1875,100,71.875,100,87.5,90.625,100,100,92.1875,64.0625,98.4375,56.25,40.625,7.8125,46.875,100,100,100,25,100,92.1875,100,100,59.375,100,32.8125,100,78.125,100,100,100,67.1875,56.25,100,100,100,56.25,89.0625,100,100,60.9375,98.4375,100,100,98.4375,100,92.1875,100,56.25,57.8125,81.25,62.5,82.8125,82.8125,75,73.4375,100,100,100,62.5,32.8125,100,87.5,76.5625,65.625,84.375,28.125,100,87.5,100,100,81.25,100,100,100,100,81.25,26.5625,89.0625,100,84.375,100,20.3125,84.375,100,90.625,100,100,100,100,100,75,100,95.3125,82.8125,100,100,100,100,100,100,45.3125,100,100,100,68.75,100,37.5,100,100,89.0625,78.125,100,100,100,100,89.0625,71.875,57.8125,70.3125,100,100,73.4375,43.75,100,90.625,68.75,100,62.5,100,75,100,100,100,71.875,60.9375,100,84.375,100,100,17.1875,100,40.625,85.9375,75,59.375,100,100,87.5,100,100,100,100,100,78.125,100,100,28.125,37.5,100,95.3125,46.875,100,100,65.625,100,100,92.1875,87.5,100,39.0625,20.3125,100,100,100,100,100,100,100,100,100,100,93.75,25,98.4375,100,100,84.375,100,100,98.4375,100,100,100,100,60.9375,100,100,100,100,100,90.625,100,100,100,100,100,53.125,100,100,100,59.375,73.4375,100,84.375,100,100,28.125,59.375,62.5,73.4375,85.9375,100,100,100,100,100,84.375,90.625,100,100,100,100,82.8125,100,100,100,100,100,100,54.6875,100,35.9375,84.375,100,100,100,100,100,93.75,100,29.6875,60.9375,100,100,56.25,79.6875,100,100,100,100,64.0625,75,100,81.25,100,35.9375,100,42.1875,84.375,100,71.875,17.1875,84.375,95.3125,100,76.5625,100,100,28.125,100,100,21.875,100,100,100,100,71.875,100,100,100,68.75,78.125,100,79.6875,100,100,95.3125,57.8125,54.6875,78.125,78.125,76.5625,75,100,59.375,82.8125,92.1875,43.75,100,73.4375,100,100,100,100,73.4375,81.25,100,100,100,29.6875,81.25,100,100,14.0625,100,100,65.625,100,59.375,89.0625,100,100,73.4375,95.3125,90.625,51.5625,100,100,100,21.875,100,26.5625,100,100,100,100,93.75,98.4375,37.5,100,100,82.8125,100,79.6875,100,100,100,81.25,100,84.375,100,100,93.75,100,93.75,42.1875,98.4375,100,92.1875,64.0625,100,92.1875,100,42.1875,37.5,100,75,76.5625,14.0625,31.25,100,100,100,64.0625,76.5625,84.375,51.5625,100,100,100,100,62.5,34.375,100,71.875,100,100,93.75,62.5,100,100,28.125,100,100,81.25,34.375,89.0625,100,68.75,85.9375,95.3125,100,35.9375,100,85.9375,100,100,82.8125,64.0625,100,100,100,89.0625,51.5625,100,100,100,100,95.3125,100,100,100,100,100,100,100,57.8125,70.3125,100,100,60.9375,95.3125,50,100,34.375,84.375,100,95.3125,100,82.8125,84.375,82.8125,100,87.5,100,100,93.75,100,100,84.375,29.6875,53.125,100,100,100,100,100,100,100,70.3125,100,93.75,96.875,100,93.75,100,71.875,100,31.25,100,68.75,100,100,100,100,100,100,76.5625,85.9375,100,100,100,89.0625,54.6875,100,100,67.1875,100,100,68.75,100,100,56.25,95.3125,70.3125,93.75,100,68.75,51.5625,59.375,73.4375,100,100,100,96.875,100,34.375,100,73.4375,100,100,92.1875,100,32.8125,56.25,65.625,81.25,100,100,21.875,100,79.6875,18.75,42.1875,18.75,7.8125,100,100,100,100,65.625,82.8125,100,100,100,78.125,100,100,37.5,100,100,100,73.4375,100,100,100,100,100,48.4375,100,100,100,100,100,100,56.25,81.25,100,100,85.9375,100,100,100,100,71.875,100,82.8125,100,100,60.9375,100,70.3125,57.8125,85.9375,78.125,70.3125,73.4375,100,57.8125,100,100,100,82.8125,82.8125,50,100,85.9375,60.9375,45.3125,64.0625,100,56.25,100,60.9375,87.5,100,89.0625,59.375,89.0625,100,93.75,73.4375,50,100,90.625,100,21.875,76.5625,70.3125,100,100,100,31.25,76.5625,100,70.3125,32.8125,100,100,40.625,100,100,23.4375,57.8125,100,85.9375,78.125,100,85.9375,100,90.625,100,100,89.0625,96.875,20.3125,62.5,75,71.875,37.5,100,70.3125,100,100,54.6875,100,100,34.375,100,89.0625,75,78.125,65.625,93.75,100,17.1875,100,85.9375,67.1875,100,93.75,100,100,100,23.4375,60.9375,90.625,100,78.125,100,100,100,57.8125,59.375,100,100,100,100,96.875,100,100,82.8125,87.5,68.75,76.5625,100,62.5,100,100,98.4375,17.1875,100,90.625,98.4375,100,21.875,100,85.9375,100,100,100,100,89.0625,34.375,87.5,100,57.8125,40.625,93.75,78.125,100,100,75,89.0625,96.875,98.4375,100,100,65.625,67.1875,68.75,100,100,100,78.125,100,50,71.875,100,70.3125,100,87.5,75,51.5625,35.9375,100,37.5,53.125,96.875,82.8125,100,65.625,87.5,100,93.75,54.6875,95.3125,100,100,100,48.4375,100,81.25,85.9375,53.125,100,17.1875,100,100,93.75,93.75,75,100,90.625,100,100,75,57.8125,100,67.1875,96.875,59.375,90.625,100,100,95.3125,64.0625,42.1875,89.0625,100,100,100,100,100,100,100,64.0625,59.375,100,18.75,100,100,59.375,100,34.375,100,46.875,100,100,100,100,100,84.375,95.3125,75,100,87.5,76.5625,100,93.75,95.3125,100,100,100,78.125,60.9375,79.6875,96.875,100,100,31.25,65.625,100,100,100,100,100,100,100,39.0625,28.125,100,76.5625,79.6875,100,100,100,21.875,67.1875,85.9375,100,100,84.375,100,100,93.75,73.4375,50,21.875,75,100,100,100,100,100,100,100,100,67.1875,100,100,90.625,93.75,67.1875,100,29.6875,100,100,100,62.5,100,100,50,87.5,73.4375,100,100,100,100,81.25,100,76.5625,100,87.5,100,42.1875,100,60.9375,21.875,70.3125,78.125,100,100,100,98.4375,100,100,84.375,100,100,60.9375,57.8125,73.4375,100,75,100,100,96.875,39.0625,100,100,100,98.4375,100,64.0625,67.1875,67.1875,51.5625,100,60.9375,100,100,64.0625,100,100,60.9375,100,100,81.25,100,100,84.375,100,56.25,71.875,87.5,100,28.125,78.125,76.5625,100,100,100,100,90.625,92.1875,100,100,76.5625,100,85.9375,32.8125,100,100,59.375,98.4375,48.4375,50,100,50,85.9375,100,100,89.0625,65.625,82.8125,100,26.5625,100,100,100,100,100,100,76.5625,75,100,42.1875,100,92.1875,100,26.5625,100,46.875,45.3125,59.375,100,100,100,100,40.625,79.6875,100,100,68.75,100,100,81.25,100,75,100,100,100,100,89.0625,100,54.6875,100,100,100,53.125,100,90.625,100,35.9375,100,100,81.25,95.3125,96.875,17.1875,54.6875,100,100,39.0625,10.9375,100,53.125,100,100,100,75,100,70.3125,100,100,100,100,42.1875,100,75,100,76.5625,93.75,96.875,100,20.3125,93.75,64.0625,67.1875,100,100,98.4375,81.25,100,100,100,100,79.6875,100,100,59.375,84.375,17.1875,100,98.4375,92.1875,82.8125,100,100,81.25,70.3125,100,84.375,100,100,100,96.875,100,98.4375,54.6875,70.3125,100,90.625,12.5,43.75,100,100,100,46.875,29.6875,100,100,100,100,76.5625,78.125,98.4375,90.625,50,78.125,100,67.1875,100,100,40.625,50,100,59.375,100,46.875,51.5625,81.25,100,92.1875,54.6875,100,100,100,100,73.4375,100,100,100,100,100,100,68.75,39.0625,100,100,59.375,93.75,76.5625,100,100,28.125,28.125,100,100,100,100,39.0625,100,75,59.375,100,100,73.4375,100,100,90.625,100,100,100,100,100,93.75,96.875,100,100,100,100,54.6875,100,60.9375,100,35.9375,100,100,90.625,100,100,75,100,35.9375,42.1875,51.5625,100,78.125,100,100,100,76.5625,100,82.8125,100,62.5,56.25,46.875,85.9375,100,100,100,98.4375,81.25,100,35.9375,100,65.625,90.625,71.875,100,79.6875,68.75,62.5,81.25,100,18.75,96.875,64.0625,100,28.125,14.0625,100,42.1875,100,100,25,100,17.1875,59.375,100,100,100,100,84.375,81.25,85.9375,56.25,67.1875,100,96.875,60.9375,100,100,87.5,100,98.4375,81.25,85.9375,100,100,56.25,100,34.375,100,100,100,100,45.3125,100,84.375,56.25,100,53.125,34.375,100,100,42.1875,85.9375,100,100,100,100,75,93.75,35.9375,100,81.25,100,100,100,96.875,100,29.6875,100,98.4375,53.125,67.1875,100,100,48.4375,100,100,17.1875,100,62.5,100,100,100,71.875,100,65.625,100,100,92.1875,87.5,60.9375,51.5625,53.125,100,100,84.375,100,100,98.4375,100,60.9375,100,100,100,100,100,92.1875,62.5,100,100,100,100,100,100,89.0625,57.8125,100,100,26.5625,100,100,100,100,100,7.8125,1.5625,100,100,28.125,100,76.5625,100,26.5625,75,100,100,100,100,100,100,100,79.6875,100,100,100,81.25,100,46.875,35.9375,56.25,100,59.375,100,100,89.0625,78.125,100,34.375,64.0625,100,100,76.5625,100,100,100,100,98.4375,90.625,100,100,100,92.1875,100,57.8125,28.125,100,90.625,100,100,42.1875,100,39.0625,90.625,68.75,75,100,87.5,100,100,73.4375,100,95.3125,100,100,59.375,100,68.75,78.125,100,90.625,100,100,57.8125,100,100,96.875,79.6875,100,100,29.6875,68.75,93.75,59.375,62.5,100,100,54.6875,73.4375,100,87.5,34.375,68.75,70.3125,100,100,100,51.5625,100,60.9375,42.1875,100,84.375,100,100,100,100,65.625,29.6875,50,95.3125,100,51.5625,100,64.0625,78.125,60.9375,79.6875,100,100,100,76.5625,100,84.375,100,100,98.4375,100
"6057",92.1875,100,59.375,50,100,68.75,82.8125,100,21.875,50,51.5625,100,100,100,100,76.5625,92.1875,87.5,57.8125,100,96.875,100,100,100,37.5,100,100,93.75,89.0625,100,100,100,100,100,100,92.1875,70.3125,100,100,100,90.625,64.0625,95.3125,100,100,100,100,100,87.5,89.0625,75,100,100,68.75,64.0625,100,15.625,100,100,40.625,84.375,60.9375,98.4375,100,100,100,65.625,100,60.9375,100,54.6875,67.1875,100,100,64.0625,84.375,100,62.5,53.125,100,73.4375,100,85.9375,79.6875,65.625,100,100,43.75,100,100,57.8125,84.375,100,46.875,76.5625,100,100,64.0625,100,100,96.875,100,100,70.3125,31.25,32.8125,100,71.875,85.9375,100,67.1875,96.875,100,100,35.9375,100,100,100,100,100,70.3125,100,100,96.875,100,46.875,100,18.75,100,100,100,100,67.1875,100,90.625,59.375,54.6875,76.5625,100,100,100,96.875,100,45.3125,100,100,96.875,100,60.9375,78.125,53.125,37.5,79.6875,92.1875,96.875,87.5,75,100,100,100,100,100,70.3125,100,89.0625,70.3125,100,85.9375,43.75,100,87.5,78.125,89.0625,59.375,100,96.875,84.375,100,100,100,100,92.1875,100,82.8125,100,100,28.125,100,100,87.5,100,100,60.9375,100,100,100,81.25,65.625,100,100,29.6875,100,98.4375,100,100,100,100,100,81.25,100,34.375,100,100,100,81.25,79.6875,54.6875,95.3125,100,59.375,100,78.125,100,100,100,65.625,100,100,100,100,82.8125,79.6875,100,100,100,100,85.9375,64.0625,95.3125,100,100,34.375,100,90.625,100,42.1875,82.8125,85.9375,100,84.375,100,76.5625,46.875,98.4375,100,57.8125,100,60.9375,100,100,100,96.875,35.9375,100,81.25,100,100,100,100,100,81.25,67.1875,100,90.625,100,21.875,40.625,100,54.6875,100,32.8125,100,100,100,100,100,32.8125,100,68.75,100,79.6875,100,79.6875,57.8125,100,53.125,100,92.1875,62.5,75,34.375,100,82.8125,96.875,100,84.375,93.75,50,92.1875,100,100,96.875,29.6875,100,76.5625,95.3125,100,100,76.5625,51.5625,90.625,100,50,100,82.8125,59.375,70.3125,60.9375,100,92.1875,85.9375,100,75,100,100,39.0625,92.1875,87.5,95.3125,100,100,81.25,46.875,100,68.75,65.625,37.5,100,100,76.5625,100,78.125,100,82.8125,59.375,100,95.3125,65.625,51.5625,100,84.375,87.5,100,76.5625,84.375,51.5625,28.125,85.9375,98.4375,100,100,100,89.0625,79.6875,100,96.875,95.3125,100,100,100,81.25,90.625,37.5,100,100,23.4375,100,100,51.5625,31.25,100,90.625,100,100,100,71.875,100,50,100,15.625,100,100,89.0625,100,100,42.1875,57.8125,81.25,79.6875,76.5625,62.5,85.9375,100,75,100,95.3125,39.0625,50,100,75,59.375,100,100,100,100,43.75,42.1875,100,96.875,100,82.8125,100,73.4375,100,100,70.3125,64.0625,100,100,100,100,92.1875,100,100,100,100,100,100,98.4375,93.75,89.0625,100,100,100,84.375,71.875,100,70.3125,100,100,76.5625,71.875,71.875,95.3125,62.5,48.4375,100,100,100,100,67.1875,37.5,70.3125,100,100,17.1875,100,100,100,100,76.5625,100,100,75,82.8125,100,50,100,73.4375,73.4375,95.3125,76.5625,78.125,32.8125,35.9375,100,100,100,71.875,81.25,79.6875,93.75,100,100,85.9375,54.6875,71.875,82.8125,100,100,78.125,78.125,68.75,100,100,57.8125,100,100,100,100,95.3125,70.3125,98.4375,56.25,43.75,92.1875,100,93.75,46.875,14.0625,43.75,100,92.1875,100,84.375,71.875,100,76.5625,82.8125,92.1875,92.1875,100,100,35.9375,45.3125,100,84.375,100,100,95.3125,81.25,100,100,100,100,43.75,68.75,100,71.875,95.3125,100,71.875,100,100,59.375,100,43.75,100,100,100,60.9375,100,90.625,96.875,31.25,100,100,67.1875,82.8125,100,67.1875,100,98.4375,100,89.0625,100,100,70.3125,100,100,100,71.875,100,100,100,100,98.4375,100,59.375,96.875,100,100,100,84.375,75,100,60.9375,57.8125,100,54.6875,100,100,78.125,100,75,100,100,100,100,100,50,100,100,81.25,100,78.125,100,100,100,100,76.5625,100,34.375,100,100,100,100,93.75,100,100,100,18.75,26.5625,96.875,68.75,81.25,67.1875,89.0625,100,100,100,87.5,98.4375,100,45.3125,6.25,100,78.125,34.375,96.875,100,93.75,100,65.625,100,34.375,100,87.5,42.1875,21.875,84.375,68.75,59.375,98.4375,68.75,100,92.1875,42.1875,79.6875,81.25,40.625,79.6875,90.625,39.0625,39.0625,100,100,100,100,100,100,75,100,43.75,68.75,100,100,64.0625,76.5625,79.6875,46.875,100,50,100,100,100,100,100,100,64.0625,100,100,71.875,84.375,100,100,54.6875,100,100,100,34.375,100,100,100,87.5,100,100,100,100,100,100,100,100,100,100,96.875,100,100,100,81.25,100,100,68.75,100,100,100,26.5625,73.4375,100,34.375,89.0625,100,79.6875,78.125,78.125,100,100,65.625,100,100,100,100,53.125,100,29.6875,67.1875,100,100,100,48.4375,98.4375,71.875,70.3125,7.8125,100,100,85.9375,43.75,100,32.8125,84.375,100,60.9375,89.0625,100,100,89.0625,100,100,100,100,100,65.625,45.3125,100,100,56.25,100,100,100,64.0625,60.9375,93.75,100,100,53.125,96.875,100,100,84.375,100,87.5,100,89.0625,62.5,100,39.0625,93.75,100,100,68.75,100,53.125,100,100,100,100,96.875,46.875,100,100,84.375,87.5,100,100,31.25,100,71.875,84.375,78.125,42.1875,37.5,15.625,100,62.5,100,100,84.375,79.6875,68.75,79.6875,100,100,67.1875,100,76.5625,31.25,59.375,100,100,100,100,100,100,95.3125,92.1875,87.5,100,100,68.75,79.6875,100,100,100,100,70.3125,42.1875,100,68.75,100,76.5625,100,60.9375,78.125,100,50,100,100,59.375,100,68.75,84.375,82.8125,76.5625,100,96.875,96.875,100,100,100,71.875,67.1875,100,100,34.375,96.875,100,73.4375,100,100,100,100,100,48.4375,100,90.625,100,79.6875,76.5625,100,59.375,100,68.75,70.3125,98.4375,48.4375,35.9375,100,78.125,100,93.75,96.875,100,85.9375,100,100,53.125,68.75,76.5625,100,92.1875,87.5,100,100,93.75,100,100,64.0625,34.375,100,37.5,68.75,100,100,100,68.75,100,93.75,93.75,100,100,100,87.5,100,100,100,100,100,100,100,100,60.9375,65.625,100,84.375,59.375,20.3125,100,84.375,100,100,100,98.4375,79.6875,32.8125,100,43.75,82.8125,100,70.3125,100,62.5,85.9375,100,17.1875,100,100,95.3125,100,100,100,100,60.9375,84.375,100,100,98.4375,65.625,93.75,23.4375,60.9375,10.9375,75,100,89.0625,84.375,100,62.5,100,76.5625,100,100,100,48.4375,65.625,100,96.875,35.9375,100,100,85.9375,100,68.75,100,95.3125,100,100,100,100,54.6875,81.25,100,100,100,76.5625,100,70.3125,100,100,100,79.6875,100,100,100,76.5625,100,73.4375,14.0625,100,100,100,100,31.25,9.375,84.375,87.5,92.1875,89.0625,100,100,100,100,71.875,65.625,100,84.375,73.4375,100,100,76.5625,20.3125,100,90.625,100,100,37.5,40.625,60.9375,100,100,100,100,100,42.1875,100,100,96.875,100,100,71.875,76.5625,100,100,100,76.5625,17.1875,100,100,100,81.25,100,100,100,100,100,84.375,93.75,60.9375,42.1875,90.625,81.25,100,75,100,87.5,100,48.4375,100,100,73.4375,76.5625,100,100,95.3125,100,100,84.375,35.9375,100,82.8125,100,73.4375,100,100,100,100,100,60.9375,100,78.125,100,100,100,56.25,100,100,57.8125,65.625,100,93.75,100,89.0625,100,98.4375,71.875,64.0625,100,100,100,100,100,100,100,100,59.375,60.9375,100,100,70.3125,100,100,100,100,100,90.625,100,100,64.0625,100,98.4375,100,100,75,100,100,100,85.9375,100,100,89.0625,95.3125,100,96.875,100,100,82.8125,93.75,100,67.1875,51.5625,100,25,70.3125,98.4375,100,89.0625,100,100,46.875,100,93.75,29.6875,100,100,100,100,100,100,100,100,100,100,20.3125,60.9375,98.4375,56.25,15.625,56.25,100,15.625,100,12.5,95.3125,81.25,100,100,32.8125,100,100,73.4375,100,96.875,100,100,100,32.8125,100,100,100,100,100,100,100,28.125,70.3125,100,62.5,100,89.0625,50,100,39.0625,100,100,37.5,100,35.9375,67.1875,100,73.4375,100,84.375,100,100,100,68.75,68.75,56.25,89.0625,76.5625,100,81.25,75,71.875,26.5625,67.1875,62.5,67.1875,100,98.4375,67.1875,90.625,100,71.875,35.9375,100,51.5625,84.375,100,96.875,100,100,100,84.375,81.25,73.4375,100,100,100,100,100,87.5,100,37.5,70.3125,100,100,78.125,100,100,100,59.375,100,100,60.9375,48.4375,100,15.625,100,100,100,89.0625,100,100,57.8125,100,92.1875,65.625,100,100,100,79.6875,100,42.1875,95.3125,100,53.125,29.6875,92.1875,87.5,100,100,95.3125,50,75,48.4375,48.4375,100,81.25,96.875,65.625,100,100,62.5,87.5,95.3125,100,90.625,100,43.75,79.6875,68.75,70.3125,100,100,78.125,100,100,100,81.25,100,76.5625,84.375,92.1875,100,100,100,73.4375,32.8125,100,100,39.0625,100,48.4375,100,100,60.9375,81.25,82.8125,100,79.6875,35.9375,100,100,50,79.6875,54.6875,59.375,45.3125,76.5625,56.25,92.1875,100,100,100,87.5,100,46.875,87.5,37.5,76.5625,100,76.5625,71.875,100,100,50,100,90.625,70.3125,100,100,100,57.8125,98.4375,100,100,100,71.875,100,100,100,100,100,73.4375,100,100,100,29.6875,95.3125,100,100,100,82.8125,100,85.9375,100,100,70.3125,71.875,100,95.3125,100,70.3125,93.75,73.4375,100,98.4375,85.9375,100,100,100,57.8125,100,100,92.1875,78.125,75,100,100,100,100,100,100,100,100,100,100,79.6875,34.375,68.75,100,73.4375,100,100,100,100,100,100,100,100,100,90.625,100,100,92.1875,100,100,100,100,100,100,100,100,93.75,100,67.1875,100,92.1875,100,100,100,92.1875,65.625,100,100,100,14.0625,46.875,100,46.875,100,100,100,81.25,100,100,100,100,37.5,100,81.25,100,100,100,87.5,100,100,100,100,51.5625,100,100,100,57.8125,100,100,100,100,100,95.3125,100,81.25,85.9375,79.6875,84.375,35.9375,65.625,84.375,68.75,100,100,48.4375,100,90.625,100,100,81.25,71.875,70.3125,56.25,89.0625,84.375,100,100,81.25,90.625,100,100,100,87.5,29.6875,100,100,79.6875,100,20.3125,81.25,100,90.625,100,100,100,98.4375,100,75,100,53.125,87.5,100,100,100,100,100,100,100,100,100,100,100,14.0625,59.375,100,100,76.5625,78.125,100,100,100,95.3125,87.5,71.875,100,60.9375,100,100,73.4375,18.75,100,92.1875,70.3125,100,76.5625,100,17.1875,100,100,100,70.3125,54.6875,57.8125,23.4375,100,100,18.75,82.8125,35.9375,46.875,79.6875,62.5,100,9.375,90.625,100,100,100,100,100,92.1875,64.0625,100,25,54.6875,100,95.3125,60.9375,100,60.9375,50,100,100,100,95.3125,100,37.5,21.875,100,100,100,100,100,100,100,100,100,100,89.0625,100,92.1875,100,100,89.0625,100,100,100,100,100,100,100,70.3125,54.6875,100,100,100,100,92.1875,100,100,100,100,81.25,54.6875,100,100,100,100,71.875,100,67.1875,100,100,26.5625,59.375,62.5,90.625,85.9375,100,100,100,100,100,100,90.625,100,100,100,100,92.1875,100,100,100,100,100,100,53.125,100,48.4375,84.375,100,100,100,100,100,51.5625,100,28.125,56.25,82.8125,100,65.625,68.75,100,100,100,100,53.125,73.4375,79.6875,82.8125,100,39.0625,100,37.5,87.5,100,15.625,100,100,100,100,76.5625,100,100,23.4375,100,100,25,100,73.4375,100,81.25,75,100,100,100,67.1875,79.6875,96.875,84.375,100,100,68.75,53.125,43.75,76.5625,68.75,73.4375,75,100,71.875,81.25,92.1875,43.75,100,75,100,100,100,100,68.75,82.8125,100,95.3125,100,78.125,70.3125,17.1875,100,37.5,100,100,65.625,100,43.75,100,100,100,75,89.0625,96.875,78.125,100,100,100,26.5625,100,45.3125,100,100,100,100,95.3125,45.3125,35.9375,100,100,73.4375,100,81.25,100,100,100,81.25,100,84.375,100,100,92.1875,100,59.375,39.0625,100,100,90.625,71.875,100,100,100,20.3125,35.9375,100,70.3125,75,100,31.25,100,100,100,65.625,95.3125,95.3125,65.625,100,100,100,100,57.8125,34.375,100,71.875,100,100,92.1875,100,100,56.25,25,6.25,100,78.125,34.375,89.0625,100,68.75,84.375,95.3125,100,35.9375,100,100,100,100,59.375,98.4375,87.5,100,100,75,50,100,100,100,100,95.3125,100,100,100,100,34.375,100,100,59.375,57.8125,100,100,81.25,96.875,48.4375,100,40.625,87.5,100,89.0625,100,81.25,87.5,82.8125,100,90.625,100,100,100,100,100,84.375,21.875,51.5625,100,100,100,100,100,100,95.3125,100,100,79.6875,98.4375,100,95.3125,93.75,68.75,100,100,100,87.5,100,37.5,100,100,100,100,76.5625,100,100,100,100,93.75,82.8125,100,100,67.1875,100,100,62.5,100,100,32.8125,89.0625,71.875,79.6875,100,100,51.5625,59.375,67.1875,100,100,100,100,100,31.25,100,75,100,100,89.0625,100,95.3125,59.375,100,81.25,100,100,21.875,93.75,100,20.3125,40.625,56.25,56.25,100,100,100,84.375,89.0625,82.8125,100,100,96.875,71.875,100,100,25,100,100,100,71.875,100,100,100,100,100,84.375,26.5625,100,100,100,100,100,50,81.25,100,100,84.375,100,100,100,100,73.4375,43.75,75,100,100,60.9375,100,70.3125,100,78.125,79.6875,71.875,71.875,100,100,100,100,100,100,82.8125,100,100,78.125,54.6875,31.25,100,100,92.1875,100,76.5625,78.125,100,87.5,59.375,100,100,100,82.8125,50,100,87.5,100,20.3125,42.1875,95.3125,100,100,15.625,35.9375,71.875,70.3125,82.8125,45.3125,100,100,50,100,100,67.1875,59.375,100,85.9375,59.375,98.4375,84.375,100,90.625,100,100,82.8125,96.875,21.875,57.8125,81.25,70.3125,39.0625,100,35.9375,100,100,54.6875,100,100,34.375,100,35.9375,75,90.625,67.1875,90.625,100,18.75,100,81.25,60.9375,100,93.75,100,100,100,43.75,60.9375,98.4375,100,82.8125,100,100,100,53.125,59.375,100,100,100,100,93.75,100,100,79.6875,85.9375,46.875,81.25,100,62.5,100,100,81.25,100,100,100,100,100,32.8125,100,100,100,100,100,100,90.625,34.375,68.75,100,46.875,39.0625,43.75,81.25,100,100,73.4375,89.0625,100,98.4375,100,100,71.875,65.625,76.5625,100,100,100,95.3125,100,57.8125,100,100,100,100,87.5,82.8125,48.4375,14.0625,100,70.3125,56.25,54.6875,46.875,89.0625,79.6875,51.5625,81.25,93.75,54.6875,92.1875,100,100,100,100,100,100,85.9375,100,100,46.875,100,100,100,93.75,100,100,87.5,100,100,75,78.125,89.0625,65.625,96.875,100,35.9375,100,100,98.4375,64.0625,42.1875,98.4375,100,100,100,100,100,100,100,54.6875,100,100,100,93.75,100,67.1875,100,32.8125,100,48.4375,100,100,100,100,100,87.5,89.0625,95.3125,100,87.5,76.5625,100,92.1875,96.875,100,100,100,68.75,89.0625,85.9375,96.875,100,100,32.8125,76.5625,100,25,100,100,100,100,100,57.8125,26.5625,100,85.9375,84.375,100,100,92.1875,81.25,70.3125,89.0625,100,100,100,96.875,100,100,100,53.125,23.4375,84.375,100,100,100,71.875,100,75,100,100,79.6875,90.625,98.4375,87.5,76.5625,67.1875,100,25,100,100,100,57.8125,100,100,51.5625,100,73.4375,96.875,100,100,100,79.6875,89.0625,81.25,100,90.625,100,42.1875,100,14.0625,62.5,54.6875,100,100,100,100,96.875,100,100,82.8125,28.125,100,60.9375,62.5,100,60.9375,71.875,100,100,100,100,98.4375,100,100,81.25,100,100,100,67.1875,48.4375,73.4375,59.375,100,100,64.0625,100,100,62.5,100,100,96.875,100,100,75,100,56.25,70.3125,96.875,100,26.5625,78.125,54.6875,100,100,100,100,87.5,93.75,100,100,73.4375,100,75,100,70.3125,100,100,100,51.5625,71.875,89.0625,48.4375,90.625,100,100,95.3125,7.8125,71.875,100,100,100,100,100,100,100,100,76.5625,32.8125,100,93.75,100,92.1875,100,28.125,100,100,100,59.375,100,100,100,100,100,78.125,95.3125,100,84.375,100,100,53.125,100,75,100,100,100,100,93.75,100,56.25,100,100,100,56.25,100,90.625,100,34.375,100,90.625,82.8125,100,67.1875,28.125,56.25,100,100,42.1875,10.9375,100,62.5,100,100,100,75,100,70.3125,100,84.375,100,100,62.5,100,100,100,79.6875,42.1875,100,100,17.1875,100,64.0625,51.5625,100,100,98.4375,82.8125,92.1875,100,100,81.25,79.6875,100,92.1875,65.625,85.9375,23.4375,81.25,98.4375,100,100,100,100,78.125,70.3125,98.4375,81.25,100,100,100,96.875,100,93.75,54.6875,54.6875,48.4375,90.625,17.1875,51.5625,82.8125,100,100,43.75,79.6875,100,100,100,84.375,73.4375,79.6875,98.4375,87.5,100,89.0625,100,62.5,100,34.375,81.25,89.0625,100,57.8125,100,51.5625,48.4375,78.125,100,93.75,54.6875,100,100,100,100,73.4375,100,100,65.625,100,100,100,68.75,50,100,100,67.1875,93.75,76.5625,100,96.875,98.4375,100,100,100,100,100,37.5,100,73.4375,68.75,100,90.625,64.0625,100,100,81.25,100,100,100,79.6875,100,93.75,95.3125,100,100,100,100,81.25,100,29.6875,100,42.1875,100,57.8125,95.3125,82.8125,100,70.3125,85.9375,35.9375,100,53.125,96.875,85.9375,100,100,100,76.5625,92.1875,98.4375,100,68.75,62.5,100,89.0625,100,100,100,100,79.6875,85.9375,35.9375,100,51.5625,89.0625,71.875,100,76.5625,67.1875,100,71.875,98.4375,18.75,96.875,64.0625,98.4375,28.125,29.6875,100,92.1875,100,100,26.5625,100,100,59.375,95.3125,100,100,78.125,70.3125,82.8125,85.9375,71.875,100,100,100,67.1875,100,100,90.625,100,100,82.8125,85.9375,100,100,45.3125,100,34.375,100,100,43.75,100,46.875,100,87.5,68.75,100,54.6875,100,89.0625,100,23.4375,84.375,98.4375,100,96.875,100,76.5625,100,37.5,100,100,100,100,100,81.25,81.25,26.5625,100,98.4375,42.1875,68.75,100,100,62.5,100,100,23.4375,100,60.9375,100,100,100,78.125,100,75,100,100,90.625,85.9375,65.625,48.4375,53.125,100,100,100,100,100,100,100,62.5,100,100,100,100,100,85.9375,65.625,100,93.75,100,100,100,100,90.625,64.0625,84.375,100,26.5625,100,100,100,100,100,17.1875,1.5625,100,68.75,29.6875,100,89.0625,100,100,82.8125,100,100,100,100,100,100,100,100,100,100,95.3125,100,100,40.625,46.875,54.6875,100,53.125,100,100,100,78.125,100,34.375,64.0625,100,45.3125,73.4375,100,100,79.6875,100,100,73.4375,9.375,100,21.875,93.75,93.75,57.8125,43.75,100,93.75,100,100,28.125,100,39.0625,100,90.625,60.9375,17.1875,92.1875,100,89.0625,76.5625,100,89.0625,100,100,59.375,59.375,65.625,75,100,35.9375,100,59.375,64.0625,100,100,96.875,100,100,100,29.6875,67.1875,95.3125,76.5625,62.5,100,100,60.9375,84.375,96.875,96.875,32.8125,92.1875,71.875,100,100,100,35.9375,100,59.375,42.1875,100,78.125,100,100,100,54.6875,62.5,100,54.6875,100,100,51.5625,100,35.9375,81.25,100,82.8125,100,100,100,92.1875,100,100,100,100,98.4375,100
"6058",89.0625,100,42.1875,100,100,64.0625,90.625,100,20.3125,73.4375,59.375,100,100,100,70.3125,76.5625,93.75,73.4375,50,100,96.875,100,100,100,39.0625,100,100,92.1875,89.0625,100,100,100,100,89.0625,100,82.8125,82.8125,100,93.75,93.75,51.5625,64.0625,73.4375,100,100,100,100,100,89.0625,87.5,75,100,100,71.875,64.0625,100,17.1875,100,100,45.3125,82.8125,56.25,98.4375,76.5625,100,100,71.875,100,79.6875,100,53.125,78.125,100,84.375,59.375,100,100,82.8125,50,100,70.3125,100,85.9375,79.6875,90.625,100,100,54.6875,100,100,68.75,84.375,100,48.4375,90.625,95.3125,100,62.5,100,100,82.8125,100,100,71.875,98.4375,32.8125,100,59.375,82.8125,100,85.9375,81.25,67.1875,100,29.6875,100,100,100,100,100,64.0625,100,100,87.5,70.3125,43.75,100,18.75,100,100,100,100,64.0625,92.1875,79.6875,60.9375,73.4375,79.6875,100,100,100,100,76.5625,67.1875,100,98.4375,89.0625,56.25,60.9375,82.8125,100,40.625,78.125,92.1875,96.875,90.625,76.5625,100,100,3.125,100,100,71.875,100,89.0625,70.3125,64.0625,87.5,40.625,100,85.9375,70.3125,100,79.6875,100,90.625,89.0625,100,100,100,95.3125,98.4375,100,62.5,95.3125,100,28.125,100,100,89.0625,100,90.625,82.8125,100,100,100,73.4375,67.1875,100,92.1875,21.875,100,96.875,100,100,100,100,100,76.5625,100,34.375,100,100,98.4375,76.5625,78.125,32.8125,95.3125,28.125,51.5625,92.1875,75,100,82.8125,100,53.125,100,100,81.25,100,75,76.5625,100,100,100,100,84.375,59.375,89.0625,100,100,57.8125,100,81.25,100,40.625,56.25,85.9375,100,42.1875,68.75,76.5625,56.25,100,82.8125,59.375,100,65.625,100,100,100,98.4375,34.375,100,50,100,100,100,100,100,100,60.9375,100,100,93.75,67.1875,39.0625,82.8125,59.375,100,85.9375,100,100,100,100,100,31.25,98.4375,73.4375,90.625,79.6875,100,85.9375,56.25,100,100,100,95.3125,60.9375,75,35.9375,100,71.875,70.3125,100,82.8125,100,100,92.1875,85.9375,100,62.5,29.6875,100,64.0625,93.75,100,87.5,71.875,42.1875,89.0625,78.125,50,100,100,57.8125,71.875,65.625,100,78.125,90.625,100,76.5625,75,96.875,39.0625,100,89.0625,100,100,85.9375,82.8125,45.3125,100,68.75,65.625,35.9375,100,100,73.4375,100,78.125,100,84.375,62.5,100,100,70.3125,48.4375,89.0625,81.25,89.0625,100,100,79.6875,51.5625,26.5625,95.3125,98.4375,100,100,100,93.75,70.3125,70.3125,100,90.625,92.1875,79.6875,100,85.9375,81.25,65.625,100,100,100,100,100,95.3125,31.25,100,76.5625,100,100,100,71.875,100,60.9375,100,17.1875,100,81.25,100,100,100,45.3125,59.375,92.1875,70.3125,96.875,70.3125,96.875,100,87.5,100,96.875,39.0625,50,100,75,64.0625,100,95.3125,100,100,31.25,57.8125,100,100,100,82.8125,100,82.8125,100,89.0625,71.875,7.8125,100,100,100,100,90.625,100,95.3125,100,100,100,100,89.0625,93.75,90.625,100,100,100,84.375,71.875,100,95.3125,100,100,75,67.1875,78.125,100,100,50,100,100,100,100,75,32.8125,57.8125,100,100,14.0625,100,84.375,100,100,93.75,98.4375,100,62.5,82.8125,100,53.125,100,100,75,100,78.125,79.6875,45.3125,50,100,100,100,70.3125,100,78.125,100,100,100,85.9375,65.625,67.1875,85.9375,100,100,76.5625,76.5625,68.75,100,100,100,100,100,100,100,100,100,100,54.6875,43.75,93.75,100,100,43.75,21.875,51.5625,100,90.625,100,84.375,71.875,100,78.125,81.25,85.9375,95.3125,100,100,34.375,45.3125,100,85.9375,92.1875,100,70.3125,100,100,100,100,93.75,60.9375,67.1875,100,71.875,100,100,71.875,100,100,60.9375,54.6875,37.5,100,100,100,78.125,100,93.75,96.875,31.25,73.4375,100,68.75,90.625,100,70.3125,100,100,12.5,81.25,100,100,75,100,84.375,100,60.9375,100,100,100,100,81.25,100,59.375,100,100,100,100,84.375,75,100,60.9375,60.9375,100,50,100,100,82.8125,100,53.125,100,100,100,100,100,100,100,100,73.4375,32.8125,56.25,100,100,100,100,78.125,100,100,100,100,100,100,100,100,96.875,100,100,26.5625,96.875,75,81.25,90.625,96.875,100,100,100,93.75,90.625,100,46.875,6.25,93.75,54.6875,29.6875,85.9375,100,100,100,100,100,29.6875,100,85.9375,39.0625,21.875,78.125,65.625,56.25,98.4375,78.125,93.75,90.625,59.375,79.6875,78.125,40.625,84.375,95.3125,43.75,79.6875,100,100,100,100,100,100,75,100,43.75,68.75,100,100,67.1875,73.4375,62.5,46.875,100,50,100,100,100,100,100,100,59.375,100,76.5625,87.5,84.375,100,100,51.5625,32.8125,100,100,32.8125,100,100,100,84.375,100,81.25,100,100,100,100,79.6875,100,100,100,84.375,100,100,100,82.8125,95.3125,100,68.75,100,100,100,62.5,100,100,35.9375,87.5,100,75,39.0625,76.5625,100,100,75,82.8125,100,100,100,87.5,46.875,29.6875,85.9375,34.375,100,95.3125,48.4375,79.6875,71.875,71.875,14.0625,100,100,100,42.1875,100,48.4375,84.375,100,87.5,90.625,100,100,78.125,100,100,95.3125,100,100,54.6875,46.875,100,100,71.875,100,100,100,60.9375,57.8125,100,96.875,100,39.0625,92.1875,100,100,78.125,100,93.75,100,85.9375,59.375,100,45.3125,87.5,60.9375,100,62.5,100,89.0625,92.1875,100,100,100,96.875,56.25,100,100,85.9375,75,100,100,29.6875,100,71.875,82.8125,78.125,45.3125,100,23.4375,100,48.4375,100,100,100,82.8125,65.625,100,100,100,67.1875,89.0625,76.5625,12.5,50,100,100,92.1875,59.375,93.75,100,93.75,100,89.0625,100,100,100,59.375,96.875,100,100,100,67.1875,46.875,100,70.3125,93.75,73.4375,100,60.9375,76.5625,100,28.125,100,95.3125,54.6875,100,57.8125,81.25,84.375,78.125,100,96.875,100,60.9375,100,100,71.875,67.1875,100,100,46.875,98.4375,100,60.9375,100,100,100,100,100,100,100,100,100,79.6875,100,100,53.125,100,65.625,71.875,95.3125,21.875,35.9375,100,78.125,100,81.25,100,70.3125,75,100,100,53.125,68.75,100,100,93.75,81.25,85.9375,100,93.75,100,100,59.375,48.4375,100,34.375,70.3125,100,100,100,48.4375,100,100,100,100,100,100,93.75,93.75,100,100,92.1875,100,100,100,98.4375,70.3125,64.0625,100,100,51.5625,31.25,100,84.375,100,100,100,84.375,67.1875,31.25,100,39.0625,89.0625,70.3125,70.3125,100,65.625,85.9375,100,100,100,100,100,100,100,100,100,56.25,85.9375,95.3125,100,96.875,67.1875,93.75,31.25,56.25,15.625,46.875,100,100,84.375,46.875,64.0625,100,64.0625,100,100,100,100,100,100,89.0625,34.375,100,100,85.9375,100,75,100,96.875,100,100,100,100,95.3125,81.25,92.1875,100,100,76.5625,70.3125,68.75,100,100,12.5,100,100,100,100,93.75,100,82.8125,100,93.75,100,100,100,100,10.9375,76.5625,92.1875,89.0625,96.875,100,100,93.75,100,68.75,90.625,100,82.8125,75,100,100,70.3125,81.25,100,82.8125,100,100,37.5,40.625,71.875,100,100,100,100,100,40.625,100,100,70.3125,85.9375,100,34.375,81.25,100,100,100,67.1875,17.1875,100,100,100,78.125,100,100,100,100,93.75,100,59.375,64.0625,100,92.1875,100,100,78.125,100,87.5,100,100,85.9375,100,100,75,100,100,95.3125,100,100,85.9375,64.0625,100,82.8125,100,78.125,87.5,100,100,100,100,50,100,71.875,100,100,100,42.1875,100,78.125,56.25,65.625,100,96.875,100,87.5,100,96.875,73.4375,73.4375,95.3125,100,100,100,100,100,100,100,57.8125,60.9375,100,100,57.8125,100,100,100,89.0625,90.625,100,100,100,59.375,100,98.4375,100,100,75,100,100,100,87.5,96.875,100,81.25,81.25,100,56.25,100,100,45.3125,95.3125,100,82.8125,51.5625,100,100,70.3125,95.3125,100,100,100,100,51.5625,100,100,28.125,100,100,100,100,100,100,100,100,100,100,23.4375,65.625,98.4375,50,32.8125,68.75,100,37.5,100,17.1875,95.3125,81.25,31.25,100,34.375,100,100,65.625,100,82.8125,100,100,100,32.8125,100,100,100,100,100,78.125,100,18.75,73.4375,100,100,90.625,89.0625,51.5625,100,64.0625,100,100,100,100,60.9375,67.1875,100,73.4375,100,100,71.875,100,100,60.9375,81.25,59.375,89.0625,78.125,100,81.25,76.5625,73.4375,81.25,67.1875,62.5,51.5625,100,100,65.625,85.9375,100,75,40.625,100,35.9375,85.9375,100,92.1875,100,100,96.875,96.875,100,73.4375,100,100,100,79.6875,100,92.1875,100,85.9375,79.6875,100,100,64.0625,100,81.25,100,87.5,100,100,60.9375,62.5,100,32.8125,68.75,100,65.625,89.0625,100,100,100,100,89.0625,51.5625,65.625,100,100,67.1875,100,42.1875,95.3125,100,53.125,28.125,93.75,89.0625,100,100,93.75,53.125,76.5625,42.1875,43.75,100,100,96.875,67.1875,60.9375,100,51.5625,90.625,95.3125,100,90.625,100,42.1875,85.9375,90.625,67.1875,100,100,76.5625,100,100,100,82.8125,68.75,96.875,100,93.75,100,100,100,73.4375,31.25,100,100,39.0625,82.8125,100,89.0625,100,73.4375,73.4375,84.375,100,85.9375,100,100,100,100,93.75,54.6875,68.75,50,75,62.5,95.3125,100,100,100,87.5,100,100,89.0625,35.9375,84.375,100,76.5625,71.875,81.25,100,48.4375,100,100,100,100,100,100,79.6875,60.9375,100,100,100,64.0625,100,100,100,100,100,93.75,100,100,100,26.5625,100,68.75,100,100,85.9375,100,71.875,100,100,73.4375,70.3125,100,100,100,76.5625,93.75,71.875,100,100,79.6875,100,100,100,40.625,100,100,90.625,76.5625,75,100,100,100,100,100,100,100,100,100,100,81.25,34.375,70.3125,100,62.5,100,100,100,100,100,100,100,100,100,90.625,82.8125,100,62.5,100,100,100,100,100,100,100,100,93.75,100,62.5,100,92.1875,92.1875,100,100,95.3125,67.1875,100,98.4375,64.0625,7.8125,45.3125,100,100,100,100,100,92.1875,100,100,100,100,34.375,100,84.375,100,100,100,75,100,100,100,100,50,100,100,100,71.875,100,100,100,98.4375,100,95.3125,100,71.875,53.125,82.8125,78.125,50,75,75,71.875,100,90.625,100,100,90.625,100,100,95.3125,56.25,64.0625,29.6875,100,87.5,100,100,79.6875,93.75,100,100,100,100,29.6875,100,100,100,100,20.3125,79.6875,100,98.4375,100,100,78.125,98.4375,100,100,100,96.875,85.9375,90.625,100,100,100,96.875,100,100,100,100,100,100,100,59.375,100,100,96.875,76.5625,100,100,100,100,90.625,71.875,53.125,73.4375,100,100,70.3125,43.75,100,93.75,70.3125,100,76.5625,100,100,100,100,100,75,54.6875,96.875,95.3125,100,100,89.0625,100,18.75,84.375,85.9375,62.5,100,100,87.5,100,100,98.4375,100,100,93.75,89.0625,100,26.5625,54.6875,100,95.3125,78.125,100,100,48.4375,100,100,100,95.3125,100,35.9375,18.75,98.4375,100,100,100,95.3125,100,100,100,100,100,100,56.25,96.875,100,100,82.8125,100,100,98.4375,100,100,100,100,70.3125,56.25,100,100,100,100,89.0625,100,100,100,100,76.5625,57.8125,100,100,100,100,76.5625,100,67.1875,100,100,26.5625,59.375,62.5,37.5,85.9375,100,100,100,100,100,81.25,92.1875,100,100,100,100,79.6875,100,100,100,100,100,100,51.5625,100,25,85.9375,100,100,100,100,100,50,100,28.125,59.375,100,100,67.1875,98.4375,100,100,100,96.875,64.0625,73.4375,89.0625,82.8125,100,42.1875,100,29.6875,89.0625,100,100,68.75,85.9375,89.0625,100,76.5625,100,100,23.4375,68.75,100,18.75,100,59.375,100,98.4375,73.4375,100,100,100,67.1875,90.625,87.5,100,100,100,95.3125,6.25,46.875,60.9375,68.75,76.5625,73.4375,100,67.1875,85.9375,92.1875,46.875,100,75,100,100,100,100,68.75,73.4375,100,98.4375,100,100,67.1875,98.4375,100,46.875,100,95.3125,64.0625,100,45.3125,96.875,95.3125,100,73.4375,90.625,100,78.125,100,100,100,26.5625,100,67.1875,100,100,100,100,93.75,26.5625,40.625,100,100,85.9375,100,90.625,100,95.3125,100,81.25,100,82.8125,100,100,84.375,100,60.9375,37.5,92.1875,100,84.375,67.1875,100,100,100,39.0625,35.9375,100,71.875,78.125,100,31.25,100,100,100,62.5,85.9375,100,98.4375,100,100,100,100,57.8125,32.8125,98.4375,71.875,100,100,95.3125,78.125,100,56.25,21.875,100,100,68.75,60.9375,89.0625,100,75,84.375,95.3125,100,35.9375,100,100,100,100,59.375,98.4375,100,98.4375,100,100,43.75,100,100,100,100,85.9375,100,100,43.75,100,100,100,71.875,57.8125,68.75,100,100,57.8125,100,50,100,100,78.125,100,78.125,100,79.6875,84.375,82.8125,100,90.625,100,100,100,100,100,84.375,20.3125,87.5,71.875,100,100,100,100,100,95.3125,32.8125,89.0625,95.3125,95.3125,100,92.1875,98.4375,100,100,35.9375,100,45.3125,100,100,100,100,100,100,76.5625,85.9375,100,100,100,79.6875,73.4375,100,100,67.1875,100,89.0625,79.6875,100,100,32.8125,89.0625,81.25,73.4375,100,81.25,60.9375,59.375,70.3125,100,100,100,100,100,34.375,100,78.125,100,100,90.625,100,100,54.6875,100,79.6875,100,98.4375,21.875,100,100,4.6875,39.0625,51.5625,10.9375,100,100,100,68.75,85.9375,81.25,98.4375,100,100,78.125,100,100,79.6875,100,100,100,71.875,100,100,85.9375,100,100,85.9375,100,100,100,100,100,100,50,76.5625,100,100,81.25,100,100,96.875,100,76.5625,100,60.9375,100,100,62.5,100,70.3125,100,76.5625,89.0625,70.3125,71.875,100,100,100,100,100,81.25,79.6875,100,10.9375,23.4375,60.9375,23.4375,90.625,100,92.1875,100,67.1875,79.6875,100,67.1875,59.375,100,100,100,71.875,50,100,90.625,100,20.3125,40.625,93.75,100,100,100,31.25,64.0625,48.4375,79.6875,100,100,100,59.375,100,100,67.1875,59.375,100,84.375,82.8125,98.4375,75,100,90.625,100,100,67.1875,96.875,20.3125,60.9375,100,71.875,39.0625,100,68.75,100,100,54.6875,100,87.5,39.0625,100,84.375,75,85.9375,65.625,92.1875,100,18.75,100,100,68.75,100,93.75,100,100,100,45.3125,60.9375,85.9375,100,84.375,100,100,90.625,57.8125,57.8125,100,100,100,100,93.75,100,100,79.6875,81.25,46.875,87.5,100,64.0625,100,100,84.375,100,100,100,100,20.3125,35.9375,100,100,100,100,100,100,81.25,32.8125,70.3125,100,37.5,39.0625,100,81.25,100,100,75,89.0625,100,96.875,100,100,65.625,59.375,73.4375,100,56.25,100,100,100,46.875,75,100,100,100,87.5,71.875,48.4375,12.5,100,73.4375,40.625,100,76.5625,68.75,81.25,60.9375,90.625,93.75,54.6875,87.5,51.5625,100,100,28.125,87.5,100,81.25,100,100,100,100,100,98.4375,93.75,100,90.625,92.1875,100,100,68.75,75,62.5,67.1875,100,100,100,100,100,95.3125,60.9375,43.75,85.9375,100,100,100,93.75,100,100,100,100,60.9375,100,100,92.1875,100,56.25,100,31.25,100,48.4375,100,100,100,100,100,96.875,96.875,78.125,100,100,92.1875,100,93.75,96.875,100,100,100,73.4375,65.625,71.875,96.875,100,100,31.25,75,21.875,100,100,100,100,100,100,54.6875,26.5625,100,89.0625,100,100,100,100,90.625,68.75,20.3125,100,100,87.5,92.1875,100,100,76.5625,100,21.875,71.875,100,100,100,81.25,100,73.4375,100,100,100,100,93.75,60.9375,81.25,65.625,100,25,100,100,54.6875,54.6875,100,100,51.5625,90.625,70.3125,98.4375,62.5,100,95.3125,79.6875,84.375,73.4375,100,84.375,100,42.1875,100,100,81.25,71.875,51.5625,100,100,100,98.4375,100,100,84.375,64.0625,100,7.8125,56.25,100,100,75,100,100,100,53.125,100,100,100,100,100,100,100,67.1875,51.5625,76.5625,67.1875,100,100,64.0625,100,100,59.375,100,100,100,100,100,76.5625,100,56.25,71.875,73.4375,100,25,60.9375,53.125,100,54.6875,81.25,100,82.8125,93.75,100,100,73.4375,93.75,84.375,100,68.75,100,100,31.25,46.875,20.3125,100,51.5625,76.5625,100,100,90.625,100,65.625,100,100,100,100,95.3125,100,100,100,76.5625,45.3125,100,100,100,92.1875,100,28.125,100,35.9375,100,57.8125,14.0625,100,100,100,73.4375,81.25,100,100,71.875,100,100,51.5625,100,75,100,100,100,100,89.0625,100,53.125,10.9375,100,100,45.3125,100,71.875,100,42.1875,100,100,85.9375,71.875,76.5625,82.8125,51.5625,100,100,40.625,10.9375,100,64.0625,76.5625,100,100,75,90.625,75,100,100,100,100,28.125,100,100,98.4375,76.5625,29.6875,60.9375,100,9.375,79.6875,64.0625,56.25,100,34.375,81.25,98.4375,93.75,100,100,70.3125,85.9375,100,53.125,100,87.5,92.1875,96.875,100,100,96.875,100,100,85.9375,71.875,96.875,82.8125,100,45.3125,100,96.875,100,98.4375,54.6875,70.3125,54.6875,90.625,21.875,43.75,100,100,100,48.4375,78.125,100,100,100,100,90.625,78.125,23.4375,89.0625,100,84.375,100,68.75,100,100,81.25,56.25,96.875,59.375,81.25,89.0625,59.375,79.6875,100,90.625,54.6875,100,100,100,100,75,100,100,100,48.4375,100,100,67.1875,40.625,100,100,64.0625,93.75,76.5625,100,100,84.375,100,100,100,100,100,43.75,100,75,34.375,100,100,76.5625,54.6875,100,90.625,100,100,100,95.3125,100,100,90.625,100,100,100,100,56.25,100,59.375,100,92.1875,100,79.6875,89.0625,59.375,100,68.75,100,35.9375,37.5,42.1875,75,85.9375,100,100,98.4375,96.875,75,100,100,57.8125,54.6875,46.875,100,100,100,100,100,79.6875,100,32.8125,100,82.8125,92.1875,71.875,100,73.4375,68.75,26.5625,70.3125,84.375,18.75,96.875,65.625,62.5,28.125,39.0625,100,45.3125,100,100,25,89.0625,100,59.375,60.9375,70.3125,100,53.125,100,82.8125,84.375,23.4375,70.3125,96.875,100,60.9375,100,100,85.9375,100,100,100,84.375,100,100,18.75,100,35.9375,100,100,42.1875,100,45.3125,100,79.6875,59.375,100,50,100,84.375,93.75,28.125,85.9375,100,100,100,100,70.3125,96.875,40.625,100,60.9375,100,84.375,100,96.875,81.25,28.125,100,98.4375,48.4375,68.75,100,71.875,100,100,50,37.5,100,54.6875,100,100,100,79.6875,100,89.0625,100,100,62.5,79.6875,65.625,45.3125,53.125,100,100,100,15.625,100,100,96.875,89.0625,100,100,100,100,100,87.5,67.1875,100,95.3125,100,100,100,100,87.5,67.1875,76.5625,100,26.5625,85.9375,51.5625,89.0625,100,100,70.3125,1.5625,96.875,32.8125,35.9375,53.125,76.5625,100,73.4375,100,93.75,100,100,17.1875,85.9375,100,100,100,100,93.75,95.3125,85.9375,95.3125,53.125,35.9375,54.6875,100,68.75,100,100,100,78.125,98.4375,46.875,64.0625,100,100,62.5,100,100,57.8125,100,98.4375,92.1875,100,100,100,92.1875,100,84.375,26.5625,100,79.6875,100,40.625,46.875,100,39.0625,64.0625,75,100,15.625,100,100,100,78.125,100,89.0625,100,90.625,59.375,100,81.25,78.125,100,89.0625,100,50,90.625,100,100,96.875,81.25,100,100,31.25,68.75,98.4375,70.3125,65.625,100,100,54.6875,78.125,100,93.75,31.25,65.625,87.5,100,57.8125,100,68.75,100,59.375,40.625,29.6875,78.125,100,100,98.4375,100,65.625,100,54.6875,100,100,51.5625,100,29.6875,98.4375,71.875,76.5625,100,82.8125,26.5625,59.375,67.1875,78.125,100,100,95.3125,100
"6059",89.0625,100,40.625,100,100,56.25,90.625,100,20.3125,90.625,68.75,100,100,100,71.875,75,87.5,75,59.375,100,96.875,100,100,100,46.875,100,100,92.1875,90.625,100,100,100,100,84.375,100,96.875,84.375,100,100,100,98.4375,65.625,85.9375,100,100,100,100,90.625,60.9375,85.9375,75,100,100,68.75,57.8125,100,20.3125,100,100,42.1875,96.875,65.625,98.4375,39.0625,100,100,70.3125,100,60.9375,100,51.5625,71.875,89.0625,100,64.0625,82.8125,100,34.375,51.5625,100,73.4375,100,79.6875,79.6875,65.625,100,100,100,100,100,56.25,84.375,100,48.4375,84.375,89.0625,100,60.9375,100,100,76.5625,100,100,70.3125,100,32.8125,84.375,92.1875,85.9375,100,89.0625,81.25,100,100,29.6875,100,100,100,90.625,100,68.75,100,100,92.1875,65.625,42.1875,100,18.75,100,100,100,100,93.75,73.4375,92.1875,60.9375,54.6875,79.6875,100,100,100,75,62.5,50,100,100,100,100,60.9375,79.6875,56.25,35.9375,76.5625,93.75,96.875,89.0625,75,100,20.3125,6.25,100,100,70.3125,100,89.0625,71.875,100,82.8125,37.5,100,100,70.3125,89.0625,65.625,65.625,100,85.9375,100,100,45.3125,100,100,31.25,84.375,95.3125,100,28.125,100,100,87.5,100,100,81.25,100,100,100,84.375,59.375,100,100,20.3125,100,96.875,100,100,100,100,100,78.125,100,34.375,100,100,100,87.5,78.125,34.375,76.5625,100,64.0625,92.1875,78.125,100,79.6875,100,53.125,100,100,57.8125,100,76.5625,78.125,100,100,100,100,82.8125,59.375,87.5,100,100,100,100,93.75,100,35.9375,76.5625,73.4375,100,59.375,100,81.25,31.25,100,81.25,60.9375,100,60.9375,100,100,100,98.4375,34.375,93.75,40.625,90.625,100,100,100,100,68.75,62.5,100,100,100,28.125,40.625,100,67.1875,100,89.0625,100,100,100,100,100,31.25,98.4375,87.5,92.1875,79.6875,100,81.25,57.8125,100,100,100,92.1875,56.25,75,40.625,100,71.875,71.875,100,87.5,100,26.5625,90.625,100,100,59.375,31.25,100,62.5,98.4375,100,100,89.0625,46.875,87.5,84.375,50,100,81.25,70.3125,85.9375,65.625,100,71.875,87.5,100,76.5625,98.4375,100,37.5,96.875,89.0625,100,100,100,82.8125,45.3125,100,68.75,64.0625,32.8125,100,100,71.875,100,67.1875,100,93.75,51.5625,100,96.875,68.75,54.6875,100,75,89.0625,100,96.875,84.375,53.125,29.6875,100,98.4375,100,100,100,100,62.5,100,100,92.1875,89.0625,93.75,100,85.9375,95.3125,73.4375,100,100,12.5,100,100,95.3125,89.0625,100,82.8125,100,100,100,71.875,100,51.5625,98.4375,15.625,100,78.125,100,100,100,50,59.375,100,71.875,82.8125,70.3125,98.4375,75,59.375,100,96.875,39.0625,51.5625,100,75,65.625,100,100,100,100,40.625,42.1875,100,100,100,82.8125,100,100,100,73.4375,64.0625,42.1875,100,100,100,100,54.6875,100,100,100,100,100,100,84.375,93.75,89.0625,100,100,100,85.9375,71.875,100,78.125,100,100,75,70.3125,79.6875,100,76.5625,48.4375,100,71.875,100,65.625,48.4375,32.8125,48.4375,100,100,14.0625,100,98.4375,100,100,82.8125,100,100,62.5,82.8125,100,54.6875,100,46.875,75,100,78.125,90.625,56.25,34.375,10.9375,100,100,70.3125,100,82.8125,87.5,100,100,84.375,57.8125,95.3125,85.9375,100,100,70.3125,75,68.75,100,100,100,73.4375,100,100,20.3125,98.4375,67.1875,65.625,56.25,40.625,92.1875,100,96.875,43.75,100,51.5625,100,89.0625,100,84.375,71.875,100,82.8125,82.8125,78.125,84.375,100,100,35.9375,84.375,100,85.9375,95.3125,100,70.3125,100,100,100,100,95.3125,45.3125,64.0625,100,71.875,93.75,100,71.875,100,100,100,100,34.375,87.5,100,100,60.9375,100,92.1875,100,28.125,71.875,100,68.75,100,100,65.625,64.0625,100,100,59.375,96.875,100,67.1875,100,64.0625,100,67.1875,100,85.9375,100,100,90.625,100,59.375,95.3125,100,100,100,93.75,78.125,100,57.8125,35.9375,100,50,100,100,75,100,78.125,100,100,62.5,100,100,100,100,100,65.625,100,67.1875,100,100,100,100,78.125,100,100,100,100,100,100,82.8125,100,98.4375,100,100,26.5625,96.875,75,82.8125,70.3125,85.9375,93.75,81.25,100,93.75,92.1875,100,45.3125,6.25,90.625,51.5625,28.125,100,100,100,26.5625,100,100,29.6875,100,85.9375,42.1875,59.375,45.3125,70.3125,54.6875,98.4375,76.5625,79.6875,92.1875,78.125,84.375,81.25,40.625,90.625,95.3125,40.625,100,100,100,100,100,100,100,75,100,43.75,68.75,100,100,73.4375,56.25,67.1875,46.875,100,48.4375,100,93.75,100,100,100,100,81.25,100,76.5625,90.625,84.375,100,100,60.9375,100,100,100,34.375,100,100,100,89.0625,100,100,100,100,100,84.375,70.3125,100,100,100,100,100,100,100,93.75,95.3125,100,68.75,100,100,48.4375,50,100,100,35.9375,79.6875,100,82.8125,37.5,70.3125,100,100,57.8125,96.875,100,100,100,75,31.25,31.25,87.5,100,100,100,53.125,32.8125,70.3125,75,20.3125,100,100,100,42.1875,100,42.1875,82.8125,100,46.875,85.9375,100,100,75,100,100,95.3125,100,100,51.5625,46.875,100,100,68.75,100,31.25,100,78.125,57.8125,100,96.875,100,45.3125,68.75,26.5625,100,81.25,78.125,87.5,100,85.9375,57.8125,100,40.625,89.0625,100,100,57.8125,100,39.0625,100,100,100,100,96.875,62.5,100,100,89.0625,96.875,100,100,32.8125,100,71.875,84.375,79.6875,39.0625,82.8125,79.6875,100,51.5625,100,100,85.9375,79.6875,64.0625,100,100,100,67.1875,100,76.5625,39.0625,67.1875,100,100,100,100,100,100,96.875,96.875,85.9375,100,37.5,100,59.375,100,100,100,100,65.625,45.3125,100,70.3125,100,71.875,100,53.125,76.5625,100,20.3125,100,93.75,59.375,100,57.8125,73.4375,84.375,76.5625,100,98.4375,100,78.125,100,100,70.3125,67.1875,100,100,34.375,98.4375,100,68.75,92.1875,100,100,100,100,54.6875,100,20.3125,100,79.6875,78.125,100,59.375,100,71.875,70.3125,90.625,100,35.9375,56.25,76.5625,100,100,96.875,70.3125,59.375,100,100,56.25,100,96.875,100,70.3125,81.25,100,100,96.875,100,100,59.375,54.6875,100,34.375,100,100,100,100,71.875,100,100,100,100,100,100,93.75,100,100,100,100,100,100,100,84.375,57.8125,67.1875,100,90.625,51.5625,42.1875,100,87.5,100,100,100,85.9375,70.3125,31.25,100,39.0625,100,70.3125,70.3125,100,68.75,85.9375,100,100,100,100,100,100,100,100,100,3.125,84.375,100,100,98.4375,75,93.75,56.25,67.1875,15.625,100,92.1875,89.0625,84.375,100,71.875,100,81.25,100,100,100,54.6875,95.3125,100,84.375,31.25,100,100,85.9375,100,65.625,100,96.875,100,100,100,100,100,81.25,100,100,100,76.5625,70.3125,68.75,100,100,31.25,100,100,100,100,79.6875,100,82.8125,12.5,100,100,100,100,100,7.8125,93.75,100,100,93.75,100,100,100,100,70.3125,93.75,100,100,71.875,100,100,81.25,82.8125,100,79.6875,100,100,37.5,100,70.3125,100,98.4375,100,100,100,40.625,100,100,95.3125,79.6875,70.3125,32.8125,78.125,100,100,65.625,81.25,15.625,100,100,100,75,100,100,100,100,98.4375,78.125,84.375,65.625,95.3125,82.8125,100,100,79.6875,100,87.5,100,100,100,100,100,73.4375,100,100,93.75,90.625,54.6875,84.375,48.4375,100,82.8125,100,75,100,64.0625,100,100,100,42.1875,100,81.25,100,100,100,100,100,100,57.8125,65.625,100,95.3125,100,87.5,100,98.4375,73.4375,73.4375,92.1875,75,100,100,100,100,100,100,59.375,50,100,100,48.4375,100,100,100,84.375,59.375,100,100,100,73.4375,100,96.875,100,100,75,100,100,100,85.9375,95.3125,100,90.625,75,48.4375,70.3125,100,100,100,95.3125,100,48.4375,51.5625,45.3125,100,68.75,96.875,100,53.125,76.5625,100,51.5625,100,100,28.125,100,100,100,100,100,100,100,100,100,100,23.4375,71.875,78.125,50,100,54.6875,100,12.5,100,17.1875,95.3125,71.875,100,100,37.5,100,100,71.875,100,96.875,100,100,100,31.25,100,48.4375,100,100,100,100,100,18.75,67.1875,100,100,84.375,89.0625,51.5625,100,35.9375,100,100,100,100,60.9375,67.1875,100,73.4375,100,100,100,100,100,75,78.125,57.8125,89.0625,78.125,100,100,75,71.875,89.0625,67.1875,100,54.6875,100,100,68.75,93.75,100,71.875,39.0625,100,40.625,85.9375,100,96.875,100,100,100,100,100,71.875,100,100,100,87.5,100,93.75,100,85.9375,26.5625,87.5,100,100,100,87.5,100,59.375,100,100,60.9375,62.5,100,18.75,71.875,100,67.1875,89.0625,100,100,100,100,89.0625,82.8125,100,100,100,75,100,42.1875,90.625,96.875,54.6875,28.125,92.1875,46.875,100,100,81.25,46.875,73.4375,45.3125,45.3125,100,100,75,64.0625,62.5,100,59.375,92.1875,95.3125,100,90.625,100,43.75,81.25,65.625,96.875,76.5625,100,78.125,100,100,100,84.375,85.9375,62.5,82.8125,90.625,100,100,100,73.4375,31.25,100,32.8125,100,96.875,100,73.4375,100,75,71.875,67.1875,100,76.5625,100,100,100,100,82.8125,53.125,73.4375,48.4375,76.5625,56.25,95.3125,100,100,100,84.375,100,78.125,93.75,32.8125,92.1875,100,71.875,71.875,59.375,100,57.8125,100,100,64.0625,100,100,100,100,17.1875,100,100,62.5,59.375,32.8125,100,100,100,100,90.625,100,100,100,100,100,96.875,100,100,84.375,100,71.875,100,100,70.3125,70.3125,100,93.75,100,76.5625,95.3125,73.4375,100,100,81.25,100,100,98.4375,78.125,100,100,95.3125,81.25,75,100,100,100,100,100,100,100,100,100,100,82.8125,35.9375,71.875,100,59.375,100,100,100,100,100,100,100,100,100,90.625,78.125,100,78.125,100,100,100,100,100,100,100,100,93.75,100,53.125,100,92.1875,100,100,100,95.3125,73.4375,100,100,32.8125,9.375,43.75,100,100,100,100,100,89.0625,100,100,90.625,100,39.0625,100,78.125,100,100,100,71.875,100,100,100,100,56.25,93.75,100,40.625,73.4375,98.4375,100,100,98.4375,100,95.3125,100,71.875,50,84.375,56.25,81.25,100,81.25,70.3125,100,100,100,100,90.625,100,87.5,76.5625,76.5625,62.5,29.6875,67.1875,85.9375,100,76.5625,81.25,100,100,100,100,92.1875,28.125,100,65.625,93.75,100,21.875,76.5625,100,93.75,100,100,100,100,100,92.1875,100,100,85.9375,90.625,100,64.0625,100,100,100,100,100,100,100,87.5,100,54.6875,100,57.8125,96.875,75,100,100,100,100,84.375,71.875,54.6875,59.375,100,100,87.5,34.375,100,92.1875,70.3125,100,84.375,100,15.625,100,100,100,71.875,67.1875,100,93.75,100,100,71.875,100,18.75,84.375,75,64.0625,90.625,100,85.9375,100,98.4375,76.5625,100,84.375,87.5,54.6875,100,28.125,54.6875,100,95.3125,59.375,100,100,87.5,100,100,100,60.9375,100,34.375,18.75,100,100,100,100,100,100,100,100,93.75,100,96.875,14.0625,100,100,100,82.8125,100,100,98.4375,100,100,100,100,68.75,54.6875,100,100,20.3125,100,100,100,100,100,100,100,51.5625,100,100,100,67.1875,76.5625,100,76.5625,100,100,28.125,60.9375,62.5,81.25,84.375,100,95.3125,100,98.4375,100,75,92.1875,100,100,100,100,82.8125,98.4375,100,100,100,100,100,54.6875,100,23.4375,85.9375,100,100,100,100,100,50,100,28.125,64.0625,100,100,53.125,73.4375,100,100,100,100,68.75,73.4375,100,82.8125,100,35.9375,100,70.3125,65.625,100,100,26.5625,89.0625,84.375,100,75,100,100,23.4375,68.75,100,21.875,100,68.75,100,95.3125,75,100,100,100,26.5625,76.5625,68.75,100,100,100,93.75,60.9375,43.75,78.125,67.1875,71.875,71.875,100,60.9375,84.375,92.1875,43.75,100,76.5625,100,100,100,100,68.75,68.75,100,100,100,100,78.125,100,100,45.3125,100,93.75,64.0625,100,51.5625,87.5,92.1875,100,75,100,89.0625,75,100,100,90.625,79.6875,100,65.625,100,100,100,100,84.375,100,46.875,100,100,62.5,100,100,100,100,100,81.25,57.8125,84.375,100,100,35.9375,100,64.0625,35.9375,92.1875,89.0625,82.8125,60.9375,100,95.3125,100,26.5625,35.9375,100,78.125,73.4375,100,32.8125,100,100,100,53.125,76.5625,43.75,46.875,100,100,100,100,32.8125,31.25,100,71.875,100,100,93.75,68.75,100,54.6875,20.3125,28.125,100,85.9375,60.9375,87.5,100,71.875,85.9375,95.3125,100,42.1875,100,100,100,100,73.4375,100,62.5,100,100,100,45.3125,100,100,100,100,90.625,100,100,100,76.5625,100,100,100,57.8125,67.1875,100,100,67.1875,100,50,100,37.5,79.6875,100,68.75,100,78.125,70.3125,82.8125,100,84.375,100,100,100,100,100,84.375,21.875,51.5625,100,100,100,100,100,100,93.75,32.8125,100,89.0625,98.4375,100,90.625,93.75,76.5625,100,57.8125,100,100,100,100,78.125,100,95.3125,100,76.5625,78.125,100,100,100,82.8125,56.25,100,100,67.1875,50,100,98.4375,100,100,46.875,92.1875,81.25,96.875,100,79.6875,51.5625,59.375,100,100,92.1875,100,100,100,42.1875,100,67.1875,100,100,90.625,100,90.625,54.6875,100,81.25,100,100,21.875,75,100,4.6875,37.5,65.625,56.25,100,100,100,68.75,90.625,78.125,100,100,100,78.125,100,100,100,100,100,100,71.875,100,100,100,100,100,85.9375,100,100,100,100,100,100,46.875,79.6875,100,100,79.6875,100,100,100,100,71.875,100,60.9375,100,100,57.8125,100,70.3125,100,81.25,71.875,73.4375,71.875,100,100,100,100,100,68.75,81.25,100,100,100,59.375,25,70.3125,100,92.1875,100,81.25,78.125,100,34.375,68.75,100,93.75,100,71.875,98.4375,100,87.5,100,20.3125,40.625,95.3125,100,100,100,31.25,81.25,34.375,70.3125,100,100,100,59.375,100,100,68.75,6.25,100,90.625,81.25,76.5625,85.9375,100,92.1875,100,100,65.625,96.875,20.3125,57.8125,68.75,67.1875,39.0625,100,78.125,100,100,54.6875,100,82.8125,34.375,100,89.0625,75,81.25,67.1875,100,100,18.75,100,100,68.75,100,90.625,100,100,100,17.1875,59.375,89.0625,100,84.375,100,100,93.75,57.8125,57.8125,100,100,100,100,93.75,100,100,79.6875,87.5,64.0625,96.875,96.875,62.5,100,100,96.875,85.9375,100,100,98.4375,100,34.375,100,100,100,100,100,54.6875,90.625,31.25,75,100,57.8125,39.0625,67.1875,81.25,100,100,75,89.0625,100,87.5,100,100,65.625,23.4375,71.875,32.8125,100,100,90.625,100,56.25,95.3125,68.75,34.375,100,87.5,75,100,18.75,100,71.875,59.375,100,84.375,76.5625,81.25,67.1875,96.875,93.75,54.6875,85.9375,23.4375,100,100,100,100,100,89.0625,100,100,39.0625,100,100,90.625,93.75,68.75,87.5,89.0625,100,100,71.875,73.4375,67.1875,67.1875,100,100,50,100,100,100,78.125,46.875,95.3125,100,100,100,100,100,100,100,57.8125,54.6875,89.0625,89.0625,43.75,32.8125,56.25,100,37.5,100,45.3125,100,100,100,100,84.375,93.75,89.0625,73.4375,100,100,92.1875,65.625,89.0625,98.4375,100,100,98.4375,62.5,56.25,92.1875,96.875,100,100,29.6875,82.8125,100,100,100,100,93.75,100,100,48.4375,26.5625,100,81.25,98.4375,100,76.5625,89.0625,100,70.3125,89.0625,100,100,100,100,100,98.4375,71.875,87.5,21.875,75,100,100,100,85.9375,100,51.5625,100,100,100,100,93.75,67.1875,73.4375,67.1875,100,25,100,100,100,54.6875,100,100,50,100,79.6875,92.1875,100,100,87.5,78.125,76.5625,100,100,89.0625,100,40.625,100,100,82.8125,57.8125,54.6875,100,100,100,98.4375,100,100,84.375,65.625,100,7.8125,54.6875,100,100,68.75,100,100,92.1875,59.375,90.625,100,100,90.625,100,100,79.6875,67.1875,48.4375,78.125,59.375,100,100,64.0625,100,100,62.5,100,100,78.125,100,100,79.6875,100,56.25,67.1875,85.9375,100,26.5625,75,78.125,100,57.8125,90.625,100,85.9375,100,100,100,75,100,84.375,100,62.5,100,100,100,46.875,92.1875,100,57.8125,81.25,100,100,87.5,100,68.75,100,100,100,100,100,100,100,100,71.875,35.9375,100,100,100,81.25,100,28.125,100,26.5625,45.3125,59.375,54.6875,100,100,100,100,84.375,100,100,57.8125,100,100,60.9375,100,75,100,100,100,100,98.4375,100,56.25,100,100,100,45.3125,87.5,73.4375,100,40.625,100,84.375,87.5,100,95.3125,35.9375,54.6875,100,100,37.5,10.9375,100,54.6875,100,100,100,75,95.3125,70.3125,100,90.625,100,100,28.125,100,100,96.875,75,93.75,100,100,46.875,100,64.0625,71.875,100,100,100,75,100,100,100,87.5,84.375,100,64.0625,42.1875,89.0625,92.1875,90.625,100,100,87.5,100,100,100,71.875,96.875,82.8125,51.5625,100,100,96.875,100,98.4375,59.375,68.75,89.0625,87.5,15.625,51.5625,90.625,100,100,46.875,70.3125,100,100,100,100,76.5625,79.6875,35.9375,87.5,100,87.5,26.5625,62.5,100,100,81.25,85.9375,100,59.375,100,54.6875,57.8125,81.25,100,70.3125,54.6875,100,100,100,100,73.4375,100,100,100,46.875,100,100,71.875,40.625,100,100,67.1875,92.1875,76.5625,100,98.4375,67.1875,100,100,100,92.1875,100,40.625,100,73.4375,17.1875,100,100,56.25,100,100,81.25,100,100,100,90.625,100,100,89.0625,100,100,100,100,60.9375,100,59.375,100,92.1875,100,59.375,87.5,100,100,71.875,100,40.625,23.4375,48.4375,82.8125,84.375,100,100,100,96.875,100,81.25,100,54.6875,57.8125,37.5,100,37.5,100,100,100,75,100,35.9375,100,82.8125,90.625,68.75,100,75,67.1875,100,82.8125,100,18.75,95.3125,68.75,62.5,28.125,40.625,100,76.5625,100,100,28.125,100,79.6875,59.375,60.9375,76.5625,100,50,100,81.25,85.9375,42.1875,100,100,100,92.1875,100,100,81.25,100,100,75,84.375,100,100,18.75,100,35.9375,100,100,42.1875,100,43.75,100,85.9375,84.375,100,48.4375,15.625,90.625,98.4375,29.6875,85.9375,96.875,100,100,100,70.3125,100,45.3125,100,70.3125,100,95.3125,100,100,62.5,28.125,100,98.4375,14.0625,68.75,100,100,100,100,100,48.4375,100,54.6875,100,100,100,79.6875,100,71.875,100,100,90.625,85.9375,64.0625,43.75,53.125,15.625,100,100,100,100,76.5625,82.8125,59.375,100,100,100,95.3125,100,84.375,65.625,100,95.3125,100,100,100,100,100,54.6875,76.5625,100,26.5625,100,100,100,100,100,68.75,1.5625,98.4375,100,31.25,100,78.125,100,29.6875,100,100,100,100,100,84.375,17.1875,100,39.0625,100,100,95.3125,100,100,100,35.9375,48.4375,100,43.75,100,100,100,78.125,100,60.9375,64.0625,100,100,64.0625,100,100,48.4375,100,98.4375,82.8125,100,100,100,92.1875,51.5625,73.4375,28.125,90.625,100,100,57.8125,100,100,39.0625,100,67.1875,71.875,100,85.9375,100,100,90.625,100,82.8125,100,93.75,59.375,100,79.6875,78.125,100,92.1875,100,48.4375,56.25,100,100,96.875,81.25,100,87.5,31.25,71.875,100,85.9375,64.0625,100,100,54.6875,82.8125,100,92.1875,32.8125,64.0625,85.9375,100,100,100,53.125,100,59.375,39.0625,100,82.8125,100,100,100,54.6875,62.5,100,54.6875,89.0625,100,51.5625,100,54.6875,100,51.5625,78.125,100,100,100,100,68.75,92.1875,100,100,100,100
"6060",93.75,100,40.625,100,100,57.8125,90.625,87.5,21.875,90.625,82.8125,100,100,100,70.3125,76.5625,87.5,79.6875,85.9375,100,96.875,100,100,100,46.875,35.9375,100,87.5,90.625,100,100,100,100,100,100,84.375,82.8125,100,100,92.1875,54.6875,65.625,95.3125,100,100,100,100,100,68.75,87.5,75,100,100,68.75,53.125,100,12.5,100,67.1875,39.0625,85.9375,65.625,98.4375,85.9375,100,100,71.875,100,79.6875,100,51.5625,70.3125,76.5625,93.75,59.375,78.125,100,40.625,51.5625,100,75,100,84.375,79.6875,100,100,100,100,100,100,62.5,82.8125,100,48.4375,65.625,81.25,100,62.5,100,100,75,100,100,70.3125,100,23.4375,100,56.25,85.9375,100,87.5,78.125,100,100,28.125,100,100,100,100,100,62.5,100,100,96.875,100,42.1875,100,18.75,100,100,100,100,68.75,100,89.0625,60.9375,62.5,78.125,100,100,100,70.3125,42.1875,42.1875,100,73.4375,90.625,95.3125,45.3125,81.25,62.5,39.0625,81.25,93.75,96.875,90.625,75,100,100,4.6875,100,100,71.875,100,89.0625,67.1875,71.875,85.9375,31.25,100,82.8125,71.875,100,50,100,100,84.375,100,100,100,100,93.75,34.375,85.9375,96.875,100,31.25,100,100,87.5,100,100,60.9375,100,100,100,79.6875,62.5,100,100,26.5625,100,95.3125,100,100,100,100,100,71.875,100,32.8125,100,100,100,79.6875,78.125,100,95.3125,100,68.75,64.0625,81.25,35.9375,78.125,100,53.125,84.375,100,100,100,75,78.125,100,100,100,100,84.375,60.9375,90.625,14.0625,100,100,100,79.6875,100,40.625,54.6875,17.1875,100,100,100,78.125,21.875,100,100,60.9375,100,60.9375,100,100,85.9375,98.4375,34.375,100,60.9375,100,28.125,100,100,100,59.375,65.625,100,100,87.5,35.9375,45.3125,100,60.9375,100,87.5,100,98.4375,100,100,100,29.6875,100,100,95.3125,75,100,82.8125,46.875,100,100,100,92.1875,57.8125,75,37.5,100,89.0625,76.5625,100,85.9375,76.5625,46.875,90.625,100,100,57.8125,29.6875,100,75,95.3125,100,100,79.6875,37.5,89.0625,100,50,100,31.25,59.375,70.3125,67.1875,100,60.9375,92.1875,100,75,92.1875,100,39.0625,48.4375,90.625,100,100,100,76.5625,46.875,84.375,65.625,62.5,39.0625,100,65.625,68.75,100,76.5625,95.3125,89.0625,54.6875,100,100,100,46.875,82.8125,98.4375,90.625,100,100,82.8125,51.5625,28.125,100,98.4375,100,100,100,100,71.875,100,100,98.4375,82.8125,87.5,100,84.375,100,100,100,100,17.1875,100,100,89.0625,87.5,100,100,100,100,100,68.75,100,64.0625,53.125,26.5625,100,100,100,100,100,48.4375,57.8125,100,70.3125,81.25,70.3125,96.875,92.1875,100,100,85.9375,39.0625,54.6875,100,75,62.5,100,100,100,100,53.125,43.75,100,100,100,82.8125,100,82.8125,100,81.25,64.0625,42.1875,100,100,100,100,93.75,100,100,100,100,100,100,89.0625,93.75,84.375,100,100,100,82.8125,64.0625,100,65.625,100,100,76.5625,71.875,79.6875,100,42.1875,100,100,100,100,100,14.0625,32.8125,50,100,100,14.0625,100,100,100,100,81.25,100,100,67.1875,82.8125,100,50,100,48.4375,71.875,100,78.125,78.125,39.0625,37.5,100,100,100,70.3125,70.3125,71.875,100,100,100,84.375,56.25,68.75,82.8125,100,100,64.0625,76.5625,71.875,100,100,100,100,95.3125,100,100,90.625,68.75,100,56.25,43.75,92.1875,100,100,40.625,100,51.5625,100,93.75,100,84.375,71.875,100,81.25,14.0625,95.3125,100,100,100,35.9375,46.875,100,85.9375,93.75,100,70.3125,100,100,100,100,100,43.75,100,100,71.875,100,100,71.875,100,100,100,81.25,39.0625,100,100,100,78.125,100,90.625,89.0625,29.6875,84.375,100,78.125,100,100,65.625,100,100,100,100,95.3125,53.125,76.5625,100,62.5,100,67.1875,100,100,100,100,79.6875,100,60.9375,96.875,100,100,100,93.75,90.625,100,76.5625,9.375,100,54.6875,100,100,76.5625,100,78.125,100,100,95.3125,100,100,100,100,100,68.75,51.5625,59.375,100,92.1875,100,100,76.5625,100,28.125,17.1875,100,100,100,100,100,96.875,100,100,28.125,96.875,75,67.1875,90.625,92.1875,100,17.1875,100,92.1875,93.75,100,46.875,31.25,76.5625,60.9375,28.125,100,100,100,100,100,100,29.6875,100,87.5,35.9375,59.375,79.6875,75,56.25,98.4375,76.5625,100,92.1875,84.375,82.8125,75,40.625,76.5625,95.3125,50,79.6875,100,100,100,100,100,100,75,100,45.3125,68.75,100,100,70.3125,57.8125,50,46.875,100,48.4375,100,89.0625,100,100,100,100,57.8125,100,76.5625,90.625,84.375,100,100,57.8125,100,100,100,37.5,100,100,100,78.125,100,96.875,100,100,100,84.375,73.4375,100,100,100,90.625,100,100,100,100,85.9375,93.75,68.75,100,96.875,100,64.0625,100,100,35.9375,87.5,100,75,37.5,25,100,100,84.375,82.8125,100,100,100,54.6875,57.8125,29.6875,92.1875,95.3125,100,98.4375,50,46.875,65.625,78.125,7.8125,100,100,56.25,40.625,100,48.4375,84.375,100,56.25,85.9375,100,100,81.25,95.3125,100,100,100,100,50,45.3125,100,100,92.1875,100,76.5625,100,71.875,57.8125,100,71.875,100,39.0625,90.625,100,100,79.6875,100,85.9375,100,89.0625,54.6875,100,40.625,92.1875,100,100,57.8125,28.125,71.875,100,100,100,100,96.875,60.9375,100,100,89.0625,79.6875,100,100,34.375,100,70.3125,92.1875,79.6875,43.75,100,85.9375,100,51.5625,100,100,98.4375,81.25,62.5,100,100,100,67.1875,100,76.5625,56.25,67.1875,100,100,100,100,84.375,100,96.875,100,79.6875,100,100,100,60.9375,100,100,100,100,62.5,40.625,100,70.3125,93.75,75,100,60.9375,78.125,100,26.5625,100,100,56.25,32.8125,71.875,62.5,85.9375,90.625,100,96.875,98.4375,100,100,100,73.4375,67.1875,100,100,29.6875,98.4375,100,60.9375,100,100,100,100,100,57.8125,100,21.875,100,79.6875,100,75,56.25,89.0625,60.9375,68.75,93.75,100,35.9375,100,87.5,100,100,100,70.3125,71.875,100,100,56.25,71.875,100,100,100,81.25,93.75,100,92.1875,100,100,60.9375,51.5625,100,34.375,84.375,100,100,100,70.3125,100,100,100,100,100,100,93.75,96.875,100,100,100,100,100,100,100,70.3125,65.625,100,90.625,51.5625,56.25,100,82.8125,100,93.75,85.9375,95.3125,57.8125,29.6875,100,37.5,96.875,67.1875,70.3125,100,59.375,89.0625,100,100,100,100,100,100,100,100,100,3.125,84.375,32.8125,100,98.4375,65.625,93.75,35.9375,54.6875,26.5625,100,85.9375,85.9375,84.375,100,78.125,100,71.875,100,100,100,54.6875,98.4375,100,78.125,34.375,100,100,84.375,100,75,100,92.1875,93.75,100,100,100,100,82.8125,100,100,100,76.5625,78.125,70.3125,100,100,53.125,100,100,100,100,87.5,100,81.25,14.0625,100,87.5,100,100,100,10.9375,100,95.3125,100,93.75,100,100,93.75,100,70.3125,96.875,100,84.375,25,100,95.3125,31.25,82.8125,100,85.9375,100,100,37.5,100,60.9375,100,92.1875,100,100,100,40.625,92.1875,100,85.9375,100,82.8125,32.8125,78.125,100,100,100,65.625,17.1875,100,100,100,75,100,100,100,100,82.8125,79.6875,93.75,65.625,98.4375,48.4375,87.5,100,90.625,100,87.5,100,100,100,100,100,75,81.25,100,93.75,89.0625,100,82.8125,45.3125,42.1875,82.8125,100,51.5625,98.4375,100,100,100,100,48.4375,100,73.4375,100,100,100,51.5625,100,100,57.8125,65.625,100,95.3125,100,87.5,100,73.4375,84.375,73.4375,100,100,100,100,100,100,100,100,59.375,59.375,100,100,56.25,100,81.25,100,89.0625,73.4375,100,100,100,62.5,100,95.3125,100,100,75,100,100,100,84.375,100,100,79.6875,73.4375,100,100,100,100,65.625,98.4375,100,50,51.5625,29.6875,100,67.1875,92.1875,100,100,79.6875,100,48.4375,100,92.1875,29.6875,100,100,100,100,100,100,100,100,100,100,21.875,75,75,50,100,71.875,100,28.125,100,21.875,92.1875,75,100,81.25,32.8125,100,100,75,95.3125,89.0625,100,100,100,32.8125,100,65.625,100,100,100,100,100,18.75,62.5,100,100,84.375,89.0625,53.125,100,35.9375,100,100,100,100,65.625,68.75,100,73.4375,100,100,100,100,100,100,79.6875,56.25,89.0625,71.875,100,78.125,75,84.375,92.1875,67.1875,60.9375,50,100,100,67.1875,84.375,100,70.3125,37.5,100,40.625,90.625,100,93.75,100,100,100,100,92.1875,73.4375,100,100,43.75,68.75,100,43.75,100,87.5,76.5625,100,100,79.6875,100,100,100,87.5,100,100,60.9375,62.5,100,48.4375,73.4375,100,100,89.0625,100,100,100,100,92.1875,56.25,100,100,100,75,100,40.625,100,67.1875,53.125,29.6875,92.1875,48.4375,100,96.875,73.4375,54.6875,76.5625,40.625,46.875,100,100,75,60.9375,60.9375,100,67.1875,92.1875,96.875,100,90.625,100,39.0625,100,100,70.3125,100,100,75,100,100,100,82.8125,92.1875,70.3125,89.0625,93.75,100,100,100,73.4375,34.375,81.25,100,100,96.875,100,73.4375,100,100,71.875,62.5,100,84.375,100,100,37.5,100,78.125,48.4375,57.8125,48.4375,76.5625,53.125,92.1875,100,100,100,85.9375,100,100,92.1875,34.375,89.0625,18.75,73.4375,71.875,100,96.875,46.875,100,100,76.5625,68.75,100,100,79.6875,100,100,100,100,56.25,100,93.75,100,100,100,95.3125,100,100,100,67.1875,98.4375,71.875,100,100,84.375,100,84.375,100,100,71.875,73.4375,100,92.1875,100,76.5625,95.3125,64.0625,100,100,82.8125,100,100,89.0625,73.4375,100,100,92.1875,81.25,76.5625,100,100,100,100,65.625,21.875,100,100,100,100,82.8125,37.5,70.3125,100,62.5,100,100,100,100,100,93.75,100,100,14.0625,100,93.75,100,100,100,100,100,100,100,100,100,100,89.0625,100,50,100,45.3125,100,76.5625,100,95.3125,68.75,100,100,53.125,9.375,42.1875,100,100,100,100,31.25,79.6875,100,100,100,100,32.8125,100,51.5625,100,100,100,70.3125,100,100,100,100,46.875,95.3125,100,92.1875,34.375,93.75,100,100,84.375,100,95.3125,100,68.75,62.5,81.25,67.1875,81.25,29.6875,48.4375,71.875,100,100,100,100,82.8125,100,90.625,79.6875,68.75,90.625,29.6875,56.25,85.9375,100,100,81.25,100,100,100,100,81.25,28.125,100,14.0625,100,100,20.3125,100,100,95.3125,100,100,100,100,100,100,100,100,85.9375,79.6875,100,100,100,71.875,100,28.125,100,100,100,100,100,29.6875,100,50,95.3125,75,96.875,100,100,100,85.9375,71.875,53.125,71.875,98.4375,100,71.875,20.3125,100,90.625,79.6875,100,81.25,100,21.875,100,100,100,71.875,23.4375,100,93.75,100,100,84.375,89.0625,18.75,85.9375,76.5625,62.5,100,100,87.5,100,100,100,100,93.75,85.9375,51.5625,100,25,54.6875,100,95.3125,10.9375,100,100,87.5,100,100,100,95.3125,93.75,37.5,20.3125,100,100,100,100,100,100,100,100,100,100,89.0625,59.375,90.625,100,100,76.5625,81.25,100,9.375,100,100,100,100,67.1875,51.5625,100,100,100,76.5625,87.5,100,100,100,100,70.3125,50,100,100,100,64.0625,75,100,73.4375,100,100,26.5625,59.375,62.5,96.875,85.9375,100,93.75,100,98.4375,100,76.5625,85.9375,100,100,100,100,84.375,100,100,100,100,100,100,57.8125,100,14.0625,84.375,100,100,100,100,100,82.8125,84.375,29.6875,51.5625,100,100,53.125,100,100,100,100,100,45.3125,75,98.4375,81.25,100,42.1875,100,73.4375,84.375,100,100,100,90.625,85.9375,34.375,68.75,100,100,23.4375,71.875,100,18.75,100,50,100,87.5,73.4375,100,100,100,65.625,87.5,100,81.25,100,100,93.75,71.875,51.5625,82.8125,65.625,79.6875,79.6875,100,57.8125,85.9375,92.1875,100,100,75,100,100,100,100,67.1875,73.4375,100,93.75,90.625,82.8125,64.0625,100,100,14.0625,71.875,100,64.0625,100,53.125,84.375,82.8125,100,73.4375,95.3125,67.1875,50,100,54.6875,100,73.4375,100,67.1875,100,100,100,100,84.375,12.5,48.4375,100,100,87.5,100,92.1875,100,100,100,81.25,100,84.375,100,100,21.875,100,100,31.25,90.625,100,95.3125,70.3125,100,100,100,39.0625,35.9375,100,76.5625,76.5625,100,31.25,100,100,100,60.9375,100,95.3125,59.375,100,100,100,100,37.5,32.8125,100,73.4375,100,100,92.1875,67.1875,100,56.25,21.875,100,100,100,62.5,89.0625,100,75,76.5625,95.3125,100,100,100,100,100,100,64.0625,100,25,100,100,90.625,40.625,39.0625,100,100,100,100,100,100,64.0625,85.9375,100,100,100,59.375,67.1875,100,100,64.0625,100,46.875,100,35.9375,84.375,100,64.0625,67.1875,79.6875,65.625,82.8125,100,89.0625,100,100,100,100,100,79.6875,23.4375,100,100,100,100,100,100,100,98.4375,32.8125,100,100,89.0625,100,90.625,100,70.3125,100,100,100,59.375,100,100,100,100,76.5625,100,76.5625,78.125,100,100,100,87.5,48.4375,100,100,67.1875,100,100,60.9375,100,100,34.375,87.5,79.6875,75,100,70.3125,73.4375,59.375,70.3125,98.4375,100,82.8125,100,100,32.8125,100,73.4375,34.375,100,90.625,100,95.3125,54.6875,70.3125,78.125,100,100,21.875,100,92.1875,20.3125,34.375,78.125,9.375,100,100,100,60.9375,90.625,81.25,100,100,82.8125,76.5625,100,100,100,100,100,100,76.5625,100,100,96.875,100,100,79.6875,100,100,100,100,100,100,56.25,81.25,100,100,78.125,100,100,100,100,78.125,100,57.8125,100,100,60.9375,100,70.3125,100,76.5625,73.4375,71.875,73.4375,100,100,100,100,100,81.25,84.375,100,100,7.8125,54.6875,37.5,100,100,90.625,100,64.0625,82.8125,100,34.375,59.375,100,100,100,71.875,50,100,98.4375,100,20.3125,42.1875,90.625,100,100,67.1875,32.8125,70.3125,42.1875,78.125,100,100,100,59.375,100,100,67.1875,6.25,100,90.625,71.875,82.8125,75,100,90.625,100,100,60.9375,96.875,21.875,54.6875,73.4375,70.3125,31.25,100,70.3125,100,100,57.8125,100,84.375,32.8125,100,90.625,75,81.25,67.1875,96.875,100,18.75,100,95.3125,43.75,100,93.75,70.3125,100,100,42.1875,60.9375,89.0625,100,78.125,100,100,100,57.8125,57.8125,100,100,100,100,95.3125,100,100,81.25,100,65.625,48.4375,100,79.6875,100,98.4375,82.8125,100,100,93.75,98.4375,100,32.8125,100,100,100,73.4375,100,82.8125,92.1875,32.8125,54.6875,100,54.6875,39.0625,93.75,81.25,100,26.5625,71.875,89.0625,96.875,93.75,100,100,71.875,40.625,76.5625,100,100,100,84.375,100,46.875,90.625,73.4375,32.8125,100,87.5,67.1875,50,9.375,100,71.875,54.6875,31.25,79.6875,64.0625,81.25,100,73.4375,93.75,54.6875,87.5,76.5625,100,100,100,100,96.875,84.375,100,100,100,100,100,95.3125,93.75,71.875,96.875,90.625,100,100,73.4375,71.875,67.1875,67.1875,100,100,100,100,100,100,67.1875,42.1875,90.625,100,100,100,89.0625,100,100,100,82.8125,62.5,100,100,100,100,60.9375,100,35.9375,100,46.875,100,100,100,100,93.75,96.875,89.0625,87.5,100,100,92.1875,87.5,85.9375,92.1875,100,100,100,65.625,56.25,90.625,98.4375,100,100,31.25,84.375,93.75,100,100,100,100,100,100,98.4375,28.125,100,90.625,96.875,100,100,100,92.1875,65.625,84.375,100,100,87.5,100,43.75,100,82.8125,87.5,21.875,100,100,100,100,100,100,59.375,100,100,100,62.5,93.75,70.3125,25,67.1875,100,25,100,100,17.1875,56.25,100,100,50,95.3125,71.875,92.1875,100,100,92.1875,81.25,85.9375,78.125,100,90.625,100,42.1875,100,96.875,81.25,70.3125,68.75,100,100,100,98.4375,100,100,85.9375,34.375,100,7.8125,56.25,100,98.4375,76.5625,100,100,96.875,57.8125,100,100,100,100,100,100,43.75,67.1875,50,79.6875,60.9375,100,100,64.0625,100,100,60.9375,100,100,100,100,100,79.6875,100,57.8125,70.3125,100,100,25,78.125,50,100,48.4375,84.375,100,81.25,98.4375,100,100,75,90.625,87.5,100,65.625,100,100,100,48.4375,87.5,100,57.8125,71.875,28.125,100,79.6875,100,84.375,100,43.75,100,43.75,100,87.5,100,100,75,32.8125,100,100,100,79.6875,100,28.125,100,9.375,100,59.375,100,100,100,100,96.875,68.75,100,100,57.8125,100,100,54.6875,100,75,100,100,100,100,89.0625,100,59.375,100,100,100,45.3125,100,65.625,100,40.625,100,96.875,87.5,100,85.9375,23.4375,45.3125,100,100,40.625,10.9375,100,65.625,100,100,100,73.4375,95.3125,70.3125,100,68.75,100,100,64.0625,100,100,100,78.125,57.8125,100,100,43.75,100,64.0625,75,100,100,98.4375,78.125,98.4375,100,100,64.0625,87.5,100,93.75,43.75,84.375,92.1875,93.75,100,100,60.9375,100,100,87.5,71.875,32.8125,82.8125,100,100,100,96.875,100,100,50,70.3125,95.3125,89.0625,28.125,45.3125,40.625,100,100,46.875,67.1875,100,100,100,100,71.875,78.125,43.75,89.0625,100,28.125,100,68.75,100,100,79.6875,93.75,100,57.8125,100,54.6875,56.25,79.6875,100,70.3125,54.6875,100,100,100,100,75,100,100,100,51.5625,100,100,67.1875,37.5,100,100,59.375,92.1875,75,100,100,98.4375,71.875,100,100,100,100,40.625,100,73.4375,100,100,100,73.4375,100,100,75,100,100,100,100,100,90.625,87.5,100,100,100,98.4375,54.6875,100,59.375,100,85.9375,100,62.5,92.1875,100,100,81.25,100,40.625,75,42.1875,100,84.375,100,100,100,64.0625,85.9375,100,100,53.125,56.25,37.5,100,100,100,100,92.1875,79.6875,100,39.0625,100,79.6875,81.25,71.875,100,76.5625,67.1875,85.9375,73.4375,98.4375,20.3125,95.3125,84.375,100,26.5625,39.0625,100,96.875,100,100,25,81.25,100,59.375,65.625,100,100,56.25,92.1875,82.8125,79.6875,42.1875,70.3125,100,100,60.9375,100,78.125,79.6875,100,100,73.4375,84.375,100,100,17.1875,100,35.9375,100,100,42.1875,100,46.875,100,79.6875,64.0625,100,48.4375,23.4375,95.3125,100,29.6875,85.9375,100,100,100,100,78.125,96.875,40.625,100,64.0625,100,98.4375,100,90.625,54.6875,26.5625,100,98.4375,17.1875,67.1875,100,100,100,100,100,37.5,100,56.25,100,100,100,81.25,100,100,100,100,93.75,82.8125,60.9375,43.75,53.125,100,100,100,81.25,100,100,100,100,100,100,100,48.4375,100,85.9375,64.0625,100,96.875,100,100,100,100,89.0625,54.6875,87.5,100,26.5625,65.625,100,100,82.8125,100,65.625,1.5625,56.25,46.875,26.5625,100,75,100,14.0625,100,100,100,100,100,85.9375,100,100,92.1875,100,100,100,56.25,82.8125,39.0625,35.9375,43.75,100,59.375,100,100,100,78.125,100,54.6875,64.0625,100,100,70.3125,100,100,45.3125,100,98.4375,73.4375,95.3125,100,100,92.1875,35.9375,54.6875,28.125,100,28.125,100,68.75,100,100,43.75,100,68.75,71.875,43.75,95.3125,100,100,75,100,96.875,100,100,59.375,100,78.125,76.5625,100,81.25,98.4375,46.875,56.25,100,100,96.875,81.25,100,100,31.25,75,100,87.5,70.3125,100,100,62.5,82.8125,100,90.625,34.375,62.5,89.0625,100,100,100,34.375,100,59.375,40.625,100,65.625,100,100,100,93.75,64.0625,100,56.25,87.5,100,51.5625,100,54.6875,79.6875,76.5625,100,100,100,100,62.5,100,90.625,96.875,100,98.4375,100
"6061",89.0625,100,40.625,100,100,51.5625,85.9375,100,21.875,98.4375,81.25,100,100,100,89.0625,76.5625,92.1875,79.6875,93.75,100,96.875,100,100,100,45.3125,100,100,90.625,89.0625,100,100,100,100,90.625,100,95.3125,50,100,100,92.1875,50,67.1875,95.3125,100,100,100,87.5,100,67.1875,54.6875,75,100,100,79.6875,79.6875,100,14.0625,100,100,39.0625,89.0625,54.6875,98.4375,28.125,100,100,60.9375,100,71.875,100,53.125,62.5,100,89.0625,60.9375,82.8125,100,100,48.4375,100,75,100,51.5625,79.6875,100,59.375,100,100,100,100,54.6875,89.0625,100,48.4375,93.75,93.75,100,62.5,100,100,90.625,100,100,70.3125,90.625,23.4375,100,100,75,100,84.375,78.125,100,100,28.125,100,100,100,100,100,67.1875,100,100,84.375,95.3125,40.625,100,18.75,100,78.125,100,100,90.625,100,92.1875,59.375,64.0625,79.6875,100,100,100,76.5625,45.3125,46.875,100,96.875,100,71.875,34.375,84.375,56.25,37.5,78.125,85.9375,100,93.75,76.5625,100,100,4.6875,100,100,75,100,89.0625,65.625,100,89.0625,29.6875,28.125,84.375,73.4375,100,100,100,92.1875,84.375,100,100,100,100,100,92.1875,84.375,100,20.3125,29.6875,42.1875,93.75,87.5,100,100,81.25,100,100,100,84.375,60.9375,100,100,34.375,34.375,95.3125,100,100,100,100,100,92.1875,100,39.0625,100,100,100,82.8125,78.125,78.125,90.625,100,57.8125,64.0625,71.875,39.0625,100,100,53.125,100,100,71.875,100,82.8125,82.8125,93.75,100,100,100,82.8125,60.9375,87.5,100,100,100,100,100,100,40.625,87.5,87.5,93.75,45.3125,100,76.5625,57.8125,100,100,62.5,100,67.1875,100,100,100,96.875,35.9375,92.1875,34.375,100,100,100,100,100,73.4375,85.9375,100,100,100,68.75,48.4375,100,62.5,100,76.5625,100,42.1875,100,100,100,32.8125,100,79.6875,82.8125,84.375,100,78.125,29.6875,100,100,95.3125,92.1875,56.25,75,46.875,100,79.6875,73.4375,100,81.25,100,31.25,82.8125,26.5625,100,59.375,32.8125,100,100,93.75,100,100,87.5,46.875,90.625,100,50,100,28.125,70.3125,73.4375,67.1875,100,100,87.5,100,75,100,100,40.625,100,89.0625,82.8125,100,100,76.5625,46.875,100,90.625,60.9375,40.625,100,71.875,76.5625,100,78.125,100,96.875,68.75,100,100,71.875,46.875,100,78.125,89.0625,100,15.625,81.25,42.1875,29.6875,89.0625,98.4375,100,100,100,100,78.125,100,100,89.0625,85.9375,76.5625,100,84.375,100,100,100,100,100,100,100,60.9375,92.1875,100,79.6875,100,75,100,68.75,100,65.625,84.375,12.5,100,100,100,100,100,56.25,59.375,79.6875,70.3125,82.8125,62.5,96.875,100,100,100,100,39.0625,54.6875,100,75,67.1875,100,89.0625,100,100,28.125,43.75,100,100,100,82.8125,100,79.6875,100,75,73.4375,39.0625,100,100,100,100,92.1875,89.0625,100,100,100,100,100,100,93.75,93.75,100,100,100,84.375,70.3125,100,59.375,100,100,76.5625,64.0625,76.5625,67.1875,100,48.4375,100,100,100,100,46.875,32.8125,76.5625,93.75,100,14.0625,100,93.75,100,100,95.3125,100,78.125,62.5,82.8125,100,48.4375,100,46.875,75,100,79.6875,81.25,23.4375,35.9375,100,100,100,73.4375,79.6875,39.0625,100,100,100,85.9375,59.375,96.875,84.375,100,100,64.0625,78.125,68.75,100,100,100,100,100,100,100,100,71.875,65.625,68.75,46.875,96.875,100,95.3125,42.1875,100,51.5625,100,92.1875,100,84.375,71.875,100,81.25,82.8125,95.3125,81.25,100,100,34.375,82.8125,100,73.4375,98.4375,100,70.3125,100,100,100,100,100,45.3125,78.125,100,68.75,98.4375,100,71.875,100,100,100,100,31.25,81.25,100,100,60.9375,100,87.5,100,32.8125,75,100,75,93.75,100,67.1875,100,100,100,100,98.4375,100,71.875,100,71.875,100,68.75,100,73.4375,100,100,82.8125,100,59.375,95.3125,45.3125,100,100,87.5,100,100,70.3125,34.375,100,100,100,100,81.25,100,60.9375,100,87.5,100,100,100,100,100,81.25,62.5,68.75,65.625,100,71.875,100,98.4375,81.25,100,42.1875,28.125,100,100,100,79.6875,100,89.0625,100,100,26.5625,96.875,75,18.75,79.6875,84.375,100,100,100,93.75,92.1875,100,46.875,6.25,76.5625,59.375,28.125,100,100,100,21.875,100,100,29.6875,100,89.0625,39.0625,59.375,84.375,67.1875,62.5,98.4375,76.5625,100,92.1875,57.8125,84.375,73.4375,40.625,92.1875,95.3125,42.1875,90.625,100,100,100,100,93.75,100,75,100,43.75,68.75,100,100,71.875,57.8125,100,46.875,100,60.9375,100,84.375,100,100,100,100,68.75,100,84.375,89.0625,84.375,100,100,50,100,100,100,32.8125,100,82.8125,100,78.125,100,100,100,100,100,81.25,71.875,100,100,100,89.0625,100,100,100,95.3125,100,100,68.75,100,100,100,64.0625,100,100,35.9375,89.0625,100,73.4375,39.0625,64.0625,100,100,98.4375,85.9375,100,100,100,76.5625,75,29.6875,92.1875,100,100,100,48.4375,51.5625,85.9375,71.875,7.8125,100,100,100,39.0625,100,48.4375,84.375,100,35.9375,79.6875,100,100,81.25,89.0625,100,95.3125,89.0625,100,43.75,45.3125,100,100,100,100,100,100,100,57.8125,89.0625,84.375,100,37.5,90.625,62.5,95.3125,48.4375,100,87.5,100,76.5625,57.8125,100,39.0625,90.625,100,100,60.9375,67.1875,82.8125,96.875,100,100,100,96.875,62.5,100,100,87.5,100,23.4375,100,32.8125,100,70.3125,81.25,81.25,56.25,100,60.9375,100,78.125,100,100,96.875,82.8125,64.0625,100,100,100,67.1875,100,76.5625,50,67.1875,100,100,92.1875,100,100,100,87.5,100,96.875,100,100,100,100,100,100,100,100,68.75,43.75,100,70.3125,93.75,73.4375,100,60.9375,73.4375,100,10.9375,100,100,57.8125,100,65.625,100,85.9375,76.5625,100,96.875,100,100,100,98.4375,73.4375,67.1875,100,100,20.3125,98.4375,100,59.375,100,100,100,100,100,100,100,20.3125,100,79.6875,100,100,43.75,100,85.9375,67.1875,100,100,35.9375,100,100,100,82.8125,100,76.5625,96.875,100,100,56.25,64.0625,81.25,100,100,85.9375,100,84.375,84.375,100,100,60.9375,59.375,100,37.5,68.75,100,100,100,71.875,100,100,100,100,100,100,93.75,100,100,100,100,100,100,100,100,57.8125,68.75,67.1875,100,53.125,53.125,100,89.0625,100,100,100,96.875,100,29.6875,100,39.0625,100,79.6875,70.3125,100,70.3125,93.75,100,100,100,93.75,100,100,100,100,100,3.125,82.8125,100,100,98.4375,89.0625,93.75,54.6875,60.9375,82.8125,100,95.3125,100,84.375,100,64.0625,100,14.0625,100,100,100,53.125,100,100,85.9375,35.9375,100,100,84.375,100,57.8125,100,90.625,100,100,100,100,100,81.25,100,100,100,76.5625,68.75,70.3125,100,100,98.4375,100,100,100,100,100,100,79.6875,82.8125,100,95.3125,100,100,100,90.625,100,93.75,96.875,89.0625,100,100,100,100,67.1875,46.875,100,82.8125,37.5,100,100,48.4375,14.0625,100,79.6875,96.875,100,39.0625,100,65.625,100,100,100,100,100,42.1875,100,100,84.375,76.5625,100,35.9375,78.125,100,100,35.9375,100,15.625,100,100,100,92.1875,100,92.1875,100,100,100,78.125,95.3125,65.625,95.3125,90.625,84.375,100,87.5,100,85.9375,100,100,45.3125,100,100,75,89.0625,100,93.75,100,100,82.8125,62.5,100,82.8125,100,51.5625,100,100,100,100,100,65.625,100,89.0625,100,100,100,57.8125,100,100,73.4375,65.625,100,93.75,100,89.0625,100,93.75,82.8125,70.3125,93.75,100,100,100,100,100,100,100,59.375,100,100,46.875,100,100,100,100,76.5625,100,92.1875,100,100,75,100,96.875,100,100,75,100,100,100,85.9375,100,87.5,89.0625,84.375,100,98.4375,100,100,46.875,95.3125,100,73.4375,51.5625,100,100,68.75,100,100,100,100,95.3125,51.5625,100,89.0625,34.375,78.125,100,100,100,100,100,100,100,100,100,21.875,78.125,100,46.875,100,54.6875,100,84.375,100,15.625,89.0625,73.4375,100,100,31.25,100,100,81.25,59.375,82.8125,100,100,100,32.8125,100,70.3125,93.75,56.25,100,93.75,100,18.75,65.625,100,100,84.375,89.0625,53.125,100,40.625,100,100,67.1875,35.9375,60.9375,68.75,100,71.875,100,93.75,100,100,100,98.4375,84.375,64.0625,89.0625,73.4375,100,100,81.25,29.6875,92.1875,67.1875,60.9375,51.5625,100,100,60.9375,20.3125,100,82.8125,37.5,100,65.625,89.0625,100,90.625,100,100,71.875,92.1875,90.625,73.4375,96.875,100,100,87.5,100,93.75,100,85.9375,87.5,100,100,92.1875,100,89.0625,100,75,100,39.0625,100,60.9375,100,10.9375,68.75,100,100,89.0625,100,100,100,100,90.625,90.625,100,100,100,89.0625,100,42.1875,92.1875,37.5,54.6875,29.6875,93.75,39.0625,100,100,64.0625,51.5625,76.5625,37.5,48.4375,100,100,75,68.75,60.9375,100,79.6875,87.5,95.3125,100,90.625,100,42.1875,100,60.9375,92.1875,100,100,75,100,100,100,85.9375,100,82.8125,100,93.75,100,100,100,43.75,37.5,100,100,100,92.1875,100,78.125,100,100,73.4375,62.5,100,89.0625,100,100,75,100,51.5625,56.25,62.5,50,76.5625,53.125,95.3125,100,84.375,100,73.4375,100,100,85.9375,35.9375,92.1875,100,73.4375,70.3125,46.875,100,50,42.1875,100,57.8125,92.1875,100,100,100,100,100,100,100,57.8125,100,100,100,100,100,95.3125,100,48.4375,100,100,100,100,100,100,82.8125,100,85.9375,100,100,68.75,84.375,100,95.3125,100,76.5625,90.625,48.4375,100,100,89.0625,100,100,76.5625,50,100,100,90.625,73.4375,78.125,100,100,100,100,51.5625,37.5,100,100,100,100,81.25,35.9375,68.75,100,59.375,100,100,100,100,100,100,78.125,100,100,90.625,92.1875,100,100,100,100,100,100,100,100,100,98.4375,81.25,100,50,100,48.4375,100,100,100,90.625,100,100,100,57.8125,9.375,42.1875,100,100,100,51.5625,31.25,96.875,100,100,100,100,32.8125,100,82.8125,100,100,100,70.3125,100,100,100,100,40.625,96.875,100,100,23.4375,98.4375,100,100,85.9375,100,95.3125,17.1875,57.8125,65.625,46.875,65.625,81.25,79.6875,82.8125,67.1875,100,100,100,79.6875,90.625,100,87.5,95.3125,59.375,65.625,28.125,100,85.9375,100,100,60.9375,100,100,100,100,84.375,28.125,100,100,79.6875,100,21.875,78.125,40.625,100,100,100,100,75,100,100,100,100,87.5,79.6875,100,100,100,92.1875,100,23.4375,100,100,100,100,92.1875,59.375,100,100,95.3125,79.6875,93.75,100,100,100,92.1875,71.875,45.3125,67.1875,100,100,67.1875,28.125,100,90.625,70.3125,100,92.1875,100,62.5,100,100,100,62.5,59.375,78.125,93.75,100,100,89.0625,100,18.75,85.9375,78.125,51.5625,100,100,96.875,100,100,100,100,89.0625,93.75,57.8125,100,26.5625,46.875,100,95.3125,68.75,100,100,87.5,100,59.375,100,93.75,100,40.625,18.75,100,100,100,100,90.625,100,100,100,100,100,100,14.0625,98.4375,100,100,87.5,95.3125,100,100,100,100,100,100,68.75,50,100,100,100,100,85.9375,100,100,87.5,100,100,53.125,100,100,100,100,73.4375,100,76.5625,100,100,26.5625,59.375,62.5,98.4375,84.375,100,100,100,100,100,78.125,23.4375,100,100,100,100,79.6875,100,100,100,100,100,100,56.25,100,21.875,84.375,100,100,100,100,100,87.5,100,28.125,53.125,100,100,54.6875,92.1875,100,100,100,100,73.4375,81.25,95.3125,84.375,100,35.9375,100,100,89.0625,100,100,100,90.625,84.375,93.75,75,100,100,23.4375,68.75,100,18.75,100,78.125,100,100,75,100,84.375,100,68.75,87.5,87.5,78.125,100,100,95.3125,59.375,100,100,64.0625,79.6875,73.4375,48.4375,57.8125,84.375,92.1875,14.0625,100,71.875,100,100,100,100,68.75,68.75,100,64.0625,100,26.5625,68.75,100,50,75,100,92.1875,64.0625,100,53.125,81.25,89.0625,100,75,95.3125,25,82.8125,100,100,100,79.6875,100,67.1875,100,100,100,100,87.5,9.375,50,100,100,84.375,100,64.0625,100,93.75,100,81.25,100,84.375,100,71.875,100,100,90.625,28.125,100,100,95.3125,78.125,100,67.1875,100,42.1875,35.9375,100,76.5625,75,100,31.25,100,100,100,48.4375,100,54.6875,60.9375,100,100,100,82.8125,73.4375,34.375,100,71.875,100,100,92.1875,85.9375,100,54.6875,23.4375,42.1875,100,89.0625,59.375,89.0625,100,75,84.375,95.3125,100,100,39.0625,100,100,100,78.125,100,62.5,100,98.4375,71.875,35.9375,82.8125,100,100,100,95.3125,100,100,100,100,100,100,100,53.125,68.75,100,100,82.8125,100,40.625,100,29.6875,87.5,100,73.4375,100,76.5625,65.625,81.25,100,89.0625,100,100,96.875,100,100,76.5625,17.1875,100,90.625,64.0625,100,100,100,100,100,32.8125,100,100,98.4375,100,92.1875,100,82.8125,100,100,100,100,100,60.9375,100,100,100,100,76.5625,75,100,100,100,89.0625,100,100,100,67.1875,100,100,60.9375,85.9375,100,59.375,90.625,79.6875,84.375,100,62.5,54.6875,59.375,73.4375,100,100,100,100,100,37.5,100,65.625,100,100,92.1875,100,98.4375,54.6875,100,79.6875,100,100,25,100,71.875,4.6875,31.25,81.25,56.25,100,100,95.3125,59.375,39.0625,84.375,100,100,100,76.5625,100,100,14.0625,100,100,26.5625,73.4375,100,100,100,100,100,51.5625,100,100,100,100,100,100,45.3125,81.25,100,100,82.8125,100,100,67.1875,100,92.1875,100,48.4375,96.875,100,60.9375,98.4375,70.3125,100,78.125,92.1875,70.3125,75,100,100,100,100,100,93.75,81.25,100,100,15.625,50,25,100,100,89.0625,100,68.75,81.25,100,87.5,62.5,98.4375,89.0625,100,71.875,56.25,100,95.3125,98.4375,25,45.3125,64.0625,100,100,84.375,31.25,76.5625,43.75,90.625,71.875,100,100,59.375,100,53.125,65.625,7.8125,100,89.0625,65.625,79.6875,89.0625,96.875,89.0625,100,100,62.5,96.875,21.875,54.6875,67.1875,70.3125,37.5,100,35.9375,100,100,56.25,100,79.6875,34.375,100,87.5,75,92.1875,67.1875,100,100,17.1875,100,100,71.875,100,92.1875,75,100,100,14.0625,60.9375,87.5,100,79.6875,100,100,96.875,54.6875,57.8125,100,100,100,100,93.75,100,100,81.25,85.9375,65.625,100,100,87.5,100,96.875,75,100,100,67.1875,98.4375,100,31.25,100,100,100,100,73.4375,85.9375,92.1875,35.9375,100,100,45.3125,39.0625,96.875,81.25,100,100,73.4375,87.5,87.5,92.1875,100,100,67.1875,67.1875,78.125,78.125,89.0625,100,100,100,51.5625,75,100,59.375,100,87.5,79.6875,48.4375,17.1875,100,70.3125,62.5,100,81.25,53.125,70.3125,100,26.5625,93.75,54.6875,87.5,98.4375,100,100,50,100,62.5,89.0625,100,100,100,100,100,100,93.75,85.9375,100,93.75,100,100,81.25,79.6875,46.875,67.1875,100,100,100,100,100,100,100,42.1875,100,89.0625,100,100,100,100,100,100,100,62.5,100,89.0625,100,100,76.5625,100,40.625,100,50,100,100,100,100,100,89.0625,100,51.5625,100,100,89.0625,85.9375,79.6875,100,87.5,100,100,73.4375,54.6875,98.4375,96.875,100,100,32.8125,85.9375,100,100,100,100,100,100,100,53.125,29.6875,100,79.6875,68.75,100,100,100,98.4375,60.9375,84.375,100,100,87.5,96.875,100,100,89.0625,87.5,21.875,78.125,95.3125,100,100,100,100,100,100,100,29.6875,100,95.3125,92.1875,85.9375,65.625,100,25,100,100,9.375,56.25,100,100,50,100,96.875,93.75,100,100,100,79.6875,79.6875,89.0625,100,90.625,100,42.1875,100,43.75,81.25,62.5,64.0625,100,100,100,98.4375,100,100,81.25,85.9375,100,7.8125,54.6875,100,62.5,76.5625,100,100,89.0625,60.9375,100,100,100,100,100,100,100,67.1875,53.125,76.5625,60.9375,100,100,64.0625,100,100,59.375,100,100,82.8125,100,100,89.0625,100,56.25,70.3125,100,100,28.125,76.5625,100,100,64.0625,87.5,100,82.8125,96.875,100,100,76.5625,100,82.8125,100,75,100,100,100,50,85.9375,100,59.375,73.4375,100,100,87.5,100,78.125,100,100,100,100,100,100,100,100,75,40.625,100,100,100,90.625,100,29.6875,100,31.25,48.4375,25,100,14.0625,100,100,81.25,78.125,100,100,100,100,100,62.5,100,75,100,100,100,100,87.5,100,53.125,76.5625,100,43.75,57.8125,100,100,60.9375,35.9375,100,92.1875,84.375,100,84.375,79.6875,42.1875,100,100,40.625,10.9375,100,70.3125,100,100,100,75,100,96.875,100,100,100,100,29.6875,100,100,100,100,95.3125,100,100,85.9375,100,64.0625,51.5625,100,100,93.75,87.5,100,100,100,75,84.375,100,87.5,40.625,82.8125,75,96.875,100,90.625,81.25,100,100,100,71.875,96.875,81.25,100,100,100,96.875,100,100,57.8125,70.3125,48.4375,89.0625,18.75,50,100,100,100,46.875,60.9375,100,100,100,100,85.9375,79.6875,40.625,89.0625,100,100,12.5,67.1875,100,100,79.6875,60.9375,100,57.8125,100,56.25,51.5625,81.25,100,68.75,57.8125,100,100,100,100,73.4375,100,100,100,46.875,100,100,85.9375,67.1875,100,100,65.625,92.1875,78.125,100,100,100,84.375,100,100,96.875,100,40.625,100,76.5625,7.8125,100,100,68.75,100,100,70.3125,100,100,100,100,100,98.4375,84.375,100,100,100,96.875,56.25,100,67.1875,100,90.625,100,100,87.5,100,100,95.3125,100,35.9375,37.5,39.0625,84.375,82.8125,100,100,100,100,100,100,100,78.125,56.25,100,100,18.75,100,100,89.0625,73.4375,100,45.3125,100,81.25,100,70.3125,100,78.125,62.5,85.9375,73.4375,85.9375,18.75,96.875,84.375,81.25,26.5625,40.625,100,89.0625,100,100,25,75,39.0625,59.375,65.625,100,100,64.0625,100,78.125,84.375,42.1875,100,100,100,60.9375,100,46.875,89.0625,100,100,81.25,85.9375,100,100,17.1875,100,34.375,100,100,45.3125,100,46.875,100,85.9375,54.6875,59.375,53.125,54.6875,82.8125,100,28.125,85.9375,100,100,100,100,79.6875,95.3125,34.375,100,75,100,96.875,100,100,65.625,28.125,100,98.4375,50,68.75,100,85.9375,100,100,100,40.625,100,57.8125,100,100,100,85.9375,100,90.625,45.3125,100,93.75,87.5,57.8125,45.3125,53.125,12.5,100,62.5,34.375,100,100,100,62.5,100,100,100,71.875,100,90.625,70.3125,100,96.875,100,100,100,100,87.5,62.5,92.1875,100,26.5625,70.3125,100,100,100,100,67.1875,1.5625,45.3125,29.6875,28.125,100,82.8125,100,100,100,100,100,100,100,85.9375,100,100,100,100,81.25,84.375,100,92.1875,56.25,35.9375,42.1875,100,59.375,85.9375,100,100,75,100,48.4375,64.0625,100,100,71.875,100,100,53.125,100,98.4375,90.625,81.25,100,100,92.1875,100,67.1875,29.6875,73.4375,100,100,100,100,95.3125,43.75,98.4375,62.5,92.1875,31.25,85.9375,100,100,71.875,100,87.5,100,73.4375,59.375,45.3125,79.6875,76.5625,100,93.75,100,53.125,53.125,100,100,96.875,90.625,100,100,34.375,81.25,100,87.5,64.0625,100,100,73.4375,79.6875,100,93.75,37.5,68.75,81.25,100,100,100,25,100,59.375,42.1875,100,65.625,100,100,100,100,90.625,100,54.6875,100,100,51.5625,57.8125,100,87.5,65.625,96.875,100,95.3125,25,76.5625,100,79.6875,100,100,100,100
"6062",89.0625,100,37.5,100,28.125,43.75,90.625,87.5,26.5625,98.4375,46.875,100,100,100,57.8125,37.5,87.5,78.125,92.1875,100,96.875,100,100,100,51.5625,42.1875,87.5,87.5,89.0625,100,100,100,100,100,100,64.0625,76.5625,100,100,100,76.5625,64.0625,92.1875,100,100,100,100,100,67.1875,87.5,75,100,100,85.9375,82.8125,100,12.5,100,71.875,67.1875,85.9375,53.125,98.4375,100,100,100,60.9375,100,78.125,100,53.125,68.75,75,100,62.5,81.25,100,53.125,50,100,67.1875,100,87.5,79.6875,67.1875,100,100,85.9375,100,100,62.5,82.8125,100,45.3125,100,90.625,100,62.5,100,100,73.4375,98.4375,100,70.3125,100,28.125,100,93.75,82.8125,100,65.625,70.3125,100,100,37.5,100,90.625,100,100,100,70.3125,100,100,78.125,100,37.5,100,18.75,100,34.375,100,100,100,100,89.0625,64.0625,67.1875,78.125,70.3125,100,100,100,43.75,62.5,100,96.875,96.875,100,56.25,84.375,57.8125,37.5,78.125,92.1875,96.875,98.4375,76.5625,100,100,7.8125,100,100,90.625,100,89.0625,65.625,100,87.5,25,100,81.25,71.875,100,62.5,100,100,84.375,100,100,100,100,100,100,100,100,100,29.6875,100,100,82.8125,89.0625,100,76.5625,100,100,100,95.3125,60.9375,100,100,23.4375,85.9375,96.875,100,100,100,100,20.3125,92.1875,100,32.8125,100,100,100,87.5,78.125,46.875,95.3125,100,76.5625,100,75,100,96.875,100,53.125,98.4375,100,89.0625,100,82.8125,82.8125,67.1875,100,100,100,84.375,60.9375,93.75,100,100,100,100,82.8125,100,45.3125,100,82.8125,100,51.5625,100,76.5625,59.375,95.3125,100,65.625,100,59.375,100,100,59.375,98.4375,37.5,96.875,68.75,100,100,100,100,100,78.125,93.75,100,60.9375,89.0625,65.625,57.8125,100,68.75,100,92.1875,100,39.0625,76.5625,100,100,29.6875,96.875,76.5625,90.625,79.6875,100,85.9375,51.5625,100,100,100,96.875,57.8125,75,76.5625,100,64.0625,71.875,100,85.9375,90.625,65.625,40.625,100,100,98.4375,31.25,100,68.75,95.3125,100,100,73.4375,46.875,68.75,100,54.6875,100,56.25,68.75,70.3125,65.625,100,68.75,89.0625,21.875,76.5625,100,100,40.625,100,93.75,100,100,68.75,79.6875,46.875,100,70.3125,62.5,42.1875,100,98.4375,70.3125,100,67.1875,100,95.3125,68.75,100,96.875,92.1875,50,92.1875,96.875,92.1875,100,100,81.25,53.125,21.875,78.125,98.4375,100,100,100,85.9375,81.25,100,100,98.4375,85.9375,73.4375,100,79.6875,93.75,100,100,100,25,100,100,60.9375,92.1875,100,82.8125,100,100,100,65.625,100,67.1875,100,23.4375,100,100,100,100,100,53.125,59.375,100,70.3125,95.3125,71.875,98.4375,100,89.0625,100,87.5,39.0625,50,100,75,62.5,100,40.625,100,100,32.8125,26.5625,100,100,100,82.8125,100,81.25,100,70.3125,92.1875,42.1875,100,100,100,100,92.1875,100,82.8125,95.3125,100,100,100,89.0625,93.75,93.75,100,100,100,84.375,71.875,100,76.5625,100,100,73.4375,71.875,71.875,100,25,46.875,100,100,100,100,42.1875,37.5,75,100,100,15.625,100,100,100,48.4375,75,100,100,68.75,82.8125,100,50,100,45.3125,73.4375,100,76.5625,79.6875,78.125,35.9375,100,100,100,68.75,78.125,82.8125,100,87.5,100,85.9375,71.875,84.375,82.8125,100,100,64.0625,78.125,68.75,100,100,100,100,100,100,76.5625,98.4375,68.75,100,59.375,54.6875,95.3125,100,85.9375,45.3125,100,51.5625,100,90.625,100,84.375,71.875,100,81.25,81.25,85.9375,100,100,100,34.375,64.0625,100,79.6875,93.75,100,70.3125,100,96.875,100,100,100,43.75,71.875,100,68.75,100,100,71.875,100,100,100,100,34.375,82.8125,100,100,78.125,100,92.1875,92.1875,35.9375,81.25,100,67.1875,82.8125,100,65.625,100,100,100,100,100,100,67.1875,100,68.75,100,60.9375,100,100,100,100,82.8125,100,62.5,100,100,100,100,90.625,100,70.3125,73.4375,57.8125,100,68.75,100,100,76.5625,100,79.6875,100,67.1875,100,100,100,100,100,100,62.5,100,71.875,100,26.5625,100,90.625,84.375,100,100,96.875,100,73.4375,100,90.625,100,92.1875,100,100,39.0625,96.875,70.3125,82.8125,71.875,95.3125,100,100,100,93.75,90.625,100,46.875,26.5625,81.25,50,28.125,93.75,100,100,100,100,100,34.375,100,82.8125,43.75,59.375,79.6875,64.0625,68.75,98.4375,78.125,100,92.1875,73.4375,78.125,73.4375,40.625,82.8125,95.3125,51.5625,95.3125,100,98.4375,100,100,43.75,100,75,100,45.3125,68.75,100,100,75,56.25,64.0625,46.875,100,51.5625,100,89.0625,100,100,100,100,71.875,100,75,90.625,84.375,100,93.75,51.5625,100,100,98.4375,34.375,100,67.1875,100,81.25,100,93.75,100,100,100,100,87.5,100,100,100,85.9375,100,100,96.875,96.875,100,100,70.3125,100,100,100,62.5,100,100,35.9375,85.9375,100,95.3125,39.0625,75,100,100,85.9375,100,100,100,23.4375,73.4375,31.25,35.9375,65.625,100,100,100,48.4375,78.125,79.6875,75,7.8125,100,100,14.0625,43.75,76.5625,57.8125,82.8125,100,26.5625,100,100,100,98.4375,98.4375,100,100,100,100,42.1875,45.3125,100,100,89.0625,100,100,100,100,59.375,100,100,100,54.6875,90.625,100,100,81.25,100,85.9375,100,87.5,56.25,100,56.25,92.1875,100,100,62.5,42.1875,65.625,100,100,100,100,96.875,62.5,100,100,82.8125,100,100,100,32.8125,100,70.3125,92.1875,78.125,43.75,100,95.3125,100,53.125,100,100,96.875,79.6875,68.75,100,100,100,67.1875,100,76.5625,57.8125,17.1875,100,100,81.25,100,100,100,95.3125,92.1875,84.375,100,100,100,100,92.1875,100,100,100,64.0625,43.75,100,68.75,95.3125,73.4375,35.9375,60.9375,51.5625,100,65.625,100,100,39.0625,79.6875,64.0625,100,85.9375,92.1875,100,96.875,100,62.5,100,100,73.4375,67.1875,100,100,21.875,98.4375,85.9375,67.1875,100,100,100,100,100,56.25,100,21.875,100,79.6875,100,100,59.375,100,71.875,67.1875,100,100,35.9375,100,100,100,84.375,100,71.875,75,84.375,100,53.125,100,98.4375,100,100,81.25,100,100,82.8125,100,100,57.8125,60.9375,100,37.5,100,100,100,100,70.3125,100,21.875,100,100,100,100,93.75,100,100,100,100,100,100,100,100,67.1875,68.75,100,85.9375,59.375,37.5,100,84.375,100,29.6875,100,85.9375,100,31.25,100,39.0625,100,73.4375,70.3125,100,67.1875,100,100,100,100,29.6875,100,100,100,100,100,3.125,84.375,35.9375,100,98.4375,67.1875,95.3125,71.875,56.25,40.625,98.4375,98.4375,98.4375,84.375,100,56.25,100,81.25,100,100,100,76.5625,100,100,85.9375,46.875,100,100,84.375,98.4375,75,100,93.75,100,100,100,100,64.0625,81.25,100,100,84.375,76.5625,75,68.75,100,100,100,100,100,100,100,84.375,100,81.25,87.5,79.6875,75,100,100,96.875,60.9375,78.125,92.1875,100,89.0625,100,100,100,100,65.625,45.3125,100,82.8125,45.3125,100,96.875,68.75,81.25,100,87.5,100,100,40.625,100,60.9375,100,87.5,100,100,100,42.1875,100,100,96.875,100,84.375,62.5,79.6875,100,100,100,65.625,15.625,89.0625,100,100,95.3125,100,100,100,100,100,82.8125,98.4375,64.0625,45.3125,92.1875,100,100,90.625,100,84.375,100,100,100,100,100,75,70.3125,100,93.75,100,100,82.8125,48.4375,100,82.8125,100,53.125,39.0625,31.25,100,100,100,73.4375,45.3125,79.6875,100,100,100,60.9375,100,100,60.9375,65.625,100,93.75,100,87.5,100,87.5,73.4375,76.5625,95.3125,59.375,100,100,100,100,100,100,62.5,64.0625,100,100,100,100,100,100,82.8125,100,89.0625,100,100,75,100,98.4375,100,100,75,100,100,100,85.9375,100,64.0625,68.75,84.375,100,95.3125,100,100,85.9375,95.3125,100,40.625,51.5625,100,100,68.75,96.875,100,100,100,78.125,53.125,100,92.1875,35.9375,92.1875,100,100,100,100,100,100,100,100,100,10.9375,78.125,100,50,68.75,54.6875,100,98.4375,100,31.25,95.3125,79.6875,100,100,32.8125,100,100,85.9375,100,93.75,100,100,100,34.375,100,70.3125,89.0625,100,100,57.8125,100,18.75,75,100,100,100,89.0625,46.875,100,35.9375,100,100,100,96.875,60.9375,67.1875,100,71.875,100,100,100,100,100,70.3125,87.5,62.5,89.0625,73.4375,100,100,79.6875,71.875,92.1875,67.1875,60.9375,50,15.625,100,67.1875,93.75,100,82.8125,35.9375,100,42.1875,85.9375,100,96.875,100,100,67.1875,100,98.4375,73.4375,100,70.3125,100,100,100,85.9375,100,85.9375,100,100,100,59.375,100,100,100,82.8125,100,92.1875,70.3125,60.9375,100,20.3125,100,100,98.4375,89.0625,100,100,100,100,93.75,56.25,100,100,100,87.5,100,42.1875,96.875,26.5625,62.5,34.375,92.1875,18.75,100,100,53.125,59.375,76.5625,39.0625,45.3125,100,100,75,60.9375,60.9375,100,76.5625,90.625,95.3125,100,90.625,100,45.3125,92.1875,100,45.3125,100,100,73.4375,100,100,100,84.375,100,79.6875,85.9375,92.1875,100,100,100,73.4375,37.5,100,100,100,100,32.8125,81.25,100,100,70.3125,79.6875,100,96.875,100,100,62.5,100,39.0625,50,51.5625,39.0625,76.5625,65.625,95.3125,100,100,100,76.5625,100,100,90.625,37.5,92.1875,100,76.5625,75,29.6875,100,57.8125,100,100,100,100,100,100,82.8125,100,100,100,100,60.9375,100,95.3125,100,100,100,93.75,100,100,100,7.8125,100,100,45.3125,100,82.8125,100,73.4375,100,100,70.3125,71.875,100,92.1875,100,73.4375,89.0625,48.4375,100,98.4375,79.6875,100,100,100,53.125,100,100,92.1875,76.5625,78.125,100,100,100,100,100,100,100,100,95.3125,100,81.25,35.9375,75,100,60.9375,100,73.4375,100,100,100,100,100,100,51.5625,90.625,42.1875,100,100,100,100,100,100,93.75,100,100,100,89.0625,100,50,100,93.75,100,100,100,87.5,67.1875,92.1875,100,46.875,7.8125,35.9375,100,84.375,100,100,32.8125,100,100,100,100,100,32.8125,100,78.125,100,100,100,78.125,100,100,100,60.9375,43.75,98.4375,100,100,51.5625,93.75,100,100,75,100,95.3125,42.1875,50,62.5,81.25,28.125,82.8125,100,73.4375,73.4375,100,100,100,100,90.625,100,87.5,95.3125,59.375,60.9375,29.6875,100,85.9375,100,100,68.75,100,100,100,100,82.8125,26.5625,100,100,92.1875,100,25,81.25,100,68.75,100,100,100,79.6875,100,100,100,100,87.5,100,100,100,100,96.875,100,37.5,100,100,100,93.75,100,59.375,100,100,95.3125,76.5625,67.1875,100,100,100,92.1875,71.875,95.3125,71.875,100,100,70.3125,25,100,89.0625,68.75,100,90.625,100,100,100,100,100,76.5625,56.25,100,79.6875,100,100,89.0625,100,18.75,29.6875,85.9375,64.0625,100,100,87.5,100,100,100,100,100,85.9375,84.375,100,25,48.4375,100,95.3125,43.75,70.3125,100,87.5,100,100,100,84.375,100,42.1875,18.75,100,100,100,100,100,100,100,100,100,100,90.625,20.3125,100,100,100,84.375,96.875,100,100,100,100,100,100,60.9375,73.4375,100,100,25,59.375,93.75,100,100,100,100,68.75,56.25,100,100,100,100,75,100,78.125,100,100,26.5625,59.375,62.5,96.875,85.9375,100,98.4375,100,95.3125,100,75,81.25,100,100,100,100,85.9375,98.4375,100,100,100,100,100,59.375,100,9.375,85.9375,100,100,100,100,100,90.625,43.75,31.25,65.625,100,100,53.125,98.4375,100,100,100,98.4375,68.75,95.3125,90.625,84.375,100,37.5,100,78.125,89.0625,100,100,100,76.5625,87.5,100,76.5625,100,95.3125,29.6875,68.75,100,18.75,100,75,100,21.875,75,100,100,100,53.125,87.5,87.5,70.3125,100,100,92.1875,45.3125,42.1875,81.25,62.5,82.8125,79.6875,100,56.25,76.5625,92.1875,43.75,100,76.5625,100,100,100,100,68.75,68.75,100,96.875,100,100,65.625,81.25,100,45.3125,100,90.625,64.0625,100,56.25,78.125,100,100,73.4375,95.3125,89.0625,51.5625,100,100,89.0625,81.25,100,67.1875,100,100,100,100,89.0625,34.375,40.625,100,100,82.8125,100,100,100,92.1875,37.5,82.8125,100,82.8125,56.25,100,95.3125,100,59.375,26.5625,100,100,90.625,71.875,100,71.875,100,45.3125,37.5,100,57.8125,75,100,31.25,100,100,100,56.25,100,95.3125,79.6875,100,100,100,31.25,57.8125,37.5,100,70.3125,100,100,90.625,90.625,71.875,54.6875,23.4375,100,100,70.3125,59.375,92.1875,100,75,84.375,95.3125,100,100,100,100,100,100,64.0625,98.4375,100,100,98.4375,100,45.3125,100,100,100,100,84.375,100,100,100,100,100,100,100,59.375,70.3125,100,100,93.75,100,40.625,100,100,81.25,100,54.6875,100,76.5625,62.5,82.8125,100,87.5,100,100,100,100,100,70.3125,14.0625,100,100,100,100,100,100,100,93.75,31.25,100,100,98.4375,100,92.1875,100,78.125,100,100,100,57.8125,100,79.6875,100,100,100,100,76.5625,70.3125,100,100,100,87.5,53.125,100,100,67.1875,100,100,62.5,100,100,64.0625,90.625,79.6875,100,100,62.5,51.5625,56.25,65.625,100,93.75,100,100,100,50,100,76.5625,100,100,76.5625,100,95.3125,54.6875,100,76.5625,100,100,21.875,100,93.75,6.25,29.6875,75,9.375,100,100,81.25,45.3125,90.625,81.25,100,100,100,73.4375,100,100,28.125,100,100,100,71.875,100,100,100,100,100,73.4375,100,100,100,100,100,100,46.875,81.25,73.4375,100,92.1875,100,100,81.25,100,92.1875,100,48.4375,100,100,59.375,100,67.1875,100,76.5625,70.3125,70.3125,64.0625,100,100,100,100,100,100,85.9375,100,100,79.6875,51.5625,23.4375,100,100,92.1875,100,70.3125,82.8125,100,87.5,60.9375,100,96.875,100,71.875,50,100,89.0625,90.625,100,40.625,95.3125,100,100,89.0625,32.8125,76.5625,29.6875,82.8125,84.375,100,100,59.375,100,98.4375,65.625,4.6875,100,96.875,79.6875,81.25,73.4375,100,90.625,100,100,57.8125,96.875,25,59.375,70.3125,71.875,39.0625,100,70.3125,100,100,54.6875,100,81.25,34.375,100,78.125,75,92.1875,65.625,81.25,100,18.75,100,100,70.3125,100,82.8125,75,100,100,34.375,62.5,96.875,100,100,100,100,98.4375,68.75,60.9375,100,100,100,100,93.75,100,100,18.75,87.5,65.625,100,100,68.75,100,100,100,98.4375,100,100,95.3125,53.125,26.5625,100,65.625,100,100,100,84.375,87.5,35.9375,85.9375,100,42.1875,40.625,64.0625,81.25,100,100,73.4375,89.0625,100,96.875,100,17.1875,67.1875,67.1875,75,100,100,100,100,100,48.4375,71.875,35.9375,100,100,87.5,100,51.5625,14.0625,100,71.875,57.8125,100,81.25,92.1875,76.5625,57.8125,25,93.75,54.6875,87.5,100,100,100,35.9375,100,100,96.875,100,100,100,100,100,98.4375,93.75,73.4375,100,98.4375,100,100,78.125,68.75,37.5,67.1875,100,67.1875,100,100,100,95.3125,67.1875,42.1875,100,100,100,100,100,100,100,100,57.8125,100,96.875,79.6875,93.75,62.5,78.125,100,39.0625,100,48.4375,100,100,100,100,100,100,89.0625,87.5,100,100,92.1875,95.3125,93.75,100,100,100,100,73.4375,57.8125,78.125,98.4375,100,100,34.375,82.8125,29.6875,100,100,100,100,90.625,100,56.25,28.125,100,82.8125,23.4375,100,93.75,89.0625,96.875,60.9375,85.9375,100,100,68.75,95.3125,100,100,68.75,85.9375,26.5625,70.3125,100,100,100,90.625,100,100,100,100,100,100,92.1875,75,79.6875,23.4375,100,25,100,100,62.5,54.6875,100,100,50,100,90.625,89.0625,46.875,100,100,78.125,95.3125,95.3125,100,87.5,100,39.0625,100,84.375,79.6875,64.0625,71.875,100,85.9375,100,98.4375,100,100,85.9375,64.0625,100,7.8125,54.6875,100,100,75,100,100,92.1875,56.25,96.875,100,100,20.3125,100,100,26.5625,67.1875,57.8125,96.875,59.375,100,100,64.0625,100,100,60.9375,100,100,100,100,100,100,100,56.25,71.875,92.1875,100,26.5625,78.125,75,100,53.125,78.125,100,84.375,100,100,100,76.5625,100,90.625,100,100,100,100,34.375,46.875,85.9375,100,68.75,90.625,100,100,85.9375,100,67.1875,100,100,100,100,100,100,100,100,76.5625,43.75,100,62.5,100,92.1875,100,28.125,100,10.9375,100,23.4375,100,100,100,100,100,73.4375,100,100,59.375,100,100,73.4375,100,73.4375,100,100,100,100,85.9375,100,57.8125,100,100,100,65.625,45.3125,57.8125,100,35.9375,100,82.8125,82.8125,100,81.25,100,42.1875,100,100,43.75,10.9375,100,70.3125,100,100,100,73.4375,100,98.4375,100,82.8125,100,100,64.0625,100,65.625,100,76.5625,96.875,100,100,14.0625,100,64.0625,57.8125,100,100,93.75,95.3125,100,100,100,64.0625,84.375,100,90.625,48.4375,71.875,92.1875,93.75,98.4375,85.9375,31.25,100,100,100,70.3125,100,82.8125,100,100,100,96.875,37.5,100,59.375,68.75,51.5625,89.0625,45.3125,45.3125,100,100,100,46.875,60.9375,100,100,100,100,70.3125,78.125,39.0625,84.375,82.8125,100,20.3125,68.75,100,100,18.75,68.75,100,60.9375,100,51.5625,46.875,78.125,100,65.625,54.6875,56.25,100,100,100,75,100,100,100,48.4375,100,100,76.5625,98.4375,100,100,57.8125,92.1875,71.875,100,100,93.75,92.1875,100,100,100,100,39.0625,100,73.4375,46.875,100,40.625,79.6875,100,100,84.375,100,100,100,100,100,90.625,84.375,100,100,100,93.75,60.9375,100,67.1875,100,79.6875,100,62.5,89.0625,100,100,95.3125,100,35.9375,28.125,40.625,100,87.5,100,100,100,98.4375,93.75,100,100,100,59.375,100,100,100,100,100,100,67.1875,57.8125,50,100,78.125,81.25,71.875,100,87.5,64.0625,89.0625,76.5625,98.4375,21.875,96.875,85.9375,75,28.125,34.375,100,28.125,100,100,26.5625,100,87.5,57.8125,100,100,100,53.125,10.9375,73.4375,56.25,42.1875,62.5,100,100,57.8125,100,100,90.625,100,84.375,92.1875,85.9375,100,100,17.1875,100,34.375,100,100,45.3125,100,46.875,100,78.125,56.25,100,51.5625,15.625,96.875,100,29.6875,65.625,93.75,100,100,100,78.125,96.875,31.25,100,100,100,100,100,78.125,50,28.125,100,98.4375,45.3125,67.1875,100,100,100,100,100,35.9375,100,53.125,100,100,100,81.25,100,81.25,68.75,100,90.625,87.5,64.0625,53.125,53.125,26.5625,100,100,100,100,84.375,100,64.0625,100,100,100,100,100,89.0625,67.1875,100,96.875,100,39.0625,100,100,100,64.0625,73.4375,100,26.5625,100,100,100,100,100,68.75,1.5625,96.875,89.0625,32.8125,100,90.625,100,100,100,100,100,100,35.9375,85.9375,100,100,98.4375,100,100,87.5,100,89.0625,45.3125,37.5,40.625,100,59.375,100,100,100,73.4375,100,43.75,64.0625,100,100,89.0625,100,100,45.3125,100,98.4375,92.1875,100,100,100,92.1875,96.875,75,28.125,100,79.6875,100,100,100,96.875,43.75,100,92.1875,71.875,12.5,100,100,100,71.875,100,89.0625,100,100,57.8125,100,71.875,76.5625,100,70.3125,100,70.3125,56.25,100,100,96.875,76.5625,100,100,34.375,73.4375,100,81.25,64.0625,100,100,68.75,85.9375,100,82.8125,35.9375,67.1875,65.625,100,100,100,20.3125,100,60.9375,43.75,100,100,100,100,98.4375,100,65.625,100,54.6875,100,100,51.5625,68.75,54.6875,81.25,85.9375,79.6875,100,100,20.3125,100,100,100,96.875,100,92.1875,100
"6063",90.625,100,100,100,100,53.125,92.1875,96.875,21.875,98.4375,82.8125,100,100,100,100,76.5625,87.5,78.125,100,100,96.875,100,100,100,54.6875,100,100,82.8125,87.5,100,62.5,100,100,100,100,93.75,84.375,48.4375,100,90.625,54.6875,65.625,95.3125,100,100,98.4375,100,100,68.75,85.9375,75,100,100,85.9375,84.375,100,9.375,100,100,73.4375,89.0625,54.6875,98.4375,54.6875,100,100,59.375,100,60.9375,100,56.25,65.625,100,95.3125,90.625,81.25,100,78.125,51.5625,100,70.3125,100,85.9375,79.6875,68.75,100,100,100,100,100,57.8125,84.375,100,46.875,90.625,85.9375,100,59.375,100,100,75,98.4375,100,70.3125,100,18.75,98.4375,100,46.875,89.0625,70.3125,71.875,100,96.875,28.125,100,43.75,100,100,100,59.375,100,100,78.125,76.5625,37.5,100,18.75,100,31.25,100,100,70.3125,100,89.0625,67.1875,59.375,78.125,100,100,100,100,48.4375,100,100,100,90.625,100,60.9375,82.8125,54.6875,45.3125,76.5625,92.1875,96.875,96.875,39.0625,100,100,4.6875,100,100,93.75,100,89.0625,70.3125,100,75,21.875,100,85.9375,70.3125,90.625,56.25,100,100,84.375,93.75,100,100,100,100,100,85.9375,100,96.875,29.6875,100,100,89.0625,100,100,81.25,100,100,100,87.5,64.0625,100,100,17.1875,100,96.875,100,100,100,100,12.5,75,100,35.9375,100,100,100,81.25,78.125,35.9375,67.1875,100,54.6875,100,76.5625,100,100,100,53.125,26.5625,100,100,100,82.8125,82.8125,100,42.1875,100,100,82.8125,60.9375,82.8125,100,100,100,100,81.25,100,50,93.75,89.0625,100,51.5625,100,79.6875,65.625,89.0625,100,60.9375,100,68.75,100,100,100,98.4375,39.0625,87.5,32.8125,100,100,100,100,100,57.8125,65.625,100,100,93.75,65.625,53.125,100,59.375,20.3125,92.1875,100,26.5625,100,100,100,29.6875,100,92.1875,90.625,84.375,100,75,57.8125,100,100,95.3125,95.3125,59.375,75,34.375,100,67.1875,90.625,100,84.375,81.25,64.0625,90.625,100,100,62.5,29.6875,100,65.625,93.75,100,100,84.375,48.4375,81.25,100,50,100,50,56.25,81.25,71.875,100,64.0625,85.9375,100,29.6875,100,98.4375,40.625,100,85.9375,93.75,100,98.4375,81.25,50,100,65.625,65.625,42.1875,100,100,76.5625,100,79.6875,100,95.3125,68.75,100,98.4375,60.9375,46.875,76.5625,71.875,90.625,100,100,85.9375,53.125,17.1875,79.6875,98.4375,100,100,100,85.9375,75,100,100,95.3125,90.625,78.125,93.75,84.375,85.9375,84.375,100,100,100,100,100,62.5,92.1875,100,81.25,100,100,100,67.1875,100,56.25,100,15.625,100,100,100,100,100,56.25,59.375,90.625,67.1875,95.3125,68.75,98.4375,92.1875,93.75,100,100,39.0625,53.125,100,75,23.4375,100,100,100,100,53.125,50,100,100,100,82.8125,100,81.25,100,70.3125,65.625,37.5,100,100,100,100,92.1875,100,84.375,100,100,100,100,85.9375,93.75,95.3125,100,100,100,84.375,71.875,100,68.75,100,100,76.5625,73.4375,71.875,100,68.75,53.125,100,100,100,100,48.4375,32.8125,51.5625,100,100,12.5,100,100,100,100,75,100,98.4375,68.75,82.8125,100,54.6875,100,50,70.3125,100,78.125,79.6875,73.4375,35.9375,93.75,100,100,71.875,68.75,78.125,100,100,100,85.9375,73.4375,90.625,90.625,81.25,100,64.0625,76.5625,70.3125,100,100,78.125,100,100,100,100,76.5625,65.625,59.375,56.25,53.125,96.875,100,92.1875,45.3125,100,51.5625,100,90.625,100,84.375,71.875,100,81.25,81.25,100,90.625,100,100,35.9375,43.75,100,59.375,93.75,100,70.3125,100,100,100,100,100,46.875,70.3125,100,68.75,100,100,71.875,100,100,100,100,31.25,100,100,100,67.1875,100,87.5,100,40.625,76.5625,100,62.5,100,100,65.625,100,100,100,100,95.3125,100,73.4375,100,71.875,100,71.875,100,100,100,100,87.5,79.6875,62.5,96.875,100,100,100,81.25,100,100,60.9375,59.375,100,54.6875,100,100,76.5625,100,76.5625,100,82.8125,100,100,100,100,100,93.75,62.5,100,100,100,29.6875,100,76.5625,76.5625,100,56.25,100,100,100,100,100,100,100,100,100,26.5625,96.875,68.75,78.125,68.75,78.125,100,100,100,93.75,92.1875,100,43.75,6.25,70.3125,67.1875,28.125,98.4375,100,100,100,100,100,29.6875,100,87.5,43.75,59.375,76.5625,65.625,71.875,98.4375,76.5625,100,92.1875,60.9375,81.25,78.125,40.625,82.8125,95.3125,56.25,73.4375,100,100,100,100,79.6875,100,75,100,43.75,68.75,100,100,67.1875,70.3125,53.125,46.875,100,48.4375,100,100,100,100,100,100,57.8125,100,75,90.625,84.375,100,100,56.25,100,100,100,34.375,100,100,100,75,100,100,100,100,100,79.6875,64.0625,100,100,100,81.25,100,100,100,90.625,100,100,68.75,100,100,100,64.0625,100,100,35.9375,89.0625,100,73.4375,40.625,68.75,100,100,64.0625,82.8125,100,100,100,100,82.8125,31.25,89.0625,100,100,100,48.4375,51.5625,79.6875,75,7.8125,100,100,90.625,39.0625,81.25,32.8125,84.375,100,48.4375,95.3125,100,100,92.1875,100,98.4375,100,100,75,46.875,51.5625,100,100,81.25,100,100,100,100,57.8125,90.625,100,100,51.5625,98.4375,100,100,81.25,100,81.25,100,85.9375,53.125,100,39.0625,92.1875,100,100,53.125,45.3125,51.5625,100,92.1875,100,100,93.75,62.5,100,100,87.5,93.75,100,100,39.0625,100,70.3125,89.0625,79.6875,42.1875,100,35.9375,100,54.6875,100,100,87.5,82.8125,62.5,100,100,100,67.1875,100,76.5625,50,65.625,100,100,82.8125,100,100,100,92.1875,92.1875,95.3125,100,100,100,70.3125,98.4375,100,100,100,68.75,43.75,100,70.3125,93.75,71.875,100,60.9375,43.75,100,40.625,100,95.3125,59.375,100,57.8125,82.8125,85.9375,76.5625,100,98.4375,100,59.375,100,100,73.4375,67.1875,100,100,9.375,100,85.9375,67.1875,100,100,100,100,100,53.125,100,21.875,100,78.125,89.0625,92.1875,51.5625,100,64.0625,67.1875,95.3125,100,35.9375,100,92.1875,100,100,50,70.3125,87.5,100,100,56.25,73.4375,100,100,100,81.25,100,84.375,79.6875,100,100,56.25,73.4375,100,35.9375,70.3125,100,100,100,70.3125,100,100,100,100,100,100,93.75,93.75,100,100,89.0625,100,100,100,100,57.8125,65.625,100,82.8125,59.375,35.9375,100,90.625,100,100,100,89.0625,100,29.6875,100,39.0625,87.5,76.5625,70.3125,100,70.3125,20.3125,100,100,100,95.3125,100,100,100,100,100,3.125,84.375,100,100,100,67.1875,95.3125,65.625,68.75,79.6875,93.75,87.5,100,84.375,100,76.5625,100,53.125,100,95.3125,100,54.6875,100,100,75,45.3125,82.8125,100,85.9375,100,73.4375,100,90.625,100,100,100,100,100,81.25,100,100,100,76.5625,68.75,62.5,100,100,100,100,100,100,100,81.25,100,84.375,82.8125,100,93.75,100,100,100,100,82.8125,96.875,100,95.3125,100,100,100,100,67.1875,18.75,100,82.8125,75,100,100,78.125,53.125,100,81.25,100,100,43.75,100,64.0625,100,92.1875,100,100,100,42.1875,82.8125,100,87.5,100,100,35.9375,78.125,100,100,100,78.125,15.625,100,100,100,100,100,100,100,100,100,84.375,100,64.0625,46.875,92.1875,90.625,100,87.5,100,82.8125,100,100,81.25,43.75,100,75,71.875,65.625,93.75,100,100,82.8125,46.875,100,82.8125,100,51.5625,96.875,100,100,100,100,54.6875,100,90.625,100,100,100,48.4375,100,100,57.8125,65.625,100,93.75,100,87.5,100,87.5,75,76.5625,95.3125,100,100,100,100,100,68.75,100,62.5,64.0625,100,100,100,100,100,100,93.75,85.9375,93.75,100,100,62.5,100,96.875,100,76.5625,75,100,53.125,100,84.375,96.875,100,75,73.4375,100,98.4375,100,100,87.5,96.875,100,75,51.5625,28.125,100,68.75,76.5625,100,100,100,96.875,25,100,92.1875,35.9375,100,79.6875,64.0625,100,100,100,100,100,100,100,20.3125,57.8125,98.4375,53.125,57.8125,50,100,100,100,20.3125,95.3125,76.5625,100,89.0625,32.8125,100,100,89.0625,100,90.625,100,100,100,31.25,100,59.375,84.375,100,100,54.6875,100,18.75,56.25,100,100,100,89.0625,51.5625,100,48.4375,100,100,17.1875,100,64.0625,17.1875,100,70.3125,93.75,89.0625,100,100,100,84.375,81.25,59.375,89.0625,73.4375,100,100,75,71.875,92.1875,67.1875,60.9375,50,100,100,53.125,81.25,100,68.75,37.5,100,42.1875,90.625,100,95.3125,100,100,100,93.75,100,73.4375,100,100,100,100,100,93.75,100,85.9375,82.8125,85.9375,100,65.625,100,98.4375,100,59.375,100,48.4375,59.375,60.9375,100,40.625,89.0625,100,95.3125,89.0625,100,100,100,100,95.3125,73.4375,100,100,100,71.875,100,42.1875,100,100,62.5,29.6875,92.1875,70.3125,100,100,46.875,60.9375,76.5625,39.0625,43.75,100,100,76.5625,62.5,62.5,100,71.875,90.625,95.3125,100,90.625,100,37.5,85.9375,89.0625,56.25,100,100,68.75,100,100,100,84.375,100,65.625,87.5,93.75,100,100,100,73.4375,39.0625,100,100,100,79.6875,100,100,100,100,73.4375,84.375,100,84.375,100,100,20.3125,100,39.0625,62.5,53.125,43.75,76.5625,64.0625,93.75,100,73.4375,100,87.5,100,35.9375,85.9375,40.625,87.5,100,73.4375,73.4375,48.4375,98.4375,50,100,100,68.75,100,100,100,73.4375,100,100,95.3125,100,60.9375,100,93.75,100,100,100,93.75,100,100,100,37.5,100,100,100,100,84.375,100,71.875,100,100,70.3125,70.3125,100,100,100,73.4375,67.1875,54.6875,100,100,79.6875,100,93.75,93.75,42.1875,100,100,92.1875,79.6875,78.125,100,100,100,100,100,100,87.5,100,100,100,81.25,34.375,68.75,100,62.5,100,100,100,100,100,100,90.625,100,100,90.625,93.75,100,75,100,100,100,100,100,100,100,100,90.625,100,62.5,100,54.6875,100,100,100,93.75,67.1875,100,100,39.0625,9.375,39.0625,100,100,100,100,28.125,79.6875,79.6875,100,100,100,34.375,100,81.25,100,100,100,95.3125,100,100,100,100,37.5,65.625,100,100,75,100,100,92.1875,43.75,100,95.3125,64.0625,26.5625,50,84.375,87.5,48.4375,29.6875,79.6875,70.3125,100,98.4375,100,100,89.0625,100,87.5,85.9375,64.0625,59.375,31.25,100,78.125,100,100,34.375,100,100,100,100,78.125,28.125,100,100,96.875,100,20.3125,78.125,100,98.4375,100,100,100,75,71.875,100,100,100,89.0625,100,100,100,100,100,100,62.5,100,100,100,100,100,59.375,100,100,96.875,76.5625,100,100,100,98.4375,46.875,71.875,65.625,62.5,89.0625,100,70.3125,23.4375,100,92.1875,71.875,100,87.5,100,100,100,100,100,71.875,57.8125,100,75,100,100,87.5,100,18.75,32.8125,81.25,62.5,100,100,87.5,100,98.4375,100,100,100,87.5,100,100,25,50,100,95.3125,100,100,100,87.5,100,100,100,95.3125,100,42.1875,21.875,100,100,100,100,96.875,100,100,100,100,100,90.625,59.375,100,100,100,89.0625,93.75,100,100,100,100,100,100,64.0625,48.4375,100,100,100,100,87.5,100,100,100,100,90.625,51.5625,100,100,100,68.75,76.5625,100,76.5625,100,100,26.5625,60.9375,62.5,96.875,79.6875,100,98.4375,100,100,100,78.125,93.75,100,84.375,100,100,84.375,100,100,100,100,100,100,57.8125,100,21.875,84.375,100,100,98.4375,100,100,84.375,100,28.125,60.9375,82.8125,100,78.125,82.8125,100,100,100,100,73.4375,85.9375,100,82.8125,100,35.9375,15.625,70.3125,82.8125,100,100,100,84.375,82.8125,100,40.625,100,100,23.4375,68.75,100,18.75,100,57.8125,100,100,75,100,43.75,100,64.0625,87.5,84.375,81.25,100,100,90.625,60.9375,40.625,73.4375,65.625,82.8125,76.5625,100,60.9375,84.375,92.1875,37.5,100,96.875,100,100,100,100,68.75,67.1875,100,90.625,100,100,62.5,98.4375,92.1875,78.125,100,79.6875,64.0625,100,56.25,100,100,100,75,100,43.75,70.3125,100,100,84.375,79.6875,100,67.1875,100,100,100,100,92.1875,12.5,42.1875,100,100,84.375,100,76.5625,100,100,25,81.25,100,84.375,100,100,76.5625,35.9375,81.25,25,100,68.75,98.4375,57.8125,100,100,100,26.5625,35.9375,100,68.75,76.5625,100,31.25,90.625,100,100,54.6875,100,87.5,56.25,100,100,100,93.75,68.75,37.5,100,71.875,100,100,90.625,71.875,100,54.6875,23.4375,12.5,100,10.9375,60.9375,89.0625,100,75,85.9375,95.3125,100,67.1875,100,78.125,100,100,60.9375,100,100,100,100,100,51.5625,100,100,100,100,84.375,100,100,92.1875,100,76.5625,100,100,59.375,67.1875,100,100,60.9375,100,37.5,100,100,84.375,100,81.25,100,76.5625,75,82.8125,100,89.0625,100,100,100,100,100,82.8125,20.3125,82.8125,92.1875,100,100,100,100,96.875,92.1875,31.25,100,100,98.4375,100,92.1875,85.9375,79.6875,100,95.3125,100,60.9375,100,17.1875,100,100,93.75,100,76.5625,60.9375,100,100,100,89.0625,39.0625,100,100,67.1875,100,100,62.5,100,100,45.3125,90.625,79.6875,84.375,100,65.625,59.375,59.375,71.875,100,100,100,100,100,100,100,82.8125,100,100,84.375,100,96.875,54.6875,90.625,79.6875,100,93.75,21.875,100,100,4.6875,25,90.625,56.25,100,100,100,67.1875,90.625,82.8125,100,100,100,76.5625,100,100,100,100,100,100,71.875,100,100,90.625,100,100,65.625,100,100,100,100,100,100,48.4375,79.6875,100,84.375,81.25,100,100,21.875,100,92.1875,100,46.875,100,100,60.9375,100,64.0625,100,82.8125,75,71.875,70.3125,100,100,100,100,100,84.375,84.375,100,100,100,59.375,23.4375,100,100,90.625,100,59.375,82.8125,100,87.5,59.375,100,100,93.75,71.875,50,100,89.0625,96.875,26.5625,40.625,93.75,100,100,100,32.8125,67.1875,59.375,82.8125,70.3125,100,100,59.375,100,100,67.1875,4.6875,100,98.4375,73.4375,79.6875,79.6875,100,92.1875,100,100,54.6875,96.875,21.875,59.375,75,70.3125,37.5,100,62.5,100,100,79.6875,100,82.8125,34.375,100,87.5,75,87.5,67.1875,90.625,100,17.1875,100,81.25,10.9375,100,92.1875,100,93.75,100,45.3125,60.9375,96.875,100,100,100,100,93.75,57.8125,56.25,100,37.5,100,100,95.3125,53.125,100,78.125,75,65.625,100,100,64.0625,100,100,82.8125,71.875,100,82.8125,93.75,100,29.6875,100,100,100,100,100,73.4375,87.5,40.625,70.3125,100,57.8125,40.625,100,81.25,100,93.75,70.3125,89.0625,100,96.875,100,100,65.625,67.1875,79.6875,100,100,100,100,100,62.5,82.8125,100,100,100,87.5,81.25,51.5625,12.5,100,70.3125,100,100,81.25,64.0625,73.4375,100,26.5625,95.3125,54.6875,95.3125,100,100,100,100,100,100,98.4375,100,100,100,100,100,100,93.75,78.125,100,87.5,100,100,68.75,96.875,32.8125,34.375,96.875,100,100,100,100,96.875,67.1875,42.1875,89.0625,100,100,96.875,100,100,100,100,100,56.25,78.125,100,95.3125,100,84.375,100,39.0625,100,85.9375,98.4375,100,100,100,100,100,96.875,78.125,100,100,92.1875,100,90.625,95.3125,100,100,100,70.3125,54.6875,93.75,98.4375,100,100,34.375,78.125,100,100,100,100,56.25,76.5625,100,59.375,26.5625,100,82.8125,100,100,100,98.4375,96.875,60.9375,84.375,100,100,64.0625,100,100,93.75,85.9375,82.8125,21.875,98.4375,100,100,100,100,100,100,100,100,98.4375,100,92.1875,64.0625,95.3125,67.1875,100,25,100,100,12.5,56.25,100,100,50,100,68.75,89.0625,56.25,100,100,79.6875,75,78.125,100,81.25,100,42.1875,100,100,81.25,76.5625,79.6875,100,90.625,100,98.4375,100,100,82.8125,21.875,100,7.8125,54.6875,100,100,71.875,100,100,85.9375,57.8125,100,100,100,98.4375,100,100,100,71.875,65.625,81.25,59.375,100,100,64.0625,100,100,60.9375,100,100,100,100,100,95.3125,100,56.25,70.3125,84.375,100,25,76.5625,54.6875,100,54.6875,93.75,100,78.125,95.3125,100,100,73.4375,100,81.25,100,68.75,100,100,100,46.875,81.25,100,60.9375,73.4375,100,100,82.8125,100,70.3125,100,100,100,100,100,100,100,100,75,56.25,100,32.8125,100,92.1875,100,29.6875,100,25,54.6875,59.375,100,78.125,100,100,100,75,100,100,100,100,100,68.75,100,73.4375,100,100,100,100,92.1875,100,60.9375,100,100,100,65.625,75,87.5,100,35.9375,100,81.25,79.6875,81.25,89.0625,82.8125,40.625,100,100,45.3125,10.9375,100,70.3125,100,100,100,75,93.75,95.3125,100,100,100,100,28.125,100,100,92.1875,75,93.75,96.875,100,48.4375,100,64.0625,54.6875,100,100,95.3125,79.6875,100,100,100,68.75,84.375,100,93.75,76.5625,75,92.1875,92.1875,100,96.875,100,95.3125,100,89.0625,71.875,100,82.8125,100,100,100,96.875,14.0625,100,59.375,68.75,48.4375,89.0625,20.3125,46.875,100,100,100,46.875,82.8125,100,100,98.4375,100,70.3125,79.6875,40.625,84.375,100,100,39.0625,62.5,100,100,81.25,51.5625,100,68.75,100,50,37.5,81.25,100,82.8125,54.6875,100,100,100,100,75,100,100,100,46.875,100,100,65.625,50,100,100,57.8125,92.1875,67.1875,100,98.4375,84.375,89.0625,100,100,100,100,37.5,100,76.5625,65.625,100,100,59.375,100,100,70.3125,37.5,100,100,100,100,90.625,82.8125,73.4375,100,89.0625,64.0625,62.5,100,64.0625,100,84.375,100,60.9375,93.75,100,100,100,17.1875,35.9375,28.125,40.625,100,82.8125,14.0625,100,60.9375,100,100,98.4375,100,67.1875,57.8125,100,100,65.625,100,100,95.3125,81.25,100,51.5625,100,71.875,100,70.3125,53.125,79.6875,100,57.8125,76.5625,98.4375,18.75,95.3125,65.625,100,28.125,39.0625,100,39.0625,100,100,25,78.125,100,59.375,70.3125,100,100,76.5625,100,81.25,78.125,59.375,64.0625,100,100,62.5,100,100,90.625,100,85.9375,68.75,84.375,100,100,18.75,100,34.375,100,100,42.1875,100,45.3125,100,81.25,51.5625,100,50,51.5625,87.5,100,29.6875,70.3125,95.3125,100,82.8125,100,78.125,95.3125,28.125,100,62.5,100,87.5,100,75,43.75,28.125,100,98.4375,50,64.0625,100,100,100,100,100,39.0625,100,53.125,100,100,100,82.8125,100,100,73.4375,100,92.1875,82.8125,51.5625,53.125,51.5625,26.5625,100,100,100,96.875,89.0625,98.4375,45.3125,100,100,100,100,100,85.9375,68.75,100,100,100,100,100,100,100,64.0625,65.625,100,26.5625,100,100,100,100,100,67.1875,1.5625,100,100,32.8125,100,95.3125,100,100,100,100,100,100,73.4375,82.8125,100,100,100,100,100,100,100,92.1875,32.8125,35.9375,50,100,70.3125,100,100,90.625,73.4375,100,46.875,64.0625,100,100,64.0625,100,100,73.4375,100,98.4375,92.1875,100,100,100,92.1875,95.3125,62.5,29.6875,100,87.5,100,100,17.1875,75,40.625,100,68.75,70.3125,12.5,81.25,100,100,71.875,100,90.625,100,100,57.8125,100,65.625,73.4375,100,90.625,73.4375,54.6875,53.125,100,100,96.875,79.6875,100,100,29.6875,70.3125,95.3125,85.9375,64.0625,100,100,56.25,78.125,100,93.75,35.9375,67.1875,84.375,100,96.875,100,29.6875,100,60.9375,48.4375,100,95.3125,100,100,87.5,56.25,65.625,100,54.6875,100,100,51.5625,100,62.5,79.6875,56.25,75,100,93.75,100,60.9375,100,100,96.875,100,95.3125,100
"6064",93.75,100,42.1875,100,100,43.75,90.625,100,23.4375,98.4375,54.6875,100,100,100,78.125,76.5625,89.0625,79.6875,78.125,100,96.875,100,100,100,53.125,100,100,76.5625,89.0625,100,100,100,100,90.625,100,78.125,78.125,100,100,100,75,64.0625,81.25,100,100,100,100,100,65.625,85.9375,75,100,100,75,81.25,100,17.1875,100,100,71.875,96.875,53.125,98.4375,59.375,100,100,59.375,100,76.5625,100,59.375,75,100,100,64.0625,100,100,100,48.4375,100,76.5625,100,75,79.6875,65.625,100,100,96.875,100,100,54.6875,82.8125,100,46.875,78.125,100,100,59.375,100,100,100,100,100,70.3125,100,17.1875,100,64.0625,84.375,96.875,59.375,71.875,100,100,28.125,100,100,100,100,95.3125,67.1875,100,100,84.375,96.875,37.5,100,18.75,100,100,100,100,68.75,96.875,87.5,65.625,62.5,78.125,100,100,100,100,39.0625,68.75,100,100,90.625,100,59.375,82.8125,56.25,37.5,78.125,93.75,96.875,100,37.5,100,31.25,7.8125,100,100,76.5625,100,89.0625,65.625,15.625,87.5,21.875,100,100,70.3125,100,100,100,100,85.9375,90.625,100,90.625,84.375,100,100,100,96.875,100,29.6875,100,100,100,100,100,82.8125,100,100,100,100,64.0625,100,100,21.875,100,96.875,100,100,100,100,100,79.6875,100,32.8125,100,100,100,78.125,78.125,42.1875,95.3125,100,78.125,100,84.375,46.875,73.4375,100,53.125,100,100,56.25,100,79.6875,79.6875,100,100,100,100,87.5,60.9375,100,100,100,40.625,100,100,100,45.3125,100,87.5,100,48.4375,54.6875,79.6875,67.1875,100,100,64.0625,100,57.8125,100,100,100,98.4375,37.5,100,34.375,96.875,100,100,100,100,67.1875,54.6875,100,100,95.3125,67.1875,51.5625,100,62.5,100,90.625,100,65.625,100,100,100,28.125,98.4375,75,93.75,84.375,100,78.125,54.6875,100,100,96.875,93.75,59.375,75,32.8125,100,70.3125,81.25,100,89.0625,82.8125,65.625,90.625,100,100,53.125,31.25,100,100,93.75,100,100,76.5625,40.625,87.5,100,50,100,62.5,60.9375,29.6875,64.0625,100,98.4375,85.9375,100,62.5,100,100,40.625,35.9375,87.5,82.8125,100,100,76.5625,48.4375,100,68.75,62.5,42.1875,100,93.75,67.1875,100,51.5625,100,95.3125,70.3125,100,93.75,60.9375,54.6875,100,84.375,93.75,100,100,82.8125,53.125,23.4375,79.6875,98.4375,100,100,100,90.625,53.125,96.875,100,95.3125,100,68.75,100,87.5,100,96.875,100,100,25,100,100,62.5,90.625,100,76.5625,100,100,100,68.75,100,48.4375,90.625,17.1875,100,100,100,100,100,54.6875,59.375,98.4375,79.6875,98.4375,70.3125,100,89.0625,93.75,100,100,39.0625,54.6875,100,76.5625,59.375,100,100,100,100,40.625,50,100,100,100,82.8125,100,84.375,100,75,87.5,43.75,100,100,100,100,92.1875,100,82.8125,68.75,100,96.875,100,85.9375,93.75,87.5,100,100,100,84.375,73.4375,100,78.125,100,100,76.5625,73.4375,71.875,100,53.125,51.5625,100,100,100,100,71.875,37.5,48.4375,100,100,14.0625,100,100,100,70.3125,100,100,100,65.625,82.8125,100,53.125,100,46.875,70.3125,100,78.125,79.6875,56.25,35.9375,100,100,100,70.3125,65.625,75,100,100,100,92.1875,71.875,96.875,85.9375,100,100,65.625,73.4375,68.75,100,100,100,100,100,100,100,82.8125,100,100,56.25,53.125,93.75,100,93.75,45.3125,100,51.5625,100,78.125,100,84.375,68.75,100,81.25,84.375,96.875,82.8125,100,100,35.9375,45.3125,100,53.125,98.4375,100,70.3125,100,100,100,100,100,45.3125,70.3125,100,70.3125,100,100,71.875,56.25,100,100,93.75,31.25,100,100,100,68.75,100,92.1875,90.625,39.0625,89.0625,100,64.0625,100,100,67.1875,100,100,100,98.4375,100,100,78.125,100,65.625,100,56.25,100,100,100,100,79.6875,100,62.5,95.3125,100,100,100,85.9375,100,100,56.25,39.0625,100,68.75,100,82.8125,79.6875,100,78.125,100,100,100,100,100,100,100,100,62.5,87.5,54.6875,100,100,100,100,78.125,65.625,100,100,100,100,100,100,100,100,100,100,28.125,96.875,68.75,12.5,67.1875,100,100,100,100,93.75,90.625,100,46.875,6.25,87.5,56.25,28.125,98.4375,100,100,98.4375,100,100,29.6875,100,85.9375,40.625,59.375,81.25,43.75,75,98.4375,76.5625,100,92.1875,67.1875,82.8125,100,39.0625,93.75,95.3125,48.4375,92.1875,100,100,100,100,100,100,75,100,45.3125,68.75,100,100,67.1875,60.9375,37.5,46.875,100,53.125,100,100,100,100,100,100,64.0625,100,73.4375,90.625,82.8125,100,62.5,65.625,100,100,100,32.8125,100,100,100,78.125,100,100,100,100,100,79.6875,68.75,100,100,100,87.5,100,100,100,96.875,100,100,68.75,100,98.4375,100,64.0625,100,100,35.9375,89.0625,100,90.625,37.5,57.8125,100,100,67.1875,98.4375,100,100,100,62.5,40.625,29.6875,87.5,100,100,100,48.4375,50,70.3125,70.3125,18.75,100,56.25,100,39.0625,75,48.4375,82.8125,100,100,87.5,100,100,82.8125,100,100,100,79.6875,78.125,45.3125,45.3125,90.625,100,62.5,100,100,100,100,59.375,89.0625,54.6875,100,48.4375,100,34.375,100,79.6875,53.125,79.6875,100,84.375,59.375,100,40.625,93.75,100,100,50,25,100,100,100,100,100,96.875,60.9375,100,100,84.375,92.1875,100,100,31.25,100,70.3125,76.5625,79.6875,42.1875,100,100,100,51.5625,100,100,92.1875,84.375,60.9375,100,100,100,67.1875,100,76.5625,57.8125,67.1875,100,100,95.3125,96.875,100,100,93.75,100,87.5,100,100,100,65.625,98.4375,100,100,100,62.5,43.75,100,68.75,93.75,76.5625,100,60.9375,76.5625,100,34.375,100,100,57.8125,100,67.1875,67.1875,85.9375,79.6875,100,96.875,100,56.25,100,100,73.4375,67.1875,100,100,10.9375,100,100,67.1875,100,100,100,100,100,73.4375,100,21.875,100,79.6875,100,79.6875,54.6875,100,67.1875,70.3125,95.3125,100,35.9375,100,79.6875,100,82.8125,98.4375,70.3125,82.8125,95.3125,100,53.125,68.75,92.1875,100,70.3125,82.8125,100,84.375,81.25,100,100,57.8125,79.6875,100,37.5,67.1875,100,100,100,70.3125,100,100,100,100,100,100,93.75,100,100,100,92.1875,100,100,100,92.1875,70.3125,68.75,100,100,59.375,28.125,26.5625,70.3125,100,100,100,87.5,100,29.6875,100,37.5,100,71.875,70.3125,100,65.625,20.3125,100,100,100,100,100,100,100,100,100,59.375,85.9375,46.875,100,98.4375,62.5,95.3125,81.25,67.1875,56.25,100,100,100,84.375,100,73.4375,100,34.375,100,100,100,51.5625,100,100,95.3125,45.3125,59.375,100,84.375,100,50,100,93.75,100,100,100,100,100,81.25,98.4375,100,100,76.5625,75,67.1875,100,100,100,100,100,100,100,71.875,100,70.3125,73.4375,28.125,92.1875,100,100,87.5,53.125,89.0625,92.1875,79.6875,93.75,100,100,100,100,70.3125,98.4375,100,84.375,75,100,100,78.125,56.25,100,82.8125,100,100,40.625,100,59.375,100,93.75,100,100,95.3125,42.1875,100,100,78.125,68.75,87.5,35.9375,87.5,100,100,51.5625,79.6875,17.1875,100,100,100,98.4375,100,100,100,100,100,75,96.875,64.0625,65.625,92.1875,100,100,75,100,81.25,100,100,95.3125,100,100,75,100,100,93.75,100,100,82.8125,46.875,100,82.8125,100,54.6875,100,100,100,100,100,68.75,100,81.25,100,100,100,64.0625,100,100,57.8125,65.625,100,93.75,100,73.4375,100,95.3125,71.875,78.125,95.3125,100,100,100,100,100,100,100,51.5625,65.625,100,100,100,100,100,100,68.75,68.75,90.625,100,73.4375,100,100,92.1875,100,84.375,75,100,100,100,82.8125,93.75,87.5,65.625,75,100,96.875,100,100,84.375,95.3125,100,75,51.5625,100,100,68.75,67.1875,100,100,100,100,50,100,87.5,34.375,100,100,100,100,100,100,100,100,100,100,14.0625,78.125,98.4375,57.8125,40.625,67.1875,100,82.8125,100,18.75,93.75,76.5625,100,100,32.8125,100,100,87.5,100,93.75,100,100,100,29.6875,100,39.0625,78.125,100,100,64.0625,100,18.75,50,100,84.375,70.3125,89.0625,53.125,100,39.0625,100,100,100,100,60.9375,65.625,100,73.4375,100,100,100,100,100,60.9375,82.8125,62.5,89.0625,71.875,100,100,81.25,70.3125,90.625,67.1875,60.9375,50,100,100,65.625,43.75,100,62.5,35.9375,100,37.5,92.1875,100,95.3125,100,100,100,82.8125,73.4375,73.4375,100,100,95.3125,100,100,93.75,100,85.9375,96.875,90.625,100,60.9375,100,100,100,82.8125,100,25,62.5,62.5,100,43.75,100,100,100,89.0625,100,100,100,100,85.9375,81.25,100,100,100,70.3125,100,42.1875,93.75,12.5,64.0625,28.125,92.1875,78.125,100,100,51.5625,65.625,76.5625,39.0625,43.75,100,100,76.5625,60.9375,60.9375,100,67.1875,87.5,95.3125,84.375,90.625,100,43.75,81.25,100,67.1875,90.625,100,75,100,100,100,81.25,100,76.5625,85.9375,93.75,100,100,100,73.4375,35.9375,79.6875,100,100,96.875,100,79.6875,100,37.5,70.3125,75,25,82.8125,100,100,100,100,54.6875,60.9375,54.6875,50,76.5625,67.1875,93.75,100,100,100,85.9375,100,100,100,39.0625,87.5,100,73.4375,75,100,100,46.875,95.3125,79.6875,68.75,100,62.5,100,95.3125,100,98.4375,93.75,89.0625,57.8125,100,95.3125,100,100,100,89.0625,100,100,100,100,100,100,100,100,82.8125,100,71.875,100,100,70.3125,73.4375,100,100,100,100,79.6875,53.125,100,98.4375,100,100,87.5,100,32.8125,100,100,92.1875,78.125,75,100,100,100,100,100,100,100,100,100,100,81.25,34.375,71.875,100,64.0625,100,78.125,100,100,100,100,92.1875,100,100,90.625,28.125,100,100,100,100,100,100,93.75,100,100,100,95.3125,100,71.875,100,92.1875,100,95.3125,100,90.625,68.75,98.4375,100,53.125,9.375,40.625,100,100,100,100,31.25,100,100,100,100,100,32.8125,100,78.125,100,100,100,79.6875,100,100,100,100,59.375,95.3125,100,81.25,64.0625,100,100,100,71.875,100,95.3125,100,51.5625,51.5625,71.875,51.5625,73.4375,85.9375,81.25,71.875,100,60.9375,100,26.5625,90.625,100,87.5,75,68.75,56.25,29.6875,96.875,85.9375,100,100,60.9375,98.4375,100,100,100,85.9375,28.125,89.0625,100,100,100,21.875,81.25,100,93.75,100,100,100,100,68.75,100,100,100,89.0625,100,100,100,100,100,100,100,100,100,100,73.4375,100,57.8125,100,14.0625,93.75,82.8125,92.1875,100,100,100,89.0625,71.875,62.5,68.75,100,100,67.1875,25,100,85.9375,75,100,90.625,100,23.4375,100,100,100,76.5625,53.125,100,84.375,100,100,89.0625,100,21.875,76.5625,87.5,62.5,100,100,87.5,100,100,96.875,100,100,95.3125,67.1875,100,23.4375,40.625,100,95.3125,43.75,100,64.0625,87.5,100,100,100,95.3125,100,42.1875,20.3125,100,100,100,100,100,100,100,100,100,100,93.75,28.125,100,98.4375,100,82.8125,87.5,100,100,100,100,85.9375,79.6875,64.0625,87.5,100,100,20.3125,100,95.3125,100,100,100,100,100,51.5625,100,100,100,53.125,71.875,100,75,100,100,28.125,59.375,62.5,98.4375,85.9375,100,100,100,100,100,81.25,81.25,95.3125,100,100,100,95.3125,100,100,100,100,100,100,62.5,100,9.375,85.9375,100,100,100,100,100,78.125,100,28.125,64.0625,100,100,54.6875,89.0625,100,100,100,100,73.4375,79.6875,79.6875,76.5625,100,35.9375,100,67.1875,81.25,100,100,95.3125,81.25,84.375,98.4375,70.3125,100,100,29.6875,68.75,100,23.4375,100,70.3125,100,100,75,100,100,100,68.75,71.875,85.9375,82.8125,100,100,89.0625,59.375,42.1875,75,65.625,78.125,81.25,100,59.375,84.375,92.1875,40.625,100,95.3125,100,100,100,100,68.75,79.6875,100,85.9375,90.625,100,59.375,100,32.8125,89.0625,100,78.125,64.0625,100,53.125,81.25,90.625,100,73.4375,95.3125,100,31.25,100,100,21.875,79.6875,100,67.1875,100,100,100,100,93.75,20.3125,48.4375,100,100,85.9375,100,65.625,100,100,100,81.25,20.3125,79.6875,100,100,53.125,100,81.25,23.4375,100,100,93.75,45.3125,100,98.4375,100,45.3125,35.9375,100,70.3125,76.5625,100,31.25,100,100,100,62.5,76.5625,96.875,54.6875,100,100,100,93.75,45.3125,39.0625,100,70.3125,100,100,90.625,60.9375,100,53.125,23.4375,100,100,70.3125,59.375,89.0625,100,76.5625,84.375,93.75,100,34.375,100,100,100,100,73.4375,92.1875,100,90.625,100,100,42.1875,100,100,100,100,85.9375,100,100,100,100,100,100,100,56.25,67.1875,100,100,87.5,100,34.375,100,100,87.5,100,87.5,100,76.5625,67.1875,82.8125,100,89.0625,100,100,100,100,100,68.75,51.5625,53.125,100,100,100,85.9375,100,100,98.4375,31.25,85.9375,96.875,98.4375,100,90.625,100,93.75,100,93.75,100,70.3125,100,26.5625,100,100,85.9375,100,76.5625,78.125,100,100,100,89.0625,46.875,100,100,67.1875,100,100,59.375,100,100,40.625,89.0625,79.6875,70.3125,100,71.875,51.5625,59.375,67.1875,100,95.3125,100,100,100,100,100,70.3125,100,100,92.1875,100,96.875,54.6875,50,79.6875,100,100,25,100,78.125,21.875,25,89.0625,9.375,100,100,100,53.125,73.4375,79.6875,95.3125,100,100,81.25,100,100,21.875,100,100,100,71.875,100,100,100,100,100,71.875,100,100,100,100,100,100,57.8125,79.6875,100,100,79.6875,100,100,100,100,85.9375,100,45.3125,100,100,59.375,100,70.3125,100,84.375,75,70.3125,65.625,100,100,100,100,93.75,82.8125,82.8125,100,95.3125,100,59.375,25,85.9375,100,90.625,100,64.0625,81.25,100,87.5,62.5,100,70.3125,100,71.875,50,100,89.0625,90.625,20.3125,40.625,90.625,100,100,84.375,32.8125,59.375,50,92.1875,76.5625,100,100,59.375,100,60.9375,68.75,4.6875,100,87.5,82.8125,92.1875,87.5,100,90.625,100,100,59.375,96.875,21.875,62.5,64.0625,70.3125,39.0625,100,68.75,100,100,75,100,90.625,34.375,100,89.0625,78.125,87.5,67.1875,79.6875,100,18.75,100,96.875,71.875,100,82.8125,79.6875,100,100,15.625,62.5,96.875,100,84.375,100,100,98.4375,57.8125,57.8125,100,100,100,100,95.3125,100,100,90.625,78.125,67.1875,100,100,62.5,100,100,98.4375,75,100,95.3125,100,100,34.375,100,100,100,100,100,89.0625,90.625,37.5,100,100,57.8125,40.625,46.875,81.25,100,100,73.4375,89.0625,98.4375,98.4375,100,100,67.1875,67.1875,78.125,100,100,100,96.875,100,62.5,95.3125,100,96.875,100,85.9375,100,39.0625,25,100,71.875,76.5625,46.875,82.8125,92.1875,71.875,76.5625,25,95.3125,54.6875,87.5,57.8125,100,100,17.1875,93.75,100,93.75,100,100,100,100,100,89.0625,95.3125,78.125,100,93.75,100,100,62.5,65.625,35.9375,65.625,100,100,29.6875,100,100,95.3125,71.875,42.1875,87.5,100,100,100,100,100,100,100,100,59.375,100,100,93.75,100,85.9375,100,39.0625,100,48.4375,100,100,59.375,100,100,93.75,93.75,78.125,100,100,92.1875,100,81.25,98.4375,100,100,100,100,54.6875,98.4375,98.4375,100,100,32.8125,75,100,100,100,100,100,100,100,53.125,31.25,100,76.5625,32.8125,100,100,95.3125,95.3125,68.75,87.5,100,100,89.0625,100,84.375,76.5625,73.4375,100,21.875,79.6875,100,100,100,84.375,100,100,100,100,100,100,92.1875,95.3125,54.6875,65.625,100,25,100,100,54.6875,54.6875,100,100,50,100,70.3125,96.875,100,100,100,78.125,93.75,76.5625,100,79.6875,100,42.1875,71.875,85.9375,82.8125,64.0625,81.25,100,100,100,98.4375,100,100,84.375,17.1875,100,37.5,56.25,100,100,79.6875,100,100,78.125,45.3125,100,100,100,100,100,100,100,70.3125,73.4375,79.6875,59.375,100,100,64.0625,100,100,60.9375,100,100,100,100,75,92.1875,100,57.8125,70.3125,100,100,26.5625,78.125,57.8125,100,78.125,100,96.875,79.6875,92.1875,100,100,73.4375,100,79.6875,71.875,67.1875,100,100,100,46.875,100,100,51.5625,75,100,100,79.6875,100,75,100,100,100,100,100,100,100,100,76.5625,76.5625,100,12.5,100,92.1875,100,28.125,100,28.125,56.25,59.375,42.1875,100,100,100,25,71.875,100,100,56.25,100,100,39.0625,100,71.875,100,100,100,92.1875,92.1875,100,56.25,100,100,84.375,48.4375,100,85.9375,59.375,35.9375,100,100,79.6875,100,87.5,82.8125,43.75,100,100,39.0625,10.9375,100,53.125,100,100,100,73.4375,100,89.0625,100,100,100,100,45.3125,100,100,96.875,76.5625,93.75,100,100,48.4375,100,64.0625,54.6875,100,100,100,81.25,100,100,54.6875,79.6875,82.8125,100,23.4375,100,79.6875,92.1875,93.75,100,85.9375,43.75,100,90.625,79.6875,70.3125,100,82.8125,43.75,100,100,96.875,100,100,60.9375,70.3125,75,89.0625,18.75,45.3125,100,100,92.1875,39.0625,25,100,100,85.9375,100,82.8125,78.125,32.8125,84.375,100,93.75,68.75,68.75,100,100,100,60.9375,100,57.8125,100,48.4375,64.0625,79.6875,100,89.0625,54.6875,100,100,100,100,75,100,100,100,46.875,100,100,65.625,54.6875,100,100,56.25,90.625,78.125,100,98.4375,100,79.6875,100,100,100,100,39.0625,100,75,100,100,100,62.5,100,46.875,79.6875,100,100,100,100,100,92.1875,81.25,100,100,100,73.4375,65.625,100,60.9375,100,92.1875,100,95.3125,92.1875,100,100,81.25,78.125,35.9375,45.3125,42.1875,100,70.3125,100,100,100,100,100,95.3125,100,67.1875,56.25,37.5,100,100,100,100,100,78.125,65.625,43.75,100,79.6875,92.1875,71.875,48.4375,78.125,67.1875,73.4375,75,100,18.75,95.3125,71.875,100,28.125,32.8125,100,100,100,100,25,93.75,57.8125,57.8125,100,100,100,67.1875,100,82.8125,81.25,18.75,96.875,100,100,64.0625,100,100,90.625,100,100,65.625,85.9375,100,100,17.1875,100,34.375,100,100,45.3125,100,46.875,100,89.0625,56.25,100,48.4375,35.9375,85.9375,100,29.6875,85.9375,98.4375,100,100,100,73.4375,95.3125,26.5625,100,64.0625,100,92.1875,100,100,42.1875,28.125,100,98.4375,50,68.75,100,100,90.625,100,100,37.5,100,59.375,100,100,100,82.8125,100,100,90.625,100,95.3125,79.6875,48.4375,57.8125,53.125,15.625,50,100,46.875,100,82.8125,96.875,54.6875,100,100,100,81.25,100,81.25,70.3125,100,93.75,100,100,100,23.4375,85.9375,64.0625,64.0625,100,26.5625,100,100,100,100,100,68.75,1.5625,90.625,100,28.125,100,48.4375,100,42.1875,15.625,98.4375,100,100,100,82.8125,79.6875,100,100,100,100,85.9375,100,100,34.375,35.9375,54.6875,100,73.4375,76.5625,100,65.625,76.5625,100,45.3125,64.0625,100,100,54.6875,100,100,62.5,93.75,98.4375,73.4375,100,100,100,92.1875,98.4375,54.6875,26.5625,100,71.875,100,50,56.25,100,39.0625,100,67.1875,64.0625,100,84.375,100,100,76.5625,100,82.8125,100,89.0625,59.375,100,65.625,75,100,79.6875,100,92.1875,57.8125,100,100,96.875,100,100,100,31.25,68.75,93.75,84.375,64.0625,100,100,73.4375,82.8125,100,87.5,35.9375,67.1875,79.6875,100,100,100,32.8125,100,62.5,45.3125,100,100,100,100,100,29.6875,65.625,100,54.6875,82.8125,100,51.5625,100,60.9375,92.1875,48.4375,87.5,100,100,53.125,59.375,100,87.5,98.4375,100,98.4375,100
"6065",90.625,100,40.625,100,100,46.875,90.625,100,21.875,90.625,56.25,100,100,100,100,78.125,87.5,79.6875,100,100,95.3125,100,100,100,54.6875,100,100,82.8125,85.9375,100,100,90.625,100,100,100,95.3125,79.6875,100,100,100,85.9375,64.0625,84.375,100,100,100,100,100,65.625,85.9375,75,100,100,70.3125,75,100,31.25,100,39.0625,39.0625,84.375,54.6875,98.4375,100,100,100,100,100,64.0625,100,54.6875,60.9375,100,100,64.0625,79.6875,100,62.5,48.4375,100,78.125,73.4375,85.9375,79.6875,67.1875,100,100,42.1875,100,100,56.25,82.8125,100,46.875,65.625,96.875,100,64.0625,100,100,84.375,100,100,70.3125,100,17.1875,100,54.6875,85.9375,100,73.4375,100,100,100,28.125,100,100,100,100,100,68.75,64.0625,100,85.9375,73.4375,39.0625,100,18.75,100,100,100,100,64.0625,87.5,92.1875,65.625,62.5,79.6875,100,100,100,100,70.3125,56.25,100,100,92.1875,100,60.9375,78.125,54.6875,35.9375,78.125,93.75,98.4375,95.3125,37.5,100,100,7.8125,100,100,75,100,89.0625,71.875,67.1875,82.8125,23.4375,100,92.1875,75,100,64.0625,100,100,90.625,100,100,100,78.125,100,100,100,100,100,29.6875,100,100,100,100,100,87.5,100,100,100,85.9375,65.625,100,100,25,100,100,100,100,100,100,37.5,84.375,81.25,42.1875,100,100,100,79.6875,81.25,46.875,85.9375,100,43.75,100,75,100,39.0625,100,53.125,92.1875,100,60.9375,100,76.5625,81.25,100,100,100,100,82.8125,60.9375,90.625,100,100,100,100,100,100,45.3125,87.5,85.9375,100,57.8125,100,79.6875,81.25,92.1875,100,68.75,100,60.9375,100,100,100,96.875,37.5,100,29.6875,100,100,100,100,100,54.6875,56.25,100,92.1875,100,79.6875,50,100,57.8125,100,50,100,100,100,100,100,29.6875,100,100,90.625,81.25,100,51.5625,56.25,100,100,100,90.625,64.0625,75,37.5,100,68.75,100,100,87.5,87.5,65.625,92.1875,100,100,60.9375,29.6875,100,62.5,93.75,100,100,64.0625,39.0625,90.625,100,50,100,48.4375,54.6875,100,68.75,100,70.3125,87.5,100,76.5625,100,100,40.625,46.875,89.0625,100,100,100,78.125,50,100,67.1875,68.75,40.625,100,100,71.875,100,76.5625,100,96.875,70.3125,100,100,85.9375,53.125,90.625,100,84.375,100,100,82.8125,53.125,20.3125,79.6875,98.4375,100,100,100,98.4375,84.375,100,100,90.625,100,100,100,78.125,78.125,100,100,100,18.75,100,100,59.375,89.0625,100,100,100,100,100,68.75,100,53.125,87.5,14.0625,100,100,100,100,100,65.625,59.375,85.9375,70.3125,87.5,70.3125,92.1875,79.6875,90.625,100,81.25,39.0625,54.6875,100,76.5625,32.8125,100,100,100,100,42.1875,42.1875,100,100,100,82.8125,100,82.8125,100,90.625,62.5,39.0625,100,100,100,100,92.1875,64.0625,100,100,100,100,100,89.0625,93.75,96.875,43.75,100,100,84.375,71.875,100,60.9375,100,100,76.5625,73.4375,70.3125,100,100,53.125,100,95.3125,100,100,59.375,34.375,53.125,100,100,15.625,100,100,100,100,84.375,96.875,100,64.0625,82.8125,100,48.4375,100,46.875,65.625,100,78.125,79.6875,64.0625,39.0625,100,100,100,70.3125,78.125,73.4375,100,100,100,85.9375,57.8125,100,84.375,100,100,82.8125,78.125,68.75,100,100,100,100,100,100,100,96.875,75,70.3125,73.4375,56.25,95.3125,100,84.375,45.3125,100,51.5625,100,92.1875,100,85.9375,67.1875,100,81.25,84.375,84.375,81.25,100,100,34.375,51.5625,100,50,95.3125,100,70.3125,96.875,100,100,100,92.1875,45.3125,70.3125,100,71.875,100,67.1875,71.875,100,100,100,31.25,43.75,81.25,100,100,62.5,100,92.1875,98.4375,39.0625,100,100,64.0625,100,100,65.625,98.4375,98.4375,100,100,96.875,100,70.3125,100,64.0625,100,59.375,100,100,100,100,82.8125,100,65.625,100,100,100,100,100,100,100,56.25,12.5,100,60.9375,100,100,79.6875,100,76.5625,100,100,85.9375,100,100,100,100,100,75,95.3125,48.4375,100,100,100,82.8125,79.6875,100,100,100,100,100,100,100,100,100,100,100,28.125,96.875,65.625,68.75,84.375,82.8125,100,100,100,84.375,90.625,100,48.4375,29.6875,100,56.25,28.125,93.75,100,100,100,100,100,31.25,100,82.8125,42.1875,59.375,79.6875,78.125,76.5625,98.4375,78.125,89.0625,92.1875,53.125,82.8125,76.5625,40.625,82.8125,95.3125,43.75,100,100,100,100,100,100,100,75,100,45.3125,68.75,65.625,100,64.0625,56.25,46.875,46.875,100,45.3125,100,100,100,100,100,100,67.1875,100,85.9375,84.375,82.8125,100,100,59.375,100,100,100,34.375,100,100,100,93.75,100,68.75,100,100,100,81.25,81.25,100,100,100,87.5,100,100,100,89.0625,100,100,68.75,100,100,100,64.0625,100,100,35.9375,85.9375,100,75,37.5,59.375,100,100,70.3125,81.25,100,100,100,73.4375,100,29.6875,87.5,100,100,95.3125,48.4375,100,70.3125,68.75,7.8125,100,100,100,42.1875,100,48.4375,84.375,100,100,81.25,100,100,81.25,100,100,100,90.625,96.875,48.4375,45.3125,100,100,96.875,100,100,100,100,59.375,92.1875,100,100,39.0625,100,100,100,84.375,100,79.6875,100,76.5625,60.9375,100,39.0625,92.1875,100,100,53.125,64.0625,17.1875,100,100,100,100,96.875,62.5,100,100,82.8125,89.0625,100,100,37.5,100,70.3125,82.8125,79.6875,45.3125,100,79.6875,100,51.5625,95.3125,100,100,82.8125,68.75,100,100,100,67.1875,70.3125,76.5625,29.6875,23.4375,100,100,100,90.625,90.625,100,90.625,100,93.75,100,100,85.9375,96.875,90.625,100,100,100,62.5,45.3125,100,68.75,100,79.6875,100,60.9375,78.125,100,23.4375,100,100,56.25,59.375,65.625,81.25,85.9375,76.5625,100,98.4375,100,100,100,100,71.875,64.0625,100,100,25,98.4375,96.875,70.3125,92.1875,100,100,100,100,59.375,100,20.3125,100,79.6875,100,84.375,46.875,100,85.9375,70.3125,92.1875,100,35.9375,100,100,84.375,84.375,82.8125,70.3125,59.375,100,100,53.125,95.3125,84.375,100,100,87.5,90.625,100,70.3125,100,100,57.8125,78.125,100,37.5,100,100,100,100,71.875,100,32.8125,100,100,100,100,93.75,100,100,100,100,100,100,100,96.875,59.375,65.625,26.5625,100,59.375,23.4375,100,100,100,48.4375,100,100,95.3125,31.25,100,37.5,82.8125,82.8125,70.3125,100,68.75,90.625,100,100,100,90.625,100,100,100,100,100,59.375,84.375,28.125,100,95.3125,64.0625,95.3125,81.25,65.625,71.875,76.5625,100,62.5,84.375,100,70.3125,100,78.125,100,100,100,37.5,73.4375,100,89.0625,45.3125,95.3125,100,79.6875,100,76.5625,100,95.3125,90.625,100,100,100,85.9375,81.25,100,100,100,76.5625,92.1875,70.3125,100,100,100,100,100,100,100,79.6875,87.5,82.8125,68.75,59.375,93.75,100,100,100,100,85.9375,87.5,76.5625,93.75,100,100,100,100,70.3125,40.625,100,75,35.9375,100,100,71.875,65.625,100,100,100,100,45.3125,100,56.25,100,89.0625,100,100,100,42.1875,100,100,96.875,100,81.25,70.3125,76.5625,100,100,95.3125,82.8125,15.625,100,100,100,78.125,100,25,100,100,100,81.25,78.125,64.0625,85.9375,87.5,85.9375,100,84.375,100,81.25,100,70.3125,78.125,100,100,76.5625,53.125,100,93.75,95.3125,100,82.8125,25,100,82.8125,100,54.6875,100,59.375,100,100,100,50,25,75,100,100,100,56.25,100,100,57.8125,65.625,100,93.75,100,84.375,100,100,70.3125,76.5625,100,46.875,100,100,100,100,100,100,56.25,65.625,100,100,100,100,100,100,96.875,70.3125,100,100,100,54.6875,100,96.875,100,59.375,75,100,100,100,40.625,100,79.6875,65.625,79.6875,100,100,100,100,87.5,98.4375,100,57.8125,51.5625,100,100,68.75,42.1875,100,100,100,82.8125,51.5625,100,92.1875,34.375,100,100,100,100,100,100,100,100,100,100,25,78.125,98.4375,57.8125,25,68.75,100,96.875,100,18.75,95.3125,79.6875,100,76.5625,32.8125,100,100,87.5,100,95.3125,100,100,100,31.25,100,54.6875,78.125,81.25,100,100,100,18.75,60.9375,100,100,84.375,89.0625,53.125,100,71.875,100,100,100,100,60.9375,56.25,100,73.4375,100,100,100,100,100,84.375,78.125,59.375,89.0625,71.875,100,100,73.4375,84.375,100,67.1875,60.9375,57.8125,100,100,67.1875,92.1875,100,76.5625,35.9375,100,40.625,85.9375,100,93.75,100,100,48.4375,84.375,100,71.875,100,100,90.625,81.25,100,85.9375,100,85.9375,76.5625,84.375,100,100,100,100,100,60.9375,100,50,96.875,60.9375,100,25,100,100,100,89.0625,100,100,100,100,87.5,51.5625,100,100,100,85.9375,100,42.1875,100,57.8125,64.0625,29.6875,92.1875,89.0625,100,100,67.1875,65.625,76.5625,37.5,50,100,100,76.5625,60.9375,60.9375,100,76.5625,84.375,95.3125,100,90.625,100,37.5,85.9375,53.125,50,100,100,76.5625,100,100,100,82.8125,90.625,73.4375,84.375,90.625,100,100,100,73.4375,35.9375,100,100,100,100,100,75,100,100,71.875,76.5625,100,92.1875,100,100,100,100,39.0625,59.375,51.5625,39.0625,75,65.625,95.3125,100,100,100,87.5,100,100,100,39.0625,89.0625,100,76.5625,70.3125,100,100,75,100,95.3125,64.0625,100,100,100,100,100,98.4375,100,100,60.9375,100,92.1875,100,100,100,89.0625,100,100,100,84.375,100,100,100,100,81.25,100,71.875,100,100,71.875,70.3125,100,100,100,18.75,87.5,73.4375,100,100,96.875,100,100,89.0625,59.375,100,100,92.1875,81.25,78.125,95.3125,100,100,100,84.375,100,87.5,100,100,100,81.25,35.9375,67.1875,100,71.875,100,100,100,100,100,100,90.625,100,93.75,89.0625,90.625,100,75,100,100,100,100,89.0625,100,100,96.875,92.1875,100,65.625,100,93.75,100,100,100,89.0625,68.75,90.625,96.875,29.6875,7.8125,42.1875,100,14.0625,100,100,32.8125,76.5625,100,100,100,100,37.5,60.9375,76.5625,100,100,100,79.6875,100,100,100,100,60.9375,85.9375,100,100,75,98.4375,100,100,95.3125,100,95.3125,100,53.125,67.1875,78.125,84.375,43.75,62.5,81.25,70.3125,100,100,100,100,90.625,100,87.5,79.6875,89.0625,60.9375,29.6875,96.875,82.8125,100,100,78.125,100,100,100,100,82.8125,28.125,100,100,76.5625,100,20.3125,100,100,92.1875,100,100,100,84.375,100,100,100,100,89.0625,100,100,100,100,64.0625,100,100,100,100,100,82.8125,81.25,59.375,100,50,93.75,79.6875,71.875,100,100,100,26.5625,71.875,100,60.9375,100,100,71.875,26.5625,100,89.0625,100,100,89.0625,100,46.875,100,100,100,68.75,51.5625,100,70.3125,100,100,87.5,100,20.3125,75,81.25,62.5,100,100,90.625,100,100,89.0625,100,79.6875,93.75,60.9375,100,25,50,100,95.3125,62.5,100,92.1875,87.5,100,100,100,95.3125,100,42.1875,20.3125,100,100,100,100,87.5,100,100,100,100,100,89.0625,59.375,85.9375,100,100,79.6875,96.875,100,100,100,100,87.5,89.0625,65.625,60.9375,100,100,28.125,100,84.375,100,98.4375,100,100,75,48.4375,100,100,100,60.9375,75,100,70.3125,100,100,29.6875,59.375,62.5,92.1875,73.4375,100,100,100,100,100,100,90.625,100,100,100,100,90.625,96.875,100,100,100,71.875,100,59.375,100,15.625,87.5,100,100,98.4375,100,100,82.8125,100,28.125,51.5625,100,100,54.6875,100,100,100,100,100,73.4375,75,100,78.125,100,37.5,100,65.625,87.5,100,100,100,100,84.375,100,73.4375,100,96.875,23.4375,68.75,100,14.0625,100,54.6875,100,98.4375,75,100,100,100,68.75,67.1875,100,79.6875,100,100,90.625,9.375,40.625,75,65.625,82.8125,71.875,100,62.5,85.9375,92.1875,42.1875,100,96.875,100,15.625,100,100,67.1875,68.75,95.3125,96.875,100,100,62.5,81.25,100,90.625,100,82.8125,64.0625,100,54.6875,85.9375,95.3125,100,75,87.5,25,71.875,100,100,100,78.125,100,67.1875,100,100,100,100,93.75,23.4375,48.4375,100,100,85.9375,100,71.875,100,100,100,81.25,100,81.25,89.0625,100,95.3125,100,100,26.5625,100,100,87.5,46.875,100,56.25,100,18.75,35.9375,100,75,71.875,100,29.6875,100,100,100,62.5,57.8125,98.4375,81.25,100,100,100,85.9375,64.0625,37.5,100,70.3125,100,100,90.625,100,100,54.6875,26.5625,25,100,92.1875,59.375,89.0625,100,76.5625,84.375,95.3125,95.3125,34.375,100,100,100,100,65.625,100,100,100,100,76.5625,40.625,100,100,100,100,100,100,100,100,100,100,100,100,59.375,59.375,100,100,60.9375,98.4375,32.8125,100,37.5,87.5,100,98.4375,100,76.5625,70.3125,82.8125,100,89.0625,100,100,100,100,100,73.4375,60.9375,53.125,87.5,100,100,100,100,100,93.75,29.6875,100,90.625,98.4375,100,92.1875,90.625,70.3125,100,100,100,62.5,100,65.625,100,100,57.8125,100,76.5625,75,100,100,100,92.1875,68.75,100,100,67.1875,100,100,78.125,100,100,43.75,92.1875,79.6875,84.375,100,100,51.5625,60.9375,62.5,100,95.3125,89.0625,100,100,48.4375,100,78.125,100,100,93.75,100,93.75,54.6875,64.0625,81.25,100,100,21.875,100,100,4.6875,26.5625,71.875,56.25,100,100,100,42.1875,92.1875,89.0625,100,100,90.625,84.375,100,100,20.3125,100,100,100,73.4375,100,100,92.1875,100,100,78.125,100,100,23.4375,100,100,100,75,78.125,100,100,82.8125,100,100,89.0625,100,79.6875,75,46.875,98.4375,100,59.375,100,70.3125,100,79.6875,92.1875,73.4375,75,100,100,100,100,98.4375,100,84.375,100,100,100,57.8125,23.4375,100,100,92.1875,100,65.625,90.625,100,87.5,60.9375,100,100,100,73.4375,50,100,87.5,84.375,21.875,40.625,78.125,100,100,100,32.8125,64.0625,43.75,89.0625,40.625,100,100,59.375,100,96.875,68.75,4.6875,100,93.75,53.125,76.5625,76.5625,100,90.625,100,100,71.875,96.875,21.875,60.9375,73.4375,71.875,39.0625,100,71.875,100,100,76.5625,100,100,34.375,100,85.9375,75,82.8125,67.1875,98.4375,100,18.75,100,100,70.3125,100,85.9375,76.5625,100,100,45.3125,60.9375,89.0625,100,81.25,100,100,95.3125,57.8125,59.375,100,100,100,100,93.75,100,100,92.1875,78.125,64.0625,100,100,62.5,100,98.4375,100,93.75,100,95.3125,95.3125,100,35.9375,100,17.1875,100,100,100,93.75,89.0625,35.9375,78.125,100,48.4375,40.625,98.4375,81.25,78.125,100,67.1875,89.0625,85.9375,96.875,100,100,67.1875,67.1875,71.875,100,95.3125,100,81.25,100,51.5625,71.875,100,62.5,100,85.9375,100,51.5625,10.9375,100,73.4375,45.3125,100,82.8125,59.375,85.9375,100,26.5625,93.75,54.6875,87.5,90.625,100,100,100,100,85.9375,82.8125,100,100,100,100,100,93.75,95.3125,73.4375,100,85.9375,100,100,78.125,71.875,57.8125,65.625,100,100,18.75,100,100,96.875,64.0625,42.1875,100,100,100,100,93.75,100,100,100,48.4375,100,56.25,100,92.1875,100,85.9375,100,40.625,100,84.375,85.9375,100,92.1875,100,100,92.1875,96.875,81.25,100,100,92.1875,100,84.375,100,100,100,100,100,56.25,100,96.875,100,100,34.375,73.4375,100,100,100,100,56.25,100,100,42.1875,26.5625,100,75,73.4375,100,90.625,100,87.5,68.75,81.25,100,100,79.6875,100,100,100,92.1875,100,20.3125,89.0625,100,100,100,100,100,96.875,100,100,100,90.625,100,67.1875,75,65.625,100,35.9375,100,100,60.9375,54.6875,100,100,48.4375,82.8125,68.75,90.625,23.4375,100,100,79.6875,84.375,75,100,78.125,100,40.625,100,100,76.5625,64.0625,70.3125,100,100,100,98.4375,100,100,82.8125,50,100,7.8125,56.25,100,100,79.6875,100,100,100,100,100,100,100,56.25,100,100,100,70.3125,71.875,73.4375,59.375,100,100,64.0625,100,98.4375,59.375,100,100,100,100,26.5625,82.8125,100,56.25,71.875,100,100,25,60.9375,75,100,92.1875,73.4375,100,79.6875,95.3125,100,100,79.6875,100,89.0625,100,67.1875,100,100,100,51.5625,85.9375,100,50,79.6875,65.625,100,100,100,79.6875,100,67.1875,46.875,100,37.5,100,100,100,76.5625,31.25,100,17.1875,100,92.1875,100,28.125,100,23.4375,100,59.375,100,100,100,100,98.4375,62.5,100,100,62.5,100,100,100,100,71.875,100,100,100,79.6875,93.75,100,64.0625,70.3125,100,100,56.25,26.5625,92.1875,100,35.9375,100,90.625,81.25,100,81.25,81.25,48.4375,100,100,39.0625,10.9375,100,53.125,100,100,100,75,100,70.3125,100,81.25,100,100,59.375,100,100,100,78.125,45.3125,100,100,82.8125,100,64.0625,54.6875,100,100,92.1875,87.5,100,100,100,62.5,82.8125,100,92.1875,100,78.125,92.1875,92.1875,100,92.1875,53.125,100,100,92.1875,65.625,95.3125,81.25,100,100,100,96.875,100,100,62.5,65.625,98.4375,89.0625,17.1875,46.875,100,100,100,46.875,100,100,100,100,100,75,78.125,31.25,78.125,100,93.75,100,62.5,100,85.9375,79.6875,71.875,100,57.8125,100,48.4375,68.75,81.25,100,89.0625,54.6875,100,100,100,100,73.4375,100,100,100,48.4375,100,59.375,67.1875,40.625,100,100,64.0625,92.1875,78.125,100,100,81.25,100,100,100,100,100,39.0625,100,73.4375,100,100,56.25,57.8125,100,100,81.25,54.6875,100,100,100,100,96.875,87.5,100,100,100,73.4375,64.0625,100,60.9375,100,89.0625,100,57.8125,93.75,100,100,87.5,100,35.9375,65.625,46.875,89.0625,76.5625,100,100,100,100,84.375,87.5,100,53.125,60.9375,37.5,100,100,100,100,100,68.75,100,39.0625,100,75,82.8125,71.875,100,78.125,68.75,87.5,84.375,100,18.75,100,64.0625,89.0625,28.125,39.0625,100,100,42.1875,100,26.5625,100,75,59.375,100,100,100,56.25,90.625,81.25,87.5,60.9375,71.875,100,100,60.9375,100,100,90.625,100,93.75,73.4375,85.9375,100,100,17.1875,100,34.375,100,100,43.75,100,46.875,100,85.9375,78.125,100,53.125,14.0625,85.9375,100,28.125,85.9375,96.875,100,54.6875,100,78.125,100,29.6875,100,67.1875,100,96.875,100,82.8125,48.4375,28.125,100,98.4375,54.6875,68.75,100,100,54.6875,100,100,40.625,100,64.0625,100,100,100,82.8125,100,76.5625,71.875,100,93.75,79.6875,53.125,56.25,53.125,28.125,89.0625,100,75,100,82.8125,100,60.9375,100,100,100,78.125,100,84.375,68.75,100,95.3125,100,100,100,21.875,100,62.5,71.875,100,26.5625,46.875,100,100,100,100,68.75,1.5625,100,100,26.5625,100,76.5625,100,100,100,100,100,100,100,85.9375,100,100,100,100,100,96.875,100,85.9375,37.5,35.9375,54.6875,100,65.625,100,100,100,75,98.4375,43.75,64.0625,100,100,56.25,100,100,56.25,100,98.4375,73.4375,100,100,53.125,93.75,98.4375,60.9375,29.6875,98.4375,90.625,100,100,57.8125,50,39.0625,100,90.625,73.4375,25,82.8125,100,100,71.875,100,87.5,100,95.3125,59.375,100,65.625,71.875,100,15.625,98.4375,53.125,59.375,100,100,96.875,100,100,98.4375,31.25,70.3125,100,98.4375,64.0625,100,100,64.0625,85.9375,92.1875,85.9375,35.9375,67.1875,31.25,100,100,100,37.5,100,59.375,45.3125,100,70.3125,100,100,100,100,62.5,100,54.6875,100,100,51.5625,100,64.0625,81.25,100,79.6875,100,100,100,81.25,100,100,100,100,92.1875,100
"6066",89.0625,100,39.0625,100,100,53.125,90.625,98.4375,23.4375,92.1875,59.375,100,100,100,70.3125,73.4375,95.3125,98.4375,100,100,93.75,100,100,100,48.4375,100,100,78.125,84.375,100,100,100,100,100,100,56.25,84.375,100,100,100,68.75,65.625,84.375,100,100,100,100,100,68.75,85.9375,75,100,100,70.3125,100,100,15.625,100,100,40.625,89.0625,67.1875,98.4375,100,100,100,100,100,71.875,100,54.6875,62.5,100,100,64.0625,100,100,100,54.6875,100,78.125,100,84.375,79.6875,93.75,73.4375,100,50,100,100,70.3125,84.375,100,46.875,73.4375,79.6875,100,62.5,100,100,95.3125,100,100,71.875,67.1875,20.3125,93.75,59.375,85.9375,79.6875,57.8125,81.25,100,100,28.125,100,100,100,100,100,65.625,100,100,53.125,96.875,39.0625,100,18.75,100,100,100,100,64.0625,100,82.8125,65.625,65.625,76.5625,100,100,100,100,56.25,39.0625,100,100,90.625,100,56.25,75,57.8125,37.5,79.6875,92.1875,95.3125,93.75,75,100,100,100,100,100,70.3125,100,89.0625,64.0625,96.875,87.5,28.125,100,76.5625,70.3125,100,60.9375,100,100,89.0625,100,100,100,98.4375,100,64.0625,84.375,100,100,29.6875,45.3125,100,87.5,95.3125,100,87.5,100,100,100,93.75,65.625,100,100,21.875,100,96.875,100,100,100,100,23.4375,92.1875,100,32.8125,100,100,95.3125,78.125,78.125,37.5,95.3125,37.5,67.1875,100,73.4375,95.3125,82.8125,100,53.125,40.625,100,100,100,71.875,81.25,100,100,100,100,84.375,59.375,70.3125,100,100,100,100,90.625,100,48.4375,100,87.5,98.4375,60.9375,100,81.25,70.3125,100,100,64.0625,100,59.375,100,100,100,95.3125,37.5,92.1875,37.5,96.875,100,100,87.5,100,56.25,65.625,100,100,90.625,71.875,50,100,57.8125,100,90.625,100,60.9375,100,100,100,29.6875,98.4375,100,98.4375,79.6875,100,48.4375,48.4375,100,100,100,87.5,65.625,75,37.5,100,70.3125,100,100,85.9375,81.25,70.3125,92.1875,67.1875,100,46.875,29.6875,100,65.625,93.75,100,67.1875,70.3125,39.0625,89.0625,100,50,100,29.6875,56.25,35.9375,68.75,100,100,87.5,34.375,76.5625,84.375,96.875,40.625,48.4375,90.625,100,100,100,76.5625,48.4375,100,64.0625,68.75,42.1875,100,100,68.75,100,71.875,100,87.5,65.625,100,100,70.3125,45.3125,79.6875,84.375,84.375,100,100,81.25,51.5625,18.75,100,98.4375,100,100,100,93.75,53.125,81.25,100,98.4375,100,93.75,100,87.5,85.9375,90.625,100,100,17.1875,100,100,96.875,87.5,100,75,100,60.9375,100,65.625,100,71.875,68.75,26.5625,100,100,100,100,100,60.9375,59.375,100,73.4375,98.4375,70.3125,100,81.25,98.4375,100,98.4375,39.0625,54.6875,100,75,67.1875,100,100,100,100,39.0625,42.1875,100,100,100,82.8125,100,92.1875,100,76.5625,62.5,45.3125,100,100,100,100,92.1875,85.9375,85.9375,89.0625,100,100,100,89.0625,93.75,96.875,100,100,100,84.375,68.75,100,62.5,100,100,76.5625,73.4375,68.75,100,100,57.8125,100,100,100,78.125,78.125,34.375,60.9375,100,100,14.0625,100,100,100,100,76.5625,100,100,64.0625,82.8125,100,48.4375,100,46.875,71.875,100,78.125,79.6875,45.3125,50,100,100,100,75,100,67.1875,100,100,100,84.375,56.25,100,82.8125,100,100,95.3125,75,68.75,100,100,98.4375,100,100,100,100,90.625,75,100,60.9375,53.125,96.875,100,93.75,50,100,51.5625,100,98.4375,100,84.375,71.875,100,81.25,84.375,100,84.375,100,100,35.9375,43.75,100,60.9375,96.875,100,70.3125,100,100,100,100,85.9375,51.5625,79.6875,100,71.875,100,100,71.875,100,100,100,20.3125,32.8125,100,100,100,75,100,92.1875,100,39.0625,75,100,67.1875,100,100,71.875,100,100,100,89.0625,93.75,100,71.875,100,64.0625,100,60.9375,100,100,100,100,82.8125,100,60.9375,100,92.1875,100,100,85.9375,100,100,59.375,23.4375,100,82.8125,100,100,76.5625,100,64.0625,100,100,100,100,100,100,100,71.875,79.6875,40.625,68.75,100,100,100,76.5625,76.5625,100,100,100,100,100,100,70.3125,100,95.3125,100,100,28.125,96.875,67.1875,79.6875,85.9375,100,100,100,100,89.0625,90.625,100,46.875,12.5,84.375,51.5625,28.125,93.75,100,100,31.25,100,100,29.6875,100,82.8125,48.4375,59.375,81.25,42.1875,76.5625,98.4375,75,93.75,92.1875,84.375,84.375,73.4375,40.625,78.125,95.3125,45.3125,92.1875,100,100,100,100,100,100,75,100,45.3125,68.75,100,100,73.4375,53.125,50,46.875,100,50,100,100,100,100,100,100,48.4375,100,73.4375,90.625,84.375,100,100,71.875,100,100,100,32.8125,100,100,100,79.6875,100,100,100,100,100,81.25,65.625,100,100,100,93.75,100,100,100,73.4375,100,100,68.75,100,92.1875,100,64.0625,100,100,35.9375,87.5,100,82.8125,39.0625,57.8125,100,100,70.3125,81.25,100,100,100,100,31.25,29.6875,87.5,100,100,100,48.4375,57.8125,70.3125,71.875,9.375,100,100,100,40.625,100,48.4375,84.375,100,100,93.75,100,100,85.9375,92.1875,100,100,93.75,85.9375,46.875,45.3125,100,100,75,100,32.8125,100,100,56.25,90.625,87.5,100,40.625,92.1875,100,100,75,100,78.125,100,75,59.375,100,39.0625,93.75,100,100,53.125,28.125,76.5625,100,100,100,100,96.875,62.5,100,100,85.9375,79.6875,100,100,28.125,100,70.3125,76.5625,79.6875,43.75,82.8125,100,100,56.25,100,100,100,78.125,62.5,100,100,100,68.75,57.8125,76.5625,67.1875,65.625,95.3125,100,76.5625,100,93.75,100,95.3125,100,100,100,100,100,75,100,100,100,100,62.5,45.3125,100,68.75,96.875,76.5625,100,60.9375,76.5625,100,25,100,100,60.9375,100,64.0625,98.4375,85.9375,76.5625,100,98.4375,98.4375,60.9375,100,100,71.875,67.1875,100,100,17.1875,98.4375,93.75,62.5,93.75,100,100,100,100,59.375,100,21.875,100,79.6875,100,100,51.5625,95.3125,85.9375,64.0625,96.875,100,35.9375,100,92.1875,100,100,46.875,70.3125,59.375,100,100,56.25,60.9375,90.625,100,64.0625,81.25,81.25,100,42.1875,100,100,62.5,67.1875,100,35.9375,67.1875,100,100,100,71.875,100,100,100,100,100,100,93.75,98.4375,42.1875,100,100,100,100,92.1875,100,62.5,65.625,100,93.75,59.375,25,100,70.3125,100,100,56.25,84.375,95.3125,29.6875,100,39.0625,92.1875,68.75,70.3125,100,65.625,85.9375,100,100,100,100,100,100,100,100,100,60.9375,84.375,100,100,98.4375,62.5,93.75,78.125,73.4375,17.1875,100,98.4375,26.5625,84.375,100,82.8125,100,76.5625,100,100,100,51.5625,100,100,95.3125,45.3125,81.25,100,82.8125,100,76.5625,100,73.4375,100,100,100,40.625,100,82.8125,100,100,100,76.5625,64.0625,62.5,100,100,100,100,100,100,100,82.8125,100,71.875,89.0625,78.125,100,100,100,100,100,93.75,98.4375,100,93.75,100,100,87.5,100,71.875,59.375,100,84.375,37.5,90.625,79.6875,71.875,53.125,100,81.25,100,100,40.625,100,96.875,100,93.75,65.625,100,96.875,42.1875,100,100,81.25,100,100,42.1875,75,100,100,57.8125,82.8125,15.625,100,100,100,87.5,100,100,100,100,98.4375,84.375,100,65.625,100,87.5,100,100,87.5,100,84.375,100,100,60.9375,100,100,75,81.25,100,93.75,92.1875,100,84.375,46.875,100,82.8125,100,50,100,34.375,100,100,100,95.3125,100,78.125,100,100,100,59.375,100,90.625,59.375,65.625,100,93.75,100,70.3125,100,96.875,79.6875,75,100,100,100,100,100,100,100,100,59.375,56.25,100,100,100,100,100,100,79.6875,70.3125,93.75,100,100,59.375,100,96.875,100,51.5625,75,100,100,100,85.9375,96.875,100,67.1875,71.875,100,98.4375,100,100,70.3125,95.3125,100,57.8125,51.5625,100,100,68.75,81.25,100,100,100,100,51.5625,100,92.1875,34.375,100,100,100,96.875,100,100,100,100,100,100,21.875,60.9375,98.4375,59.375,100,57.8125,100,79.6875,100,17.1875,95.3125,76.5625,100,100,34.375,100,100,89.0625,100,93.75,100,100,100,31.25,100,64.0625,79.6875,100,100,98.4375,100,18.75,62.5,100,100,84.375,89.0625,48.4375,100,35.9375,100,100,100,84.375,60.9375,68.75,100,73.4375,100,100,100,100,100,87.5,76.5625,59.375,89.0625,73.4375,100,100,76.5625,71.875,90.625,67.1875,100,50,100,100,65.625,93.75,100,67.1875,42.1875,100,39.0625,89.0625,100,92.1875,100,100,90.625,100,92.1875,73.4375,100,100,100,84.375,100,87.5,100,85.9375,75,100,100,67.1875,100,96.875,100,67.1875,100,100,60.9375,60.9375,100,26.5625,71.875,100,25,89.0625,100,100,96.875,100,96.875,56.25,100,100,100,67.1875,100,42.1875,98.4375,21.875,65.625,31.25,92.1875,89.0625,100,100,62.5,62.5,78.125,37.5,43.75,100,100,76.5625,60.9375,62.5,100,71.875,92.1875,95.3125,87.5,90.625,100,48.4375,79.6875,93.75,50,100,100,70.3125,100,100,100,81.25,98.4375,75,95.3125,82.8125,100,100,100,73.4375,35.9375,100,100,100,100,100,79.6875,100,40.625,70.3125,71.875,100,85.9375,100,100,100,100,37.5,45.3125,56.25,50,78.125,65.625,96.875,100,100,100,85.9375,100,53.125,76.5625,39.0625,87.5,100,73.4375,70.3125,98.4375,100,50,100,100,100,100,100,100,87.5,100,100,100,100,60.9375,100,95.3125,100,100,100,92.1875,100,100,100,9.375,100,78.125,100,100,82.8125,100,70.3125,100,100,71.875,73.4375,100,100,100,53.125,87.5,75,100,100,79.6875,100,100,100,43.75,100,100,93.75,82.8125,75,100,100,68.75,100,76.5625,100,56.25,100,100,100,81.25,35.9375,71.875,100,78.125,100,100,100,100,100,100,100,100,100,89.0625,95.3125,100,89.0625,100,100,100,100,89.0625,100,100,100,92.1875,100,53.125,100,93.75,93.75,100,100,92.1875,100,90.625,100,31.25,9.375,42.1875,100,100,100,100,32.8125,76.5625,100,100,100,100,32.8125,100,79.6875,100,100,100,67.1875,100,100,100,100,39.0625,100,100,100,71.875,100,100,98.4375,93.75,100,95.3125,100,53.125,43.75,73.4375,32.8125,45.3125,93.75,82.8125,68.75,100,71.875,100,100,90.625,100,87.5,82.8125,100,60.9375,100,65.625,85.9375,100,100,79.6875,89.0625,100,100,100,85.9375,29.6875,87.5,100,90.625,100,21.875,81.25,100,100,100,100,100,68.75,100,100,100,100,87.5,90.625,100,100,100,100,100,100,100,100,100,100,82.8125,42.1875,100,54.6875,93.75,79.6875,98.4375,100,100,100,15.625,71.875,100,67.1875,100,100,82.8125,45.3125,100,93.75,100,100,85.9375,100,100,100,100,100,68.75,54.6875,100,89.0625,100,100,89.0625,100,20.3125,82.8125,89.0625,62.5,100,100,87.5,100,96.875,100,100,79.6875,98.4375,56.25,100,25,50,100,95.3125,57.8125,100,95.3125,87.5,100,100,100,95.3125,100,42.1875,20.3125,100,100,100,100,100,100,100,26.5625,100,100,100,100,96.875,100,100,81.25,100,100,100,100,100,98.4375,100,68.75,53.125,100,100,21.875,84.375,95.3125,100,100,100,100,84.375,57.8125,100,100,100,100,76.5625,100,70.3125,100,100,26.5625,57.8125,62.5,98.4375,82.8125,100,100,100,96.875,100,79.6875,81.25,100,100,100,100,95.3125,100,100,100,100,100,100,59.375,100,21.875,87.5,100,100,100,100,100,90.625,100,28.125,48.4375,100,100,73.4375,87.5,100,100,100,100,71.875,73.4375,93.75,81.25,100,37.5,100,70.3125,81.25,100,100,100,95.3125,90.625,100,75,100,92.1875,25,68.75,100,28.125,100,54.6875,100,100,76.5625,100,100,100,68.75,75,76.5625,82.8125,100,100,95.3125,60.9375,40.625,82.8125,62.5,79.6875,78.125,100,56.25,84.375,92.1875,45.3125,100,70.3125,100,28.125,100,100,71.875,70.3125,100,98.4375,100,100,64.0625,98.4375,21.875,20.3125,100,95.3125,65.625,100,53.125,79.6875,50,100,75,79.6875,75,53.125,100,100,100,79.6875,100,67.1875,100,100,100,100,93.75,98.4375,45.3125,100,100,76.5625,100,73.4375,100,100,100,82.8125,37.5,81.25,100,100,87.5,100,90.625,25,93.75,100,85.9375,50,100,60.9375,100,46.875,37.5,100,79.6875,78.125,100,31.25,100,100,100,60.9375,82.8125,100,100,96.875,100,100,93.75,60.9375,37.5,100,70.3125,100,100,89.0625,71.875,100,54.6875,31.25,100,100,73.4375,59.375,89.0625,100,75,85.9375,95.3125,95.3125,35.9375,100,20.3125,100,100,62.5,98.4375,100,100,100,67.1875,40.625,100,100,100,100,35.9375,100,100,82.8125,100,78.125,100,100,57.8125,70.3125,100,100,64.0625,98.4375,32.8125,100,42.1875,84.375,100,100,100,78.125,78.125,82.8125,100,87.5,100,100,75,100,100,82.8125,62.5,53.125,92.1875,100,100,100,100,100,100,29.6875,100,100,95.3125,100,93.75,87.5,35.9375,100,100,100,71.875,100,62.5,100,100,71.875,100,76.5625,82.8125,100,100,100,90.625,54.6875,100,100,67.1875,100,93.75,64.0625,100,100,35.9375,90.625,81.25,76.5625,100,71.875,29.6875,59.375,89.0625,100,100,100,100,100,35.9375,100,79.6875,100,100,92.1875,100,96.875,54.6875,62.5,79.6875,100,100,21.875,67.1875,100,4.6875,28.125,64.0625,9.375,100,100,100,56.25,92.1875,84.375,100,100,90.625,100,100,100,51.5625,100,100,100,75,100,67.1875,92.1875,100,100,84.375,100,100,20.3125,100,100,100,95.3125,81.25,100,89.0625,82.8125,100,100,100,100,78.125,100,40.625,100,100,60.9375,100,70.3125,100,76.5625,75,70.3125,73.4375,100,70.3125,100,100,100,87.5,78.125,100,100,100,59.375,23.4375,73.4375,100,92.1875,100,60.9375,96.875,100,87.5,59.375,100,100,100,73.4375,50,100,87.5,87.5,21.875,79.6875,85.9375,100,100,100,31.25,64.0625,45.3125,79.6875,100,100,100,59.375,100,100,67.1875,4.6875,100,95.3125,79.6875,81.25,73.4375,100,92.1875,100,100,79.6875,96.875,21.875,60.9375,73.4375,70.3125,39.0625,100,73.4375,100,100,54.6875,100,100,39.0625,100,87.5,75,85.9375,67.1875,81.25,100,18.75,100,100,70.3125,98.4375,85.9375,75,100,100,46.875,54.6875,92.1875,100,78.125,100,100,100,57.8125,59.375,100,100,100,100,95.3125,100,100,84.375,85.9375,65.625,96.875,100,62.5,100,100,87.5,82.8125,100,75,87.5,100,32.8125,100,100,100,100,85.9375,100,90.625,39.0625,90.625,100,37.5,40.625,100,81.25,100,79.6875,75,89.0625,87.5,98.4375,100,100,65.625,21.875,73.4375,100,53.125,100,87.5,98.4375,56.25,73.4375,100,53.125,100,85.9375,76.5625,40.625,12.5,100,71.875,57.8125,21.875,82.8125,53.125,84.375,85.9375,23.4375,93.75,54.6875,87.5,100,100,100,100,100,100,84.375,100,100,100,100,100,90.625,95.3125,100,100,100,100,100,68.75,73.4375,42.1875,65.625,100,100,100,100,100,95.3125,65.625,45.3125,87.5,100,100,100,89.0625,100,100,100,89.0625,59.375,100,100,90.625,100,95.3125,100,40.625,100,60.9375,100,100,100,100,100,84.375,92.1875,82.8125,100,100,92.1875,100,82.8125,98.4375,100,100,100,78.125,57.8125,98.4375,100,100,100,34.375,73.4375,100,100,100,100,100,100,100,56.25,26.5625,100,89.0625,70.3125,100,79.6875,100,89.0625,67.1875,71.875,100,100,76.5625,100,76.5625,100,68.75,85.9375,21.875,78.125,100,100,100,100,100,100,100,100,100,67.1875,100,67.1875,65.625,67.1875,100,25,100,100,60.9375,54.6875,100,100,50,100,70.3125,98.4375,100,100,100,79.6875,76.5625,75,100,81.25,100,40.625,100,100,81.25,62.5,73.4375,100,76.5625,100,98.4375,100,100,84.375,65.625,100,7.8125,54.6875,100,100,78.125,100,100,98.4375,20.3125,100,100,100,100,100,76.5625,21.875,68.75,100,75,59.375,100,87.5,64.0625,100,100,46.875,100,100,100,100,100,78.125,100,56.25,71.875,100,100,26.5625,76.5625,59.375,100,73.4375,100,100,71.875,92.1875,100,84.375,79.6875,100,87.5,100,68.75,100,100,28.125,48.4375,26.5625,100,51.5625,73.4375,29.6875,100,87.5,100,100,100,100,51.5625,100,100,100,100,100,76.5625,98.4375,100,100,100,92.1875,100,28.125,100,26.5625,100,59.375,62.5,100,100,100,100,59.375,65.625,100,65.625,100,100,46.875,100,67.1875,100,100,100,100,85.9375,100,53.125,79.6875,100,100,50,100,84.375,100,50,100,92.1875,84.375,100,81.25,82.8125,42.1875,100,100,40.625,10.9375,100,64.0625,100,100,100,73.4375,100,75,100,100,100,100,28.125,100,100,98.4375,82.8125,95.3125,100,100,100,100,64.0625,62.5,100,100,100,81.25,100,100,100,59.375,84.375,100,92.1875,100,82.8125,92.1875,93.75,100,87.5,25,100,100,87.5,71.875,96.875,81.25,100,100,100,96.875,100,96.875,56.25,59.375,76.5625,89.0625,17.1875,45.3125,100,100,100,46.875,26.5625,100,100,100,100,78.125,79.6875,31.25,78.125,100,85.9375,100,65.625,100,100,78.125,65.625,100,59.375,100,64.0625,59.375,79.6875,100,75,54.6875,100,100,100,100,71.875,100,100,100,48.4375,100,100,67.1875,54.6875,100,100,57.8125,90.625,76.5625,100,96.875,76.5625,98.4375,100,100,100,100,39.0625,100,75,100,100,100,65.625,71.875,100,79.6875,42.1875,100,100,78.125,100,95.3125,100,100,100,100,92.1875,54.6875,100,62.5,100,92.1875,100,57.8125,93.75,100,100,73.4375,100,35.9375,23.4375,56.25,78.125,71.875,56.25,100,100,82.8125,85.9375,100,100,53.125,56.25,35.9375,59.375,100,100,100,100,65.625,100,31.25,100,81.25,100,71.875,100,68.75,64.0625,93.75,70.3125,98.4375,18.75,100,75,100,28.125,37.5,100,100,100,100,25,100,85.9375,59.375,68.75,100,100,82.8125,53.125,81.25,82.8125,50,93.75,100,100,64.0625,100,100,90.625,100,100,92.1875,84.375,100,100,18.75,100,34.375,100,100,43.75,100,46.875,100,78.125,51.5625,98.4375,48.4375,48.4375,90.625,100,28.125,85.9375,100,100,100,100,73.4375,100,29.6875,100,62.5,100,95.3125,100,76.5625,57.8125,28.125,100,98.4375,50,68.75,100,100,53.125,100,100,35.9375,100,78.125,100,100,100,82.8125,100,70.3125,51.5625,100,89.0625,84.375,50,60.9375,51.5625,12.5,43.75,73.4375,84.375,100,100,84.375,100,100,100,100,46.875,100,84.375,67.1875,100,100,100,100,100,100,100,56.25,73.4375,100,26.5625,40.625,100,100,100,100,70.3125,1.5625,100,100,32.8125,100,93.75,100,84.375,100,100,100,100,100,84.375,100,100,100,100,100,85.9375,59.375,98.4375,34.375,100,57.8125,100,64.0625,100,100,62.5,76.5625,98.4375,48.4375,64.0625,100,100,51.5625,100,100,54.6875,100,98.4375,87.5,100,100,100,92.1875,92.1875,59.375,28.125,64.0625,96.875,100,100,53.125,100,40.625,100,73.4375,68.75,18.75,100,100,100,71.875,100,96.875,100,100,57.8125,100,64.0625,75,100,85.9375,100,50,100,100,100,96.875,84.375,100,100,31.25,78.125,95.3125,79.6875,64.0625,100,100,67.1875,79.6875,100,96.875,35.9375,68.75,67.1875,100,100,100,57.8125,100,59.375,45.3125,100,70.3125,100,100,100,51.5625,68.75,100,54.6875,95.3125,100,51.5625,100,54.6875,85.9375,56.25,85.9375,100,100,20.3125,60.9375,100,87.5,100,100,100,100
"6067",87.5,100,37.5,100,100,64.0625,89.0625,92.1875,21.875,92.1875,53.125,100,100,100,78.125,78.125,87.5,81.25,100,100,95.3125,95.3125,100,100,40.625,100,100,90.625,79.6875,100,100,100,100,90.625,100,60.9375,67.1875,100,100,100,65.625,62.5,82.8125,100,100,100,100,100,59.375,87.5,75,100,100,68.75,39.0625,98.4375,17.1875,100,100,42.1875,87.5,90.625,98.4375,56.25,100,100,59.375,100,59.375,100,56.25,65.625,100,100,64.0625,81.25,100,64.0625,53.125,100,76.5625,100,84.375,79.6875,98.4375,100,100,31.25,100,100,54.6875,84.375,100,46.875,87.5,57.8125,100,57.8125,100,100,75,100,100,70.3125,68.75,26.5625,98.4375,70.3125,85.9375,100,60.9375,71.875,100,98.4375,28.125,100,100,100,85.9375,100,62.5,100,100,75,34.375,37.5,100,18.75,100,100,100,100,64.0625,100,92.1875,62.5,56.25,76.5625,100,100,100,100,43.75,50,100,100,89.0625,100,51.5625,81.25,56.25,37.5,79.6875,93.75,96.875,96.875,76.5625,100,100,3.125,100,100,71.875,100,89.0625,70.3125,62.5,84.375,37.5,100,75,70.3125,100,56.25,100,100,84.375,100,100,100,90.625,100,37.5,82.8125,100,100,29.6875,100,100,87.5,100,100,87.5,100,100,100,87.5,67.1875,100,65.625,25,65.625,96.875,100,100,100,100,23.4375,71.875,100,32.8125,100,54.6875,100,87.5,78.125,98.4375,48.4375,100,48.4375,100,75,50,79.6875,100,53.125,100,100,71.875,100,78.125,81.25,100,100,100,100,84.375,60.9375,95.3125,98.4375,100,100,100,84.375,100,48.4375,81.25,85.9375,100,64.0625,100,20.3125,65.625,98.4375,64.0625,56.25,100,57.8125,100,100,100,98.4375,37.5,100,64.0625,90.625,100,100,82.8125,100,59.375,95.3125,100,100,98.4375,70.3125,53.125,100,60.9375,100,92.1875,100,100,100,100,100,29.6875,98.4375,89.0625,92.1875,84.375,100,46.875,53.125,100,100,100,90.625,68.75,75,68.75,100,84.375,100,100,85.9375,84.375,62.5,89.0625,100,100,42.1875,29.6875,100,62.5,93.75,100,100,75,50,89.0625,100,50,100,43.75,71.875,31.25,68.75,100,67.1875,85.9375,100,76.5625,81.25,100,40.625,12.5,89.0625,89.0625,100,100,81.25,51.5625,100,68.75,68.75,42.1875,100,62.5,71.875,100,76.5625,100,84.375,68.75,100,96.875,67.1875,43.75,85.9375,98.4375,82.8125,100,100,81.25,37.5,20.3125,100,98.4375,100,100,100,90.625,78.125,78.125,100,90.625,100,87.5,100,85.9375,84.375,100,100,100,70.3125,93.75,100,76.5625,90.625,100,87.5,100,100,100,67.1875,100,78.125,100,14.0625,100,100,100,100,100,48.4375,57.8125,84.375,73.4375,85.9375,70.3125,95.3125,93.75,90.625,100,93.75,39.0625,56.25,100,76.5625,59.375,100,100,100,100,32.8125,51.5625,100,100,100,82.8125,100,64.0625,100,95.3125,64.0625,43.75,100,100,100,100,84.375,93.75,78.125,90.625,100,100,100,84.375,93.75,84.375,100,100,100,85.9375,73.4375,100,68.75,100,100,76.5625,73.4375,76.5625,100,100,65.625,100,92.1875,100,75,75,32.8125,100,100,100,14.0625,31.25,100,100,100,71.875,93.75,89.0625,62.5,82.8125,100,54.6875,100,48.4375,73.4375,100,78.125,78.125,9.375,39.0625,100,100,100,54.6875,75,75,100,100,100,85.9375,56.25,100,82.8125,100,100,89.0625,78.125,68.75,100,100,81.25,100,100,100,100,96.875,81.25,67.1875,60.9375,54.6875,96.875,100,96.875,53.125,100,51.5625,100,92.1875,100,84.375,71.875,100,81.25,82.8125,100,82.8125,100,100,35.9375,48.4375,100,65.625,93.75,100,70.3125,100,100,100,100,87.5,46.875,68.75,100,73.4375,93.75,100,71.875,100,100,100,87.5,42.1875,75,100,100,57.8125,100,90.625,100,42.1875,71.875,100,62.5,100,100,96.875,100,100,100,100,92.1875,100,71.875,100,64.0625,100,70.3125,100,100,100,100,100,100,60.9375,95.3125,100,100,100,81.25,100,65.625,62.5,32.8125,100,59.375,100,75,75,100,67.1875,100,100,100,100,100,100,100,90.625,85.9375,100,81.25,100,100,100,73.4375,76.5625,100,100,100,100,100,100,90.625,100,82.8125,100,100,26.5625,96.875,71.875,82.8125,75,79.6875,100,100,100,92.1875,90.625,100,46.875,10.9375,93.75,62.5,29.6875,100,100,100,100,100,100,31.25,100,87.5,54.6875,60.9375,81.25,42.1875,76.5625,98.4375,76.5625,85.9375,93.75,100,71.875,75,42.1875,87.5,95.3125,43.75,84.375,100,93.75,100,100,100,100,73.4375,100,45.3125,68.75,100,100,68.75,56.25,53.125,48.4375,100,46.875,100,100,100,100,100,100,64.0625,100,73.4375,89.0625,84.375,100,100,68.75,100,100,100,34.375,100,100,100,87.5,100,98.4375,100,100,100,98.4375,68.75,100,100,100,100,100,100,100,98.4375,100,100,68.75,100,100,100,26.5625,100,100,35.9375,89.0625,100,70.3125,39.0625,71.875,100,100,60.9375,100,100,100,100,79.6875,31.25,29.6875,90.625,100,100,100,48.4375,87.5,68.75,76.5625,28.125,100,100,100,40.625,100,31.25,84.375,100,100,76.5625,100,100,78.125,100,98.4375,100,100,100,50,45.3125,100,100,59.375,100,100,100,100,54.6875,95.3125,92.1875,100,60.9375,89.0625,100,100,78.125,100,85.9375,100,89.0625,60.9375,100,37.5,93.75,100,100,51.5625,100,87.5,100,100,100,100,96.875,62.5,100,100,81.25,96.875,81.25,100,29.6875,100,70.3125,82.8125,78.125,42.1875,100,100,100,48.4375,100,100,100,79.6875,64.0625,96.875,100,100,67.1875,100,76.5625,23.4375,67.1875,100,100,76.5625,100,92.1875,100,90.625,100,92.1875,100,100,100,56.25,92.1875,100,100,100,68.75,48.4375,100,68.75,93.75,79.6875,100,60.9375,76.5625,100,17.1875,100,96.875,54.6875,100,65.625,71.875,85.9375,78.125,100,98.4375,100,59.375,100,100,70.3125,67.1875,100,100,67.1875,98.4375,100,67.1875,89.0625,100,100,100,100,100,100,21.875,100,78.125,75,78.125,53.125,100,87.5,57.8125,95.3125,100,35.9375,100,85.9375,100,100,100,70.3125,85.9375,100,100,54.6875,64.0625,95.3125,100,100,81.25,100,100,40.625,100,100,59.375,42.1875,100,35.9375,71.875,100,100,100,70.3125,100,100,100,100,100,100,93.75,100,100,100,90.625,100,100,100,100,64.0625,68.75,100,87.5,57.8125,31.25,100,70.3125,100,100,100,84.375,100,29.6875,100,39.0625,100,70.3125,70.3125,100,59.375,85.9375,100,100,100,100,100,100,100,100,100,65.625,84.375,35.9375,46.875,98.4375,65.625,93.75,46.875,73.4375,21.875,93.75,100,64.0625,84.375,100,78.125,100,78.125,100,100,100,46.875,100,100,79.6875,50,100,100,87.5,100,70.3125,100,96.875,90.625,100,100,100,100,81.25,100,100,59.375,76.5625,73.4375,62.5,100,100,100,100,100,100,100,78.125,100,82.8125,100,76.5625,100,100,100,100,81.25,100,93.75,96.875,85.9375,100,100,100,100,68.75,67.1875,100,84.375,34.375,100,95.3125,68.75,81.25,100,79.6875,85.9375,100,35.9375,100,96.875,100,93.75,64.0625,100,100,42.1875,100,100,95.3125,73.4375,90.625,37.5,85.9375,100,100,42.1875,65.625,17.1875,100,100,100,79.6875,100,100,100,100,100,84.375,100,65.625,100,89.0625,89.0625,100,85.9375,100,87.5,100,100,100,100,100,75,67.1875,100,93.75,100,100,84.375,45.3125,100,82.8125,100,68.75,100,79.6875,100,100,17.1875,96.875,100,81.25,100,100,100,65.625,100,100,56.25,65.625,100,93.75,100,70.3125,100,57.8125,70.3125,78.125,89.0625,93.75,100,100,100,100,100,100,57.8125,37.5,100,100,100,100,100,100,75,62.5,90.625,100,100,59.375,100,96.875,100,81.25,75,100,81.25,100,82.8125,96.875,100,67.1875,75,100,96.875,100,100,90.625,76.5625,100,39.0625,51.5625,76.5625,100,68.75,82.8125,100,100,100,100,51.5625,100,92.1875,35.9375,100,100,100,100,100,100,100,100,100,100,21.875,78.125,98.4375,59.375,62.5,65.625,100,48.4375,100,12.5,95.3125,81.25,100,73.4375,32.8125,100,100,90.625,100,89.0625,100,100,100,29.6875,100,50,89.0625,100,100,42.1875,100,18.75,65.625,28.125,100,78.125,89.0625,53.125,100,35.9375,100,100,100,18.75,68.75,68.75,100,73.4375,100,100,100,100,100,65.625,68.75,62.5,89.0625,68.75,100,100,79.6875,81.25,92.1875,67.1875,60.9375,50,100,100,68.75,90.625,100,75,42.1875,100,39.0625,93.75,100,92.1875,100,100,42.1875,76.5625,90.625,73.4375,100,100,73.4375,82.8125,100,81.25,100,85.9375,79.6875,100,93.75,68.75,100,95.3125,82.8125,57.8125,100,100,65.625,60.9375,100,93.75,59.375,93.75,100,89.0625,100,100,100,100,93.75,56.25,100,100,100,89.0625,98.4375,42.1875,100,95.3125,64.0625,29.6875,89.0625,84.375,100,100,76.5625,67.1875,79.6875,35.9375,42.1875,89.0625,100,76.5625,60.9375,60.9375,100,76.5625,92.1875,96.875,92.1875,89.0625,100,31.25,87.5,100,100,90.625,100,70.3125,100,100,100,84.375,82.8125,68.75,95.3125,92.1875,100,100,96.875,73.4375,37.5,100,100,100,96.875,100,81.25,100,100,71.875,62.5,100,85.9375,100,100,100,100,42.1875,45.3125,90.625,50,76.5625,67.1875,92.1875,100,100,100,84.375,100,100,73.4375,39.0625,84.375,100,73.4375,71.875,89.0625,92.1875,53.125,100,100,65.625,100,100,100,100,100,95.3125,93.75,100,64.0625,100,92.1875,100,100,100,95.3125,100,100,100,32.8125,100,78.125,100,100,84.375,100,79.6875,100,100,73.4375,73.4375,100,92.1875,100,76.5625,85.9375,75,100,100,78.125,100,100,68.75,43.75,100,100,92.1875,81.25,76.5625,98.4375,100,67.1875,100,100,100,100,40.625,100,100,81.25,35.9375,70.3125,100,85.9375,100,100,100,100,100,100,96.875,100,100,90.625,84.375,100,96.875,100,100,100,100,95.3125,100,100,100,95.3125,100,59.375,95.3125,93.75,100,75,100,95.3125,73.4375,92.1875,100,35.9375,14.0625,42.1875,100,100,100,100,29.6875,92.1875,81.25,100,100,100,39.0625,100,76.5625,100,100,100,87.5,100,100,100,79.6875,46.875,93.75,100,95.3125,76.5625,93.75,100,100,90.625,100,95.3125,100,54.6875,50,81.25,57.8125,82.8125,100,81.25,73.4375,100,68.75,100,81.25,89.0625,100,87.5,95.3125,62.5,62.5,1.5625,87.5,84.375,100,100,79.6875,100,100,100,100,89.0625,28.125,87.5,100,90.625,100,20.3125,84.375,100,90.625,100,100,100,79.6875,100,100,100,100,89.0625,96.875,100,100,100,100,100,100,100,100,100,100,100,59.375,100,100,96.875,81.25,70.3125,100,81.25,100,100,71.875,59.375,64.0625,100,100,90.625,18.75,100,85.9375,68.75,100,87.5,100,39.0625,98.4375,100,100,62.5,57.8125,100,90.625,100,100,89.0625,100,20.3125,84.375,78.125,65.625,100,100,87.5,100,100,57.8125,100,95.3125,89.0625,59.375,100,23.4375,40.625,100,95.3125,73.4375,100,70.3125,87.5,100,100,100,95.3125,100,42.1875,20.3125,100,100,100,100,100,100,100,100,89.0625,100,100,57.8125,100,100,100,79.6875,90.625,100,98.4375,100,100,87.5,73.4375,68.75,56.25,100,100,28.125,89.0625,89.0625,100,100,100,100,71.875,56.25,100,100,100,90.625,76.5625,100,68.75,100,100,26.5625,59.375,62.5,98.4375,79.6875,100,100,100,96.875,100,75,84.375,100,100,100,100,82.8125,100,100,100,100,100,100,53.125,100,28.125,84.375,65.625,100,98.4375,100,100,89.0625,100,28.125,51.5625,92.1875,100,54.6875,100,100,100,100,96.875,50,75,81.25,82.8125,100,43.75,100,70.3125,84.375,100,100,100,81.25,84.375,100,70.3125,100,87.5,23.4375,70.3125,100,18.75,100,54.6875,100,100,76.5625,100,100,100,42.1875,71.875,100,100,100,100,90.625,60.9375,40.625,51.5625,65.625,76.5625,92.1875,79.6875,54.6875,84.375,92.1875,48.4375,100,100,100,100,100,100,70.3125,68.75,100,100,100,100,70.3125,100,65.625,18.75,100,95.3125,65.625,100,54.6875,89.0625,87.5,100,75,96.875,100,20.3125,100,100,84.375,76.5625,100,67.1875,100,93.75,100,100,93.75,98.4375,46.875,100,100,85.9375,100,100,96.875,100,100,81.25,100,84.375,100,100,90.625,100,90.625,31.25,92.1875,100,89.0625,50,100,92.1875,100,17.1875,37.5,100,67.1875,75,100,32.8125,100,100,100,56.25,95.3125,96.875,59.375,100,100,100,93.75,32.8125,39.0625,62.5,70.3125,100,100,90.625,62.5,100,54.6875,32.8125,29.6875,100,93.75,60.9375,89.0625,100,76.5625,84.375,93.75,100,34.375,100,23.4375,100,100,62.5,93.75,100,100,96.875,100,45.3125,100,100,100,100,98.4375,100,100,28.125,100,100,100,100,57.8125,85.9375,100,100,81.25,92.1875,39.0625,100,100,81.25,100,100,100,79.6875,78.125,82.8125,100,84.375,100,100,100,100,100,84.375,60.9375,51.5625,100,100,100,100,100,100,100,29.6875,100,92.1875,95.3125,100,89.0625,92.1875,70.3125,100,90.625,89.0625,100,100,100,100,100,71.875,100,76.5625,73.4375,100,100,100,84.375,78.125,100,100,67.1875,48.4375,100,87.5,100,100,40.625,93.75,79.6875,84.375,100,70.3125,28.125,59.375,100,100,100,100,100,100,100,100,73.4375,100,100,93.75,100,10.9375,59.375,76.5625,81.25,100,100,21.875,100,95.3125,4.6875,31.25,18.75,56.25,100,100,100,48.4375,87.5,85.9375,100,100,90.625,81.25,100,100,100,100,100,100,73.4375,100,100,98.4375,100,100,84.375,100,100,23.4375,100,100,100,85.9375,81.25,26.5625,100,82.8125,100,100,100,100,81.25,100,56.25,100,100,62.5,100,70.3125,100,76.5625,73.4375,71.875,75,100,100,100,100,100,82.8125,78.125,100,95.3125,100,59.375,23.4375,84.375,100,92.1875,100,89.0625,81.25,100,85.9375,59.375,100,60.9375,100,71.875,50,100,90.625,100,20.3125,40.625,84.375,100,100,100,40.625,81.25,37.5,82.8125,100,100,100,59.375,100,100,68.75,4.6875,100,90.625,76.5625,85.9375,85.9375,100,90.625,98.4375,100,84.375,96.875,21.875,62.5,67.1875,71.875,39.0625,100,71.875,100,100,54.6875,100,98.4375,39.0625,100,89.0625,75,84.375,62.5,96.875,100,18.75,100,81.25,73.4375,100,87.5,85.9375,100,100,48.4375,54.6875,92.1875,100,85.9375,100,100,96.875,57.8125,57.8125,100,100,100,100,93.75,100,100,78.125,76.5625,65.625,76.5625,98.4375,62.5,100,100,81.25,100,100,100,98.4375,100,31.25,81.25,90.625,100,100,92.1875,54.6875,84.375,39.0625,100,100,56.25,40.625,96.875,81.25,100,100,73.4375,89.0625,89.0625,98.4375,100,100,65.625,67.1875,78.125,100,100,89.0625,85.9375,100,50,71.875,93.75,92.1875,100,87.5,78.125,56.25,12.5,100,71.875,59.375,82.8125,82.8125,70.3125,73.4375,39.0625,23.4375,93.75,54.6875,87.5,100,100,46.875,95.3125,100,82.8125,81.25,100,100,100,100,100,87.5,95.3125,79.6875,100,89.0625,100,100,71.875,68.75,43.75,29.6875,100,100,64.0625,100,100,98.4375,60.9375,46.875,89.0625,100,100,100,100,100,100,100,67.1875,60.9375,100,100,100,25,95.3125,100,40.625,100,45.3125,100,100,100,100,100,92.1875,92.1875,62.5,100,100,92.1875,100,73.4375,98.4375,100,100,100,64.0625,56.25,93.75,98.4375,100,100,35.9375,70.3125,37.5,100,100,100,100,100,100,51.5625,26.5625,100,73.4375,34.375,100,100,87.5,93.75,62.5,85.9375,100,100,100,93.75,75,100,75,75,21.875,79.6875,100,100,100,100,100,95.3125,100,100,95.3125,51.5625,96.875,64.0625,56.25,67.1875,100,25,42.1875,100,14.0625,54.6875,100,100,64.0625,92.1875,73.4375,89.0625,100,100,100,85.9375,87.5,100,100,87.5,100,39.0625,100,100,78.125,56.25,78.125,100,100,100,98.4375,100,100,84.375,64.0625,100,7.8125,60.9375,100,100,78.125,100,100,100,59.375,96.875,100,100,100,100,100,64.0625,67.1875,96.875,100,59.375,100,100,64.0625,100,100,45.3125,100,100,100,100,100,78.125,100,56.25,71.875,100,100,26.5625,70.3125,60.9375,100,53.125,62.5,100,79.6875,98.4375,96.875,100,79.6875,62.5,85.9375,62.5,62.5,100,100,100,46.875,84.375,29.6875,51.5625,84.375,100,100,82.8125,100,100,100,100,100,100,100,100,100,100,76.5625,31.25,100,46.875,100,92.1875,100,28.125,100,100,64.0625,57.8125,100,100,100,100,100,73.4375,100,100,65.625,100,100,65.625,100,62.5,100,100,100,89.0625,85.9375,100,64.0625,100,100,100,50,100,89.0625,71.875,35.9375,100,90.625,89.0625,93.75,81.25,82.8125,46.875,100,100,39.0625,10.9375,100,53.125,100,100,100,75,100,73.4375,100,100,100,100,62.5,100,76.5625,96.875,76.5625,95.3125,82.8125,100,100,100,64.0625,54.6875,100,100,96.875,78.125,100,100,100,60.9375,76.5625,100,93.75,20.3125,89.0625,92.1875,87.5,100,89.0625,100,84.375,100,100,71.875,100,82.8125,100,100,100,96.875,100,100,54.6875,68.75,51.5625,90.625,18.75,46.875,100,100,100,46.875,26.5625,100,100,100,100,100,79.6875,95.3125,75,100,98.4375,100,62.5,100,100,81.25,100,100,57.8125,100,51.5625,35.9375,81.25,100,71.875,54.6875,100,100,100,100,67.1875,100,100,100,48.4375,100,100,65.625,51.5625,100,100,59.375,93.75,76.5625,100,98.4375,79.6875,100,100,100,100,100,37.5,67.1875,73.4375,43.75,100,100,67.1875,100,100,67.1875,100,100,100,78.125,100,98.4375,100,100,100,100,57.8125,65.625,100,60.9375,100,43.75,100,56.25,90.625,100,100,81.25,100,45.3125,100,46.875,85.9375,70.3125,100,100,64.0625,100,92.1875,87.5,100,51.5625,54.6875,35.9375,100,100,100,100,100,67.1875,100,20.3125,100,71.875,84.375,71.875,100,64.0625,68.75,100,71.875,89.0625,20.3125,100,67.1875,100,28.125,28.125,100,100,100,100,25,67.1875,100,59.375,68.75,100,100,79.6875,93.75,81.25,81.25,60.9375,100,100,96.875,100,100,100,89.0625,100,100,79.6875,84.375,100,100,18.75,100,34.375,100,100,45.3125,100,46.875,100,81.25,68.75,100,51.5625,53.125,90.625,100,17.1875,85.9375,100,100,100,100,78.125,96.875,28.125,100,57.8125,100,84.375,100,78.125,68.75,28.125,100,98.4375,48.4375,68.75,100,100,70.3125,100,100,39.0625,100,62.5,100,100,100,84.375,100,70.3125,31.25,100,90.625,87.5,51.5625,70.3125,53.125,15.625,100,100,100,100,92.1875,84.375,57.8125,100,100,100,100,100,85.9375,62.5,100,92.1875,100,100,100,100,100,65.625,75,100,28.125,100,100,100,100,100,68.75,1.5625,100,82.8125,42.1875,100,93.75,100,100,100,100,100,100,100,84.375,15.625,100,7.8125,100,100,92.1875,100,89.0625,64.0625,100,57.8125,100,64.0625,100,100,100,76.5625,100,59.375,65.625,100,100,54.6875,100,100,46.875,100,98.4375,90.625,100,100,46.875,93.75,93.75,60.9375,28.125,93.75,89.0625,100,100,48.4375,100,43.75,100,70.3125,68.75,29.6875,89.0625,100,100,85.9375,100,92.1875,100,84.375,57.8125,100,79.6875,75,100,92.1875,90.625,81.25,53.125,100,100,96.875,82.8125,100,100,31.25,67.1875,95.3125,53.125,64.0625,100,100,60.9375,85.9375,100,82.8125,37.5,68.75,87.5,100,100,100,64.0625,100,60.9375,48.4375,100,73.4375,100,100,96.875,100,76.5625,100,54.6875,84.375,100,53.125,100,53.125,100,68.75,87.5,100,96.875,20.3125,60.9375,100,85.9375,100,100,96.875,100
"6068",87.5,100,40.625,100,100,79.6875,90.625,98.4375,21.875,98.4375,53.125,100,100,100,64.0625,76.5625,87.5,85.9375,100,100,93.75,98.4375,100,100,23.4375,100,100,89.0625,89.0625,100,100,100,100,93.75,100,96.875,84.375,100,100,96.875,82.8125,64.0625,85.9375,100,100,100,100,100,67.1875,87.5,75,100,100,78.125,84.375,100,14.0625,100,100,48.4375,85.9375,100,98.4375,84.375,100,100,73.4375,100,79.6875,100,57.8125,73.4375,100,100,57.8125,82.8125,100,59.375,50,100,78.125,100,85.9375,79.6875,100,23.4375,100,25,100,100,54.6875,82.8125,100,46.875,76.5625,48.4375,100,51.5625,100,100,76.5625,100,100,70.3125,100,32.8125,100,51.5625,85.9375,100,70.3125,67.1875,84.375,96.875,29.6875,100,100,100,92.1875,100,56.25,100,100,85.9375,100,37.5,100,18.75,100,100,100,100,64.0625,100,85.9375,64.0625,60.9375,78.125,100,100,100,100,46.875,46.875,100,100,93.75,100,60.9375,81.25,48.4375,39.0625,79.6875,93.75,96.875,98.4375,75,100,100,4.6875,100,100,75,100,89.0625,68.75,100,82.8125,48.4375,20.3125,84.375,71.875,100,65.625,100,100,90.625,100,100,50,100,100,100,67.1875,100,100,28.125,100,100,87.5,100,100,87.5,100,100,100,67.1875,62.5,100,100,21.875,100,96.875,100,100,100,100,100,78.125,100,35.9375,100,100,100,85.9375,78.125,50,89.0625,100,42.1875,96.875,75,100,84.375,100,53.125,100,100,60.9375,100,78.125,79.6875,100,100,100,100,90.625,60.9375,79.6875,100,100,100,100,87.5,100,48.4375,100,90.625,100,100,100,79.6875,23.4375,100,93.75,53.125,100,60.9375,100,90.625,100,98.4375,39.0625,100,53.125,95.3125,100,100,82.8125,100,54.6875,60.9375,100,100,96.875,65.625,53.125,100,67.1875,100,92.1875,100,100,100,100,100,29.6875,100,70.3125,89.0625,78.125,100,46.875,50,100,100,100,95.3125,70.3125,75,37.5,100,85.9375,75,100,85.9375,76.5625,37.5,89.0625,100,100,54.6875,29.6875,100,78.125,93.75,100,100,67.1875,40.625,89.0625,100,50,100,32.8125,62.5,87.5,68.75,100,65.625,87.5,100,75,82.8125,100,40.625,84.375,89.0625,59.375,100,100,82.8125,51.5625,100,67.1875,68.75,42.1875,100,100,73.4375,100,78.125,100,70.3125,71.875,100,100,70.3125,51.5625,84.375,85.9375,95.3125,100,100,42.1875,35.9375,20.3125,100,98.4375,100,100,100,100,78.125,90.625,100,95.3125,100,67.1875,100,81.25,82.8125,100,100,100,35.9375,100,100,87.5,92.1875,100,73.4375,100,100,100,70.3125,100,54.6875,82.8125,23.4375,100,100,100,100,100,18.75,42.1875,92.1875,68.75,73.4375,70.3125,100,95.3125,98.4375,100,84.375,39.0625,53.125,100,76.5625,64.0625,100,100,100,100,37.5,39.0625,100,96.875,100,82.8125,100,90.625,100,71.875,73.4375,37.5,100,100,100,100,93.75,100,81.25,100,100,100,100,84.375,93.75,93.75,100,100,100,84.375,73.4375,100,76.5625,100,100,71.875,68.75,81.25,100,100,64.0625,100,100,100,98.4375,100,34.375,82.8125,100,100,18.75,100,96.875,100,100,82.8125,100,82.8125,60.9375,82.8125,100,54.6875,100,65.625,73.4375,100,79.6875,78.125,31.25,48.4375,100,100,100,56.25,67.1875,75,100,100,100,85.9375,56.25,81.25,85.9375,100,100,82.8125,78.125,68.75,100,100,100,100,90.625,100,75,100,89.0625,100,59.375,54.6875,100,100,100,48.4375,100,51.5625,100,92.1875,100,84.375,71.875,100,82.8125,53.125,100,81.25,100,100,35.9375,48.4375,100,84.375,93.75,100,68.75,100,100,100,100,100,45.3125,64.0625,100,82.8125,93.75,100,71.875,100,100,100,65.625,42.1875,100,100,100,75,100,92.1875,98.4375,42.1875,96.875,100,67.1875,100,100,67.1875,100,100,100,100,98.4375,100,82.8125,100,64.0625,100,59.375,100,100,100,100,84.375,100,60.9375,95.3125,90.625,100,100,85.9375,92.1875,70.3125,85.9375,64.0625,100,59.375,100,100,78.125,100,67.1875,100,100,81.25,100,100,100,100,100,85.9375,100,60.9375,100,64.0625,100,84.375,79.6875,100,100,100,100,100,100,84.375,100,95.3125,100,100,26.5625,96.875,29.6875,60.9375,71.875,95.3125,100,100,100,93.75,92.1875,100,48.4375,6.25,21.875,54.6875,28.125,90.625,100,100,92.1875,100,85.9375,28.125,100,85.9375,54.6875,59.375,82.8125,35.9375,75,98.4375,76.5625,98.4375,92.1875,100,81.25,75,40.625,82.8125,95.3125,43.75,79.6875,100,96.875,100,100,100,100,31.25,100,45.3125,68.75,100,100,76.5625,68.75,59.375,46.875,100,46.875,100,100,100,100,100,100,56.25,100,75,87.5,84.375,100,100,68.75,100,100,100,39.0625,100,100,100,79.6875,100,100,100,100,100,84.375,68.75,100,100,100,82.8125,100,100,100,92.1875,100,100,70.3125,100,100,100,64.0625,100,100,35.9375,89.0625,100,81.25,37.5,68.75,100,100,65.625,81.25,100,100,100,81.25,31.25,32.8125,87.5,100,100,100,48.4375,57.8125,70.3125,67.1875,6.25,100,71.875,100,43.75,92.1875,48.4375,84.375,100,100,85.9375,100,100,98.4375,100,100,85.9375,98.4375,84.375,56.25,45.3125,100,100,59.375,100,100,100,100,57.8125,100,100,100,43.75,90.625,100,100,78.125,100,85.9375,100,87.5,65.625,100,39.0625,92.1875,100,100,56.25,100,56.25,39.0625,100,100,100,96.875,62.5,100,100,89.0625,90.625,100,100,34.375,100,70.3125,48.4375,79.6875,42.1875,100,100,100,50,100,100,90.625,84.375,60.9375,62.5,100,100,68.75,100,76.5625,9.375,67.1875,100,100,79.6875,100,87.5,100,93.75,100,92.1875,100,100,100,84.375,93.75,100,100,100,70.3125,51.5625,100,68.75,100,81.25,100,60.9375,64.0625,78.125,42.1875,100,60.9375,57.8125,68.75,65.625,70.3125,70.3125,79.6875,100,96.875,92.1875,59.375,100,100,73.4375,67.1875,100,100,100,98.4375,96.875,67.1875,98.4375,100,100,100,100,59.375,100,20.3125,100,78.125,93.75,100,45.3125,100,85.9375,53.125,93.75,100,35.9375,100,100,100,100,100,70.3125,64.0625,100,100,54.6875,64.0625,100,100,100,81.25,100,84.375,42.1875,100,100,62.5,12.5,100,37.5,100,100,100,100,68.75,100,100,100,100,100,100,93.75,98.4375,100,100,100,100,100,100,100,65.625,68.75,100,90.625,59.375,53.125,100,84.375,100,100,100,78.125,70.3125,29.6875,100,37.5,93.75,68.75,70.3125,100,31.25,84.375,100,100,100,93.75,100,100,100,100,100,60.9375,84.375,100,100,96.875,65.625,93.75,9.375,64.0625,37.5,100,100,40.625,84.375,100,78.125,100,76.5625,100,100,100,51.5625,100,100,81.25,51.5625,100,100,87.5,100,73.4375,100,96.875,98.4375,100,100,100,100,81.25,100,100,100,76.5625,65.625,65.625,100,100,100,100,100,100,100,84.375,100,78.125,29.6875,23.4375,82.8125,100,100,100,100,92.1875,93.75,100,90.625,100,100,100,100,67.1875,96.875,100,84.375,46.875,100,100,79.6875,82.8125,100,79.6875,100,100,34.375,100,71.875,100,96.875,67.1875,100,100,42.1875,100,100,84.375,87.5,89.0625,31.25,85.9375,100,100,81.25,71.875,15.625,100,100,100,84.375,100,100,100,100,93.75,100,100,65.625,87.5,89.0625,92.1875,100,90.625,100,87.5,100,100,87.5,100,100,76.5625,68.75,100,93.75,100,100,84.375,56.25,100,82.8125,100,64.0625,85.9375,100,100,100,67.1875,82.8125,87.5,79.6875,100,100,100,40.625,100,100,57.8125,65.625,100,93.75,100,84.375,100,29.6875,67.1875,76.5625,90.625,45.3125,71.875,100,100,100,100,100,57.8125,60.9375,100,100,100,100,100,100,98.4375,100,92.1875,100,100,73.4375,70.3125,92.1875,100,76.5625,75,100,100,100,85.9375,95.3125,100,65.625,75,100,54.6875,100,100,82.8125,79.6875,100,50,51.5625,46.875,100,70.3125,87.5,100,100,100,100,51.5625,100,93.75,37.5,100,98.4375,100,100,100,100,100,100,100,100,59.375,64.0625,100,59.375,100,70.3125,100,100,62.5,17.1875,95.3125,79.6875,100,100,32.8125,100,100,89.0625,100,78.125,100,100,100,31.25,100,40.625,100,100,100,100,100,18.75,71.875,100,100,95.3125,89.0625,51.5625,100,48.4375,100,100,100,100,60.9375,67.1875,100,73.4375,100,100,100,100,100,76.5625,68.75,59.375,89.0625,71.875,100,100,81.25,73.4375,90.625,67.1875,60.9375,50,100,92.1875,68.75,92.1875,100,65.625,37.5,100,43.75,100,100,93.75,100,100,100,100,100,73.4375,100,100,100,92.1875,100,90.625,100,85.9375,78.125,100,100,100,100,100,100,87.5,100,100,60.9375,62.5,100,93.75,68.75,100,100,89.0625,100,100,100,100,82.8125,48.4375,100,100,100,70.3125,100,42.1875,89.0625,95.3125,65.625,29.6875,87.5,89.0625,100,100,90.625,70.3125,78.125,35.9375,43.75,78.125,100,76.5625,60.9375,62.5,100,73.4375,92.1875,95.3125,100,90.625,100,43.75,75,93.75,62.5,100,100,81.25,100,100,100,84.375,92.1875,67.1875,78.125,89.0625,100,100,95.3125,73.4375,37.5,31.25,100,100,100,100,76.5625,100,100,73.4375,68.75,100,100,100,100,90.625,100,76.5625,48.4375,67.1875,46.875,75,59.375,92.1875,100,100,100,87.5,100,84.375,75,40.625,84.375,57.8125,76.5625,71.875,100,100,46.875,100,100,78.125,100,75,100,100,100,100,93.75,100,56.25,100,93.75,100,100,100,98.4375,100,100,100,95.3125,100,78.125,100,100,81.25,100,71.875,100,100,75,70.3125,100,93.75,100,76.5625,50,75,100,98.4375,78.125,100,100,92.1875,37.5,100,100,89.0625,82.8125,71.875,100,100,75,100,100,100,100,100,100,100,78.125,35.9375,70.3125,100,93.75,100,100,100,100,100,100,98.4375,100,100,89.0625,93.75,100,87.5,100,100,100,100,96.875,100,100,100,95.3125,100,50,100,93.75,62.5,100,100,95.3125,76.5625,87.5,100,18.75,14.0625,45.3125,100,100,100,68.75,34.375,76.5625,90.625,100,100,100,32.8125,100,81.25,100,100,100,78.125,100,100,100,100,40.625,96.875,100,100,79.6875,93.75,100,100,95.3125,100,95.3125,100,56.25,51.5625,81.25,100,68.75,92.1875,73.4375,71.875,100,100,100,100,90.625,100,95.3125,89.0625,59.375,90.625,1.5625,76.5625,82.8125,100,100,65.625,100,100,100,100,81.25,28.125,85.9375,100,81.25,100,20.3125,84.375,100,90.625,100,100,89.0625,100,100,100,100,100,90.625,100,100,100,100,100,100,95.3125,100,100,100,92.1875,100,23.4375,100,100,95.3125,81.25,64.0625,100,100,100,92.1875,71.875,56.25,71.875,100,100,73.4375,39.0625,100,81.25,70.3125,100,65.625,100,37.5,100,100,100,71.875,54.6875,100,70.3125,100,100,87.5,100,18.75,82.8125,84.375,64.0625,100,100,85.9375,100,100,89.0625,100,89.0625,90.625,59.375,100,25,54.6875,100,95.3125,76.5625,100,53.125,87.5,100,100,100,95.3125,48.4375,42.1875,18.75,100,100,100,100,87.5,100,100,100,100,100,95.3125,32.8125,100,100,100,82.8125,90.625,100,98.4375,100,100,87.5,96.875,64.0625,57.8125,100,100,100,65.625,98.4375,100,100,100,100,85.9375,51.5625,100,100,100,57.8125,76.5625,100,68.75,100,100,26.5625,59.375,62.5,98.4375,81.25,100,100,100,100,100,81.25,82.8125,98.4375,100,100,100,82.8125,98.4375,100,85.9375,100,100,100,48.4375,100,32.8125,87.5,100,100,56.25,100,100,90.625,100,28.125,60.9375,100,100,59.375,92.1875,100,100,100,98.4375,26.5625,81.25,68.75,78.125,100,35.9375,100,79.6875,82.8125,100,100,37.5,100,84.375,100,73.4375,100,92.1875,23.4375,70.3125,100,29.6875,100,56.25,100,100,75,100,100,100,68.75,75,100,90.625,100,100,92.1875,60.9375,53.125,75,65.625,70.3125,73.4375,100,56.25,85.9375,92.1875,43.75,100,100,100,100,100,100,68.75,79.6875,100,95.3125,100,32.8125,87.5,95.3125,100,28.125,100,100,65.625,100,57.8125,95.3125,100,100,73.4375,90.625,100,56.25,100,100,100,79.6875,100,67.1875,100,100,100,100,92.1875,98.4375,43.75,100,100,76.5625,100,71.875,100,100,100,81.25,100,79.6875,93.75,100,95.3125,100,92.1875,35.9375,96.875,100,95.3125,43.75,100,84.375,100,40.625,35.9375,100,60.9375,78.125,100,31.25,100,100,100,53.125,100,98.4375,57.8125,100,100,100,100,60.9375,39.0625,100,70.3125,100,100,89.0625,68.75,100,53.125,35.9375,100,100,100,59.375,89.0625,100,73.4375,84.375,95.3125,100,35.9375,100,31.25,100,100,65.625,65.625,98.4375,100,100,70.3125,37.5,100,100,100,100,81.25,100,100,62.5,79.6875,100,100,100,57.8125,67.1875,100,100,68.75,100,42.1875,100,40.625,45.3125,100,100,100,98.4375,84.375,81.25,100,90.625,100,100,100,100,100,84.375,62.5,53.125,92.1875,100,100,100,100,100,100,29.6875,90.625,95.3125,98.4375,100,89.0625,85.9375,67.1875,100,100,100,59.375,100,75,100,100,78.125,100,76.5625,79.6875,100,100,100,89.0625,64.0625,100,100,68.75,100,98.4375,62.5,100,100,35.9375,95.3125,81.25,75,100,85.9375,28.125,59.375,67.1875,100,100,18.75,100,100,100,100,78.125,100,100,92.1875,100,96.875,56.25,62.5,92.1875,100,100,20.3125,93.75,100,4.6875,37.5,71.875,9.375,100,100,100,65.625,92.1875,85.9375,100,100,90.625,81.25,100,100,100,100,100,100,73.4375,100,98.4375,98.4375,100,100,84.375,100,100,21.875,100,100,100,92.1875,81.25,100,87.5,81.25,100,100,96.875,100,87.5,100,67.1875,100,100,62.5,100,70.3125,100,78.125,75,70.3125,75,100,100,100,100,100,79.6875,78.125,100,100,100,60.9375,32.8125,100,100,92.1875,100,56.25,82.8125,100,87.5,59.375,100,95.3125,100,73.4375,50,100,89.0625,100,20.3125,40.625,84.375,100,100,100,37.5,64.0625,73.4375,84.375,100,100,100,59.375,100,100,68.75,4.6875,100,90.625,81.25,87.5,78.125,100,90.625,100,100,84.375,96.875,20.3125,65.625,73.4375,71.875,35.9375,100,79.6875,100,100,56.25,100,100,35.9375,100,89.0625,75,84.375,64.0625,89.0625,100,18.75,100,82.8125,73.4375,100,87.5,76.5625,100,100,48.4375,54.6875,90.625,100,78.125,100,100,98.4375,57.8125,56.25,100,100,100,100,95.3125,100,100,78.125,68.75,65.625,87.5,87.5,62.5,100,100,78.125,75,100,71.875,89.0625,92.1875,29.6875,100,100,100,100,100,57.8125,92.1875,43.75,100,100,57.8125,40.625,100,81.25,100,100,75,89.0625,100,98.4375,100,100,65.625,28.125,79.6875,100,100,100,100,100,56.25,73.4375,100,92.1875,100,76.5625,75,50,10.9375,100,71.875,60.9375,100,79.6875,64.0625,67.1875,57.8125,79.6875,93.75,54.6875,87.5,95.3125,100,62.5,67.1875,100,100,87.5,100,100,100,100,100,96.875,95.3125,87.5,100,95.3125,100,100,67.1875,73.4375,70.3125,65.625,100,100,100,100,100,98.4375,64.0625,43.75,90.625,100,100,100,100,100,100,100,100,65.625,100,100,100,78.125,93.75,100,40.625,100,43.75,100,100,100,89.0625,100,87.5,100,78.125,100,100,92.1875,100,73.4375,87.5,100,100,90.625,68.75,56.25,90.625,96.875,100,100,35.9375,76.5625,100,100,100,100,100,100,100,40.625,28.125,100,87.5,75,100,90.625,100,96.875,68.75,82.8125,100,100,71.875,98.4375,100,100,67.1875,75,21.875,84.375,100,100,100,100,100,100,98.4375,100,81.25,100,100,71.875,73.4375,65.625,100,26.5625,100,100,64.0625,54.6875,100,100,65.625,100,73.4375,89.0625,100,100,100,96.875,79.6875,85.9375,100,89.0625,100,39.0625,100,100,18.75,71.875,81.25,100,100,100,98.4375,100,100,84.375,64.0625,100,7.8125,68.75,100,100,79.6875,100,100,96.875,34.375,98.4375,100,100,98.4375,100,100,46.875,68.75,92.1875,100,59.375,100,82.8125,65.625,100,100,43.75,100,100,100,100,100,87.5,100,59.375,70.3125,76.5625,100,26.5625,76.5625,75,100,59.375,75,100,87.5,90.625,100,98.4375,76.5625,100,89.0625,100,67.1875,100,100,100,46.875,100,100,56.25,82.8125,100,100,81.25,100,89.0625,100,60.9375,100,100,98.4375,100,100,100,76.5625,35.9375,100,100,100,90.625,100,29.6875,100,14.0625,31.25,59.375,100,100,100,100,100,28.125,87.5,100,60.9375,100,100,81.25,100,57.8125,100,100,100,100,95.3125,100,62.5,20.3125,100,100,48.4375,100,68.75,100,35.9375,100,100,89.0625,100,92.1875,82.8125,53.125,100,100,45.3125,10.9375,100,53.125,100,100,100,68.75,100,75,100,100,100,100,29.6875,100,100,93.75,84.375,95.3125,100,100,60.9375,100,64.0625,92.1875,100,100,100,79.6875,100,100,100,64.0625,76.5625,100,84.375,37.5,93.75,92.1875,89.0625,100,81.25,93.75,100,100,85.9375,70.3125,100,82.8125,34.375,100,100,96.875,100,100,43.75,70.3125,59.375,89.0625,23.4375,45.3125,100,54.6875,100,46.875,100,100,100,71.875,100,70.3125,79.6875,95.3125,84.375,100,100,50,67.1875,100,100,81.25,53.125,100,57.8125,100,54.6875,54.6875,78.125,100,68.75,54.6875,100,100,100,100,65.625,100,100,100,48.4375,100,82.8125,65.625,46.875,100,100,56.25,90.625,76.5625,100,100,75,73.4375,100,100,100,100,40.625,100,73.4375,78.125,100,90.625,60.9375,100,100,85.9375,100,100,100,92.1875,100,98.4375,95.3125,100,100,100,79.6875,100,100,60.9375,100,85.9375,100,65.625,89.0625,100,100,76.5625,100,35.9375,100,53.125,100,92.1875,100,100,46.875,89.0625,90.625,98.4375,100,50,56.25,35.9375,100,100,100,100,100,81.25,100,14.0625,100,71.875,79.6875,71.875,100,79.6875,65.625,60.9375,73.4375,98.4375,18.75,100,76.5625,100,28.125,34.375,100,100,100,100,28.125,87.5,100,59.375,73.4375,100,100,75,96.875,82.8125,57.8125,68.75,95.3125,75,98.4375,60.9375,100,100,89.0625,100,95.3125,71.875,84.375,100,100,17.1875,100,34.375,100,100,45.3125,100,45.3125,100,82.8125,53.125,100,48.4375,46.875,85.9375,100,29.6875,85.9375,100,100,100,100,79.6875,96.875,21.875,100,62.5,100,100,100,78.125,60.9375,28.125,100,98.4375,9.375,68.75,100,100,89.0625,100,100,23.4375,100,64.0625,100,100,100,81.25,100,67.1875,35.9375,100,89.0625,89.0625,56.25,81.25,53.125,35.9375,100,100,82.8125,100,76.5625,84.375,65.625,100,100,100,100,100,84.375,59.375,100,95.3125,100,100,100,90.625,100,65.625,71.875,100,26.5625,59.375,100,100,100,100,67.1875,1.5625,100,100,28.125,100,71.875,100,100,100,100,100,100,100,82.8125,68.75,100,95.3125,100,100,100,100,98.4375,37.5,100,56.25,100,62.5,100,100,100,75,100,43.75,64.0625,100,100,85.9375,100,100,73.4375,100,98.4375,78.125,100,100,100,92.1875,98.4375,54.6875,31.25,100,100,100,54.6875,100,100,43.75,100,76.5625,73.4375,20.3125,71.875,100,100,70.3125,100,96.875,100,95.3125,56.25,100,65.625,68.75,100,89.0625,100,54.6875,59.375,100,100,96.875,87.5,100,95.3125,29.6875,71.875,90.625,100,71.875,100,100,87.5,76.5625,100,89.0625,37.5,68.75,100,100,100,100,56.25,100,59.375,46.875,100,78.125,100,100,100,62.5,64.0625,100,54.6875,87.5,100,53.125,100,54.6875,82.8125,75,100,98.4375,100,100,65.625,100,90.625,100,100,96.875,100
"6069",89.0625,100,50,100,100,84.375,89.0625,100,23.4375,98.4375,54.6875,100,100,100,76.5625,75,85.9375,92.1875,35.9375,100,95.3125,100,100,100,7.8125,100,100,95.3125,82.8125,100,100,100,100,100,100,96.875,84.375,100,100,100,90.625,64.0625,84.375,100,100,75,100,100,70.3125,50,75,100,100,70.3125,100,98.4375,6.25,100,100,42.1875,85.9375,78.125,98.4375,21.875,100,100,59.375,100,59.375,100,57.8125,81.25,100,87.5,64.0625,79.6875,100,50,51.5625,100,71.875,78.125,68.75,79.6875,100,100,100,26.5625,100,100,56.25,82.8125,100,46.875,56.25,89.0625,100,53.125,100,100,75,100,100,70.3125,100,28.125,100,100,85.9375,100,67.1875,73.4375,100,100,29.6875,100,100,100,100,100,89.0625,100,100,73.4375,93.75,37.5,100,18.75,100,100,100,100,64.0625,71.875,92.1875,65.625,56.25,76.5625,100,100,100,100,48.4375,48.4375,100,100,92.1875,100,28.125,84.375,29.6875,39.0625,79.6875,92.1875,95.3125,100,73.4375,100,100,6.25,100,100,87.5,100,89.0625,70.3125,40.625,87.5,57.8125,56.25,76.5625,71.875,100,67.1875,100,95.3125,84.375,100,100,100,100,92.1875,100,70.3125,96.875,64.0625,29.6875,100,100,92.1875,100,100,87.5,100,100,100,89.0625,54.6875,100,100,42.1875,92.1875,96.875,100,100,100,100,100,75,100,40.625,100,78.125,93.75,85.9375,78.125,35.9375,84.375,100,56.25,60.9375,75,43.75,68.75,100,53.125,100,100,100,100,79.6875,75,100,100,100,100,92.1875,60.9375,89.0625,93.75,100,100,100,89.0625,100,46.875,90.625,89.0625,100,50,100,78.125,50,100,100,59.375,100,60.9375,100,100,100,98.4375,37.5,93.75,81.25,95.3125,100,100,100,100,59.375,57.8125,100,82.8125,75,60.9375,53.125,100,62.5,100,89.0625,100,100,100,100,100,34.375,100,100,95.3125,79.6875,100,45.3125,56.25,100,100,95.3125,90.625,68.75,75,37.5,100,87.5,84.375,100,84.375,100,42.1875,90.625,100,100,56.25,32.8125,100,75,93.75,100,100,67.1875,37.5,89.0625,100,50,100,81.25,60.9375,100,67.1875,100,65.625,87.5,100,76.5625,89.0625,100,40.625,100,87.5,100,100,100,82.8125,50,68.75,100,68.75,42.1875,100,87.5,70.3125,100,78.125,100,60.9375,70.3125,100,100,70.3125,53.125,90.625,85.9375,81.25,100,100,84.375,50,21.875,100,98.4375,100,100,100,92.1875,81.25,81.25,100,96.875,100,67.1875,100,64.0625,76.5625,100,100,100,71.875,95.3125,100,60.9375,92.1875,100,73.4375,100,100,100,64.0625,100,46.875,100,17.1875,100,100,100,100,100,12.5,40.625,100,70.3125,79.6875,64.0625,90.625,100,89.0625,100,96.875,39.0625,54.6875,100,75,65.625,100,100,100,100,34.375,45.3125,100,98.4375,100,82.8125,100,82.8125,100,82.8125,75,43.75,100,100,100,100,93.75,82.8125,73.4375,100,100,100,100,100,93.75,92.1875,100,100,100,82.8125,71.875,100,65.625,60.9375,100,68.75,68.75,81.25,100,59.375,73.4375,100,100,100,95.3125,76.5625,32.8125,75,100,100,14.0625,100,98.4375,100,100,71.875,92.1875,100,60.9375,82.8125,100,50,100,48.4375,65.625,100,78.125,78.125,18.75,40.625,100,100,100,51.5625,75,81.25,100,100,100,84.375,73.4375,100,84.375,100,100,79.6875,78.125,68.75,100,100,100,100,100,100,100,100,89.0625,71.875,57.8125,57.8125,100,100,98.4375,50,100,51.5625,100,93.75,100,84.375,71.875,100,79.6875,82.8125,95.3125,75,100,100,35.9375,100,100,85.9375,93.75,100,70.3125,100,100,100,100,93.75,48.4375,100,100,79.6875,100,100,71.875,90.625,100,100,65.625,39.0625,100,100,100,60.9375,100,85.9375,98.4375,42.1875,71.875,100,68.75,100,100,71.875,100,100,100,100,98.4375,100,73.4375,100,60.9375,100,59.375,100,100,100,100,81.25,100,67.1875,96.875,100,100,100,93.75,43.75,100,57.8125,59.375,100,73.4375,100,100,78.125,100,73.4375,100,100,100,100,100,100,100,73.4375,82.8125,100,60.9375,100,100,100,71.875,85.9375,100,100,100,100,100,100,100,100,95.3125,100,100,26.5625,96.875,70.3125,43.75,70.3125,85.9375,100,100,100,92.1875,92.1875,100,46.875,6.25,82.8125,50,28.125,98.4375,100,100,100,100,100,32.8125,100,84.375,53.125,59.375,48.4375,42.1875,73.4375,98.4375,78.125,87.5,93.75,50,82.8125,71.875,40.625,81.25,95.3125,46.875,90.625,100,100,100,100,100,100,32.8125,100,43.75,68.75,100,100,73.4375,62.5,60.9375,46.875,100,50,100,100,100,100,100,100,62.5,100,70.3125,90.625,82.8125,100,100,71.875,100,100,100,34.375,100,84.375,100,82.8125,100,100,100,100,100,82.8125,65.625,100,100,100,85.9375,100,100,100,89.0625,100,100,70.3125,100,100,100,64.0625,100,100,35.9375,87.5,100,81.25,39.0625,78.125,98.4375,100,95.3125,100,100,96.875,57.8125,100,42.1875,29.6875,82.8125,34.375,100,93.75,51.5625,100,75,68.75,7.8125,100,100,40.625,43.75,82.8125,48.4375,84.375,100,100,76.5625,100,100,76.5625,100,100,93.75,100,100,67.1875,45.3125,100,100,82.8125,100,100,100,100,56.25,84.375,98.4375,100,35.9375,85.9375,100,100,78.125,32.8125,85.9375,100,68.75,68.75,100,42.1875,92.1875,100,100,53.125,100,50,100,100,100,100,96.875,62.5,100,100,82.8125,100,79.6875,100,29.6875,100,70.3125,79.6875,79.6875,100,100,100,100,67.1875,100,100,89.0625,82.8125,64.0625,100,100,100,73.4375,100,76.5625,60.9375,67.1875,100,100,78.125,100,92.1875,100,96.875,93.75,100,100,100,14.0625,71.875,92.1875,100,100,100,65.625,56.25,100,68.75,100,76.5625,100,59.375,62.5,100,42.1875,100,87.5,57.8125,100,71.875,100,67.1875,84.375,100,96.875,98.4375,57.8125,100,100,73.4375,67.1875,100,100,100,98.4375,67.1875,73.4375,95.3125,100,100,100,100,56.25,100,20.3125,100,79.6875,100,100,53.125,87.5,85.9375,59.375,100,100,35.9375,100,81.25,100,100,95.3125,70.3125,60.9375,100,100,53.125,76.5625,96.875,100,100,81.25,87.5,100,54.6875,100,100,35.9375,53.125,100,35.9375,67.1875,100,100,100,60.9375,100,100,100,100,100,95.3125,92.1875,100,100,100,100,100,75,100,100,57.8125,15.625,100,90.625,59.375,45.3125,100,71.875,100,67.1875,100,85.9375,100,29.6875,100,37.5,92.1875,68.75,70.3125,100,14.0625,85.9375,100,100,100,93.75,95.3125,70.3125,100,100,100,59.375,84.375,12.5,100,98.4375,100,95.3125,60.9375,71.875,73.4375,100,100,100,84.375,45.3125,65.625,100,100,100,85.9375,100,64.0625,84.375,100,82.8125,48.4375,100,100,85.9375,100,73.4375,100,96.875,89.0625,100,100,100,100,82.8125,95.3125,100,98.4375,76.5625,73.4375,68.75,100,100,100,100,100,100,100,100,100,82.8125,14.0625,31.25,100,100,100,100,100,93.75,93.75,100,92.1875,100,100,100,100,67.1875,95.3125,100,84.375,75,100,100,73.4375,42.1875,100,76.5625,100,71.875,35.9375,100,62.5,100,93.75,100,100,100,42.1875,100,100,76.5625,78.125,100,35.9375,76.5625,100,100,15.625,100,15.625,100,100,100,93.75,100,100,100,100,100,100,90.625,65.625,76.5625,90.625,100,100,89.0625,100,85.9375,100,100,90.625,100,100,75,60.9375,100,93.75,100,100,82.8125,59.375,100,82.8125,100,51.5625,100,43.75,100,100,100,90.625,100,81.25,100,100,100,62.5,100,100,67.1875,65.625,100,96.875,100,82.8125,100,28.125,84.375,76.5625,98.4375,100,50,100,100,100,100,100,59.375,98.4375,100,100,100,100,100,100,76.5625,70.3125,93.75,100,100,56.25,100,96.875,100,40.625,75,100,100,100,87.5,96.875,81.25,67.1875,73.4375,100,98.4375,100,100,100,79.6875,100,45.3125,51.5625,76.5625,100,67.1875,82.8125,100,100,100,100,51.5625,100,93.75,37.5,100,100,100,100,100,100,100,65.625,100,100,100,60.9375,100,59.375,81.25,75,100,100,100,14.0625,95.3125,76.5625,100,100,32.8125,100,100,89.0625,100,100,100,100,100,32.8125,100,59.375,85.9375,100,100,100,100,18.75,75,100,100,95.3125,89.0625,53.125,100,50,100,100,100,100,60.9375,68.75,100,73.4375,100,100,100,100,100,64.0625,68.75,59.375,89.0625,68.75,100,100,79.6875,84.375,92.1875,67.1875,62.5,54.6875,100,76.5625,65.625,93.75,100,59.375,37.5,100,90.625,84.375,100,92.1875,100,100,75,84.375,100,73.4375,100,100,100,100,100,93.75,100,87.5,79.6875,100,100,65.625,100,98.4375,100,57.8125,100,98.4375,100,60.9375,100,23.4375,100,100,100,89.0625,100,100,100,100,89.0625,56.25,100,100,100,76.5625,100,42.1875,96.875,100,64.0625,29.6875,89.0625,31.25,100,100,95.3125,65.625,78.125,37.5,43.75,100,100,76.5625,60.9375,60.9375,100,76.5625,87.5,95.3125,98.4375,90.625,100,42.1875,100,62.5,54.6875,100,100,82.8125,100,100,100,79.6875,93.75,68.75,84.375,92.1875,100,100,100,73.4375,35.9375,31.25,100,100,90.625,100,81.25,100,100,73.4375,79.6875,100,67.1875,100,100,100,100,76.5625,45.3125,76.5625,50,76.5625,65.625,92.1875,100,100,100,87.5,100,100,64.0625,39.0625,82.8125,100,75,73.4375,100,98.4375,57.8125,100,100,100,100,100,100,87.5,93.75,76.5625,93.75,100,39.0625,100,90.625,100,100,100,90.625,100,100,100,82.8125,81.25,100,100,100,82.8125,100,71.875,100,100,70.3125,87.5,100,89.0625,57.8125,75,59.375,75,100,98.4375,81.25,100,95.3125,95.3125,46.875,100,100,95.3125,79.6875,76.5625,100,100,81.25,100,100,100,100,100,45.3125,100,78.125,39.0625,70.3125,100,93.75,100,100,100,100,100,100,82.8125,100,100,89.0625,96.875,100,89.0625,100,100,100,100,95.3125,100,100,100,73.4375,100,53.125,100,92.1875,100,89.0625,100,95.3125,78.125,92.1875,100,35.9375,20.3125,48.4375,100,100,100,100,32.8125,89.0625,100,100,100,100,31.25,100,70.3125,100,100,100,100,100,100,100,100,40.625,95.3125,100,100,21.875,100,100,100,89.0625,100,95.3125,53.125,51.5625,53.125,78.125,100,82.8125,40.625,81.25,73.4375,100,82.8125,100,96.875,90.625,100,85.9375,95.3125,57.8125,67.1875,4.6875,87.5,82.8125,100,100,34.375,100,100,100,100,84.375,29.6875,100,100,93.75,100,20.3125,84.375,100,95.3125,100,100,100,81.25,100,100,100,95.3125,87.5,71.875,100,100,100,96.875,100,68.75,100,100,100,100,100,59.375,100,100,95.3125,75,65.625,100,100,100,87.5,71.875,56.25,64.0625,100,100,96.875,100,100,89.0625,68.75,100,62.5,100,67.1875,98.4375,100,100,62.5,56.25,79.6875,93.75,100,100,89.0625,100,20.3125,84.375,71.875,59.375,57.8125,100,85.9375,42.1875,100,95.3125,100,95.3125,90.625,54.6875,100,23.4375,53.125,100,95.3125,78.125,100,57.8125,87.5,100,100,100,95.3125,100,42.1875,18.75,100,100,100,100,100,100,100,100,100,100,89.0625,75,100,100,100,81.25,92.1875,100,100,100,100,85.9375,96.875,68.75,56.25,100,100,100,84.375,96.875,100,100,98.4375,100,79.6875,51.5625,100,100,100,46.875,76.5625,100,71.875,100,100,28.125,59.375,62.5,89.0625,78.125,100,100,100,98.4375,100,84.375,78.125,100,100,100,100,79.6875,98.4375,100,100,100,100,100,46.875,100,26.5625,85.9375,100,100,100,100,100,90.625,76.5625,28.125,48.4375,100,100,57.8125,79.6875,100,100,100,100,10.9375,84.375,81.25,76.5625,100,35.9375,100,70.3125,84.375,100,100,14.0625,100,90.625,25,57.8125,100,92.1875,23.4375,68.75,100,17.1875,100,50,100,100,75,100,100,100,62.5,71.875,89.0625,84.375,100,100,92.1875,54.6875,45.3125,62.5,67.1875,54.6875,78.125,100,68.75,84.375,92.1875,39.0625,100,75,100,100,100,100,68.75,84.375,100,96.875,100,100,79.6875,93.75,50,53.125,100,100,65.625,100,54.6875,81.25,37.5,100,75,92.1875,62.5,34.375,100,100,64.0625,79.6875,100,67.1875,100,100,100,100,89.0625,98.4375,39.0625,100,100,85.9375,100,67.1875,100,92.1875,100,82.8125,100,84.375,84.375,100,42.1875,95.3125,92.1875,43.75,100,100,98.4375,43.75,100,56.25,100,28.125,35.9375,100,70.3125,76.5625,100,31.25,100,100,100,57.8125,100,98.4375,45.3125,100,100,100,90.625,62.5,37.5,100,70.3125,100,100,90.625,68.75,100,54.6875,35.9375,96.875,100,46.875,59.375,87.5,100,76.5625,85.9375,93.75,100,35.9375,100,67.1875,100,100,62.5,98.4375,87.5,100,100,100,42.1875,100,100,100,100,81.25,100,100,48.4375,84.375,100,100,100,56.25,67.1875,100,100,67.1875,100,43.75,100,46.875,64.0625,100,100,100,100,84.375,78.125,100,89.0625,100,100,96.875,100,100,81.25,32.8125,53.125,89.0625,100,100,93.75,100,100,90.625,29.6875,100,100,20.3125,100,90.625,85.9375,67.1875,100,93.75,100,62.5,100,84.375,100,100,68.75,100,76.5625,70.3125,100,100,54.6875,85.9375,62.5,100,100,67.1875,100,92.1875,65.625,100,100,100,95.3125,79.6875,73.4375,100,68.75,32.8125,57.8125,67.1875,100,71.875,100,100,87.5,100,100,73.4375,100,100,89.0625,100,96.875,54.6875,73.4375,100,100,100,26.5625,100,85.9375,4.6875,42.1875,100,56.25,100,100,100,71.875,90.625,81.25,100,100,84.375,82.8125,100,100,40.625,100,100,100,73.4375,100,98.4375,100,100,100,85.9375,100,100,26.5625,100,100,100,93.75,79.6875,96.875,100,82.8125,100,100,100,100,87.5,100,60.9375,100,100,62.5,100,67.1875,100,75,73.4375,70.3125,71.875,100,100,100,100,100,81.25,75,100,100,92.1875,50,25,82.8125,100,90.625,100,59.375,82.8125,100,87.5,59.375,100,100,100,71.875,51.5625,100,90.625,84.375,20.3125,40.625,92.1875,100,100,100,40.625,62.5,100,89.0625,100,100,100,59.375,100,100,65.625,4.6875,100,87.5,81.25,84.375,75,100,92.1875,100,100,89.0625,96.875,23.4375,65.625,79.6875,68.75,39.0625,100,76.5625,100,100,54.6875,100,100,34.375,100,78.125,75,85.9375,64.0625,100,100,18.75,100,92.1875,75,100,93.75,70.3125,100,100,48.4375,53.125,96.875,100,78.125,100,100,93.75,59.375,59.375,100,100,100,68.75,93.75,100,100,78.125,79.6875,64.0625,75,100,62.5,100,100,81.25,100,100,100,98.4375,100,34.375,71.875,100,100,100,98.4375,100,85.9375,39.0625,100,100,45.3125,40.625,50,81.25,75,32.8125,73.4375,89.0625,92.1875,96.875,100,100,67.1875,65.625,78.125,57.8125,100,100,100,100,51.5625,92.1875,100,68.75,100,85.9375,78.125,45.3125,26.5625,100,71.875,62.5,32.8125,81.25,64.0625,73.4375,68.75,23.4375,93.75,54.6875,87.5,79.6875,100,100,100,90.625,100,82.8125,100,100,23.4375,100,100,98.4375,95.3125,76.5625,100,92.1875,100,100,62.5,73.4375,42.1875,65.625,96.875,100,34.375,100,100,96.875,89.0625,56.25,92.1875,100,100,100,90.625,100,100,100,79.6875,53.125,100,100,100,100,93.75,100,40.625,100,50,100,100,82.8125,100,100,87.5,92.1875,85.9375,100,100,92.1875,100,62.5,100,100,100,100,64.0625,56.25,96.875,98.4375,100,100,35.9375,71.875,100,100,100,100,100,100,100,62.5,31.25,100,96.875,43.75,100,100,95.3125,96.875,70.3125,82.8125,100,100,96.875,100,100,100,75,76.5625,21.875,82.8125,100,100,100,100,100,100,100,100,100,100,93.75,68.75,95.3125,64.0625,100,25,81.25,100,18.75,57.8125,100,81.25,67.1875,100,84.375,89.0625,100,100,100,100,82.8125,75,100,84.375,100,40.625,100,100,81.25,56.25,81.25,100,100,100,98.4375,100,100,84.375,64.0625,100,7.8125,73.4375,100,95.3125,78.125,100,100,100,59.375,100,100,100,96.875,100,100,100,68.75,87.5,100,64.0625,100,100,64.0625,100,100,62.5,100,100,79.6875,100,100,93.75,100,57.8125,70.3125,43.75,100,29.6875,76.5625,9.375,100,57.8125,75,100,90.625,90.625,100,100,78.125,100,78.125,100,70.3125,100,100,100,46.875,100,89.0625,53.125,92.1875,100,100,79.6875,100,89.0625,100,100,100,100,100,100,100,100,75,40.625,28.125,76.5625,100,92.1875,100,28.125,100,14.0625,51.5625,59.375,100,100,100,100,100,10.9375,100,100,62.5,100,100,81.25,100,54.6875,100,100,100,100,90.625,100,54.6875,100,100,100,51.5625,20.3125,70.3125,100,35.9375,100,90.625,84.375,92.1875,85.9375,82.8125,57.8125,100,100,39.0625,10.9375,100,51.5625,100,100,100,73.4375,98.4375,73.4375,100,100,100,100,60.9375,100,100,96.875,98.4375,93.75,100,100,64.0625,100,64.0625,48.4375,100,100,100,75,100,100,100,60.9375,70.3125,100,87.5,100,85.9375,92.1875,100,100,98.4375,95.3125,95.3125,100,87.5,70.3125,100,79.6875,100,100,100,96.875,100,100,42.1875,70.3125,95.3125,90.625,18.75,45.3125,100,100,100,48.4375,42.1875,100,100,93.75,100,73.4375,78.125,96.875,84.375,100,100,100,62.5,100,100,82.8125,43.75,100,59.375,100,56.25,65.625,79.6875,100,70.3125,54.6875,100,100,100,100,48.4375,100,100,100,48.4375,100,100,98.4375,43.75,100,100,57.8125,92.1875,73.4375,100,96.875,70.3125,82.8125,100,100,100,100,42.1875,100,78.125,65.625,100,100,57.8125,100,100,96.875,100,100,100,79.6875,100,96.875,100,100,100,100,81.25,56.25,100,59.375,100,92.1875,100,54.6875,87.5,100,100,89.0625,100,35.9375,28.125,46.875,59.375,92.1875,100,100,82.8125,95.3125,92.1875,90.625,100,50,56.25,37.5,100,7.8125,100,100,100,79.6875,100,23.4375,100,76.5625,82.8125,70.3125,100,57.8125,68.75,65.625,70.3125,98.4375,18.75,100,84.375,100,28.125,29.6875,100,90.625,100,100,31.25,82.8125,96.875,59.375,60.9375,100,35.9375,75,100,82.8125,73.4375,71.875,70.3125,98.4375,100,60.9375,100,100,89.0625,100,100,73.4375,85.9375,100,100,18.75,100,34.375,100,100,43.75,100,46.875,100,81.25,48.4375,100,53.125,50,85.9375,100,29.6875,85.9375,100,100,100,100,79.6875,96.875,20.3125,100,73.4375,100,100,100,79.6875,82.8125,28.125,100,98.4375,50,67.1875,100,100,100,100,100,26.5625,100,81.25,100,100,100,73.4375,100,67.1875,39.0625,100,93.75,92.1875,46.875,85.9375,53.125,100,100,100,100,100,89.0625,84.375,65.625,100,100,100,62.5,100,79.6875,53.125,100,100,100,100,100,79.6875,87.5,64.0625,73.4375,100,26.5625,20.3125,100,100,100,100,67.1875,1.5625,96.875,26.5625,26.5625,100,79.6875,100,93.75,100,100,100,100,100,82.8125,85.9375,100,100,100,100,87.5,100,96.875,60.9375,100,59.375,100,68.75,100,100,100,73.4375,100,48.4375,64.0625,100,100,53.125,100,100,100,100,100,73.4375,76.5625,100,100,90.625,98.4375,60.9375,28.125,90.625,84.375,100,78.125,76.5625,100,43.75,100,75,67.1875,57.8125,100,100,100,93.75,100,100,100,96.875,59.375,100,67.1875,70.3125,100,85.9375,100,85.9375,54.6875,100,100,96.875,100,100,100,35.9375,68.75,95.3125,76.5625,64.0625,100,100,67.1875,89.0625,100,87.5,39.0625,75,43.75,100,100,100,54.6875,100,59.375,46.875,100,71.875,100,100,100,100,90.625,100,54.6875,100,100,51.5625,100,64.0625,81.25,81.25,81.25,100,100,43.75,62.5,100,100,100,100,100,100
"6070",89.0625,100,39.0625,100,85.9375,87.5,90.625,100,28.125,98.4375,54.6875,100,100,100,60.9375,43.75,87.5,84.375,100,100,93.75,100,100,100,15.625,100,100,93.75,82.8125,100,100,100,100,100,100,98.4375,82.8125,100,100,92.1875,78.125,64.0625,87.5,100,100,100,70.3125,100,68.75,87.5,75,100,100,68.75,39.0625,100,9.375,100,100,40.625,93.75,65.625,98.4375,100,100,95.3125,76.5625,100,73.4375,100,59.375,79.6875,100,100,60.9375,82.8125,100,50,54.6875,100,75,85.9375,85.9375,79.6875,100,100,100,34.375,100,100,56.25,84.375,100,48.4375,100,100,100,56.25,100,100,78.125,100,100,70.3125,37.5,14.0625,100,54.6875,85.9375,81.25,71.875,68.75,100,100,28.125,100,100,100,100,100,54.6875,100,100,87.5,98.4375,37.5,100,18.75,100,78.125,100,100,100,85.9375,90.625,65.625,60.9375,79.6875,100,100,100,100,43.75,57.8125,100,100,96.875,100,60.9375,84.375,48.4375,35.9375,79.6875,84.375,98.4375,100,76.5625,100,100,100,100,100,82.8125,100,87.5,70.3125,100,84.375,64.0625,100,82.8125,70.3125,100,68.75,100,100,89.0625,100,100,100,100,89.0625,37.5,100,96.875,14.0625,32.8125,100,100,87.5,100,100,87.5,100,100,100,92.1875,48.4375,100,100,23.4375,96.875,96.875,100,100,100,100,100,78.125,100,34.375,100,100,95.3125,82.8125,78.125,93.75,60.9375,100,40.625,67.1875,75,60.9375,92.1875,100,53.125,100,100,60.9375,100,82.8125,68.75,100,100,100,100,90.625,67.1875,78.125,100,100,100,100,76.5625,100,59.375,100,90.625,100,70.3125,100,76.5625,37.5,92.1875,96.875,60.9375,100,59.375,100,100,100,98.4375,39.0625,100,68.75,100,100,100,100,100,65.625,95.3125,100,100,81.25,45.3125,62.5,100,60.9375,100,92.1875,100,100,100,100,100,29.6875,98.4375,100,92.1875,79.6875,100,48.4375,57.8125,100,100,100,90.625,67.1875,75,57.8125,100,93.75,85.9375,100,85.9375,84.375,21.875,73.4375,100,100,57.8125,29.6875,100,100,93.75,100,100,71.875,40.625,87.5,100,67.1875,100,76.5625,60.9375,100,70.3125,100,73.4375,93.75,100,76.5625,82.8125,100,39.0625,100,90.625,92.1875,100,67.1875,79.6875,50,100,82.8125,68.75,40.625,100,100,73.4375,100,68.75,100,45.3125,71.875,100,95.3125,87.5,50,87.5,87.5,81.25,100,100,85.9375,96.875,23.4375,95.3125,98.4375,100,100,100,87.5,81.25,79.6875,100,98.4375,100,68.75,100,82.8125,79.6875,100,100,100,34.375,95.3125,100,62.5,92.1875,100,73.4375,100,100,100,70.3125,100,50,96.875,50,100,100,100,100,100,17.1875,40.625,100,73.4375,95.3125,70.3125,96.875,100,98.4375,100,90.625,39.0625,53.125,100,75,60.9375,100,100,100,100,29.6875,43.75,100,98.4375,100,82.8125,100,84.375,35.9375,75,82.8125,42.1875,100,100,100,100,93.75,95.3125,89.0625,100,100,100,100,84.375,93.75,96.875,100,100,100,82.8125,73.4375,100,73.4375,68.75,100,60.9375,65.625,87.5,100,65.625,70.3125,100,100,100,100,78.125,37.5,62.5,100,100,14.0625,100,100,100,100,76.5625,100,79.6875,71.875,82.8125,100,48.4375,100,46.875,64.0625,100,78.125,79.6875,39.0625,42.1875,100,100,100,51.5625,79.6875,76.5625,100,100,100,85.9375,57.8125,70.3125,82.8125,100,100,84.375,79.6875,68.75,100,100,100,100,100,100,100,57.8125,81.25,100,62.5,62.5,96.875,100,89.0625,48.4375,100,51.5625,100,98.4375,100,84.375,71.875,100,81.25,84.375,100,100,100,100,35.9375,68.75,100,85.9375,93.75,100,68.75,100,100,100,100,100,50,75,100,100,100,100,71.875,100,100,100,100,46.875,73.4375,100,100,75,100,92.1875,100,45.3125,73.4375,100,79.6875,100,100,70.3125,89.0625,100,100,100,100,100,75,100,65.625,100,64.0625,100,100,100,100,92.1875,100,81.25,95.3125,100,59.375,100,87.5,81.25,100,56.25,39.0625,100,98.4375,100,100,76.5625,100,73.4375,100,100,100,100,100,100,100,84.375,85.9375,100,51.5625,100,100,100,79.6875,84.375,35.9375,100,100,100,100,100,100,100,95.3125,100,21.875,32.8125,96.875,73.4375,78.125,67.1875,90.625,100,100,100,93.75,96.875,100,48.4375,6.25,100,76.5625,28.125,100,100,100,100,100,100,34.375,100,84.375,53.125,59.375,57.8125,59.375,70.3125,98.4375,76.5625,100,92.1875,62.5,84.375,76.5625,40.625,85.9375,95.3125,45.3125,81.25,100,100,100,100,100,100,75,100,43.75,68.75,100,100,67.1875,62.5,62.5,46.875,100,46.875,100,100,100,100,100,100,79.6875,100,73.4375,90.625,84.375,100,100,71.875,100,100,100,34.375,100,100,100,82.8125,100,100,100,100,100,100,67.1875,100,100,100,89.0625,100,100,100,93.75,100,100,70.3125,100,95.3125,100,62.5,100,100,35.9375,87.5,100,67.1875,57.8125,56.25,100,100,71.875,79.6875,100,100,84.375,76.5625,32.8125,34.375,89.0625,100,100,100,50,65.625,71.875,78.125,10.9375,100,100,26.5625,43.75,100,48.4375,82.8125,79.6875,100,100,79.6875,100,78.125,95.3125,100,89.0625,93.75,98.4375,76.5625,43.75,98.4375,100,78.125,100,100,100,100,56.25,100,90.625,100,37.5,90.625,46.875,100,79.6875,15.625,87.5,100,82.8125,68.75,100,40.625,93.75,100,100,60.9375,100,76.5625,100,98.4375,100,100,95.3125,62.5,95.3125,100,82.8125,68.75,100,100,34.375,100,70.3125,82.8125,79.6875,100,100,70.3125,100,53.125,100,100,89.0625,84.375,65.625,100,100,100,68.75,100,76.5625,56.25,64.0625,100,100,85.9375,100,95.3125,100,95.3125,98.4375,100,100,100,100,100,100,100,100,100,65.625,62.5,100,68.75,93.75,79.6875,100,60.9375,68.75,100,10.9375,100,100,57.8125,100,57.8125,82.8125,70.3125,81.25,100,98.4375,90.625,57.8125,100,100,73.4375,67.1875,100,100,100,98.4375,48.4375,71.875,87.5,100,100,95.3125,100,53.125,100,23.4375,100,79.6875,89.0625,100,50,100,78.125,59.375,95.3125,100,35.9375,100,81.25,100,100,96.875,70.3125,68.75,100,100,53.125,100,95.3125,100,100,82.8125,92.1875,92.1875,56.25,100,100,39.0625,84.375,100,35.9375,67.1875,100,100,100,57.8125,100,100,100,100,100,100,93.75,100,100,100,84.375,100,71.875,100,100,68.75,68.75,100,87.5,59.375,34.375,100,75,100,100,100,79.6875,100,29.6875,100,37.5,100,70.3125,70.3125,100,26.5625,85.9375,100,100,100,100,100,79.6875,100,100,100,39.0625,82.8125,100,100,98.4375,68.75,95.3125,100,54.6875,89.0625,92.1875,96.875,96.875,84.375,100,71.875,100,76.5625,100,84.375,100,50,100,100,78.125,71.875,100,100,84.375,100,67.1875,100,93.75,100,100,100,100,100,82.8125,95.3125,100,100,76.5625,70.3125,100,100,100,82.8125,100,100,100,100,73.4375,100,82.8125,23.4375,68.75,78.125,100,100,100,100,95.3125,100,100,93.75,100,100,96.875,100,64.0625,95.3125,100,81.25,75,100,100,71.875,82.8125,100,81.25,100,100,39.0625,100,71.875,100,100,71.875,100,100,40.625,100,100,82.8125,65.625,100,37.5,87.5,100,100,14.0625,93.75,17.1875,100,100,100,96.875,100,100,100,100,100,100,98.4375,62.5,100,92.1875,100,100,90.625,100,85.9375,100,100,65.625,100,100,75,42.1875,100,93.75,89.0625,100,82.8125,46.875,100,82.8125,100,51.5625,100,71.875,100,100,100,53.125,100,75,100,100,100,70.3125,100,100,56.25,65.625,100,93.75,100,84.375,100,31.25,70.3125,78.125,95.3125,100,42.1875,100,100,100,100,100,62.5,54.6875,100,100,75,100,100,100,68.75,100,92.1875,100,100,59.375,100,96.875,100,79.6875,75,100,100,100,85.9375,95.3125,100,82.8125,76.5625,54.6875,98.4375,100,100,100,82.8125,100,51.5625,51.5625,37.5,100,65.625,95.3125,100,78.125,100,100,51.5625,100,100,37.5,95.3125,100,100,100,100,100,100,100,100,100,23.4375,78.125,100,60.9375,31.25,68.75,100,100,100,12.5,95.3125,75,100,81.25,34.375,100,100,89.0625,100,89.0625,100,100,100,34.375,100,60.9375,81.25,100,100,100,100,18.75,73.4375,100,100,100,89.0625,51.5625,100,40.625,100,100,100,79.6875,60.9375,56.25,100,73.4375,100,89.0625,100,100,100,62.5,75,65.625,89.0625,70.3125,100,100,81.25,71.875,90.625,67.1875,60.9375,50,100,89.0625,67.1875,93.75,100,82.8125,37.5,100,42.1875,96.875,100,95.3125,100,100,100,93.75,90.625,73.4375,100,100,100,100,100,90.625,100,87.5,100,100,100,64.0625,100,100,100,78.125,100,100,62.5,62.5,100,100,76.5625,100,100,89.0625,100,100,100,100,85.9375,54.6875,100,100,100,78.125,100,42.1875,93.75,100,65.625,35.9375,89.0625,89.0625,100,100,96.875,70.3125,79.6875,35.9375,43.75,100,100,76.5625,62.5,76.5625,100,81.25,92.1875,95.3125,100,92.1875,100,37.5,100,73.4375,57.8125,100,100,85.9375,100,100,100,79.6875,89.0625,67.1875,75,93.75,100,100,100,73.4375,37.5,100,100,100,100,100,71.875,100,100,73.4375,81.25,100,82.8125,100,100,100,100,96.875,45.3125,59.375,50,76.5625,59.375,92.1875,100,100,100,87.5,100,35.9375,60.9375,40.625,90.625,100,71.875,73.4375,48.4375,98.4375,46.875,100,100,100,100,100,100,65.625,100,100,93.75,100,34.375,100,96.875,100,100,100,96.875,100,100,100,9.375,87.5,90.625,100,100,87.5,100,73.4375,100,100,71.875,73.4375,100,93.75,100,76.5625,53.125,75,100,100,79.6875,100,84.375,100,35.9375,100,100,93.75,81.25,78.125,100,100,59.375,100,100,100,100,100,100,100,75,34.375,71.875,100,78.125,100,71.875,100,100,100,100,100,100,100,89.0625,82.8125,100,78.125,100,100,100,100,100,100,100,100,89.0625,100,56.25,100,89.0625,100,100,100,95.3125,79.6875,92.1875,98.4375,23.4375,6.25,48.4375,100,100,100,100,32.8125,79.6875,100,100,100,100,42.1875,100,81.25,100,100,100,67.1875,100,100,100,100,40.625,87.5,100,100,57.8125,100,100,100,90.625,100,95.3125,100,70.3125,42.1875,79.6875,31.25,82.8125,87.5,76.5625,73.4375,100,98.4375,100,100,89.0625,93.75,87.5,95.3125,60.9375,71.875,100,87.5,82.8125,100,100,43.75,100,100,100,100,100,26.5625,100,100,95.3125,100,23.4375,82.8125,100,64.0625,100,100,100,82.8125,100,100,100,100,85.9375,85.9375,100,100,100,100,100,87.5,100,100,100,98.4375,37.5,59.375,100,37.5,96.875,82.8125,57.8125,100,100,100,95.3125,71.875,51.5625,71.875,100,100,70.3125,35.9375,100,90.625,71.875,100,64.0625,100,21.875,100,100,100,76.5625,59.375,100,84.375,100,100,85.9375,100,18.75,82.8125,75,48.4375,100,100,85.9375,100,100,92.1875,100,100,92.1875,70.3125,100,23.4375,43.75,100,95.3125,59.375,78.125,56.25,87.5,100,100,100,95.3125,100,42.1875,18.75,98.4375,100,100,100,92.1875,100,100,100,100,100,95.3125,59.375,100,100,100,82.8125,90.625,100,100,100,100,87.5,100,60.9375,53.125,100,100,26.5625,50,87.5,100,100,98.4375,100,78.125,53.125,100,100,100,57.8125,75,100,73.4375,56.25,100,26.5625,57.8125,62.5,93.75,84.375,100,100,100,75,100,81.25,15.625,100,100,100,100,82.8125,100,100,100,100,100,100,46.875,100,31.25,84.375,59.375,100,67.1875,100,100,84.375,100,31.25,59.375,100,100,57.8125,82.8125,100,100,100,100,39.0625,82.8125,98.4375,76.5625,100,39.0625,100,70.3125,85.9375,100,100,100,100,85.9375,100,53.125,100,100,29.6875,68.75,100,25,100,56.25,100,82.8125,75,100,100,100,68.75,79.6875,100,78.125,100,100,54.6875,35.9375,42.1875,100,71.875,64.0625,71.875,100,60.9375,84.375,92.1875,43.75,100,76.5625,100,100,100,100,70.3125,82.8125,100,92.1875,100,100,51.5625,95.3125,100,100,100,96.875,65.625,100,54.6875,81.25,100,100,75,96.875,85.9375,34.375,100,29.6875,100,71.875,100,67.1875,100,100,100,100,93.75,64.0625,26.5625,100,100,85.9375,100,65.625,100,100,100,81.25,100,82.8125,85.9375,100,81.25,100,93.75,48.4375,85.9375,100,100,54.6875,100,85.9375,100,40.625,35.9375,100,68.75,79.6875,100,31.25,100,100,100,57.8125,90.625,98.4375,56.25,100,100,100,92.1875,62.5,39.0625,35.9375,70.3125,100,100,87.5,62.5,100,53.125,37.5,100,100,71.875,59.375,87.5,100,76.5625,85.9375,93.75,100,100,100,100,100,100,64.0625,89.0625,100,100,100,100,46.875,100,100,100,100,87.5,100,100,93.75,85.9375,100,100,100,62.5,71.875,100,100,85.9375,100,43.75,100,51.5625,84.375,100,95.3125,100,100,87.5,68.75,100,90.625,100,100,100,100,100,79.6875,20.3125,56.25,100,100,100,100,100,100,92.1875,32.8125,100,90.625,25,100,92.1875,89.0625,45.3125,100,34.375,100,70.3125,67.1875,59.375,100,100,92.1875,100,76.5625,75,100,100,100,87.5,84.375,100,100,67.1875,100,100,65.625,100,100,35.9375,93.75,81.25,100,100,67.1875,32.8125,59.375,67.1875,100,84.375,100,100,100,100,100,73.4375,100,100,92.1875,100,98.4375,56.25,57.8125,100,100,100,21.875,65.625,92.1875,4.6875,46.875,100,10.9375,100,100,100,82.8125,92.1875,82.8125,96.875,100,95.3125,81.25,100,100,25,100,100,100,73.4375,100,98.4375,100,100,100,84.375,100,100,31.25,100,100,100,96.875,81.25,100,85.9375,90.625,100,100,81.25,100,89.0625,100,70.3125,100,100,59.375,100,70.3125,100,78.125,68.75,70.3125,75,100,23.4375,100,100,100,100,85.9375,100,95.3125,85.9375,59.375,23.4375,100,100,90.625,100,64.0625,81.25,100,85.9375,62.5,100,100,90.625,73.4375,50,100,92.1875,100,71.875,40.625,82.8125,100,100,100,34.375,64.0625,100,82.8125,79.6875,100,100,59.375,100,100,67.1875,6.25,100,96.875,78.125,71.875,79.6875,100,90.625,100,100,90.625,96.875,23.4375,65.625,81.25,70.3125,39.0625,100,76.5625,100,100,54.6875,100,100,37.5,100,87.5,75,89.0625,62.5,95.3125,100,17.1875,100,100,71.875,100,93.75,75,100,100,37.5,56.25,93.75,100,81.25,100,68.75,100,64.0625,57.8125,100,100,100,100,95.3125,100,100,79.6875,76.5625,65.625,70.3125,100,62.5,100,100,79.6875,95.3125,100,96.875,100,100,26.5625,100,96.875,100,100,100,39.0625,90.625,39.0625,100,100,42.1875,40.625,100,81.25,59.375,53.125,75,89.0625,100,98.4375,100,100,67.1875,67.1875,78.125,100,100,100,100,100,85.9375,82.8125,100,62.5,100,67.1875,100,48.4375,12.5,100,71.875,64.0625,100,76.5625,62.5,75,62.5,25,93.75,54.6875,100,53.125,100,100,100,100,96.875,81.25,45.3125,100,100,100,100,100,95.3125,79.6875,100,93.75,100,100,81.25,95.3125,46.875,64.0625,98.4375,100,12.5,100,100,100,100,42.1875,87.5,100,100,100,82.8125,100,100,100,95.3125,100,100,96.875,100,100,93.75,100,40.625,100,43.75,96.875,95.3125,100,100,100,92.1875,90.625,85.9375,100,100,92.1875,100,45.3125,98.4375,100,100,100,68.75,59.375,96.875,100,100,100,39.0625,78.125,100,100,100,100,100,100,100,59.375,28.125,100,79.6875,100,100,100,98.4375,95.3125,15.625,87.5,100,100,100,100,100,100,75,76.5625,26.5625,81.25,100,100,100,100,100,100,100,100,100,43.75,93.75,70.3125,65.625,29.6875,100,25,95.3125,100,28.125,54.6875,100,87.5,50,100,71.875,87.5,100,100,100,100,82.8125,100,100,76.5625,100,29.6875,100,100,76.5625,71.875,75,100,100,100,98.4375,100,100,85.9375,65.625,100,7.8125,98.4375,100,100,79.6875,100,100,100,59.375,100,100,100,95.3125,100,100,100,70.3125,100,79.6875,60.9375,100,95.3125,64.0625,100,100,62.5,100,100,95.3125,100,100,90.625,100,56.25,70.3125,39.0625,100,26.5625,71.875,10.9375,100,56.25,42.1875,100,90.625,100,100,100,78.125,46.875,82.8125,100,100,100,100,100,46.875,100,84.375,62.5,92.1875,73.4375,100,78.125,100,96.875,100,100,100,100,100,65.625,100,87.5,75,35.9375,100,60.9375,100,92.1875,100,26.5625,100,14.0625,45.3125,59.375,32.8125,100,100,100,90.625,75,100,100,68.75,100,100,79.6875,100,50,100,100,100,100,96.875,100,51.5625,100,100,95.3125,50,100,71.875,100,35.9375,100,100,89.0625,100,93.75,100,60.9375,100,100,37.5,10.9375,100,53.125,26.5625,100,100,73.4375,96.875,65.625,100,100,100,100,60.9375,100,100,95.3125,76.5625,93.75,50,100,64.0625,100,64.0625,56.25,100,100,90.625,78.125,100,100,100,62.5,79.6875,100,90.625,90.625,100,92.1875,98.4375,100,92.1875,90.625,92.1875,100,84.375,71.875,100,81.25,100,100,100,96.875,100,100,39.0625,35.9375,96.875,90.625,43.75,43.75,100,100,100,48.4375,31.25,100,100,79.6875,100,68.75,78.125,96.875,78.125,100,100,100,68.75,100,100,82.8125,53.125,100,57.8125,100,57.8125,56.25,81.25,100,90.625,54.6875,48.4375,100,100,100,73.4375,100,100,100,48.4375,100,100,64.0625,100,100,100,57.8125,93.75,62.5,100,100,71.875,71.875,100,100,100,100,40.625,100,78.125,25,100,100,70.3125,100,100,98.4375,100,100,100,92.1875,100,89.0625,100,100,100,100,68.75,60.9375,100,56.25,100,84.375,100,60.9375,95.3125,100,100,87.5,100,35.9375,28.125,42.1875,93.75,81.25,100,100,100,93.75,84.375,100,100,95.3125,56.25,37.5,100,100,100,100,100,81.25,100,34.375,100,71.875,93.75,71.875,100,84.375,67.1875,90.625,70.3125,89.0625,21.875,100,81.25,100,28.125,39.0625,100,100,100,100,26.5625,68.75,93.75,56.25,68.75,100,100,79.6875,92.1875,75,57.8125,70.3125,60.9375,100,100,64.0625,100,100,89.0625,100,100,79.6875,84.375,100,100,17.1875,100,34.375,100,100,45.3125,100,46.875,100,82.8125,48.4375,100,48.4375,53.125,82.8125,100,29.6875,85.9375,100,100,100,100,73.4375,100,18.75,100,71.875,100,96.875,100,81.25,82.8125,29.6875,100,98.4375,48.4375,65.625,100,100,100,100,100,20.3125,100,79.6875,100,100,100,84.375,100,57.8125,43.75,100,95.3125,92.1875,51.5625,92.1875,51.5625,100,100,100,100,100,89.0625,100,54.6875,100,100,100,100,100,81.25,48.4375,100,96.875,100,100,100,100,100,67.1875,100,100,26.5625,43.75,100,100,100,100,68.75,1.5625,96.875,7.8125,31.25,100,75,100,67.1875,100,96.875,100,100,100,84.375,89.0625,100,100,100,100,84.375,100,96.875,43.75,100,57.8125,100,59.375,100,98.4375,92.1875,75,100,56.25,64.0625,100,100,53.125,100,100,92.1875,100,100,90.625,100,100,75,92.1875,95.3125,53.125,31.25,100,90.625,100,100,100,100,40.625,100,60.9375,73.4375,32.8125,100,100,100,81.25,100,100,100,90.625,59.375,100,67.1875,68.75,100,59.375,65.625,57.8125,54.6875,100,100,96.875,79.6875,100,100,31.25,67.1875,100,46.875,64.0625,100,100,64.0625,82.8125,100,87.5,37.5,60.9375,9.375,100,100,100,43.75,100,59.375,45.3125,100,100,100,100,100,100,64.0625,100,54.6875,100,100,51.5625,100,59.375,84.375,62.5,78.125,100,87.5,34.375,57.8125,100,90.625,100,100,85.9375,100
"6071",89.0625,100,39.0625,100,100,85.9375,92.1875,89.0625,23.4375,98.4375,60.9375,100,100,100,79.6875,76.5625,87.5,79.6875,100,100,93.75,100,100,100,29.6875,100,100,100,87.5,100,53.125,100,100,95.3125,100,93.75,81.25,100,100,90.625,48.4375,65.625,98.4375,100,100,100,100,100,67.1875,87.5,75,100,100,70.3125,100,100,6.25,100,100,40.625,87.5,51.5625,98.4375,100,100,84.375,64.0625,100,79.6875,100,59.375,73.4375,100,100,78.125,84.375,100,50,51.5625,100,75,100,84.375,79.6875,100,100,100,40.625,100,100,56.25,84.375,100,48.4375,79.6875,85.9375,100,57.8125,100,100,78.125,98.4375,100,70.3125,73.4375,26.5625,84.375,51.5625,82.8125,100,68.75,71.875,100,100,37.5,100,100,100,95.3125,100,67.1875,100,100,98.4375,98.4375,37.5,100,18.75,100,100,100,100,62.5,100,92.1875,65.625,56.25,79.6875,100,100,100,100,43.75,50,100,100,100,100,59.375,84.375,57.8125,34.375,79.6875,92.1875,95.3125,95.3125,76.5625,100,100,100,100,100,76.5625,100,82.8125,71.875,100,82.8125,62.5,100,81.25,78.125,100,57.8125,100,100,84.375,100,100,100,92.1875,89.0625,100,71.875,100,100,31.25,53.125,100,87.5,100,100,87.5,100,100,100,82.8125,48.4375,100,89.0625,26.5625,100,96.875,100,100,100,100,100,73.4375,100,32.8125,98.4375,100,93.75,84.375,78.125,100,50,100,46.875,100,73.4375,35.9375,100,100,53.125,100,100,67.1875,100,82.8125,100,100,100,100,100,93.75,59.375,79.6875,100,100,100,100,100,100,60.9375,92.1875,90.625,100,43.75,100,81.25,76.5625,100,100,60.9375,100,75,100,100,100,98.4375,40.625,85.9375,29.6875,100,100,98.4375,100,100,65.625,57.8125,100,100,90.625,67.1875,56.25,76.5625,67.1875,100,78.125,100,73.4375,100,100,100,29.6875,98.4375,81.25,89.0625,81.25,100,53.125,56.25,100,100,100,85.9375,64.0625,75,34.375,100,59.375,87.5,100,82.8125,76.5625,15.625,90.625,100,100,57.8125,29.6875,100,60.9375,93.75,81.25,100,75,40.625,89.0625,100,50,100,78.125,57.8125,100,67.1875,100,68.75,85.9375,70.3125,45.3125,84.375,98.4375,40.625,51.5625,87.5,93.75,100,96.875,78.125,46.875,100,70.3125,68.75,39.0625,100,84.375,70.3125,90.625,78.125,100,53.125,71.875,100,100,68.75,60.9375,93.75,85.9375,81.25,100,100,53.125,100,20.3125,100,98.4375,100,100,100,92.1875,71.875,85.9375,100,90.625,100,71.875,100,64.0625,90.625,100,100,100,100,90.625,100,62.5,89.0625,100,71.875,98.4375,54.6875,100,76.5625,100,48.4375,100,45.3125,100,100,100,100,100,35.9375,59.375,95.3125,68.75,78.125,70.3125,100,100,95.3125,100,96.875,39.0625,51.5625,100,76.5625,59.375,100,100,100,100,43.75,43.75,100,100,100,82.8125,100,85.9375,71.875,76.5625,57.8125,54.6875,100,100,100,100,93.75,100,68.75,48.4375,100,100,100,96.875,93.75,95.3125,100,100,100,84.375,73.4375,100,78.125,98.4375,100,70.3125,70.3125,85.9375,100,100,81.25,100,100,100,79.6875,71.875,35.9375,40.625,100,100,14.0625,100,100,100,100,76.5625,98.4375,70.3125,64.0625,82.8125,100,48.4375,100,70.3125,57.8125,100,75,78.125,100,45.3125,100,100,100,50,71.875,76.5625,100,100,100,85.9375,62.5,92.1875,84.375,100,100,82.8125,78.125,68.75,100,100,100,100,100,100,100,95.3125,89.0625,60.9375,62.5,62.5,96.875,100,95.3125,42.1875,100,51.5625,100,96.875,100,84.375,71.875,100,79.6875,84.375,89.0625,82.8125,100,100,34.375,50,100,84.375,93.75,100,70.3125,100,100,100,100,100,50,82.8125,100,100,100,100,71.875,100,100,100,96.875,59.375,90.625,100,100,68.75,100,92.1875,100,45.3125,70.3125,100,68.75,100,100,68.75,100,31.25,100,100,100,100,81.25,100,62.5,100,70.3125,100,100,51.5625,21.875,100,100,87.5,100,92.1875,62.5,100,100,71.875,100,56.25,9.375,96.875,64.0625,100,100,76.5625,100,71.875,100,46.875,87.5,100,100,100,100,89.0625,85.9375,100,87.5,100,100,100,81.25,78.125,100,100,100,100,100,100,100,100,98.4375,100,100,28.125,96.875,71.875,75,70.3125,92.1875,100,100,100,92.1875,90.625,100,48.4375,6.25,51.5625,59.375,29.6875,96.875,100,100,95.3125,100,100,29.6875,100,87.5,53.125,59.375,46.875,43.75,68.75,98.4375,76.5625,90.625,100,100,81.25,82.8125,40.625,79.6875,95.3125,64.0625,79.6875,100,87.5,100,100,100,100,75,100,43.75,68.75,100,100,70.3125,60.9375,93.75,46.875,100,48.4375,100,100,100,100,100,100,51.5625,100,75,87.5,82.8125,100,100,73.4375,100,100,100,34.375,100,100,100,76.5625,100,79.6875,43.75,100,100,100,67.1875,100,100,100,84.375,100,100,100,12.5,100,100,70.3125,100,100,100,62.5,100,100,35.9375,89.0625,100,79.6875,37.5,42.1875,100,100,67.1875,100,100,100,100,75,40.625,29.6875,90.625,100,100,98.4375,57.8125,54.6875,90.625,68.75,7.8125,100,100,34.375,43.75,73.4375,48.4375,84.375,100,100,82.8125,100,95.3125,87.5,100,100,90.625,100,100,71.875,43.75,100,100,70.3125,100,100,100,100,56.25,95.3125,100,100,90.625,95.3125,100,100,71.875,87.5,96.875,100,76.5625,67.1875,100,37.5,92.1875,100,100,53.125,100,85.9375,48.4375,100,100,100,96.875,62.5,100,100,85.9375,84.375,100,100,50,100,70.3125,79.6875,79.6875,45.3125,100,100,100,51.5625,100,100,70.3125,84.375,62.5,100,100,100,79.6875,100,76.5625,59.375,67.1875,100,40.625,90.625,100,85.9375,100,92.1875,100,98.4375,100,100,100,100,100,100,100,100,64.0625,54.6875,100,68.75,100,81.25,100,59.375,73.4375,100,32.8125,100,100,57.8125,100,64.0625,59.375,51.5625,84.375,23.4375,96.875,100,59.375,100,100,73.4375,67.1875,100,100,100,98.4375,98.4375,71.875,100,100,100,100,100,56.25,100,20.3125,100,78.125,100,100,53.125,100,67.1875,59.375,93.75,100,35.9375,100,81.25,100,87.5,96.875,70.3125,89.0625,100,100,53.125,82.8125,78.125,100,100,81.25,79.6875,100,60.9375,100,57.8125,50,100,100,35.9375,100,100,100,100,64.0625,100,92.1875,89.0625,100,100,100,93.75,100,100,100,90.625,100,85.9375,100,100,62.5,67.1875,100,92.1875,59.375,29.6875,96.875,79.6875,100,28.125,100,85.9375,100,29.6875,100,39.0625,70.3125,81.25,70.3125,100,21.875,87.5,100,100,100,87.5,100,100,100,100,100,59.375,82.8125,26.5625,100,96.875,67.1875,95.3125,100,67.1875,100,100,95.3125,53.125,84.375,100,82.8125,100,81.25,100,100,100,54.6875,95.3125,100,79.6875,51.5625,100,100,79.6875,100,71.875,100,100,100,100,100,100,100,81.25,93.75,100,100,76.5625,70.3125,68.75,100,100,75,100,100,100,100,67.1875,100,84.375,39.0625,96.875,100,100,100,100,100,85.9375,100,100,100,100,100,100,100,65.625,96.875,100,62.5,75,98.4375,100,78.125,81.25,100,81.25,84.375,100,42.1875,100,70.3125,100,98.4375,65.625,100,100,39.0625,100,100,84.375,87.5,90.625,35.9375,78.125,100,100,21.875,68.75,17.1875,100,100,100,100,100,100,100,100,100,100,98.4375,64.0625,82.8125,90.625,100,100,90.625,100,75,100,87.5,81.25,100,100,76.5625,67.1875,45.3125,95.3125,84.375,100,82.8125,54.6875,100,82.8125,100,53.125,100,100,100,100,100,50,100,87.5,100,100,100,50,100,100,57.8125,65.625,100,93.75,100,87.5,100,64.0625,67.1875,78.125,96.875,100,100,100,100,100,100,100,62.5,56.25,98.4375,100,100,100,100,100,71.875,73.4375,92.1875,100,100,60.9375,100,96.875,100,81.25,75,100,100,100,78.125,92.1875,100,85.9375,75,100,96.875,100,100,85.9375,81.25,100,60.9375,51.5625,28.125,100,100,95.3125,100,100,100,100,51.5625,100,92.1875,35.9375,93.75,100,100,100,100,100,100,100,100,100,100,65.625,100,60.9375,51.5625,75,100,100,98.4375,14.0625,95.3125,76.5625,100,65.625,32.8125,100,100,89.0625,100,89.0625,100,100,100,31.25,100,51.5625,96.875,100,100,100,100,18.75,70.3125,100,67.1875,79.6875,89.0625,51.5625,100,35.9375,100,100,100,100,62.5,68.75,100,73.4375,100,100,50,100,100,70.3125,100,57.8125,89.0625,73.4375,100,100,81.25,84.375,92.1875,67.1875,100,51.5625,100,84.375,68.75,92.1875,100,82.8125,37.5,100,85.9375,92.1875,100,90.625,100,100,100,100,95.3125,75,100,100,100,100,100,95.3125,100,85.9375,92.1875,96.875,100,54.6875,100,95.3125,100,87.5,100,100,67.1875,64.0625,100,28.125,100,100,100,89.0625,100,100,100,54.6875,89.0625,71.875,100,100,100,70.3125,100,50,98.4375,100,65.625,28.125,89.0625,84.375,100,100,95.3125,79.6875,79.6875,43.75,45.3125,100,100,76.5625,60.9375,60.9375,100,76.5625,92.1875,95.3125,100,90.625,100,40.625,70.3125,100,67.1875,100,100,95.3125,100,100,100,79.6875,92.1875,57.8125,98.4375,93.75,100,100,100,71.875,39.0625,100,100,100,100,54.6875,71.875,100,100,75,82.8125,100,82.8125,100,100,100,100,78.125,42.1875,68.75,46.875,76.5625,59.375,96.875,100,25,100,43.75,100,84.375,68.75,42.1875,84.375,100,75,70.3125,51.5625,100,68.75,100,100,100,100,100,100,68.75,57.8125,100,95.3125,100,21.875,100,92.1875,100,100,100,95.3125,100,100,100,48.4375,87.5,100,100,100,82.8125,100,71.875,100,100,68.75,75,100,96.875,100,76.5625,75,75,100,98.4375,79.6875,100,95.3125,100,46.875,100,100,100,79.6875,78.125,100,100,100,100,64.0625,100,100,100,100,100,75,35.9375,73.4375,100,76.5625,100,100,100,100,100,100,100,100,100,89.0625,90.625,100,78.125,100,100,100,100,96.875,46.875,100,100,89.0625,100,60.9375,100,92.1875,100,100,100,93.75,100,90.625,98.4375,39.0625,15.625,48.4375,100,100,100,100,29.6875,81.25,100,100,100,100,32.8125,100,76.5625,100,100,100,79.6875,100,100,100,100,48.4375,100,100,100,67.1875,95.3125,100,98.4375,82.8125,100,95.3125,56.25,64.0625,56.25,79.6875,85.9375,82.8125,100,82.8125,73.4375,100,100,100,100,90.625,95.3125,85.9375,84.375,62.5,65.625,100,92.1875,84.375,100,100,50,100,100,100,100,93.75,28.125,100,100,87.5,100,20.3125,84.375,100,95.3125,100,100,100,76.5625,100,56.25,100,96.875,89.0625,100,100,100,87.5,96.875,100,98.4375,100,100,100,100,100,59.375,100,68.75,96.875,79.6875,100,100,100,100,87.5,71.875,81.25,73.4375,100,100,71.875,37.5,100,89.0625,70.3125,100,68.75,100,75,100,100,100,73.4375,53.125,100,54.6875,100,100,89.0625,100,20.3125,84.375,75,26.5625,100,100,87.5,100,100,100,100,100,90.625,100,100,28.125,46.875,100,95.3125,100,100,48.4375,87.5,100,100,100,95.3125,100,42.1875,21.875,100,100,100,100,93.75,100,100,100,100,100,100,59.375,100,68.75,100,93.75,87.5,100,98.4375,100,100,100,93.75,68.75,54.6875,100,100,60.9375,79.6875,96.875,100,100,100,100,96.875,48.4375,100,65.625,100,65.625,76.5625,100,71.875,100,100,26.5625,59.375,62.5,92.1875,84.375,100,100,100,43.75,100,73.4375,82.8125,90.625,100,100,100,79.6875,100,100,100,100,100,100,46.875,100,31.25,84.375,82.8125,100,89.0625,100,100,78.125,68.75,28.125,57.8125,100,100,56.25,82.8125,100,100,100,68.75,43.75,81.25,100,78.125,100,35.9375,100,75,81.25,100,100,70.3125,100,85.9375,100,37.5,100,100,25,68.75,100,17.1875,100,53.125,100,100,75,100,100,100,60.9375,70.3125,100,81.25,100,100,82.8125,60.9375,42.1875,79.6875,73.4375,53.125,75,100,62.5,82.8125,92.1875,46.875,100,75,100,100,100,100,68.75,84.375,100,100,100,100,71.875,90.625,100,100,100,100,65.625,43.75,65.625,85.9375,81.25,100,75,90.625,34.375,65.625,100,100,100,70.3125,100,67.1875,100,100,100,100,87.5,64.0625,26.5625,93.75,100,85.9375,100,93.75,100,100,100,81.25,100,82.8125,100,100,59.375,100,75,51.5625,100,100,100,57.8125,100,71.875,100,40.625,35.9375,100,67.1875,76.5625,100,31.25,98.4375,100,100,64.0625,84.375,96.875,56.25,100,100,100,92.1875,60.9375,39.0625,100,70.3125,100,100,92.1875,68.75,100,53.125,39.0625,100,100,84.375,60.9375,89.0625,100,76.5625,84.375,93.75,95.3125,100,100,15.625,100,100,60.9375,100,100,100,100,100,42.1875,100,100,100,100,81.25,100,100,89.0625,85.9375,100,100,100,59.375,67.1875,100,100,68.75,98.4375,46.875,100,25,82.8125,100,79.6875,100,100,89.0625,71.875,100,89.0625,100,100,100,100,100,78.125,35.9375,100,100,100,100,100,100,100,92.1875,34.375,100,9.375,25,100,89.0625,90.625,75,100,95.3125,100,60.9375,100,100,100,100,64.0625,100,76.5625,78.125,100,100,100,100,75,100,100,67.1875,100,98.4375,60.9375,100,100,48.4375,89.0625,81.25,100,100,70.3125,31.25,57.8125,68.75,100,100,71.875,100,100,100,100,81.25,100,100,92.1875,100,100,54.6875,78.125,100,100,95.3125,21.875,100,100,4.6875,46.875,100,56.25,100,100,100,100,90.625,81.25,100,100,92.1875,75,100,100,9.375,100,100,100,73.4375,100,100,100,100,100,34.375,100,100,35.9375,89.0625,100,100,100,79.6875,100,100,78.125,100,100,100,100,89.0625,100,68.75,100,100,62.5,100,70.3125,100,79.6875,76.5625,70.3125,75,100,100,100,100,100,82.8125,85.9375,100,100,76.5625,56.25,23.4375,90.625,100,92.1875,100,62.5,82.8125,100,85.9375,59.375,100,100,100,73.4375,50,100,92.1875,71.875,50,78.125,98.4375,100,100,96.875,34.375,62.5,100,85.9375,100,100,100,59.375,100,100,65.625,57.8125,100,95.3125,82.8125,85.9375,71.875,100,90.625,100,100,92.1875,96.875,20.3125,67.1875,71.875,70.3125,39.0625,100,68.75,100,100,56.25,100,100,34.375,100,89.0625,75,89.0625,62.5,73.4375,100,18.75,100,87.5,71.875,100,76.5625,95.3125,100,100,46.875,57.8125,95.3125,100,84.375,100,100,95.3125,56.25,57.8125,100,82.8125,100,100,96.875,100,100,79.6875,78.125,64.0625,70.3125,87.5,62.5,100,100,81.25,100,100,79.6875,95.3125,100,35.9375,100,89.0625,100,100,100,100,92.1875,42.1875,100,100,56.25,40.625,40.625,81.25,100,57.8125,73.4375,89.0625,100,98.4375,100,100,67.1875,67.1875,76.5625,100,100,100,21.875,100,100,81.25,100,64.0625,100,84.375,100,48.4375,12.5,100,71.875,64.0625,93.75,81.25,54.6875,65.625,71.875,25,93.75,54.6875,96.875,100,100,100,17.1875,100,100,82.8125,26.5625,100,92.1875,100,100,100,95.3125,71.875,100,81.25,100,100,81.25,92.1875,46.875,64.0625,89.0625,100,100,100,100,95.3125,100,42.1875,90.625,100,100,100,73.4375,100,100,100,100,64.0625,100,85.9375,100,100,93.75,100,40.625,100,84.375,100,100,100,100,100,85.9375,100,84.375,100,100,92.1875,100,62.5,100,100,100,100,67.1875,60.9375,82.8125,98.4375,100,100,37.5,84.375,76.5625,100,100,100,100,100,100,65.625,28.125,100,73.4375,100,100,81.25,100,93.75,70.3125,87.5,100,100,89.0625,95.3125,100,100,65.625,84.375,21.875,82.8125,100,100,100,100,100,87.5,100,100,75,100,93.75,67.1875,87.5,64.0625,100,25,100,100,65.625,62.5,100,100,50,100,71.875,89.0625,100,100,100,100,85.9375,70.3125,100,82.8125,100,34.375,100,100,78.125,59.375,82.8125,100,84.375,100,98.4375,100,100,82.8125,60.9375,100,7.8125,100,100,100,79.6875,100,100,96.875,57.8125,92.1875,100,100,95.3125,100,100,100,70.3125,100,85.9375,60.9375,100,100,65.625,100,39.0625,59.375,100,100,98.4375,100,100,89.0625,100,56.25,70.3125,29.6875,100,28.125,75,65.625,100,56.25,76.5625,100,90.625,96.875,100,100,79.6875,100,84.375,100,68.75,100,100,100,50,100,100,51.5625,92.1875,100,100,100,100,100,100,56.25,100,68.75,100,100,100,100,76.5625,48.4375,100,100,100,92.1875,100,29.6875,100,100,100,59.375,100,89.0625,100,100,65.625,76.5625,100,100,100,100,100,81.25,100,54.6875,100,100,100,98.4375,95.3125,100,53.125,100,100,100,60.9375,89.0625,71.875,100,39.0625,100,87.5,85.9375,75,85.9375,100,59.375,100,100,37.5,10.9375,100,54.6875,100,100,100,75,95.3125,68.75,100,100,100,100,28.125,100,100,100,78.125,95.3125,93.75,100,64.0625,100,64.0625,65.625,100,100,96.875,73.4375,100,100,100,62.5,76.5625,98.4375,100,57.8125,85.9375,92.1875,95.3125,100,96.875,100,87.5,100,87.5,71.875,71.875,81.25,100,100,100,96.875,21.875,100,39.0625,70.3125,51.5625,89.0625,18.75,48.4375,82.8125,100,100,45.3125,100,100,100,100,81.25,81.25,79.6875,96.875,84.375,100,100,100,67.1875,84.375,40.625,82.8125,45.3125,100,57.8125,100,46.875,43.75,81.25,100,65.625,54.6875,100,100,100,100,70.3125,100,100,100,54.6875,100,100,67.1875,42.1875,100,100,53.125,90.625,62.5,100,100,93.75,96.875,100,96.875,95.3125,100,40.625,100,78.125,37.5,100,100,62.5,100,100,79.6875,100,100,100,100,100,96.875,100,100,100,100,65.625,65.625,100,62.5,100,90.625,100,40.625,87.5,100,100,87.5,100,35.9375,29.6875,50,82.8125,73.4375,100,100,84.375,100,95.3125,98.4375,100,62.5,57.8125,100,100,100,100,100,100,100,100,31.25,100,71.875,100,71.875,100,84.375,82.8125,82.8125,67.1875,98.4375,18.75,100,65.625,92.1875,28.125,42.1875,100,100,100,100,25,100,100,59.375,68.75,100,100,62.5,89.0625,76.5625,85.9375,43.75,50,100,100,62.5,100,100,90.625,100,90.625,89.0625,84.375,100,100,17.1875,100,35.9375,100,100,43.75,100,45.3125,100,81.25,50,100,53.125,35.9375,89.0625,100,31.25,85.9375,100,100,90.625,100,79.6875,100,20.3125,100,73.4375,100,90.625,100,76.5625,84.375,28.125,100,98.4375,46.875,62.5,100,100,100,100,100,21.875,100,67.1875,100,100,100,82.8125,100,68.75,78.125,100,95.3125,92.1875,71.875,84.375,53.125,100,100,100,82.8125,100,64.0625,100,65.625,100,100,100,100,100,84.375,46.875,100,95.3125,100,100,100,100,100,39.0625,78.125,100,26.5625,100,100,100,100,100,68.75,1.5625,100,100,35.9375,100,73.4375,100,100,100,100,100,100,100,82.8125,92.1875,100,100,100,100,84.375,100,90.625,35.9375,84.375,59.375,100,59.375,100,71.875,100,73.4375,100,43.75,64.0625,100,100,54.6875,100,100,93.75,100,100,87.5,100,96.875,87.5,92.1875,100,59.375,45.3125,100,92.1875,100,100,23.4375,100,40.625,59.375,71.875,78.125,32.8125,100,100,100,75,100,100,100,100,59.375,100,78.125,67.1875,100,92.1875,100,59.375,45.3125,100,100,96.875,89.0625,100,100,31.25,78.125,96.875,43.75,64.0625,100,100,64.0625,85.9375,100,89.0625,37.5,65.625,100,100,100,100,76.5625,100,59.375,46.875,14.0625,64.0625,100,100,100,51.5625,81.25,100,54.6875,79.6875,100,51.5625,42.1875,59.375,76.5625,64.0625,78.125,100,100,21.875,60.9375,100,89.0625,100,100,100,100
"6072",87.5,100,43.75,100,100,90.625,90.625,100,20.3125,98.4375,98.4375,40.625,100,100,62.5,76.5625,89.0625,90.625,68.75,100,95.3125,100,100,100,15.625,100,100,93.75,82.8125,100,100,100,100,90.625,100,95.3125,82.8125,100,100,90.625,57.8125,64.0625,85.9375,100,100,100,100,100,65.625,89.0625,75,100,29.6875,70.3125,100,100,4.6875,100,100,79.6875,84.375,56.25,98.4375,51.5625,100,100,100,100,79.6875,100,57.8125,73.4375,89.0625,100,59.375,100,100,62.5,51.5625,100,71.875,100,79.6875,75,100,100,100,21.875,100,100,59.375,82.8125,100,48.4375,89.0625,92.1875,100,56.25,100,100,100,98.4375,100,70.3125,78.125,34.375,100,50,85.9375,100,73.4375,85.9375,100,100,28.125,100,100,100,100,100,60.9375,100,100,87.5,96.875,35.9375,100,18.75,100,64.0625,100,100,60.9375,100,84.375,65.625,60.9375,79.6875,100,100,100,100,43.75,51.5625,100,93.75,98.4375,100,60.9375,84.375,59.375,37.5,79.6875,92.1875,95.3125,96.875,75,100,100,100,100,100,79.6875,100,89.0625,71.875,17.1875,89.0625,62.5,100,100,68.75,100,100,100,95.3125,87.5,100,100,100,100,89.0625,100,100,96.875,100,32.8125,100,45.3125,98.4375,100,100,87.5,100,100,100,85.9375,48.4375,100,51.5625,21.875,100,96.875,100,100,100,100,100,92.1875,100,34.375,100,100,100,79.6875,78.125,100,89.0625,100,40.625,100,60.9375,53.125,95.3125,100,53.125,100,100,100,100,81.25,75,100,100,100,100,93.75,62.5,100,100,100,100,100,100,100,57.8125,100,89.0625,100,53.125,100,76.5625,100,98.4375,100,59.375,100,60.9375,100,100,100,98.4375,39.0625,98.4375,78.125,96.875,100,100,100,100,75,53.125,100,98.4375,90.625,67.1875,51.5625,92.1875,60.9375,18.75,92.1875,100,42.1875,100,100,100,28.125,96.875,100,93.75,84.375,100,57.8125,54.6875,100,100,93.75,89.0625,65.625,75,40.625,100,71.875,81.25,100,87.5,76.5625,10.9375,87.5,68.75,100,100,32.8125,100,100,93.75,100,100,98.4375,46.875,89.0625,92.1875,50,100,78.125,62.5,100,67.1875,100,100,85.9375,100,32.8125,100,100,40.625,100,87.5,100,100,100,76.5625,45.3125,100,71.875,68.75,39.0625,100,100,75,76.5625,51.5625,85.9375,51.5625,70.3125,100,95.3125,64.0625,56.25,56.25,85.9375,84.375,100,100,82.8125,73.4375,20.3125,100,98.4375,100,100,100,100,79.6875,100,100,96.875,100,71.875,100,87.5,100,100,100,100,45.3125,87.5,100,62.5,92.1875,100,71.875,98.4375,50,100,79.6875,100,51.5625,93.75,37.5,100,100,100,100,100,26.5625,59.375,100,68.75,90.625,68.75,96.875,100,100,100,21.875,39.0625,51.5625,100,76.5625,64.0625,100,100,100,100,45.3125,45.3125,100,100,100,82.8125,100,100,100,100,64.0625,42.1875,100,100,100,100,93.75,100,76.5625,100,100,70.3125,100,100,93.75,95.3125,100,100,100,84.375,73.4375,100,81.25,100,100,60.9375,71.875,87.5,100,62.5,84.375,100,100,100,73.4375,62.5,34.375,67.1875,100,100,15.625,100,100,100,18.75,100,100,82.8125,64.0625,82.8125,100,48.4375,100,57.8125,70.3125,100,76.5625,79.6875,100,43.75,64.0625,100,100,54.6875,70.3125,75,100,100,100,85.9375,50,71.875,82.8125,100,100,81.25,59.375,68.75,100,100,50,59.375,100,100,100,76.5625,100,100,60.9375,60.9375,92.1875,100,92.1875,45.3125,100,51.5625,100,98.4375,100,84.375,70.3125,100,82.8125,84.375,50,100,100,100,35.9375,50,100,85.9375,100,100,70.3125,100,95.3125,34.375,100,100,46.875,62.5,100,98.4375,100,60.9375,71.875,100,100,100,87.5,51.5625,100,100,100,78.125,100,92.1875,100,45.3125,75,100,67.1875,100,100,71.875,100,100,100,100,100,100,89.0625,100,78.125,100,67.1875,100,100,100,100,100,42.1875,87.5,100,100,100,100,98.4375,85.9375,100,60.9375,39.0625,98.4375,67.1875,100,89.0625,78.125,100,78.125,100,100,100,100,100,100,100,100,87.5,100,59.375,100,100,100,100,79.6875,95.3125,89.0625,100,100,100,98.4375,71.875,100,98.4375,100,100,26.5625,96.875,76.5625,100,70.3125,100,100,100,100,93.75,90.625,100,46.875,6.25,73.4375,100,29.6875,90.625,100,100,100,100,100,29.6875,100,82.8125,53.125,59.375,57.8125,39.0625,70.3125,98.4375,76.5625,100,96.875,100,81.25,87.5,42.1875,73.4375,95.3125,59.375,73.4375,100,46.875,100,100,100,100,75,100,43.75,68.75,100,100,67.1875,70.3125,71.875,46.875,100,68.75,100,100,100,100,100,100,64.0625,100,73.4375,90.625,82.8125,100,100,73.4375,100,100,100,39.0625,100,100,100,81.25,79.6875,100,100,100,100,100,85.9375,100,29.6875,100,85.9375,100,100,100,100,100,100,70.3125,100,96.875,100,53.125,100,100,35.9375,89.0625,100,84.375,37.5,35.9375,100,100,62.5,100,100,100,100,76.5625,31.25,29.6875,84.375,100,100,59.375,48.4375,70.3125,70.3125,71.875,14.0625,100,100,100,43.75,81.25,31.25,84.375,100,100,87.5,96.875,100,89.0625,92.1875,78.125,100,100,100,73.4375,45.3125,85.9375,100,65.625,100,100,100,100,56.25,89.0625,48.4375,100,79.6875,100,100,100,100,15.625,100,100,70.3125,67.1875,100,37.5,93.75,100,100,53.125,100,100,89.0625,100,100,100,96.875,62.5,100,100,84.375,100,100,100,31.25,100,70.3125,76.5625,79.6875,42.1875,100,100,100,51.5625,100,100,100,82.8125,62.5,100,100,100,79.6875,100,76.5625,56.25,67.1875,100,100,100,100,57.8125,100,95.3125,98.4375,98.4375,100,100,100,100,96.875,100,100,100,65.625,59.375,100,68.75,96.875,79.6875,100,60.9375,60.9375,100,4.6875,100,100,57.8125,100,67.1875,90.625,73.4375,79.6875,100,96.875,96.875,64.0625,100,100,73.4375,67.1875,100,100,100,98.4375,100,73.4375,100,100,100,100,100,53.125,100,20.3125,100,78.125,100,100,59.375,100,70.3125,57.8125,95.3125,100,35.9375,100,81.25,100,84.375,100,71.875,67.1875,100,100,56.25,70.3125,92.1875,100,100,81.25,90.625,100,64.0625,100,100,59.375,39.0625,100,37.5,68.75,100,100,81.25,42.1875,100,100,100,100,100,100,93.75,95.3125,100,100,84.375,100,87.5,100,100,70.3125,70.3125,100,100,59.375,20.3125,93.75,81.25,100,100,87.5,82.8125,100,29.6875,100,37.5,84.375,70.3125,70.3125,100,32.8125,85.9375,100,100,100,100,100,100,100,100,100,59.375,82.8125,100,100,96.875,64.0625,95.3125,100,73.4375,65.625,100,100,100,84.375,100,82.8125,100,71.875,100,100,100,50,100,100,96.875,48.4375,100,100,84.375,100,75,100,90.625,92.1875,100,100,100,100,82.8125,28.125,100,92.1875,76.5625,67.1875,68.75,100,100,100,100,100,100,100,84.375,100,82.8125,43.75,100,100,100,100,53.125,26.5625,87.5,100,100,95.3125,100,100,100,100,67.1875,96.875,100,71.875,29.6875,100,95.3125,78.125,82.8125,100,81.25,93.75,100,46.875,100,73.4375,100,100,81.25,100,100,42.1875,100,100,85.9375,92.1875,100,40.625,79.6875,100,100,100,71.875,17.1875,100,100,100,89.0625,100,100,100,100,100,100,87.5,64.0625,100,90.625,87.5,100,90.625,100,78.125,100,100,100,100,100,75,100,100,95.3125,100,100,84.375,65.625,100,82.8125,100,54.6875,73.4375,100,100,100,100,46.875,100,71.875,100,100,100,60.9375,100,100,57.8125,65.625,100,93.75,100,85.9375,100,100,76.5625,76.5625,95.3125,100,100,100,100,100,100,100,57.8125,64.0625,100,100,60.9375,100,100,87.5,82.8125,84.375,95.3125,100,100,92.1875,100,98.4375,100,82.8125,75,100,20.3125,100,84.375,96.875,78.125,85.9375,75,79.6875,98.4375,100,100,84.375,84.375,100,43.75,51.5625,53.125,100,43.75,78.125,100,100,87.5,100,51.5625,100,95.3125,34.375,100,100,100,100,100,100,100,100,100,100,7.8125,75,100,60.9375,100,76.5625,100,100,100,12.5,95.3125,76.5625,100,60.9375,35.9375,100,100,90.625,100,92.1875,100,100,100,31.25,100,53.125,100,100,100,100,100,18.75,73.4375,100,100,87.5,90.625,53.125,100,39.0625,100,100,100,100,59.375,67.1875,100,71.875,100,100,89.0625,100,100,15.625,71.875,56.25,89.0625,73.4375,100,100,79.6875,71.875,92.1875,67.1875,62.5,56.25,100,84.375,67.1875,100,100,67.1875,40.625,100,100,90.625,100,98.4375,100,100,100,87.5,100,75,82.8125,100,100,100,100,96.875,100,85.9375,82.8125,98.4375,100,62.5,100,93.75,100,87.5,35.9375,100,62.5,62.5,100,100,100,100,100,89.0625,100,100,100,100,90.625,100,100,100,100,62.5,100,42.1875,100,17.1875,64.0625,31.25,84.375,87.5,100,100,95.3125,76.5625,79.6875,42.1875,45.3125,100,100,76.5625,60.9375,81.25,100,79.6875,85.9375,95.3125,100,90.625,100,42.1875,90.625,98.4375,73.4375,100,100,90.625,100,100,100,81.25,92.1875,68.75,76.5625,92.1875,100,100,100,73.4375,39.0625,100,100,100,100,31.25,75,100,57.8125,73.4375,71.875,70.3125,84.375,100,100,100,100,78.125,48.4375,60.9375,50,78.125,65.625,95.3125,100,100,100,87.5,100,100,70.3125,39.0625,89.0625,100,75,71.875,53.125,98.4375,65.625,100,100,100,59.375,100,100,76.5625,100,100,93.75,100,23.4375,100,95.3125,100,100,100,93.75,100,100,18.75,98.4375,53.125,100,100,100,84.375,100,71.875,100,100,68.75,71.875,100,96.875,100,31.25,82.8125,75,100,98.4375,100,96.875,100,95.3125,39.0625,100,100,95.3125,79.6875,78.125,98.4375,100,100,100,64.0625,17.1875,100,100,100,100,76.5625,35.9375,70.3125,100,79.6875,100,100,100,100,100,26.5625,100,100,100,90.625,84.375,100,100,100,100,100,100,95.3125,100,100,100,67.1875,100,64.0625,100,93.75,100,100,100,95.3125,87.5,82.8125,100,37.5,4.6875,48.4375,100,100,100,100,32.8125,92.1875,100,100,90.625,100,35.9375,100,43.75,100,100,100,68.75,100,100,100,100,62.5,84.375,100,100,50,100,100,100,87.5,100,95.3125,48.4375,71.875,53.125,79.6875,51.5625,81.25,100,73.4375,73.4375,100,100,100,100,90.625,100,85.9375,79.6875,57.8125,62.5,100,100,82.8125,100,85.9375,46.875,89.0625,100,100,100,84.375,29.6875,100,100,64.0625,100,20.3125,84.375,100,90.625,100,100,100,100,100,62.5,100,100,87.5,92.1875,100,100,100,100,100,100,100,100,100,100,100,59.375,100,100,96.875,81.25,70.3125,100,81.25,100,89.0625,71.875,78.125,71.875,100,100,73.4375,100,100,90.625,70.3125,100,76.5625,15.625,14.0625,100,100,100,70.3125,56.25,100,84.375,100,100,85.9375,100,56.25,85.9375,73.4375,51.5625,100,100,87.5,100,100,90.625,100,100,95.3125,75,100,26.5625,45.3125,100,95.3125,62.5,100,45.3125,87.5,100,100,100,93.75,100,42.1875,20.3125,100,100,100,100,100,100,100,100,100,100,90.625,59.375,100,39.0625,100,82.8125,84.375,100,100,100,100,95.3125,100,64.0625,85.9375,100,100,31.25,100,82.8125,100,100,100,100,100,60.9375,100,100,100,56.25,70.3125,100,75,100,100,26.5625,59.375,62.5,85.9375,82.8125,100,100,100,82.8125,100,92.1875,89.0625,100,100,100,100,82.8125,98.4375,100,100,100,100,100,46.875,100,31.25,85.9375,73.4375,100,98.4375,100,100,84.375,100,28.125,64.0625,100,100,53.125,84.375,100,100,100,100,46.875,90.625,100,78.125,100,39.0625,95.3125,70.3125,84.375,100,100,56.25,100,89.0625,95.3125,75,100,100,25,68.75,100,23.4375,100,100,100,100,75,100,100,100,62.5,87.5,81.25,85.9375,100,100,92.1875,60.9375,100,46.875,67.1875,51.5625,73.4375,100,54.6875,84.375,92.1875,46.875,100,75,100,100,100,100,67.1875,82.8125,100,100,100,100,75,98.4375,100,100,100,85.9375,65.625,100,73.4375,96.875,65.625,100,73.4375,95.3125,100,28.125,100,100,73.4375,79.6875,100,67.1875,100,100,100,100,92.1875,84.375,28.125,100,100,79.6875,100,65.625,100,100,100,81.25,100,82.8125,100,100,43.75,100,68.75,56.25,93.75,100,100,45.3125,100,100,100,29.6875,35.9375,100,75,75,100,31.25,100,100,100,50,79.6875,93.75,51.5625,100,98.4375,100,35.9375,71.875,37.5,100,70.3125,100,100,89.0625,78.125,100,54.6875,39.0625,50,100,76.5625,60.9375,89.0625,100,75,85.9375,93.75,100,100,100,7.8125,100,100,93.75,46.875,100,100,98.4375,82.8125,43.75,100,100,100,100,93.75,100,100,75,57.8125,100,100,100,59.375,70.3125,100,100,67.1875,100,46.875,100,100,85.9375,100,71.875,100,100,84.375,78.125,100,89.0625,100,100,100,100,100,79.6875,18.75,53.125,100,100,100,100,100,100,89.0625,34.375,100,32.8125,96.875,100,87.5,100,71.875,100,84.375,100,57.8125,100,100,100,100,73.4375,100,76.5625,68.75,100,100,100,89.0625,85.9375,100,100,67.1875,100,100,64.0625,100,100,60.9375,87.5,79.6875,76.5625,100,70.3125,28.125,59.375,65.625,100,100,100,100,100,35.9375,100,78.125,100,100,89.0625,100,98.4375,59.375,64.0625,100,100,87.5,21.875,56.25,96.875,6.25,51.5625,100,7.8125,100,100,100,100,60.9375,82.8125,100,100,100,100,100,100,21.875,100,100,100,73.4375,100,100,100,100,100,84.375,100,100,56.25,100,100,100,100,78.125,64.0625,100,81.25,100,100,100,100,90.625,56.25,67.1875,100,100,60.9375,100,68.75,100,87.5,75,70.3125,73.4375,100,100,100,100,100,71.875,79.6875,100,96.875,46.875,59.375,23.4375,100,100,90.625,100,62.5,85.9375,100,89.0625,59.375,98.4375,100,100,71.875,100,100,90.625,100,32.8125,75,82.8125,100,100,100,34.375,65.625,100,87.5,93.75,100,100,59.375,100,100,65.625,57.8125,100,95.3125,75,75,93.75,100,92.1875,100,100,90.625,100,20.3125,65.625,67.1875,70.3125,39.0625,100,81.25,100,100,54.6875,100,96.875,35.9375,100,89.0625,75,89.0625,64.0625,87.5,100,17.1875,100,100,73.4375,100,93.75,71.875,100,100,29.6875,54.6875,95.3125,100,79.6875,100,100,96.875,57.8125,59.375,100,100,100,100,95.3125,100,100,79.6875,75,65.625,62.5,100,62.5,100,100,100,100,100,100,92.1875,100,35.9375,100,81.25,100,100,100,100,100,39.0625,100,100,56.25,40.625,100,81.25,100,95.3125,75,89.0625,100,93.75,100,100,67.1875,67.1875,78.125,70.3125,100,100,96.875,100,82.8125,75,100,100,100,75,100,51.5625,12.5,100,71.875,62.5,12.5,82.8125,100,76.5625,14.0625,43.75,93.75,54.6875,90.625,100,100,100,100,100,100,82.8125,100,100,25,100,100,100,95.3125,73.4375,100,89.0625,100,100,67.1875,92.1875,68.75,65.625,100,100,100,100,100,95.3125,100,42.1875,79.6875,100,100,100,95.3125,100,100,100,62.5,100,100,17.1875,100,100,93.75,100,40.625,100,67.1875,100,100,76.5625,100,100,93.75,93.75,81.25,100,100,92.1875,100,40.625,100,100,100,100,70.3125,57.8125,65.625,96.875,100,100,37.5,84.375,100,100,59.375,100,100,100,100,53.125,28.125,100,73.4375,100,100,100,100,98.4375,70.3125,85.9375,100,100,87.5,100,78.125,100,71.875,71.875,21.875,79.6875,100,100,100,100,100,100,100,100,43.75,100,92.1875,46.875,87.5,65.625,100,25,100,100,100,56.25,100,100,51.5625,90.625,70.3125,89.0625,100,100,100,100,100,92.1875,100,89.0625,100,39.0625,62.5,57.8125,81.25,67.1875,78.125,100,100,100,98.4375,100,100,82.8125,62.5,100,7.8125,100,100,100,75,100,100,96.875,46.875,100,100,100,100,100,100,100,70.3125,100,100,60.9375,100,100,64.0625,100,100,62.5,100,100,100,100,100,92.1875,85.9375,56.25,70.3125,76.5625,100,26.5625,78.125,75,100,75,100,79.6875,90.625,100,100,100,76.5625,100,87.5,100,70.3125,100,100,93.75,46.875,100,42.1875,48.4375,35.9375,100,100,89.0625,100,92.1875,100,25,100,100,100,100,100,100,76.5625,71.875,71.875,100,100,92.1875,100,28.125,100,100,89.0625,59.375,39.0625,84.375,100,100,100,76.5625,100,100,60.9375,100,100,81.25,100,56.25,100,100,100,90.625,93.75,100,59.375,100,100,100,46.875,100,45.3125,100,34.375,100,100,85.9375,100,85.9375,100,57.8125,100,100,37.5,10.9375,100,53.125,100,100,100,71.875,100,70.3125,100,100,100,100,46.875,100,100,96.875,76.5625,100,98.4375,100,65.625,100,64.0625,56.25,100,100,82.8125,79.6875,100,100,100,100,85.9375,100,100,45.3125,87.5,92.1875,100,100,89.0625,87.5,53.125,100,89.0625,71.875,34.375,81.25,100,100,100,96.875,100,100,37.5,50,46.875,89.0625,14.0625,45.3125,100,100,100,40.625,21.875,100,100,96.875,100,89.0625,79.6875,96.875,85.9375,40.625,100,100,68.75,100,100,15.625,92.1875,100,64.0625,100,53.125,56.25,81.25,100,95.3125,54.6875,100,100,100,100,73.4375,100,100,100,50,100,100,71.875,42.1875,100,100,57.8125,90.625,75,100,98.4375,20.3125,100,100,100,100,100,37.5,100,76.5625,100,100,100,62.5,100,100,87.5,100,100,100,85.9375,100,93.75,100,100,100,100,70.3125,62.5,100,60.9375,100,84.375,100,100,90.625,100,100,85.9375,100,35.9375,93.75,53.125,100,65.625,100,100,75,62.5,93.75,100,100,54.6875,56.25,37.5,100,100,100,100,100,81.25,100,28.125,100,84.375,82.8125,71.875,14.0625,76.5625,68.75,92.1875,70.3125,100,18.75,98.4375,64.0625,100,29.6875,17.1875,100,100,100,100,25,100,100,59.375,100,82.8125,100,87.5,95.3125,82.8125,85.9375,34.375,46.875,100,100,70.3125,100,100,90.625,100,100,79.6875,84.375,100,100,18.75,100,34.375,40.625,100,46.875,100,46.875,100,79.6875,50,100,53.125,100,93.75,100,23.4375,85.9375,100,89.0625,98.4375,100,79.6875,100,21.875,100,73.4375,100,100,100,100,84.375,28.125,100,98.4375,48.4375,59.375,100,100,100,100,100,21.875,100,68.75,100,100,100,85.9375,100,59.375,57.8125,100,95.3125,92.1875,48.4375,76.5625,53.125,87.5,100,100,100,100,84.375,100,51.5625,100,84.375,100,100,100,87.5,45.3125,100,95.3125,100,100,17.1875,93.75,100,18.75,67.1875,100,26.5625,39.0625,100,100,100,100,70.3125,1.5625,100,29.6875,29.6875,100,82.8125,100,65.625,76.5625,100,100,100,100,85.9375,100,100,100,100,100,100,100,71.875,42.1875,100,57.8125,100,60.9375,100,100,46.875,73.4375,100,50,64.0625,100,100,51.5625,100,100,93.75,100,100,73.4375,75,100,100,92.1875,100,59.375,28.125,100,98.4375,100,79.6875,32.8125,100,40.625,100,70.3125,100,25,82.8125,100,100,73.4375,100,96.875,100,95.3125,57.8125,57.8125,67.1875,70.3125,100,78.125,100,100,60.9375,100,100,96.875,100,100,100,31.25,75,96.875,48.4375,64.0625,100,100,68.75,84.375,100,96.875,37.5,54.6875,100,15.625,100,100,28.125,100,59.375,45.3125,100,73.4375,100,100,100,89.0625,67.1875,100,54.6875,100,100,51.5625,100,54.6875,79.6875,51.5625,78.125,100,100,32.8125,57.8125,100,87.5,100,100,95.3125,100
"6073",87.5,100,37.5,100,100,89.0625,90.625,100,20.3125,98.4375,57.8125,100,100,100,100,76.5625,87.5,81.25,100,100,96.875,100,100,100,7.8125,100,100,87.5,84.375,100,100,100,100,100,100,89.0625,65.625,100,100,100,46.875,64.0625,89.0625,100,100,100,71.875,100,65.625,85.9375,75,100,100,65.625,100,100,6.25,100,100,42.1875,84.375,54.6875,98.4375,100,100,100,65.625,100,68.75,100,57.8125,79.6875,78.125,100,59.375,81.25,100,85.9375,51.5625,100,75,100,32.8125,79.6875,100,100,100,31.25,100,100,56.25,84.375,100,48.4375,87.5,96.875,100,62.5,100,100,100,100,100,70.3125,67.1875,43.75,100,56.25,82.8125,93.75,57.8125,98.4375,82.8125,100,31.25,100,100,100,100,100,70.3125,100,100,100,98.4375,35.9375,100,18.75,100,100,100,100,64.0625,65.625,92.1875,65.625,57.8125,79.6875,100,100,100,100,82.8125,54.6875,100,71.875,98.4375,100,56.25,82.8125,100,32.8125,79.6875,92.1875,98.4375,98.4375,76.5625,100,100,100,100,100,73.4375,100,89.0625,71.875,15.625,89.0625,60.9375,100,79.6875,79.6875,100,64.0625,100,100,84.375,100,100,100,100,85.9375,100,59.375,89.0625,98.4375,29.6875,100,100,87.5,100,100,87.5,100,100,100,100,54.6875,100,100,23.4375,100,98.4375,100,100,100,100,17.1875,76.5625,100,32.8125,100,100,100,82.8125,79.6875,82.8125,51.5625,100,56.25,100,76.5625,40.625,75,100,53.125,53.125,9.375,54.6875,100,76.5625,76.5625,100,100,100,100,84.375,60.9375,100,100,100,100,100,100,100,56.25,100,90.625,100,48.4375,100,76.5625,100,98.4375,100,59.375,100,59.375,100,100,100,98.4375,39.0625,100,75,100,100,100,100,100,53.125,60.9375,100,100,100,67.1875,53.125,96.875,59.375,100,100,100,25,100,100,100,29.6875,98.4375,98.4375,90.625,79.6875,100,64.0625,57.8125,100,100,100,82.8125,62.5,75,35.9375,100,76.5625,73.4375,100,87.5,76.5625,17.1875,92.1875,100,67.1875,76.5625,29.6875,100,87.5,95.3125,100,100,92.1875,42.1875,89.0625,100,50,100,70.3125,62.5,100,64.0625,100,67.1875,87.5,100,76.5625,100,100,40.625,100,87.5,100,100,100,81.25,46.875,100,65.625,68.75,40.625,100,100,75,100,79.6875,100,46.875,68.75,100,89.0625,68.75,45.3125,96.875,81.25,90.625,100,100,85.9375,62.5,20.3125,98.4375,98.4375,100,100,100,100,78.125,100,100,79.6875,100,96.875,100,84.375,87.5,100,100,100,28.125,81.25,100,73.4375,89.0625,100,73.4375,100,100,100,75,100,71.875,67.1875,40.625,100,98.4375,100,100,100,25,59.375,100,78.125,96.875,70.3125,92.1875,87.5,90.625,100,92.1875,39.0625,51.5625,100,76.5625,62.5,98.4375,100,100,100,59.375,39.0625,100,100,100,82.8125,100,85.9375,100,95.3125,62.5,46.875,100,100,100,100,92.1875,85.9375,100,100,54.6875,100,100,100,93.75,93.75,100,100,100,84.375,71.875,100,70.3125,100,100,67.1875,73.4375,84.375,100,23.4375,75,100,93.75,100,100,60.9375,32.8125,64.0625,100,100,15.625,100,100,100,100,79.6875,96.875,100,62.5,82.8125,100,54.6875,100,50,67.1875,100,78.125,78.125,59.375,60.9375,87.5,100,100,53.125,73.4375,67.1875,100,100,100,89.0625,68.75,89.0625,84.375,100,100,87.5,76.5625,68.75,100,100,100,100,100,100,42.1875,100,81.25,100,64.0625,60.9375,100,100,100,40.625,100,51.5625,100,95.3125,100,84.375,71.875,100,81.25,79.6875,100,85.9375,100,100,35.9375,42.1875,100,85.9375,95.3125,100,70.3125,48.4375,93.75,100,100,100,48.4375,75,100,100,100,73.4375,71.875,100,100,100,56.25,71.875,82.8125,100,100,68.75,100,92.1875,98.4375,45.3125,100,100,71.875,100,100,73.4375,92.1875,42.1875,100,92.1875,100,100,84.375,100,67.1875,100,68.75,100,100,100,100,93.75,96.875,82.8125,95.3125,100,90.625,100,85.9375,50,100,59.375,54.6875,100,68.75,100,71.875,76.5625,100,76.5625,100,100,89.0625,100,100,100,100,100,87.5,100,65.625,100,100,100,82.8125,79.6875,100,60.9375,100,100,100,100,100,90.625,98.4375,100,100,32.8125,96.875,71.875,79.6875,75,100,100,100,100,89.0625,90.625,100,46.875,6.25,100,59.375,35.9375,100,100,100,26.5625,100,100,29.6875,100,82.8125,51.5625,59.375,50,43.75,71.875,98.4375,78.125,70.3125,92.1875,100,79.6875,92.1875,42.1875,82.8125,95.3125,48.4375,82.8125,100,82.8125,100,100,100,100,76.5625,100,45.3125,68.75,100,100,68.75,75,68.75,46.875,100,48.4375,100,100,100,100,100,100,73.4375,100,87.5,85.9375,82.8125,32.8125,100,70.3125,100,100,59.375,32.8125,100,100,100,85.9375,100,100,68.75,100,100,100,82.8125,100,100,100,95.3125,100,100,100,32.8125,51.5625,100,70.3125,100,100,93.75,60.9375,100,100,35.9375,89.0625,100,92.1875,39.0625,31.25,98.4375,100,53.125,85.9375,100,100,100,75,32.8125,29.6875,37.5,100,100,76.5625,50,60.9375,71.875,70.3125,4.6875,100,100,100,43.75,64.0625,48.4375,82.8125,100,100,78.125,100,100,96.875,100,100,100,93.75,75,65.625,43.75,100,100,85.9375,100,100,100,100,56.25,93.75,96.875,100,46.875,93.75,100,100,21.875,64.0625,95.3125,100,70.3125,78.125,100,37.5,93.75,100,100,60.9375,100,89.0625,28.125,100,100,100,95.3125,62.5,100,100,79.6875,82.8125,100,100,31.25,100,71.875,82.8125,78.125,42.1875,35.9375,15.625,100,53.125,46.875,100,76.5625,84.375,60.9375,100,100,100,76.5625,100,76.5625,59.375,67.1875,100,100,90.625,100,90.625,100,96.875,100,100,100,100,100,100,100,100,100,100,60.9375,53.125,100,68.75,96.875,84.375,100,59.375,73.4375,100,43.75,100,100,56.25,100,57.8125,56.25,65.625,79.6875,100,96.875,100,95.3125,100,100,73.4375,65.625,100,100,100,98.4375,92.1875,64.0625,100,100,100,100,100,57.8125,100,28.125,100,78.125,100,100,54.6875,100,57.8125,53.125,93.75,84.375,35.9375,100,78.125,100,100,100,70.3125,60.9375,93.75,100,59.375,100,92.1875,100,100,95.3125,79.6875,100,64.0625,100,100,51.5625,26.5625,100,37.5,75,100,100,100,54.6875,100,100,100,100,100,20.3125,93.75,100,100,100,90.625,100,100,100,100,62.5,64.0625,100,87.5,59.375,31.25,100,78.125,100,100,100,81.25,100,29.6875,100,39.0625,85.9375,87.5,70.3125,100,12.5,89.0625,100,100,100,100,100,100,100,100,100,65.625,82.8125,71.875,100,93.75,60.9375,95.3125,100,67.1875,50,100,100,100,84.375,100,81.25,100,70.3125,100,100,100,79.6875,100,100,79.6875,53.125,100,100,85.9375,100,78.125,14.0625,96.875,100,100,100,100,48.4375,82.8125,90.625,100,100,76.5625,100,64.0625,100,100,12.5,84.375,100,100,100,84.375,100,82.8125,20.3125,89.0625,42.1875,100,100,100,100,93.75,100,100,93.75,100,100,100,100,68.75,100,100,84.375,32.8125,100,96.875,75,82.8125,100,100,100,100,53.125,100,78.125,100,100,82.8125,100,100,42.1875,100,100,98.4375,100,84.375,82.8125,75,100,100,79.6875,68.75,17.1875,100,100,100,78.125,100,79.6875,100,100,100,100,95.3125,64.0625,100,92.1875,100,100,89.0625,100,84.375,100,100,87.5,100,100,75,67.1875,100,93.75,95.3125,100,82.8125,18.75,100,62.5,100,53.125,100,100,100,100,100,39.0625,100,87.5,100,100,100,53.125,100,100,56.25,65.625,100,98.4375,100,89.0625,100,95.3125,75,76.5625,100,34.375,100,100,100,100,100,100,42.1875,51.5625,100,100,100,100,100,100,50,81.25,100,100,100,54.6875,100,96.875,100,84.375,75,100,100,100,85.9375,100,95.3125,85.9375,92.1875,100,100,100,100,67.1875,78.125,100,51.5625,51.5625,29.6875,64.0625,65.625,100,100,100,100,100,40.625,100,95.3125,32.8125,100,100,100,100,100,100,56.25,100,100,100,7.8125,78.125,100,60.9375,84.375,76.5625,100,100,100,18.75,95.3125,81.25,100,64.0625,34.375,100,100,90.625,100,95.3125,70.3125,100,100,31.25,100,75,92.1875,100,100,100,100,18.75,68.75,100,100,85.9375,89.0625,51.5625,100,73.4375,100,100,100,100,67.1875,68.75,100,73.4375,100,100,12.5,100,100,89.0625,68.75,54.6875,87.5,73.4375,100,100,81.25,73.4375,64.0625,67.1875,60.9375,59.375,100,89.0625,67.1875,53.125,100,81.25,39.0625,100,70.3125,92.1875,100,92.1875,100,100,100,96.875,90.625,75,100,100,98.4375,89.0625,100,90.625,100,85.9375,89.0625,100,100,100,100,95.3125,100,65.625,100,100,68.75,62.5,100,100,100,100,100,89.0625,100,100,57.8125,100,93.75,59.375,100,100,100,75,100,42.1875,90.625,89.0625,64.0625,37.5,89.0625,87.5,100,100,98.4375,75,79.6875,42.1875,53.125,100,100,76.5625,60.9375,60.9375,100,81.25,87.5,95.3125,100,90.625,100,46.875,89.0625,92.1875,53.125,100,100,92.1875,100,51.5625,100,84.375,90.625,67.1875,100,93.75,100,100,100,73.4375,37.5,100,100,100,100,100,95.3125,100,35.9375,73.4375,62.5,100,96.875,100,100,100,100,84.375,43.75,56.25,34.375,78.125,64.0625,96.875,100,100,100,82.8125,100,100,64.0625,40.625,76.5625,100,71.875,71.875,37.5,95.3125,62.5,100,100,100,100,100,100,68.75,100,100,93.75,100,26.5625,100,93.75,100,100,100,93.75,100,100,100,46.875,34.375,100,100,100,84.375,100,100,100,100,68.75,73.4375,100,93.75,100,76.5625,71.875,76.5625,100,100,82.8125,100,67.1875,100,100,100,100,92.1875,79.6875,78.125,100,100,100,100,71.875,100,100,100,100,100,81.25,35.9375,70.3125,100,70.3125,100,100,100,100,100,100,100,100,100,89.0625,100,100,75,100,100,100,100,98.4375,100,100,100,81.25,100,65.625,100,92.1875,93.75,92.1875,100,93.75,100,90.625,100,37.5,3.125,46.875,100,100,100,100,34.375,100,100,100,100,100,35.9375,100,51.5625,100,100,100,67.1875,100,100,100,100,45.3125,93.75,100,100,79.6875,100,100,100,84.375,100,95.3125,64.0625,78.125,89.0625,65.625,100,82.8125,100,82.8125,73.4375,100,100,100,100,85.9375,100,87.5,95.3125,60.9375,62.5,100,78.125,84.375,100,100,67.1875,100,100,100,100,92.1875,26.5625,100,100,89.0625,100,20.3125,82.8125,100,89.0625,100,100,100,100,100,100,100,70.3125,89.0625,75,100,100,100,100,100,100,100,100,100,56.25,100,59.375,100,100,100,81.25,78.125,100,76.5625,100,100,71.875,100,62.5,100,100,71.875,34.375,100,92.1875,70.3125,100,73.4375,48.4375,100,100,100,100,60.9375,57.8125,70.3125,100,100,100,89.0625,100,20.3125,84.375,76.5625,51.5625,100,7.8125,90.625,100,92.1875,90.625,100,96.875,87.5,59.375,100,23.4375,43.75,100,95.3125,76.5625,100,39.0625,87.5,100,100,100,95.3125,100,42.1875,23.4375,100,100,100,100,81.25,100,100,100,100,100,95.3125,57.8125,100,9.375,100,82.8125,84.375,100,96.875,100,100,89.0625,100,67.1875,51.5625,100,100,100,100,96.875,100,100,100,100,59.375,54.6875,100,100,100,64.0625,76.5625,100,65.625,100,100,26.5625,59.375,62.5,85.9375,81.25,100,100,100,29.6875,100,100,92.1875,100,100,100,100,82.8125,100,100,100,100,100,100,46.875,100,12.5,84.375,100,100,100,100,100,81.25,59.375,28.125,65.625,98.4375,100,70.3125,100,100,100,100,96.875,56.25,78.125,95.3125,79.6875,100,39.0625,100,71.875,76.5625,100,100,100,100,87.5,100,50,100,92.1875,23.4375,68.75,100,35.9375,100,54.6875,100,100,75,100,20.3125,100,68.75,100,87.5,84.375,100,100,90.625,60.9375,42.1875,82.8125,76.5625,75,75,100,62.5,82.8125,92.1875,46.875,100,70.3125,100,100,100,100,70.3125,82.8125,100,100,100,95.3125,79.6875,34.375,100,100,96.875,100,65.625,100,68.75,84.375,78.125,100,73.4375,100,59.375,42.1875,100,100,100,79.6875,100,67.1875,100,100,100,100,100,100,26.5625,100,100,87.5,100,70.3125,100,81.25,100,81.25,100,82.8125,100,100,46.875,100,89.0625,51.5625,95.3125,100,100,43.75,100,75,100,35.9375,35.9375,100,73.4375,59.375,100,31.25,90.625,100,100,65.625,100,98.4375,54.6875,100,100,100,100,62.5,37.5,100,71.875,100,100,90.625,100,100,53.125,39.0625,100,100,90.625,60.9375,89.0625,100,73.4375,82.8125,93.75,100,67.1875,100,100,100,100,60.9375,100,100,100,100,79.6875,40.625,100,100,100,100,87.5,100,100,100,100,90.625,100,100,57.8125,73.4375,100,100,76.5625,100,46.875,100,39.0625,82.8125,100,64.0625,100,100,89.0625,75,100,89.0625,100,100,100,100,100,53.125,20.3125,53.125,100,100,100,92.1875,100,100,100,35.9375,100,95.3125,90.625,100,90.625,93.75,79.6875,100,53.125,100,95.3125,100,81.25,92.1875,100,71.875,100,76.5625,79.6875,100,100,65.625,82.8125,100,100,100,67.1875,100,100,68.75,100,100,98.4375,85.9375,81.25,100,100,100,29.6875,59.375,68.75,100,100,100,100,100,32.8125,100,75,100,100,93.75,100,87.5,54.6875,71.875,100,100,95.3125,21.875,100,100,4.6875,48.4375,100,56.25,100,100,100,96.875,90.625,82.8125,100,100,87.5,73.4375,100,100,65.625,100,100,100,71.875,100,100,100,100,100,85.9375,100,100,100,100,100,100,100,79.6875,100,85.9375,81.25,100,100,100,100,90.625,95.3125,51.5625,100,100,60.9375,100,70.3125,100,81.25,93.75,70.3125,75,100,100,100,59.375,100,100,85.9375,100,100,100,50,23.4375,95.3125,100,90.625,100,56.25,82.8125,100,87.5,60.9375,100,76.5625,95.3125,92.1875,50,100,92.1875,100,90.625,40.625,98.4375,100,100,100,32.8125,67.1875,95.3125,100,100,100,100,59.375,100,100,65.625,57.8125,100,95.3125,100,84.375,71.875,100,92.1875,100,100,85.9375,95.3125,21.875,71.875,70.3125,71.875,37.5,100,81.25,100,100,54.6875,100,100,35.9375,100,82.8125,75,92.1875,65.625,93.75,100,17.1875,100,100,71.875,100,93.75,73.4375,43.75,100,37.5,53.125,96.875,100,100,100,100,95.3125,57.8125,100,100,100,100,100,92.1875,100,100,84.375,76.5625,65.625,85.9375,100,62.5,100,100,79.6875,82.8125,42.1875,64.0625,96.875,100,34.375,100,100,100,100,100,98.4375,100,39.0625,98.4375,100,46.875,40.625,82.8125,81.25,100,100,71.875,89.0625,98.4375,95.3125,100,29.6875,67.1875,67.1875,78.125,100,100,100,98.4375,100,56.25,73.4375,100,100,100,54.6875,78.125,50,10.9375,100,71.875,64.0625,100,81.25,93.75,73.4375,57.8125,25,93.75,54.6875,89.0625,100,100,100,100,100,84.375,82.8125,100,100,31.25,100,100,100,95.3125,98.4375,100,93.75,100,100,81.25,93.75,78.125,65.625,90.625,100,67.1875,100,100,98.4375,100,42.1875,100,100,100,100,100,100,100,100,100,62.5,71.875,100,92.1875,100,90.625,100,39.0625,100,90.625,100,100,100,100,100,87.5,98.4375,92.1875,100,100,92.1875,78.125,53.125,98.4375,100,100,100,70.3125,56.25,67.1875,98.4375,100,100,34.375,84.375,100,100,100,100,21.875,100,100,57.8125,28.125,100,79.6875,57.8125,100,100,89.0625,65.625,68.75,76.5625,100,100,68.75,100,51.5625,100,100,81.25,21.875,100,100,100,100,100,100,100,100,100,100,45.3125,95.3125,54.6875,82.8125,65.625,100,25,65.625,100,43.75,54.6875,100,100,50,100,81.25,89.0625,100,100,100,100,79.6875,73.4375,100,90.625,100,39.0625,100,100,79.6875,65.625,76.5625,100,79.6875,100,98.4375,100,100,85.9375,100,100,7.8125,100,100,71.875,79.6875,100,100,100,100,100,100,100,95.3125,100,100,100,70.3125,100,84.375,59.375,100,100,64.0625,100,100,59.375,100,100,100,100,100,90.625,100,57.8125,71.875,65.625,100,26.5625,60.9375,46.875,100,56.25,95.3125,100,90.625,96.875,100,100,75,100,89.0625,100,68.75,100,100,76.5625,56.25,68.75,100,48.4375,92.1875,100,100,87.5,100,90.625,100,85.9375,100,100,100,59.375,100,100,76.5625,40.625,100,100,100,92.1875,100,29.6875,100,100,46.875,59.375,31.25,100,100,100,100,73.4375,100,100,54.6875,100,100,48.4375,100,59.375,100,100,100,98.4375,92.1875,53.125,54.6875,100,29.6875,100,46.875,100,71.875,68.75,35.9375,100,89.0625,85.9375,100,85.9375,95.3125,56.25,100,100,37.5,10.9375,100,56.25,100,100,100,71.875,100,68.75,100,70.3125,100,100,29.6875,100,67.1875,100,78.125,95.3125,98.4375,100,65.625,90.625,64.0625,54.6875,100,100,95.3125,75,100,100,100,64.0625,75,100,100,100,85.9375,92.1875,92.1875,100,85.9375,100,85.9375,100,79.6875,68.75,100,81.25,100,100,100,96.875,100,100,37.5,70.3125,62.5,89.0625,18.75,46.875,100,100,100,45.3125,26.5625,100,100,89.0625,100,73.4375,78.125,98.4375,89.0625,90.625,100,100,67.1875,100,100,79.6875,43.75,100,65.625,100,54.6875,40.625,81.25,100,81.25,54.6875,100,75,100,100,75,100,100,60.9375,50,100,100,67.1875,40.625,100,100,71.875,92.1875,71.875,100,95.3125,79.6875,71.875,100,100,100,100,39.0625,100,73.4375,100,100,62.5,62.5,100,100,90.625,100,100,100,75,100,95.3125,100,84.375,100,100,64.0625,64.0625,100,59.375,100,76.5625,100,60.9375,87.5,100,100,87.5,100,35.9375,29.6875,54.6875,93.75,67.1875,100,100,62.5,23.4375,95.3125,98.4375,100,54.6875,65.625,35.9375,100,100,100,100,100,78.125,100,20.3125,100,84.375,85.9375,71.875,100,85.9375,68.75,28.125,68.75,84.375,18.75,100,65.625,57.8125,28.125,35.9375,100,100,100,100,25,100,89.0625,57.8125,68.75,84.375,92.1875,56.25,87.5,78.125,46.875,42.1875,100,100,100,59.375,100,100,87.5,100,100,76.5625,84.375,100,100,17.1875,100,56.25,100,100,45.3125,100,46.875,100,85.9375,100,100,48.4375,100,96.875,100,29.6875,85.9375,95.3125,100,76.5625,20.3125,100,95.3125,23.4375,100,78.125,100,73.4375,100,100,50,28.125,100,98.4375,50,67.1875,100,100,100,100,100,25,100,70.3125,100,100,100,85.9375,100,68.75,35.9375,100,95.3125,92.1875,51.5625,76.5625,53.125,29.6875,100,100,100,100,85.9375,100,60.9375,100,100,100,100,100,87.5,42.1875,100,100,100,100,100,98.4375,87.5,18.75,78.125,100,26.5625,82.8125,100,100,100,100,68.75,1.5625,82.8125,100,28.125,100,78.125,100,25,100,100,100,100,100,82.8125,100,100,100,100,89.0625,85.9375,100,100,42.1875,100,57.8125,100,59.375,100,100,100,75,100,43.75,64.0625,100,100,60.9375,100,100,92.1875,100,100,73.4375,100,100,100,93.75,71.875,76.5625,70.3125,100,98.4375,100,56.25,26.5625,96.875,39.0625,100,100,92.1875,31.25,82.8125,100,100,73.4375,100,100,100,93.75,59.375,100,71.875,71.875,100,53.125,100,46.875,56.25,100,100,96.875,100,100,100,29.6875,70.3125,100,100,64.0625,100,100,64.0625,81.25,95.3125,98.4375,37.5,64.0625,65.625,100,100,82.8125,34.375,100,59.375,43.75,100,79.6875,100,100,100,100,57.8125,82.8125,54.6875,96.875,100,51.5625,100,59.375,81.25,100,78.125,100,100,32.8125,100,100,100,100,100,100,100
"6074",89.0625,100,35.9375,100,100,85.9375,89.0625,93.75,23.4375,98.4375,50,100,100,100,100,76.5625,100,87.5,100,100,96.875,100,100,100,9.375,100,100,89.0625,84.375,100,100,100,100,93.75,100,68.75,84.375,100,75,93.75,65.625,64.0625,76.5625,100,100,68.75,100,100,84.375,89.0625,75,100,100,89.0625,100,100,7.8125,100,100,40.625,89.0625,56.25,98.4375,98.4375,100,100,62.5,100,71.875,100,59.375,75,100,98.4375,60.9375,75,100,46.875,51.5625,100,76.5625,100,29.6875,75,100,100,100,90.625,100,100,87.5,84.375,100,48.4375,78.125,96.875,100,54.6875,100,100,100,96.875,100,71.875,100,43.75,95.3125,56.25,85.9375,92.1875,60.9375,100,100,95.3125,31.25,100,100,100,100,100,73.4375,100,60.9375,93.75,100,35.9375,100,18.75,100,100,100,100,60.9375,29.6875,78.125,65.625,78.125,79.6875,35.9375,100,100,100,43.75,67.1875,100,56.25,100,100,57.8125,82.8125,59.375,35.9375,78.125,92.1875,98.4375,93.75,76.5625,98.4375,100,100,100,100,78.125,100,82.8125,71.875,21.875,85.9375,60.9375,100,100,71.875,100,53.125,100,100,87.5,100,100,100,100,85.9375,100,82.8125,95.3125,100,28.125,34.375,100,87.5,100,100,87.5,100,100,100,43.75,53.125,100,100,21.875,71.875,96.875,100,100,100,100,100,73.4375,100,35.9375,100,100,92.1875,87.5,78.125,100,51.5625,100,51.5625,100,75,100,100,100,53.125,56.25,12.5,100,100,79.6875,76.5625,100,100,100,100,82.8125,60.9375,87.5,34.375,100,100,100,100,100,48.4375,85.9375,92.1875,100,50,100,76.5625,100,100,100,62.5,100,60.9375,100,100,100,98.4375,37.5,100,34.375,82.8125,100,100,100,100,53.125,57.8125,100,15.625,100,31.25,48.4375,100,73.4375,100,79.6875,100,50,100,100,100,29.6875,98.4375,100,89.0625,81.25,100,59.375,56.25,100,100,100,92.1875,62.5,75,35.9375,100,84.375,81.25,100,81.25,82.8125,100,90.625,70.3125,76.5625,64.0625,31.25,100,79.6875,93.75,100,100,96.875,39.0625,89.0625,100,50,100,70.3125,60.9375,98.4375,65.625,100,67.1875,89.0625,100,76.5625,100,100,40.625,100,87.5,100,100,98.4375,81.25,48.4375,100,79.6875,68.75,40.625,100,100,75,100,78.125,100,54.6875,71.875,100,100,70.3125,60.9375,78.125,85.9375,92.1875,100,89.0625,76.5625,56.25,23.4375,100,98.4375,100,100,100,95.3125,68.75,93.75,100,90.625,100,70.3125,87.5,82.8125,85.9375,65.625,100,100,23.4375,100,100,62.5,92.1875,100,96.875,100,100,100,73.4375,100,48.4375,100,46.875,100,100,100,100,100,17.1875,59.375,100,71.875,95.3125,70.3125,96.875,100,92.1875,100,84.375,39.0625,54.6875,100,76.5625,28.125,87.5,100,100,100,35.9375,45.3125,100,100,21.875,82.8125,100,81.25,100,71.875,62.5,59.375,100,100,100,100,93.75,90.625,84.375,100,57.8125,100,100,100,93.75,68.75,100,100,100,84.375,71.875,100,70.3125,100,100,64.0625,73.4375,85.9375,100,100,79.6875,100,90.625,100,100,76.5625,32.8125,71.875,100,100,14.0625,100,100,100,45.3125,67.1875,100,87.5,62.5,82.8125,100,54.6875,100,50,73.4375,100,78.125,79.6875,42.1875,64.0625,100,100,100,50,100,71.875,100,100,100,85.9375,62.5,68.75,84.375,39.0625,100,81.25,76.5625,68.75,100,100,100,100,100,100,100,100,100,100,60.9375,51.5625,92.1875,100,100,40.625,35.9375,51.5625,100,98.4375,100,84.375,71.875,100,81.25,78.125,100,84.375,100,100,35.9375,46.875,100,71.875,93.75,100,70.3125,100,100,100,100,93.75,71.875,71.875,100,98.4375,95.3125,100,50,100,100,100,23.4375,64.0625,84.375,100,100,68.75,100,92.1875,81.25,42.1875,75,100,75,100,100,100,98.4375,98.4375,100,100,100,100,87.5,100,64.0625,100,59.375,100,100,100,100,81.25,100,79.6875,96.875,93.75,95.3125,100,90.625,100,100,57.8125,59.375,100,76.5625,100,100,75,100,64.0625,100,100,100,100,100,100,100,100,87.5,100,75,100,100,100,76.5625,78.125,100,100,100,100,79.6875,100,90.625,100,96.875,100,100,29.6875,96.875,62.5,59.375,90.625,73.4375,100,100,100,92.1875,90.625,100,45.3125,6.25,85.9375,53.125,28.125,92.1875,100,100,56.25,100,100,29.6875,100,87.5,51.5625,59.375,82.8125,40.625,73.4375,98.4375,76.5625,87.5,100,28.125,81.25,84.375,40.625,84.375,95.3125,50,93.75,100,100,100,100,100,100,75,100,45.3125,68.75,100,100,67.1875,56.25,82.8125,46.875,100,50,100,93.75,100,100,100,100,60.9375,100,73.4375,78.125,82.8125,100,100,68.75,25,100,100,60.9375,100,100,100,90.625,100,100,100,100,100,100,68.75,100,100,100,92.1875,100,100,100,93.75,100,10.9375,70.3125,100,95.3125,100,64.0625,100,100,35.9375,89.0625,100,71.875,39.0625,28.125,100,100,89.0625,82.8125,100,35.9375,100,73.4375,31.25,29.6875,92.1875,100,100,90.625,50,54.6875,68.75,71.875,9.375,100,100,42.1875,45.3125,71.875,48.4375,82.8125,100,100,100,100,100,96.875,100,78.125,100,100,100,100,45.3125,100,100,57.8125,100,39.0625,100,100,57.8125,100,89.0625,100,68.75,90.625,100,100,54.6875,100,98.4375,100,84.375,68.75,100,37.5,92.1875,92.1875,100,65.625,100,62.5,100,100,100,100,95.3125,62.5,100,100,84.375,76.5625,73.4375,100,37.5,100,70.3125,81.25,79.6875,43.75,98.4375,90.625,100,53.125,100,100,96.875,84.375,62.5,100,100,100,96.875,100,76.5625,56.25,100,100,39.0625,92.1875,100,92.1875,100,98.4375,100,100,100,100,100,100,100,100,100,100,62.5,54.6875,100,68.75,98.4375,84.375,100,60.9375,73.4375,100,43.75,100,95.3125,100,100,67.1875,100,100,81.25,100,96.875,100,84.375,100,100,73.4375,67.1875,100,100,100,98.4375,100,73.4375,98.4375,100,100,100,100,57.8125,100,20.3125,100,79.6875,100,100,53.125,100,70.3125,54.6875,95.3125,100,35.9375,100,85.9375,42.1875,100,85.9375,71.875,59.375,100,100,65.625,93.75,93.75,100,100,82.8125,100,100,71.875,100,100,59.375,40.625,100,37.5,100,100,100,100,82.8125,56.25,100,96.875,100,100,93.75,93.75,96.875,100,100,96.875,100,100,100,100,68.75,65.625,100,92.1875,59.375,40.625,100,78.125,100,100,100,73.4375,48.4375,29.6875,100,40.625,81.25,71.875,70.3125,100,9.375,100,100,100,100,100,100,100,100,100,100,59.375,82.8125,28.125,100,98.4375,76.5625,93.75,100,54.6875,67.1875,100,98.4375,78.125,84.375,100,81.25,100,81.25,100,100,100,100,100,100,84.375,51.5625,100,100,87.5,100,67.1875,32.8125,89.0625,100,100,100,100,100,81.25,79.6875,100,100,76.5625,73.4375,70.3125,100,100,100,100,100,100,100,76.5625,100,73.4375,100,100,100,100,100,100,76.5625,100,100,89.0625,100,100,100,100,100,64.0625,59.375,100,100,45.3125,100,100,76.5625,82.8125,100,81.25,100,100,40.625,100,79.6875,100,100,78.125,100,100,42.1875,87.5,100,82.8125,100,100,40.625,78.125,100,100,100,98.4375,18.75,100,100,100,71.875,100,100,100,100,60.9375,100,100,65.625,68.75,90.625,87.5,100,90.625,100,85.9375,100,100,100,100,100,76.5625,67.1875,100,93.75,82.8125,100,84.375,71.875,100,79.6875,100,53.125,84.375,100,100,100,100,51.5625,100,78.125,100,100,100,54.6875,100,100,59.375,65.625,100,93.75,100,89.0625,100,98.4375,73.4375,76.5625,100,100,100,100,100,100,100,100,43.75,54.6875,100,100,100,100,100,100,100,81.25,100,100,100,60.9375,100,96.875,100,75,75,100,100,100,85.9375,96.875,100,71.875,73.4375,100,98.4375,100,100,82.8125,73.4375,100,43.75,51.5625,100,100,56.25,89.0625,100,50,100,100,50,100,100,31.25,100,100,100,100,100,100,21.875,100,100,100,100,65.625,100,60.9375,87.5,76.5625,100,100,100,18.75,95.3125,78.125,100,70.3125,54.6875,100,100,89.0625,100,73.4375,100,100,100,32.8125,100,50,100,100,100,89.0625,100,18.75,68.75,100,75,85.9375,89.0625,53.125,100,46.875,100,100,100,100,60.9375,68.75,100,73.4375,100,84.375,100,100,100,65.625,68.75,57.8125,89.0625,75,100,100,79.6875,71.875,82.8125,67.1875,60.9375,51.5625,100,96.875,67.1875,57.8125,100,82.8125,62.5,100,42.1875,89.0625,100,92.1875,100,100,100,100,96.875,75,100,100,100,75,100,95.3125,100,85.9375,75,100,100,68.75,100,93.75,100,73.4375,100,100,59.375,62.5,100,79.6875,82.8125,100,100,89.0625,100,100,100,60.9375,95.3125,59.375,100,100,100,82.8125,100,42.1875,93.75,100,64.0625,31.25,92.1875,89.0625,100,57.8125,96.875,68.75,78.125,39.0625,43.75,100,100,76.5625,60.9375,81.25,100,78.125,92.1875,95.3125,100,90.625,100,50,100,70.3125,65.625,68.75,100,90.625,100,37.5,100,84.375,23.4375,89.0625,100,93.75,100,100,100,73.4375,37.5,100,43.75,100,100,100,79.6875,100,46.875,75,62.5,100,81.25,100,100,100,100,39.0625,51.5625,59.375,50,78.125,68.75,92.1875,100,100,100,87.5,100,100,64.0625,39.0625,90.625,100,75,71.875,100,100,68.75,100,100,100,100,100,100,68.75,59.375,98.4375,93.75,100,21.875,100,92.1875,100,56.25,100,96.875,100,100,100,10.9375,10.9375,100,100,100,95.3125,100,73.4375,100,100,73.4375,71.875,100,98.4375,100,75,84.375,78.125,100,100,79.6875,100,100,100,35.9375,100,100,100,81.25,76.5625,100,100,100,100,100,100,96.875,100,100,100,68.75,37.5,70.3125,100,71.875,100,100,100,100,100,100,100,100,100,89.0625,96.875,100,98.4375,100,100,100,100,100,100,100,100,82.8125,100,67.1875,100,93.75,79.6875,100,100,90.625,67.1875,100,100,39.0625,39.0625,65.625,100,100,100,100,32.8125,100,100,100,100,100,60.9375,100,81.25,100,100,87.5,79.6875,100,100,100,100,46.875,92.1875,100,100,78.125,100,100,85.9375,85.9375,100,95.3125,100,75,48.4375,79.6875,100,100,100,73.4375,73.4375,100,100,100,59.375,90.625,100,85.9375,95.3125,71.875,62.5,100,100,85.9375,100,100,60.9375,100,100,100,100,95.3125,26.5625,82.8125,100,100,100,20.3125,84.375,100,96.875,100,100,100,100,100,100,100,68.75,87.5,95.3125,100,100,85.9375,85.9375,100,89.0625,100,100,100,100,100,59.375,100,100,96.875,82.8125,50,100,81.25,100,100,71.875,62.5,67.1875,100,100,68.75,70.3125,100,90.625,73.4375,100,82.8125,62.5,100,100,100,100,70.3125,57.8125,100,79.6875,100,100,87.5,100,18.75,84.375,89.0625,51.5625,100,100,92.1875,100,100,100,100,71.875,98.4375,57.8125,100,25,43.75,100,95.3125,73.4375,100,26.5625,87.5,100,100,100,95.3125,100,42.1875,18.75,100,100,100,98.4375,100,100,100,100,46.875,100,100,87.5,100,100,100,82.8125,100,100,100,100,100,93.75,100,60.9375,59.375,100,100,23.4375,93.75,87.5,100,100,95.3125,100,100,53.125,100,100,100,100,75,100,65.625,100,100,26.5625,59.375,62.5,45.3125,81.25,100,100,100,95.3125,100,100,90.625,100,100,100,100,81.25,100,100,100,100,100,100,46.875,100,25,84.375,81.25,100,100,100,100,65.625,100,29.6875,59.375,93.75,100,67.1875,100,100,100,100,98.4375,18.75,84.375,78.125,76.5625,100,37.5,100,75,84.375,100,100,100,100,92.1875,23.4375,75,100,96.875,23.4375,68.75,100,18.75,100,51.5625,100,57.8125,71.875,100,100,100,68.75,100,100,84.375,100,100,95.3125,60.9375,40.625,70.3125,68.75,76.5625,73.4375,100,51.5625,59.375,92.1875,40.625,100,96.875,100,46.875,100,100,68.75,81.25,100,95.3125,100,100,87.5,100,100,100,100,98.4375,65.625,100,71.875,100,93.75,100,73.4375,100,20.3125,50,100,100,56.25,81.25,100,67.1875,100,100,100,100,92.1875,75,31.25,100,100,82.8125,100,78.125,100,100,100,81.25,100,82.8125,100,100,35.9375,100,100,51.5625,100,100,100,45.3125,100,100,100,40.625,35.9375,100,68.75,70.3125,100,32.8125,100,100,100,43.75,100,93.75,100,100,100,100,92.1875,65.625,35.9375,100,70.3125,100,100,89.0625,67.1875,100,53.125,35.9375,28.125,100,76.5625,60.9375,89.0625,100,76.5625,84.375,93.75,100,34.375,100,53.125,100,100,62.5,100,100,100,100,67.1875,45.3125,54.6875,100,100,100,92.1875,100,100,60.9375,100,75,100,100,59.375,67.1875,100,100,57.8125,100,46.875,100,100,84.375,100,68.75,100,100,89.0625,81.25,100,90.625,98.4375,100,100,100,100,25,23.4375,51.5625,90.625,100,100,100,100,78.125,100,35.9375,100,92.1875,96.875,100,90.625,92.1875,100,100,67.1875,100,89.0625,100,100,100,100,100,100,76.5625,68.75,100,100,100,87.5,68.75,100,100,67.1875,100,100,76.5625,100,98.4375,100,92.1875,79.6875,100,100,100,51.5625,59.375,90.625,100,100,100,100,100,40.625,100,76.5625,100,100,87.5,100,95.3125,65.625,57.8125,100,100,96.875,21.875,100,95.3125,4.6875,48.4375,100,9.375,100,100,100,96.875,92.1875,79.6875,100,100,90.625,76.5625,100,100,20.3125,100,100,96.875,71.875,100,64.0625,96.875,100,100,85.9375,100,100,10.9375,100,100,100,100,78.125,100,100,81.25,100,100,100,100,89.0625,78.125,75,100,100,59.375,100,70.3125,100,76.5625,78.125,71.875,75,100,100,100,100,100,81.25,82.8125,100,98.4375,76.5625,57.8125,23.4375,92.1875,100,92.1875,100,68.75,81.25,100,87.5,59.375,100,100,100,75,50,100,100,100,31.25,79.6875,96.875,100,100,92.1875,34.375,64.0625,100,95.3125,40.625,100,100,60.9375,100,75,51.5625,57.8125,100,96.875,81.25,98.4375,76.5625,100,93.75,100,100,90.625,96.875,21.875,68.75,100,71.875,37.5,100,76.5625,100,100,57.8125,100,100,65.625,100,89.0625,75,90.625,64.0625,90.625,100,18.75,100,100,68.75,100,92.1875,73.4375,40.625,100,48.4375,56.25,100,100,89.0625,100,92.1875,100,57.8125,100,100,100,100,100,95.3125,100,100,95.3125,81.25,67.1875,100,100,62.5,100,98.4375,100,73.4375,21.875,100,96.875,100,34.375,100,100,100,53.125,100,85.9375,92.1875,37.5,100,100,35.9375,40.625,100,81.25,100,92.1875,73.4375,89.0625,100,93.75,100,100,67.1875,67.1875,78.125,12.5,76.5625,100,100,100,56.25,89.0625,100,100,100,39.0625,78.125,48.4375,23.4375,100,71.875,62.5,100,81.25,70.3125,78.125,100,25,93.75,54.6875,87.5,100,100,78.125,17.1875,100,100,84.375,100,100,100,100,100,87.5,95.3125,100,100,89.0625,100,100,79.6875,98.4375,70.3125,67.1875,100,100,64.0625,100,100,96.875,100,42.1875,84.375,100,100,100,85.9375,51.5625,100,100,100,60.9375,98.4375,92.1875,100,100,87.5,100,37.5,100,84.375,98.4375,100,100,100,100,96.875,100,89.0625,100,100,92.1875,100,56.25,100,100,100,100,67.1875,56.25,78.125,98.4375,100,100,34.375,84.375,35.9375,100,100,100,100,100,100,67.1875,28.125,100,90.625,39.0625,100,78.125,98.4375,84.375,67.1875,68.75,100,100,85.9375,93.75,100,87.5,68.75,100,23.4375,81.25,100,100,100,100,100,100,100,100,81.25,100,93.75,65.625,76.5625,67.1875,100,25,82.8125,100,53.125,54.6875,100,100,68.75,96.875,95.3125,98.4375,81.25,100,100,100,84.375,76.5625,100,76.5625,100,42.1875,100,100,81.25,56.25,79.6875,100,100,100,98.4375,100,100,84.375,65.625,100,59.375,100,100,100,79.6875,100,100,59.375,60.9375,96.875,100,100,100,100,100,100,70.3125,92.1875,78.125,60.9375,100,100,64.0625,100,100,60.9375,100,100,82.8125,100,100,89.0625,100,57.8125,71.875,90.625,100,28.125,78.125,67.1875,100,64.0625,81.25,100,90.625,95.3125,100,100,76.5625,100,84.375,59.375,65.625,100,100,100,46.875,31.25,100,48.4375,92.1875,89.0625,100,81.25,100,90.625,100,64.0625,100,100,100,100,100,100,76.5625,42.1875,100,100,100,92.1875,100,31.25,100,100,65.625,59.375,100,100,100,100,100,62.5,100,100,65.625,100,100,71.875,100,60.9375,100,100,100,92.1875,90.625,100,62.5,100,100,100,56.25,100,87.5,100,62.5,100,100,87.5,100,96.875,100,100,100,100,37.5,10.9375,100,73.4375,100,100,100,73.4375,100,70.3125,100,37.5,100,100,48.4375,100,100,92.1875,87.5,95.3125,57.8125,79.6875,65.625,82.8125,64.0625,73.4375,100,100,95.3125,100,100,100,100,59.375,75,100,100,57.8125,84.375,92.1875,89.0625,98.4375,89.0625,96.875,51.5625,100,87.5,70.3125,100,81.25,100,100,100,96.875,100,100,39.0625,70.3125,96.875,89.0625,26.5625,48.4375,100,100,100,46.875,64.0625,42.1875,100,100,100,87.5,78.125,98.4375,84.375,98.4375,100,100,65.625,100,100,34.375,35.9375,20.3125,57.8125,100,100,73.4375,78.125,100,71.875,54.6875,100,100,100,100,73.4375,100,100,100,50,100,100,76.5625,40.625,100,100,57.8125,92.1875,75,100,100,70.3125,98.4375,100,100,100,100,57.8125,100,73.4375,25,100,87.5,60.9375,100,100,95.3125,100,100,100,93.75,100,100,100,89.0625,100,100,100,60.9375,100,59.375,100,89.0625,100,59.375,89.0625,100,100,82.8125,100,35.9375,100,53.125,89.0625,65.625,100,100,100,100,89.0625,100,100,71.875,56.25,37.5,100,6.25,100,100,100,81.25,100,15.625,100,48.4375,81.25,71.875,100,84.375,60.9375,54.6875,76.5625,100,18.75,100,79.6875,100,28.125,40.625,100,100,100,100,31.25,87.5,100,57.8125,100,90.625,89.0625,85.9375,100,71.875,85.9375,50,67.1875,93.75,100,62.5,100,100,89.0625,100,100,100,85.9375,100,100,17.1875,100,59.375,100,100,46.875,100,46.875,100,87.5,50,57.8125,50,43.75,87.5,98.4375,29.6875,85.9375,100,100,100,100,87.5,100,25,100,76.5625,100,78.125,100,100,84.375,28.125,100,98.4375,46.875,60.9375,100,100,73.4375,100,100,15.625,100,65.625,100,100,100,85.9375,100,73.4375,100,100,92.1875,92.1875,60.9375,76.5625,53.125,15.625,100,100,100,100,100,100,100,100,100,100,100,100,87.5,46.875,100,100,100,100,100,100,100,25,95.3125,100,26.5625,100,100,100,100,100,68.75,1.5625,100,100,26.5625,100,82.8125,100,100,100,100,100,15.625,100,85.9375,100,100,100,100,95.3125,85.9375,100,96.875,29.6875,23.4375,59.375,100,60.9375,100,100,100,73.4375,98.4375,45.3125,64.0625,100,37.5,48.4375,100,73.4375,93.75,100,100,85.9375,100,100,100,93.75,100,59.375,28.125,100,78.125,100,100,51.5625,92.1875,39.0625,100,71.875,100,18.75,100,100,100,70.3125,100,100,100,90.625,59.375,62.5,73.4375,64.0625,100,84.375,85.9375,50,93.75,100,100,96.875,93.75,100,34.375,31.25,68.75,98.4375,46.875,64.0625,100,100,64.0625,81.25,100,82.8125,37.5,60.9375,45.3125,100,100,100,31.25,100,59.375,42.1875,100,76.5625,100,100,100,17.1875,68.75,89.0625,54.6875,92.1875,100,51.5625,100,59.375,100,100,84.375,100,100,42.1875,57.8125,100,84.375,100,100,100,100
"6075",89.0625,100,32.8125,100,100,84.375,89.0625,92.1875,21.875,98.4375,50,100,100,100,100,76.5625,87.5,89.0625,100,100,93.75,100,100,100,9.375,100,100,70.3125,85.9375,100,67.1875,100,100,87.5,100,78.125,78.125,100,100,93.75,100,64.0625,85.9375,100,100,95.3125,100,100,64.0625,89.0625,75,100,100,76.5625,35.9375,100,20.3125,100,100,40.625,98.4375,53.125,98.4375,100,100,100,71.875,100,79.6875,100,57.8125,75,100,100,62.5,82.8125,100,48.4375,50,100,78.125,100,87.5,73.4375,100,100,100,51.5625,100,100,56.25,82.8125,100,46.875,68.75,96.875,100,62.5,100,100,89.0625,98.4375,100,70.3125,100,39.0625,93.75,59.375,85.9375,100,57.8125,73.4375,100,100,32.8125,100,79.6875,100,100,100,62.5,100,100,76.5625,45.3125,35.9375,100,18.75,100,100,100,100,84.375,60.9375,81.25,57.8125,60.9375,78.125,100,100,100,87.5,43.75,59.375,100,100,95.3125,100,60.9375,81.25,54.6875,32.8125,76.5625,93.75,95.3125,100,75,100,100,100,100,100,78.125,100,89.0625,70.3125,96.875,75,70.3125,100,85.9375,71.875,100,70.3125,100,100,85.9375,100,100,100,100,84.375,100,84.375,100,100,31.25,100,100,85.9375,100,100,87.5,100,100,100,100,53.125,100,70.3125,21.875,100,96.875,100,100,100,100,100,73.4375,100,31.25,100,100,100,78.125,78.125,98.4375,87.5,100,46.875,100,71.875,100,82.8125,100,53.125,100,100,100,100,78.125,78.125,100,100,100,100,82.8125,60.9375,76.5625,100,100,100,100,100,100,45.3125,100,89.0625,100,42.1875,100,76.5625,87.5,92.1875,100,59.375,100,59.375,100,100,100,96.875,37.5,82.8125,32.8125,92.1875,100,100,100,100,51.5625,54.6875,100,100,100,65.625,43.75,100,76.5625,100,87.5,100,70.3125,100,100,100,31.25,98.4375,100,93.75,79.6875,100,60.9375,53.125,100,100,92.1875,85.9375,64.0625,75,37.5,100,85.9375,89.0625,100,85.9375,100,39.0625,89.0625,100,90.625,59.375,29.6875,100,59.375,95.3125,100,100,70.3125,56.25,89.0625,100,50,100,71.875,18.75,100,65.625,100,76.5625,100,59.375,75,81.25,100,40.625,100,87.5,100,100,100,79.6875,46.875,90.625,67.1875,68.75,37.5,100,100,73.4375,100,71.875,100,50,70.3125,100,95.3125,70.3125,54.6875,100,79.6875,85.9375,100,100,29.6875,42.1875,23.4375,100,98.4375,100,100,100,93.75,76.5625,89.0625,100,98.4375,98.4375,67.1875,100,78.125,84.375,100,78.125,100,64.0625,100,100,62.5,93.75,100,85.9375,100,100,100,75,100,53.125,100,46.875,100,100,100,100,100,31.25,59.375,100,75,89.0625,68.75,92.1875,95.3125,98.4375,100,100,39.0625,54.6875,100,75,65.625,87.5,100,100,100,37.5,43.75,100,100,100,82.8125,100,82.8125,62.5,71.875,76.5625,45.3125,100,79.6875,100,100,78.125,100,65.625,100,100,100,100,84.375,93.75,100,100,100,100,84.375,73.4375,100,76.5625,100,100,70.3125,73.4375,85.9375,50,100,71.875,100,96.875,100,100,79.6875,34.375,79.6875,100,100,14.0625,100,85.9375,100,85.9375,64.0625,100,100,64.0625,82.8125,100,51.5625,100,50,75,100,81.25,81.25,100,64.0625,95.3125,100,76.5625,40.625,70.3125,76.5625,100,100,100,85.9375,76.5625,78.125,82.8125,100,100,92.1875,78.125,68.75,100,100,100,100,98.4375,100,100,100,100,60.9375,60.9375,46.875,92.1875,100,100,39.0625,100,51.5625,100,95.3125,100,84.375,71.875,100,81.25,84.375,100,81.25,100,100,35.9375,48.4375,100,81.25,93.75,100,68.75,100,100,100,100,100,40.625,62.5,100,92.1875,98.4375,100,71.875,100,100,100,53.125,48.4375,87.5,100,100,68.75,100,90.625,100,39.0625,71.875,100,68.75,90.625,100,68.75,100,100,17.1875,100,100,100,73.4375,100,68.75,100,62.5,100,100,100,100,81.25,100,81.25,95.3125,100,100,100,87.5,100,100,62.5,35.9375,100,64.0625,100,100,75,100,71.875,100,100,100,100,100,100,100,85.9375,85.9375,100,51.5625,73.4375,100,100,82.8125,81.25,100,100,100,100,100,100,100,100,96.875,100,100,26.5625,96.875,75,70.3125,68.75,87.5,100,39.0625,100,92.1875,98.4375,32.8125,46.875,6.25,100,59.375,29.6875,100,100,100,85.9375,100,100,28.125,100,89.0625,54.6875,59.375,81.25,57.8125,76.5625,98.4375,73.4375,90.625,93.75,100,79.6875,79.6875,40.625,81.25,95.3125,45.3125,73.4375,100,95.3125,100,100,100,100,75,100,43.75,68.75,100,100,68.75,59.375,85.9375,46.875,100,53.125,100,84.375,48.4375,100,100,100,73.4375,100,75,71.875,82.8125,100,100,68.75,100,100,100,62.5,100,100,100,71.875,100,100,100,100,100,100,70.3125,100,100,100,96.875,100,100,100,92.1875,100,100,70.3125,100,100,100,31.25,100,100,35.9375,85.9375,100,78.125,37.5,29.6875,100,100,71.875,81.25,100,100,100,84.375,39.0625,32.8125,68.75,100,100,92.1875,48.4375,56.25,68.75,70.3125,21.875,100,100,87.5,45.3125,84.375,15.625,84.375,100,100,76.5625,100,100,84.375,100,100,100,100,100,59.375,45.3125,68.75,100,84.375,100,100,100,100,57.8125,100,100,100,56.25,93.75,100,100,81.25,100,100,100,78.125,67.1875,100,39.0625,93.75,100,100,56.25,100,51.5625,100,100,100,100,93.75,62.5,100,100,85.9375,100,93.75,100,28.125,100,70.3125,84.375,79.6875,42.1875,100,100,100,53.125,100,100,100,84.375,62.5,100,100,100,100,100,76.5625,59.375,65.625,100,100,89.0625,100,93.75,100,89.0625,100,100,100,100,100,32.8125,95.3125,100,100,100,64.0625,53.125,100,68.75,96.875,84.375,100,59.375,76.5625,100,4.6875,100,90.625,56.25,100,57.8125,79.6875,85.9375,78.125,100,98.4375,43.75,92.1875,100,100,71.875,65.625,100,100,100,98.4375,100,73.4375,100,100,100,100,100,59.375,100,21.875,100,79.6875,100,92.1875,53.125,100,68.75,48.4375,98.4375,100,35.9375,100,79.6875,100,70.3125,92.1875,70.3125,60.9375,100,100,68.75,68.75,92.1875,79.6875,100,81.25,82.8125,100,70.3125,100,100,34.375,37.5,100,35.9375,65.625,100,100,100,73.4375,100,100,100,100,100,100,93.75,96.875,100,100,85.9375,100,100,100,100,62.5,60.9375,100,95.3125,59.375,53.125,100,84.375,100,100,100,84.375,100,29.6875,100,40.625,100,68.75,70.3125,100,20.3125,85.9375,100,100,100,73.4375,100,100,100,100,100,59.375,82.8125,93.75,100,100,60.9375,93.75,100,67.1875,100,100,96.875,95.3125,84.375,100,68.75,100,73.4375,100,100,100,70.3125,79.6875,100,73.4375,48.4375,100,100,87.5,100,81.25,31.25,96.875,92.1875,70.3125,100,100,100,81.25,98.4375,100,100,76.5625,73.4375,68.75,100,100,100,100,100,100,100,82.8125,100,82.8125,100,95.3125,100,100,100,100,18.75,100,100,84.375,93.75,100,100,100,100,59.375,45.3125,100,100,75,100,100,73.4375,81.25,100,81.25,100,100,40.625,100,75,100,100,82.8125,100,100,40.625,100,100,85.9375,84.375,100,32.8125,79.6875,96.875,100,48.4375,70.3125,17.1875,100,100,100,78.125,100,100,100,100,100,100,98.4375,62.5,45.3125,90.625,82.8125,100,82.8125,100,87.5,100,100,100,100,100,75,67.1875,100,96.875,90.625,100,82.8125,48.4375,100,59.375,100,60.9375,100,34.375,100,100,100,42.1875,64.0625,78.125,100,100,100,100,100,100,59.375,65.625,100,93.75,100,89.0625,100,100,79.6875,81.25,100,100,100,100,100,100,100,100,42.1875,64.0625,100,100,100,100,100,100,79.6875,67.1875,93.75,75,100,57.8125,100,96.875,100,82.8125,75,100,37.5,100,85.9375,96.875,100,71.875,75,100,98.4375,100,100,84.375,68.75,100,51.5625,51.5625,56.25,100,67.1875,92.1875,100,100,89.0625,79.6875,51.5625,100,100,29.6875,100,100,100,100,100,100,82.8125,100,100,100,100,78.125,100,60.9375,50,75,100,100,98.4375,12.5,95.3125,78.125,100,75,54.6875,100,100,82.8125,100,81.25,100,100,100,34.375,100,51.5625,100,100,100,100,100,18.75,75,100,100,84.375,89.0625,51.5625,100,51.5625,100,100,100,100,59.375,68.75,100,73.4375,100,100,100,100,100,90.625,70.3125,56.25,87.5,73.4375,100,100,81.25,84.375,59.375,67.1875,60.9375,56.25,100,92.1875,67.1875,89.0625,100,79.6875,60.9375,100,37.5,98.4375,100,92.1875,100,100,100,100,96.875,89.0625,100,100,100,85.9375,100,95.3125,100,85.9375,89.0625,100,100,62.5,100,90.625,100,71.875,100,98.4375,65.625,62.5,100,100,100,100,100,89.0625,100,100,100,100,92.1875,59.375,100,100,100,79.6875,100,43.75,92.1875,100,64.0625,31.25,92.1875,85.9375,100,100,95.3125,70.3125,78.125,45.3125,43.75,100,100,76.5625,59.375,60.9375,100,81.25,90.625,95.3125,100,90.625,100,54.6875,79.6875,68.75,100,89.0625,100,89.0625,100,100,100,82.8125,96.875,71.875,85.9375,93.75,100,100,100,73.4375,35.9375,28.125,100,100,84.375,100,76.5625,100,100,75,62.5,100,59.375,100,100,100,100,37.5,84.375,65.625,50,76.5625,62.5,95.3125,100,100,100,87.5,100,100,60.9375,37.5,82.8125,100,73.4375,73.4375,40.625,98.4375,57.8125,100,100,100,100,100,100,100,100,87.5,93.75,100,29.6875,100,96.875,100,100,100,95.3125,100,100,100,100,42.1875,100,100,100,84.375,100,71.875,100,100,70.3125,70.3125,100,93.75,100,75,53.125,78.125,100,98.4375,100,100,100,96.875,60.9375,100,100,92.1875,73.4375,78.125,100,100,100,100,100,100,100,100,67.1875,100,75,34.375,68.75,100,68.75,100,100,100,100,100,100,98.4375,100,100,89.0625,93.75,100,95.3125,100,100,100,100,96.875,100,100,100,54.6875,100,62.5,100,92.1875,98.4375,90.625,100,95.3125,64.0625,100,100,34.375,9.375,46.875,100,100,100,100,29.6875,96.875,100,100,92.1875,100,60.9375,100,84.375,100,100,79.6875,76.5625,100,100,100,100,81.25,90.625,100,64.0625,81.25,100,100,100,93.75,100,95.3125,100,73.4375,40.625,76.5625,90.625,82.8125,100,82.8125,73.4375,100,100,100,100,90.625,100,85.9375,85.9375,75,64.0625,100,78.125,78.125,100,100,75,100,100,100,100,85.9375,28.125,90.625,100,100,100,20.3125,79.6875,100,93.75,100,100,100,100,100,100,100,85.9375,89.0625,90.625,100,100,100,89.0625,100,100,100,100,100,100,100,59.375,100,21.875,95.3125,81.25,100,100,87.5,100,100,71.875,67.1875,67.1875,100,100,100,26.5625,100,53.125,78.125,100,84.375,71.875,23.4375,100,100,100,64.0625,56.25,100,90.625,100,100,89.0625,100,18.75,32.8125,79.6875,57.8125,100,100,87.5,100,100,84.375,100,75,92.1875,57.8125,100,23.4375,40.625,100,95.3125,59.375,100,28.125,87.5,100,100,100,95.3125,100,39.0625,35.9375,100,100,100,100,100,100,100,100,100,100,100,50,93.75,100,100,81.25,89.0625,100,100,100,100,85.9375,100,64.0625,50,100,100,39.0625,71.875,96.875,100,100,100,100,100,48.4375,100,75,100,64.0625,76.5625,100,70.3125,82.8125,100,26.5625,48.4375,62.5,64.0625,82.8125,100,100,100,93.75,100,92.1875,93.75,100,100,100,100,84.375,100,100,100,100,60.9375,100,46.875,100,29.6875,85.9375,79.6875,100,100,100,100,82.8125,100,31.25,76.5625,96.875,100,53.125,100,100,100,100,95.3125,84.375,75,100,78.125,100,37.5,54.6875,70.3125,82.8125,100,100,45.3125,100,92.1875,100,76.5625,100,93.75,23.4375,70.3125,100,21.875,100,56.25,100,100,71.875,100,100,100,100,100,84.375,100,100,100,95.3125,7.8125,100,82.8125,71.875,81.25,75,100,25,82.8125,92.1875,28.125,100,95.3125,100,89.0625,100,100,70.3125,84.375,100,78.125,100,100,87.5,100,100,100,100,100,65.625,100,71.875,100,100,100,73.4375,92.1875,79.6875,40.625,100,34.375,100,71.875,100,67.1875,100,100,100,100,100,100,31.25,100,100,82.8125,100,95.3125,100,87.5,100,82.8125,100,84.375,100,100,81.25,100,100,48.4375,95.3125,90.625,100,51.5625,100,100,100,14.0625,35.9375,100,60.9375,76.5625,100,34.375,100,100,100,57.8125,100,95.3125,78.125,100,100,100,93.75,34.375,35.9375,92.1875,70.3125,100,100,90.625,71.875,100,53.125,35.9375,100,100,31.25,60.9375,89.0625,100,68.75,82.8125,93.75,100,32.8125,100,15.625,100,100,64.0625,100,78.125,100,93.75,85.9375,46.875,100,100,100,100,96.875,100,100,54.6875,100,100,100,100,56.25,68.75,100,100,65.625,100,46.875,100,100,85.9375,100,76.5625,100,100,81.25,81.25,100,87.5,100,100,100,100,100,81.25,45.3125,51.5625,92.1875,100,100,100,100,62.5,100,34.375,100,100,89.0625,100,90.625,90.625,79.6875,100,67.1875,100,100,100,100,100,100,85.9375,100,76.5625,81.25,100,100,100,89.0625,40.625,100,100,67.1875,100,100,84.375,100,98.4375,100,85.9375,79.6875,87.5,100,98.4375,78.125,59.375,93.75,100,93.75,100,100,100,37.5,100,75,100,100,93.75,100,12.5,54.6875,68.75,100,100,92.1875,20.3125,100,100,18.75,45.3125,100,56.25,100,100,100,100,84.375,89.0625,96.875,100,90.625,78.125,100,100,100,100,100,100,71.875,100,87.5,87.5,100,100,76.5625,100,100,9.375,100,100,100,100,81.25,100,84.375,78.125,100,100,50,100,84.375,100,62.5,100,100,60.9375,100,70.3125,100,79.6875,79.6875,70.3125,75,100,100,100,100,100,81.25,84.375,100,100,100,53.125,25,98.4375,100,92.1875,100,78.125,81.25,100,87.5,59.375,100,100,96.875,73.4375,17.1875,100,100,100,100,40.625,85.9375,100,100,100,37.5,81.25,100,92.1875,57.8125,100,100,59.375,100,67.1875,56.25,59.375,100,92.1875,76.5625,92.1875,78.125,100,93.75,100,100,90.625,96.875,21.875,67.1875,87.5,70.3125,39.0625,100,76.5625,100,100,54.6875,100,92.1875,56.25,100,87.5,75,87.5,65.625,92.1875,100,18.75,100,84.375,65.625,93.75,93.75,75,100,100,35.9375,57.8125,93.75,100,82.8125,100,60.9375,90.625,57.8125,93.75,100,100,100,85.9375,93.75,100,100,89.0625,73.4375,65.625,100,100,70.3125,100,100,81.25,100,85.9375,93.75,100,100,34.375,100,100,100,100,92.1875,40.625,26.5625,37.5,96.875,100,56.25,40.625,100,81.25,100,100,75,87.5,100,92.1875,100,100,65.625,67.1875,78.125,100,96.875,100,100,100,53.125,82.8125,90.625,100,100,79.6875,70.3125,43.75,10.9375,100,71.875,64.0625,100,81.25,62.5,78.125,70.3125,21.875,93.75,54.6875,89.0625,100,100,40.625,46.875,100,87.5,81.25,100,100,78.125,100,100,100,95.3125,100,100,95.3125,100,100,78.125,100,68.75,65.625,100,100,92.1875,100,100,100,89.0625,54.6875,92.1875,100,100,100,100,100,100,100,100,57.8125,100,100,100,57.8125,79.6875,100,34.375,100,60.9375,100,100,100,100,100,89.0625,100,100,100,100,92.1875,98.4375,64.0625,100,100,100,100,75,56.25,89.0625,96.875,100,100,32.8125,84.375,23.4375,100,100,100,100,100,100,48.4375,29.6875,100,96.875,15.625,100,100,12.5,95.3125,64.0625,85.9375,100,100,100,96.875,100,100,73.4375,100,26.5625,82.8125,100,100,100,100,100,100,95.3125,100,26.5625,100,93.75,65.625,90.625,67.1875,100,25,71.875,100,40.625,54.6875,100,100,50,100,73.4375,90.625,100,100,100,100,92.1875,100,100,78.125,100,42.1875,100,100,31.25,67.1875,73.4375,100,98.4375,100,98.4375,100,100,85.9375,65.625,100,7.8125,100,100,100,79.6875,100,100,100,17.1875,100,100,100,98.4375,100,100,100,67.1875,75,100,59.375,100,100,64.0625,100,100,59.375,100,100,84.375,100,100,82.8125,100,56.25,70.3125,100,100,28.125,48.4375,67.1875,100,53.125,81.25,62.5,89.0625,100,100,100,73.4375,100,85.9375,96.875,70.3125,100,100,93.75,46.875,100,100,48.4375,25,100,100,82.8125,100,100,100,50,92.1875,100,100,100,100,100,76.5625,35.9375,100,25,100,92.1875,100,28.125,100,100,34.375,59.375,100,100,100,100,100,85.9375,100,100,53.125,100,100,21.875,100,64.0625,100,100,100,100,89.0625,100,64.0625,100,100,90.625,48.4375,95.3125,87.5,100,62.5,100,100,81.25,75,87.5,100,54.6875,100,100,39.0625,10.9375,100,50,100,100,100,75,100,71.875,100,100,100,100,48.4375,100,100,100,84.375,93.75,96.875,100,56.25,78.125,64.0625,60.9375,100,100,84.375,81.25,100,100,100,64.0625,71.875,100,100,48.4375,85.9375,92.1875,93.75,98.4375,96.875,96.875,87.5,100,100,70.3125,100,82.8125,100,100,100,96.875,100,100,39.0625,70.3125,93.75,89.0625,15.625,50,100,100,100,46.875,54.6875,100,100,100,71.875,81.25,79.6875,67.1875,89.0625,56.25,100,100,65.625,100,100,64.0625,100,100,57.8125,100,54.6875,76.5625,81.25,100,76.5625,54.6875,100,100,90.625,100,75,100,100,100,50,100,100,65.625,39.0625,100,100,59.375,93.75,76.5625,100,96.875,78.125,100,100,100,100,100,54.6875,100,73.4375,100,100,100,64.0625,100,100,87.5,100,100,100,85.9375,100,89.0625,100,98.4375,100,100,65.625,100,100,57.8125,100,90.625,100,62.5,87.5,100,100,85.9375,100,40.625,60.9375,54.6875,96.875,59.375,82.8125,100,68.75,100,84.375,100,100,53.125,54.6875,100,100,100,100,100,100,79.6875,100,15.625,100,84.375,82.8125,71.875,100,81.25,67.1875,100,73.4375,98.4375,20.3125,95.3125,67.1875,34.375,29.6875,32.8125,100,100,84.375,100,28.125,85.9375,100,59.375,85.9375,79.6875,100,100,96.875,79.6875,84.375,73.4375,100,100,100,98.4375,100,100,89.0625,100,100,92.1875,84.375,100,100,17.1875,100,59.375,100,100,45.3125,100,46.875,100,84.375,67.1875,100,50,57.8125,89.0625,100,29.6875,70.3125,100,100,100,100,71.875,92.1875,25,100,68.75,100,100,100,98.4375,37.5,28.125,100,98.4375,53.125,68.75,100,100,100,100,100,46.875,100,65.625,100,100,100,85.9375,100,59.375,34.375,100,95.3125,92.1875,65.625,71.875,53.125,57.8125,98.4375,100,65.625,100,90.625,100,64.0625,100,100,100,100,100,89.0625,50,100,100,100,100,100,93.75,100,31.25,84.375,100,26.5625,40.625,100,100,100,100,81.25,1.5625,100,100,34.375,100,70.3125,100,57.8125,100,100,100,100,67.1875,82.8125,75,100,21.875,100,100,90.625,100,92.1875,65.625,98.4375,59.375,100,64.0625,100,100,98.4375,76.5625,100,57.8125,65.625,100,100,70.3125,100,100,90.625,100,100,84.375,100,100,100,93.75,100,62.5,28.125,100,87.5,100,42.1875,71.875,100,43.75,100,68.75,100,31.25,82.8125,100,100,100,100,100,100,98.4375,59.375,100,68.75,70.3125,100,82.8125,100,56.25,62.5,100,100,96.875,100,100,51.5625,34.375,68.75,100,65.625,67.1875,100,100,64.0625,85.9375,100,79.6875,37.5,46.875,34.375,100,100,100,82.8125,100,59.375,43.75,100,70.3125,100,100,100,9.375,67.1875,100,54.6875,100,100,51.5625,100,54.6875,100,54.6875,81.25,100,100,29.6875,59.375,100,78.125,100,100,100,100
"6076",89.0625,100,32.8125,100,100,81.25,90.625,100,21.875,98.4375,56.25,100,100,100,75,76.5625,92.1875,79.6875,68.75,100,96.875,100,100,100,12.5,100,100,95.3125,84.375,100,100,100,100,92.1875,100,93.75,82.8125,100,100,92.1875,67.1875,65.625,82.8125,100,100,100,100,100,67.1875,87.5,75,100,100,75,100,100,6.25,100,100,40.625,82.8125,68.75,98.4375,100,100,100,64.0625,100,78.125,100,56.25,75,100,96.875,60.9375,100,100,50,50,100,76.5625,100,84.375,75,98.4375,100,100,57.8125,100,100,56.25,84.375,100,45.3125,76.5625,32.8125,100,59.375,100,100,95.3125,100,100,92.1875,71.875,45.3125,82.8125,79.6875,82.8125,100,57.8125,100,100,100,29.6875,100,100,100,100,100,81.25,100,100,87.5,84.375,35.9375,100,18.75,100,100,100,100,65.625,75,84.375,64.0625,62.5,78.125,100,100,95.3125,96.875,59.375,56.25,100,100,92.1875,100,57.8125,81.25,56.25,35.9375,76.5625,89.0625,98.4375,92.1875,76.5625,100,100,100,100,100,75,100,89.0625,70.3125,100,76.5625,57.8125,100,84.375,71.875,93.75,59.375,23.4375,96.875,84.375,100,100,53.125,100,85.9375,100,81.25,100,100,29.6875,100,100,85.9375,100,100,87.5,100,100,100,100,57.8125,100,100,20.3125,75,96.875,100,100,100,100,100,84.375,100,34.375,100,100,100,78.125,78.125,100,82.8125,100,45.3125,56.25,75,92.1875,68.75,100,53.125,56.25,100,56.25,100,81.25,78.125,100,100,100,100,87.5,62.5,87.5,100,100,100,100,100,100,39.0625,84.375,89.0625,100,100,100,76.5625,100,100,73.4375,56.25,100,60.9375,100,95.3125,100,98.4375,35.9375,93.75,92.1875,93.75,100,90.625,100,100,71.875,89.0625,100,100,87.5,64.0625,42.1875,100,62.5,70.3125,92.1875,100,100,100,100,100,29.6875,98.4375,100,95.3125,79.6875,100,64.0625,53.125,100,79.6875,100,95.3125,64.0625,75,34.375,100,85.9375,73.4375,100,89.0625,100,29.6875,90.625,100,82.8125,51.5625,31.25,100,54.6875,93.75,100,100,73.4375,40.625,37.5,100,50,100,78.125,62.5,98.4375,64.0625,100,78.125,85.9375,84.375,76.5625,100,100,40.625,100,87.5,100,100,93.75,81.25,45.3125,39.0625,65.625,68.75,34.375,100,100,70.3125,100,78.125,100,46.875,71.875,100,95.3125,67.1875,54.6875,96.875,81.25,84.375,100,100,82.8125,54.6875,18.75,100,98.4375,100,100,100,100,78.125,70.3125,100,87.5,98.4375,70.3125,100,85.9375,79.6875,100,100,100,78.125,100,100,64.0625,89.0625,100,79.6875,100,100,100,81.25,100,71.875,100,40.625,100,100,100,100,100,42.1875,59.375,79.6875,79.6875,89.0625,70.3125,95.3125,100,85.9375,100,70.3125,39.0625,50,100,76.5625,59.375,87.5,100,100,100,34.375,39.0625,100,100,100,82.8125,100,84.375,100,76.5625,92.1875,43.75,100,100,100,100,90.625,53.125,73.4375,100,100,100,100,79.6875,92.1875,96.875,100,100,100,84.375,68.75,100,59.375,100,100,59.375,73.4375,84.375,100,100,75,100,98.4375,100,100,100,34.375,89.0625,100,100,14.0625,100,100,100,48.4375,79.6875,100,100,62.5,82.8125,100,48.4375,100,50,75,100,79.6875,78.125,100,64.0625,100,100,100,50,71.875,76.5625,98.4375,100,100,84.375,56.25,65.625,84.375,68.75,100,90.625,76.5625,68.75,100,100,100,100,100,100,64.0625,100,92.1875,100,59.375,45.3125,93.75,100,100,42.1875,100,51.5625,100,95.3125,100,84.375,71.875,100,81.25,59.375,100,84.375,100,100,35.9375,46.875,100,53.125,93.75,100,68.75,100,100,100,100,100,46.875,100,100,81.25,100,39.0625,71.875,100,100,100,50,51.5625,79.6875,100,100,75,100,90.625,90.625,35.9375,73.4375,100,75,100,100,100,96.875,100,100,68.75,100,100,84.375,100,64.0625,100,71.875,100,100,100,100,81.25,100,78.125,98.4375,100,100,100,93.75,95.3125,100,84.375,7.8125,100,64.0625,100,89.0625,78.125,100,75,100,100,100,100,100,100,100,89.0625,87.5,100,54.6875,35.9375,100,100,76.5625,79.6875,100,100,100,100,31.25,100,100,100,98.4375,100,100,28.125,96.875,73.4375,56.25,70.3125,87.5,100,100,100,93.75,90.625,100,48.4375,6.25,100,57.8125,29.6875,100,100,100,100,100,100,31.25,100,85.9375,54.6875,59.375,81.25,57.8125,76.5625,98.4375,78.125,100,92.1875,76.5625,79.6875,84.375,40.625,82.8125,95.3125,45.3125,78.125,100,100,100,100,100,100,76.5625,100,45.3125,68.75,100,100,64.0625,54.6875,76.5625,46.875,100,50,100,84.375,100,100,100,100,57.8125,100,76.5625,85.9375,81.25,100,100,45.3125,73.4375,100,100,67.1875,100,100,100,71.875,100,87.5,100,100,100,100,67.1875,100,100,100,89.0625,100,100,100,95.3125,100,87.5,70.3125,100,98.4375,100,64.0625,100,100,35.9375,89.0625,100,78.125,37.5,28.125,98.4375,100,67.1875,100,100,100,100,71.875,32.8125,31.25,89.0625,100,100,95.3125,48.4375,81.25,71.875,71.875,6.25,100,100,76.5625,43.75,62.5,48.4375,84.375,100,100,81.25,100,100,92.1875,95.3125,100,100,90.625,100,59.375,50,100,100,65.625,100,15.625,100,100,56.25,100,100,100,62.5,100,100,100,32.8125,100,100,100,89.0625,64.0625,100,39.0625,92.1875,100,100,51.5625,98.4375,28.125,100,100,100,100,95.3125,62.5,28.125,100,76.5625,89.0625,100,100,31.25,100,70.3125,81.25,79.6875,45.3125,100,98.4375,100,56.25,100,100,78.125,82.8125,71.875,51.5625,100,100,100,100,76.5625,53.125,67.1875,100,100,100,100,95.3125,100,93.75,100,96.875,100,100,100,53.125,98.4375,100,100,100,64.0625,53.125,100,68.75,100,84.375,100,60.9375,78.125,100,31.25,100,26.5625,56.25,100,62.5,62.5,85.9375,87.5,100,98.4375,9.375,64.0625,100,100,71.875,67.1875,100,100,100,96.875,76.5625,73.4375,89.0625,100,100,100,100,100,100,21.875,100,78.125,100,81.25,53.125,96.875,62.5,45.3125,95.3125,100,35.9375,100,89.0625,100,100,92.1875,71.875,64.0625,100,100,68.75,90.625,100,64.0625,100,79.6875,92.1875,81.25,67.1875,100,100,59.375,29.6875,100,37.5,68.75,100,100,100,70.3125,100,100,100,100,100,100,93.75,100,100,100,100,95.3125,100,100,100,64.0625,68.75,100,95.3125,57.8125,60.9375,100,89.0625,100,100,100,79.6875,100,29.6875,100,37.5,95.3125,68.75,70.3125,100,14.0625,84.375,100,100,100,98.4375,100,100,100,100,100,59.375,82.8125,100,100,92.1875,78.125,93.75,100,67.1875,100,100,100,21.875,84.375,100,79.6875,100,81.25,100,56.25,100,100,100,100,84.375,42.1875,100,100,85.9375,100,78.125,23.4375,85.9375,100,100,100,100,100,81.25,89.0625,100,93.75,76.5625,68.75,65.625,100,100,87.5,100,100,100,100,78.125,100,81.25,100,93.75,76.5625,100,100,100,100,96.875,96.875,100,92.1875,100,100,100,100,65.625,35.9375,100,84.375,75,100,100,73.4375,82.8125,100,78.125,100,100,45.3125,100,75,100,100,82.8125,100,100,40.625,100,100,87.5,64.0625,100,34.375,81.25,96.875,100,100,76.5625,17.1875,100,100,100,79.6875,100,100,100,100,100,100,92.1875,64.0625,46.875,90.625,92.1875,100,78.125,100,87.5,67.1875,100,96.875,100,100,76.5625,78.125,100,100,90.625,100,84.375,62.5,100,81.25,100,54.6875,100,100,100,100,100,40.625,100,79.6875,100,100,100,53.125,100,100,62.5,65.625,100,93.75,100,87.5,100,98.4375,70.3125,75,92.1875,100,100,100,100,100,100,100,43.75,62.5,100,100,100,100,100,100,78.125,100,100,100,100,59.375,100,96.875,100,79.6875,75,100,89.0625,100,84.375,95.3125,100,78.125,75,92.1875,42.1875,100,100,89.0625,64.0625,100,48.4375,51.5625,62.5,100,67.1875,93.75,100,100,100,73.4375,50,100,95.3125,26.5625,100,100,100,100,100,100,100,100,100,100,28.125,78.125,100,60.9375,48.4375,71.875,100,100,12.5,14.0625,95.3125,79.6875,100,100,54.6875,100,100,70.3125,81.25,82.8125,100,100,100,32.8125,100,51.5625,100,100,100,100,100,18.75,73.4375,93.75,100,100,89.0625,53.125,100,35.9375,100,100,100,100,59.375,67.1875,100,73.4375,100,84.375,100,100,100,98.4375,68.75,65.625,87.5,73.4375,100,100,79.6875,71.875,73.4375,67.1875,60.9375,59.375,100,71.875,67.1875,100,100,78.125,62.5,100,42.1875,92.1875,100,96.875,100,100,100,100,98.4375,73.4375,100,100,93.75,78.125,100,92.1875,100,87.5,68.75,100,100,100,100,95.3125,100,67.1875,100,93.75,60.9375,62.5,100,100,100,100,100,89.0625,100,100,100,100,90.625,59.375,100,100,100,79.6875,100,42.1875,98.4375,100,100,29.6875,90.625,89.0625,60.9375,100,92.1875,60.9375,79.6875,34.375,42.1875,100,100,76.5625,57.8125,78.125,100,81.25,79.6875,95.3125,100,90.625,100,48.4375,89.0625,68.75,53.125,100,100,85.9375,100,100,100,84.375,96.875,62.5,85.9375,51.5625,100,100,100,65.625,35.9375,28.125,90.625,100,67.1875,100,76.5625,100,100,75,62.5,100,87.5,100,100,100,100,39.0625,81.25,64.0625,50,78.125,60.9375,93.75,100,100,100,87.5,100,100,71.875,37.5,81.25,68.75,71.875,76.5625,37.5,100,70.3125,100,100,100,100,100,100,59.375,100,100,95.3125,57.8125,26.5625,100,100,100,100,100,93.75,100,100,100,100,10.9375,73.4375,100,100,85.9375,100,71.875,100,100,75,81.25,100,93.75,100,76.5625,95.3125,78.125,100,100,82.8125,100,100,93.75,42.1875,100,70.3125,93.75,68.75,78.125,100,100,100,100,95.3125,100,100,100,100,100,73.4375,35.9375,71.875,100,71.875,100,100,100,100,100,100,89.0625,100,100,89.0625,85.9375,100,96.875,100,100,100,100,100,100,100,100,56.25,100,71.875,100,93.75,84.375,100,100,95.3125,67.1875,100,100,35.9375,18.75,45.3125,100,100,100,90.625,29.6875,95.3125,100,100,100,100,60.9375,100,81.25,62.5,100,90.625,71.875,100,100,100,100,43.75,100,100,71.875,92.1875,100,100,100,85.9375,100,95.3125,100,60.9375,67.1875,79.6875,98.4375,79.6875,100,71.875,73.4375,100,81.25,100,100,90.625,100,85.9375,78.125,62.5,93.75,100,79.6875,79.6875,100,100,78.125,100,100,100,100,84.375,26.5625,85.9375,100,90.625,100,20.3125,81.25,100,92.1875,100,100,98.4375,95.3125,100,100,9.375,95.3125,89.0625,87.5,100,100,100,68.75,100,95.3125,100,100,100,89.0625,100,59.375,100,92.1875,95.3125,81.25,87.5,100,100,100,100,71.875,50,65.625,100,100,75,25,100,93.75,73.4375,100,85.9375,100,39.0625,100,100,100,75,54.6875,100,70.3125,100,100,85.9375,100,18.75,32.8125,82.8125,56.25,100,100,89.0625,100,98.4375,98.4375,100,100,92.1875,60.9375,100,23.4375,43.75,100,95.3125,78.125,100,43.75,87.5,100,100,100,95.3125,100,37.5,20.3125,100,100,100,100,100,100,100,100,100,100,95.3125,56.25,93.75,100,100,82.8125,92.1875,100,100,100,100,89.0625,100,60.9375,56.25,100,100,20.3125,81.25,84.375,40.625,100,100,100,25,46.875,100,100,100,89.0625,75,100,67.1875,100,100,26.5625,60.9375,62.5,81.25,82.8125,100,100,100,93.75,100,100,84.375,93.75,100,100,100,82.8125,98.4375,100,64.0625,100,100,100,46.875,100,12.5,84.375,100,100,100,100,100,51.5625,100,28.125,53.125,100,100,64.0625,98.4375,100,100,100,100,23.4375,73.4375,93.75,81.25,100,39.0625,100,73.4375,89.0625,100,100,51.5625,100,85.9375,23.4375,76.5625,100,93.75,23.4375,68.75,100,18.75,100,81.25,100,100,75,100,100,100,68.75,89.0625,90.625,84.375,100,100,93.75,59.375,42.1875,79.6875,68.75,78.125,73.4375,100,15.625,78.125,92.1875,34.375,100,95.3125,100,100,100,100,68.75,82.8125,100,98.4375,100,100,78.125,100,100,100,100,100,65.625,100,67.1875,95.3125,79.6875,100,73.4375,95.3125,100,60.9375,100,100,53.125,79.6875,100,67.1875,100,100,100,100,93.75,68.75,35.9375,100,100,62.5,100,65.625,100,81.25,100,82.8125,100,82.8125,95.3125,100,92.1875,100,95.3125,48.4375,100,100,100,43.75,100,59.375,100,40.625,35.9375,100,62.5,76.5625,100,31.25,100,100,100,54.6875,100,98.4375,45.3125,95.3125,100,100,87.5,46.875,34.375,100,70.3125,100,100,90.625,76.5625,100,54.6875,32.8125,28.125,100,100,59.375,89.0625,100,31.25,84.375,92.1875,100,34.375,100,100,100,100,59.375,35.9375,100,100,100,100,43.75,100,100,100,100,95.3125,100,100,96.875,100,100,100,79.6875,56.25,57.8125,100,100,60.9375,100,50,100,56.25,85.9375,100,53.125,67.1875,100,87.5,76.5625,100,92.1875,100,100,100,100,100,81.25,46.875,53.125,92.1875,100,100,89.0625,100,57.8125,100,37.5,100,98.4375,96.875,100,90.625,92.1875,75,100,34.375,48.4375,100,100,100,100,100,65.625,100,76.5625,81.25,100,100,100,87.5,100,100,100,67.1875,100,100,64.0625,100,100,98.4375,87.5,81.25,100,100,85.9375,78.125,59.375,67.1875,100,57.8125,100,100,100,32.8125,100,79.6875,100,100,93.75,100,95.3125,54.6875,68.75,100,100,100,23.4375,100,78.125,4.6875,45.3125,100,9.375,100,100,100,100,90.625,78.125,100,100,87.5,76.5625,100,100,100,100,100,100,71.875,100,100,100,100,100,85.9375,100,100,10.9375,100,100,100,100,79.6875,100,100,81.25,100,100,100,100,85.9375,76.5625,60.9375,100,100,60.9375,100,70.3125,100,78.125,67.1875,71.875,75,100,64.0625,100,100,100,84.375,85.9375,100,95.3125,100,53.125,23.4375,96.875,100,92.1875,100,67.1875,82.8125,100,87.5,59.375,100,93.75,100,76.5625,100,100,100,100,37.5,40.625,96.875,100,100,100,32.8125,62.5,100,100,100,100,100,59.375,100,64.0625,51.5625,59.375,100,98.4375,54.6875,98.4375,79.6875,100,93.75,100,100,89.0625,100,21.875,64.0625,81.25,70.3125,39.0625,100,100,100,96.875,54.6875,100,98.4375,56.25,100,89.0625,75,87.5,65.625,95.3125,100,18.75,100,93.75,71.875,84.375,93.75,76.5625,100,100,48.4375,60.9375,95.3125,100,81.25,100,81.25,95.3125,54.6875,93.75,100,100,100,100,95.3125,100,100,79.6875,70.3125,67.1875,100,100,62.5,100,100,84.375,100,81.25,76.5625,100,100,34.375,100,100,100,100,100,100,26.5625,35.9375,78.125,100,56.25,40.625,62.5,81.25,100,100,73.4375,89.0625,95.3125,92.1875,100,100,67.1875,67.1875,76.5625,100,96.875,100,68.75,100,51.5625,84.375,56.25,100,100,82.8125,85.9375,51.5625,15.625,100,73.4375,62.5,95.3125,79.6875,62.5,75,18.75,23.4375,93.75,54.6875,87.5,60.9375,100,57.8125,100,85.9375,98.4375,82.8125,100,100,100,100,100,100,95.3125,87.5,100,89.0625,100,100,75,98.4375,89.0625,65.625,100,100,100,100,100,95.3125,100,43.75,92.1875,100,100,100,60.9375,100,100,100,100,59.375,100,98.4375,89.0625,96.875,81.25,100,32.8125,100,59.375,100,100,100,79.6875,100,95.3125,100,85.9375,100,100,92.1875,100,78.125,100,100,100,100,75,53.125,85.9375,98.4375,100,100,32.8125,85.9375,100,100,100,100,100,100,100,48.4375,26.5625,100,87.5,64.0625,100,100,28.125,96.875,46.875,87.5,100,100,100,93.75,100,100,73.4375,100,21.875,81.25,100,100,100,100,100,100,100,100,37.5,89.0625,92.1875,71.875,100,64.0625,100,26.5625,100,100,95.3125,54.6875,100,100,50,98.4375,79.6875,89.0625,93.75,100,100,100,81.25,78.125,100,78.125,100,42.1875,100,100,78.125,51.5625,79.6875,100,100,100,98.4375,100,100,82.8125,62.5,100,7.8125,100,100,96.875,79.6875,100,100,100,57.8125,100,100,100,96.875,100,100,100,68.75,65.625,82.8125,59.375,100,100,64.0625,100,75,60.9375,100,100,82.8125,100,100,81.25,100,56.25,71.875,100,100,26.5625,78.125,51.5625,100,67.1875,59.375,100,90.625,92.1875,42.1875,100,75,100,87.5,100,60.9375,100,100,100,46.875,100,100,48.4375,89.0625,100,100,78.125,100,95.3125,100,50,76.5625,100,100,100,100,100,76.5625,37.5,100,20.3125,100,92.1875,100,28.125,100,100,82.8125,59.375,100,100,100,100,92.1875,65.625,42.1875,100,75,100,100,79.6875,100,67.1875,96.875,100,100,100,81.25,100,62.5,100,29.6875,57.8125,54.6875,100,85.9375,57.8125,62.5,100,100,84.375,96.875,82.8125,20.3125,54.6875,100,100,39.0625,21.875,100,53.125,100,100,100,73.4375,100,100,100,100,100,100,35.9375,100,100,100,75,95.3125,95.3125,100,65.625,98.4375,64.0625,76.5625,100,100,95.3125,82.8125,100,100,100,60.9375,82.8125,100,100,100,87.5,92.1875,96.875,98.4375,93.75,93.75,100,100,81.25,71.875,100,81.25,100,100,100,96.875,100,100,39.0625,70.3125,51.5625,89.0625,37.5,46.875,100,100,14.0625,46.875,18.75,100,100,100,100,81.25,79.6875,57.8125,87.5,100,100,92.1875,65.625,100,100,76.5625,50,100,60.9375,100,62.5,76.5625,81.25,100,82.8125,54.6875,100,100,100,100,75,100,100,100,50,100,100,67.1875,35.9375,67.1875,100,59.375,93.75,78.125,100,100,71.875,70.3125,100,100,79.6875,100,54.6875,92.1875,73.4375,57.8125,100,100,67.1875,100,100,79.6875,100,100,100,92.1875,100,90.625,100,100,100,100,64.0625,65.625,100,59.375,100,92.1875,100,67.1875,89.0625,100,100,76.5625,100,35.9375,45.3125,56.25,100,59.375,78.125,100,100,98.4375,84.375,90.625,100,53.125,54.6875,42.1875,100,100,100,100,100,81.25,100,17.1875,100,84.375,100,71.875,100,84.375,68.75,62.5,75,100,18.75,95.3125,65.625,100,29.6875,37.5,100,100,100,100,23.4375,64.0625,46.875,57.8125,100,71.875,60.9375,60.9375,98.4375,79.6875,78.125,37.5,42.1875,96.875,100,70.3125,100,100,89.0625,100,100,71.875,85.9375,100,100,23.4375,100,50,100,100,45.3125,100,46.875,100,79.6875,56.25,100,46.875,100,84.375,100,31.25,70.3125,100,100,92.1875,100,70.3125,100,25,100,100,100,64.0625,100,100,32.8125,28.125,100,98.4375,15.625,68.75,100,100,100,100,100,29.6875,100,68.75,100,100,100,81.25,100,65.625,71.875,100,93.75,92.1875,60.9375,62.5,53.125,81.25,100,90.625,100,100,92.1875,100,64.0625,100,100,100,100,100,87.5,48.4375,100,100,100,100,100,95.3125,100,35.9375,100,100,26.5625,73.4375,100,100,100,100,67.1875,1.5625,100,100,35.9375,100,71.875,100,15.625,100,100,100,100,100,82.8125,82.8125,100,100,100,100,84.375,100,95.3125,34.375,96.875,59.375,100,64.0625,100,100,100,76.5625,100,45.3125,64.0625,100,100,54.6875,100,100,92.1875,100,100,73.4375,100,100,62.5,92.1875,100,73.4375,28.125,100,96.875,100,100,37.5,100,43.75,100,42.1875,87.5,29.6875,82.8125,100,100,70.3125,100,95.3125,100,96.875,59.375,100,64.0625,73.4375,100,79.6875,81.25,60.9375,57.8125,100,100,96.875,100,100,100,31.25,67.1875,89.0625,56.25,78.125,100,100,65.625,73.4375,100,79.6875,35.9375,50,54.6875,100,98.4375,100,60.9375,100,59.375,40.625,100,70.3125,100,100,100,76.5625,71.875,84.375,54.6875,100,100,51.5625,100,100,100,62.5,100,100,100,9.375,71.875,100,84.375,98.4375,100,96.875,100
"6077",87.5,100,100,100,100,84.375,89.0625,87.5,21.875,98.4375,57.8125,100,100,100,64.0625,73.4375,87.5,78.125,100,100,96.875,100,100,100,9.375,100,100,81.25,87.5,100,100,100,100,89.0625,100,40.625,84.375,100,73.4375,90.625,54.6875,9.375,84.375,100,100,57.8125,100,100,65.625,64.0625,75,100,100,68.75,34.375,100,6.25,100,100,100,92.1875,60.9375,98.4375,100,100,100,64.0625,100,60.9375,100,56.25,71.875,100,100,78.125,79.6875,100,50,50,100,75,100,59.375,71.875,84.375,100,100,67.1875,100,100,54.6875,82.8125,100,46.875,93.75,70.3125,100,64.0625,100,100,89.0625,100,100,92.1875,84.375,50,100,100,84.375,100,73.4375,81.25,100,100,28.125,100,100,100,100,100,87.5,100,100,85.9375,100,35.9375,100,18.75,100,100,100,100,78.125,100,87.5,65.625,51.5625,76.5625,100,100,100,100,45.3125,39.0625,100,100,89.0625,100,29.6875,78.125,54.6875,100,76.5625,92.1875,100,93.75,76.5625,100,100,100,79.6875,100,71.875,100,100,71.875,65.625,79.6875,56.25,100,84.375,71.875,100,53.125,100,98.4375,85.9375,100,100,100,100,82.8125,100,64.0625,100,60.9375,29.6875,53.125,100,85.9375,100,100,87.5,100,100,100,96.875,54.6875,100,100,37.5,31.25,96.875,100,100,100,100,100,78.125,100,40.625,31.25,100,100,78.125,78.125,93.75,75,100,59.375,78.125,75,62.5,95.3125,100,53.125,85.9375,100,62.5,100,70.3125,79.6875,100,100,100,100,84.375,62.5,75,100,100,100,100,100,100,39.0625,100,87.5,100,78.125,54.6875,76.5625,100,96.875,95.3125,53.125,100,60.9375,100,100,28.125,98.4375,35.9375,92.1875,87.5,93.75,100,20.3125,100,100,57.8125,90.625,100,62.5,100,65.625,40.625,100,59.375,100,89.0625,100,100,100,100,100,34.375,100,100,92.1875,81.25,100,65.625,51.5625,100,64.0625,95.3125,90.625,64.0625,75,34.375,100,82.8125,78.125,100,85.9375,100,14.0625,90.625,100,100,57.8125,32.8125,100,64.0625,93.75,100,100,81.25,39.0625,100,100,50,100,84.375,64.0625,90.625,65.625,100,67.1875,100,100,76.5625,93.75,100,40.625,100,87.5,98.4375,100,100,78.125,43.75,35.9375,100,68.75,35.9375,100,100,71.875,100,76.5625,100,48.4375,70.3125,100,100,71.875,56.25,87.5,81.25,81.25,100,70.3125,81.25,43.75,17.1875,100,98.4375,100,100,100,92.1875,73.4375,79.6875,100,95.3125,98.4375,68.75,100,85.9375,85.9375,100,100,100,100,100,100,62.5,92.1875,100,75,100,46.875,100,76.5625,100,56.25,92.1875,37.5,100,100,100,100,100,35.9375,59.375,78.125,67.1875,98.4375,65.625,100,100,93.75,100,84.375,39.0625,50,100,75,62.5,87.5,100,100,100,59.375,100,100,100,100,82.8125,100,82.8125,100,75,76.5625,45.3125,100,100,100,100,93.75,100,82.8125,100,100,100,100,87.5,93.75,95.3125,100,100,100,84.375,71.875,100,70.3125,100,100,68.75,73.4375,81.25,100,25,73.4375,100,93.75,100,85.9375,79.6875,34.375,100,100,100,14.0625,100,100,100,20.3125,76.5625,100,68.75,64.0625,82.8125,100,50,100,50,75,100,15.625,78.125,100,65.625,70.3125,100,100,59.375,73.4375,81.25,100,100,100,85.9375,87.5,65.625,82.8125,57.8125,100,79.6875,76.5625,68.75,100,100,45.3125,100,100,100,100,98.4375,85.9375,75,59.375,43.75,92.1875,100,100,42.1875,100,51.5625,100,96.875,100,84.375,70.3125,100,81.25,81.25,40.625,82.8125,100,100,34.375,89.0625,100,84.375,95.3125,100,70.3125,96.875,100,100,100,79.6875,45.3125,100,100,78.125,98.4375,100,71.875,73.4375,100,100,25,37.5,82.8125,100,100,57.8125,100,89.0625,93.75,32.8125,73.4375,100,81.25,93.75,100,67.1875,100,96.875,100,82.8125,100,100,75,100,64.0625,100,64.0625,100,100,100,100,89.0625,100,79.6875,100,100,100,100,75,84.375,100,64.0625,40.625,100,54.6875,100,100,75,100,67.1875,100,100,100,100,100,100,100,81.25,85.9375,100,64.0625,14.0625,100,100,90.625,81.25,100,100,100,100,100,100,93.75,100,95.3125,100,100,29.6875,96.875,76.5625,81.25,70.3125,93.75,100,100,100,93.75,90.625,100,46.875,6.25,96.875,50,28.125,93.75,100,100,87.5,100,100,29.6875,100,85.9375,54.6875,59.375,73.4375,65.625,75,98.4375,78.125,92.1875,100,67.1875,79.6875,84.375,40.625,84.375,95.3125,45.3125,100,100,100,100,100,100,100,76.5625,100,43.75,68.75,100,100,75,54.6875,68.75,46.875,100,50,100,90.625,100,100,100,100,56.25,100,73.4375,90.625,82.8125,100,100,57.8125,73.4375,100,100,65.625,100,84.375,100,85.9375,100,100,100,100,100,96.875,67.1875,100,100,100,95.3125,100,100,100,85.9375,100,100,70.3125,37.5,100,100,64.0625,100,100,35.9375,87.5,100,71.875,37.5,23.4375,100,100,92.1875,100,100,100,100,100,67.1875,29.6875,92.1875,100,100,96.875,48.4375,45.3125,70.3125,70.3125,7.8125,100,100,71.875,43.75,35.9375,31.25,84.375,100,100,78.125,73.4375,100,75,100,85.9375,100,96.875,90.625,56.25,46.875,100,100,87.5,100,100,100,100,59.375,100,100,100,40.625,100,100,100,57.8125,100,100,100,78.125,64.0625,100,100,90.625,100,100,51.5625,100,78.125,100,100,100,100,95.3125,62.5,100,100,85.9375,100,100,100,28.125,100,70.3125,78.125,79.6875,100,100,14.0625,100,62.5,100,100,100,81.25,62.5,100,100,100,67.1875,100,76.5625,51.5625,67.1875,100,39.0625,93.75,100,100,100,96.875,96.875,100,100,100,100,26.5625,96.875,100,100,100,60.9375,48.4375,100,67.1875,95.3125,82.8125,87.5,57.8125,78.125,100,12.5,100,100,56.25,82.8125,75,100,85.9375,95.3125,100,96.875,100,62.5,100,100,71.875,67.1875,100,100,100,96.875,100,71.875,95.3125,100,100,100,100,60.9375,100,20.3125,100,79.6875,100,95.3125,100,100,79.6875,43.75,100,100,35.9375,100,82.8125,100,84.375,87.5,70.3125,64.0625,100,100,68.75,81.25,89.0625,65.625,98.4375,81.25,81.25,100,64.0625,100,100,62.5,15.625,95.3125,35.9375,100,100,100,100,59.375,100,100,84.375,100,100,100,93.75,95.3125,100,100,100,100,32.8125,100,100,59.375,64.0625,100,93.75,59.375,42.1875,100,82.8125,100,100,100,85.9375,82.8125,29.6875,100,25,100,68.75,70.3125,100,18.75,87.5,100,100,100,100,100,100,100,100,100,59.375,82.8125,29.6875,100,95.3125,96.875,95.3125,90.625,67.1875,100,100,100,100,84.375,100,70.3125,100,84.375,100,100,100,59.375,100,100,82.8125,35.9375,100,100,87.5,100,68.75,100,95.3125,100,100,100,100,100,81.25,100,100,39.0625,76.5625,76.5625,65.625,100,100,100,100,100,100,100,100,100,75,100,100,100,100,100,100,79.6875,100,100,85.9375,100,100,100,100,100,67.1875,75,100,82.8125,31.25,100,93.75,73.4375,65.625,100,82.8125,100,100,35.9375,100,73.4375,100,100,79.6875,100,100,39.0625,100,100,90.625,100,100,35.9375,89.0625,92.1875,100,100,100,17.1875,100,100,100,85.9375,100,100,100,100,100,100,100,65.625,98.4375,92.1875,89.0625,100,82.8125,100,78.125,100,100,79.6875,100,100,75,85.9375,100,100,100,100,82.8125,46.875,100,82.8125,100,51.5625,45.3125,100,100,100,100,84.375,100,81.25,100,100,100,56.25,100,100,62.5,65.625,100,93.75,100,89.0625,100,28.125,84.375,75,100,100,100,100,100,100,100,100,45.3125,50,100,100,100,100,100,100,92.1875,98.4375,100,100,93.75,54.6875,100,96.875,100,81.25,75,100,100,100,85.9375,96.875,100,85.9375,81.25,100,90.625,100,100,85.9375,81.25,100,50,51.5625,20.3125,100,68.75,70.3125,100,76.5625,100,87.5,51.5625,100,93.75,28.125,100,73.4375,100,100,100,100,100,100,100,100,46.875,65.625,98.4375,60.9375,46.875,68.75,100,100,100,20.3125,95.3125,76.5625,100,96.875,51.5625,100,100,65.625,100,100,100,100,100,31.25,100,46.875,100,100,100,100,100,18.75,73.4375,100,43.75,87.5,89.0625,53.125,100,51.5625,100,100,100,100,62.5,67.1875,100,73.4375,93.75,100,100,100,100,90.625,73.4375,59.375,89.0625,70.3125,100,100,79.6875,71.875,65.625,67.1875,60.9375,64.0625,100,96.875,68.75,100,100,79.6875,62.5,100,87.5,90.625,100,90.625,100,100,100,84.375,100,73.4375,100,100,100,87.5,100,84.375,100,85.9375,92.1875,100,100,59.375,100,95.3125,100,57.8125,100,87.5,100,62.5,100,56.25,100,100,100,89.0625,100,100,100,62.5,95.3125,60.9375,100,100,100,70.3125,100,42.1875,100,100,100,31.25,90.625,71.875,100,100,92.1875,57.8125,79.6875,35.9375,43.75,100,100,76.5625,57.8125,60.9375,100,81.25,92.1875,95.3125,100,90.625,100,56.25,100,100,57.8125,100,100,85.9375,100,100,100,85.9375,82.8125,67.1875,100,90.625,100,100,100,73.4375,35.9375,28.125,90.625,100,100,100,75,100,100,75,78.125,100,92.1875,100,100,100,96.875,37.5,92.1875,64.0625,50,79.6875,60.9375,93.75,100,100,100,87.5,100,100,60.9375,35.9375,92.1875,100,76.5625,75,100,100,64.0625,100,100,100,100,100,100,82.8125,100,93.75,93.75,100,34.375,100,98.4375,100,100,100,87.5,100,75,100,54.6875,15.625,100,100,100,82.8125,100,73.4375,100,100,73.4375,81.25,100,92.1875,100,75,95.3125,76.5625,100,98.4375,84.375,100,100,85.9375,45.3125,100,100,100,71.875,78.125,100,100,81.25,100,100,100,100,100,100,100,76.5625,39.0625,68.75,100,71.875,100,100,100,100,100,100,90.625,100,50,89.0625,84.375,100,85.9375,100,100,100,100,100,81.25,100,100,43.75,100,70.3125,100,90.625,100,100,100,95.3125,100,100,100,37.5,78.125,45.3125,100,85.9375,100,100,32.8125,82.8125,100,100,100,100,60.9375,73.4375,78.125,100,100,93.75,68.75,100,100,100,100,57.8125,93.75,100,95.3125,89.0625,89.0625,100,93.75,98.4375,100,95.3125,100,70.3125,50,75,87.5,68.75,100,82.8125,73.4375,100,98.4375,100,100,85.9375,100,85.9375,79.6875,62.5,65.625,100,81.25,73.4375,100,100,81.25,100,100,100,100,79.6875,31.25,81.25,100,92.1875,100,21.875,81.25,100,89.0625,100,100,100,81.25,100,100,100,85.9375,87.5,90.625,100,100,100,100,100,90.625,100,100,100,96.875,100,59.375,100,100,95.3125,81.25,70.3125,100,100,100,100,71.875,56.25,59.375,100,100,70.3125,29.6875,100,89.0625,70.3125,100,87.5,100,46.875,100,100,100,76.5625,54.6875,84.375,93.75,100,100,89.0625,100,60.9375,82.8125,73.4375,64.0625,100,100,87.5,100,100,81.25,100,100,93.75,57.8125,100,28.125,40.625,100,95.3125,67.1875,100,51.5625,87.5,100,100,100,93.75,100,35.9375,20.3125,100,100,100,100,93.75,100,100,100,100,100,87.5,100,100,100,100,81.25,90.625,100,98.4375,100,100,90.625,84.375,67.1875,56.25,100,100,28.125,64.0625,98.4375,100,100,100,100,20.3125,50,100,100,100,57.8125,75,100,79.6875,100,100,29.6875,57.8125,62.5,78.125,81.25,100,100,100,100,100,90.625,79.6875,100,100,100,100,79.6875,98.4375,100,100,100,100,100,46.875,100,75,84.375,100,100,100,100,100,71.875,100,29.6875,50,100,100,56.25,100,100,37.5,100,100,15.625,73.4375,76.5625,79.6875,100,37.5,100,71.875,81.25,100,43.75,60.9375,100,84.375,100,71.875,100,93.75,25,68.75,100,17.1875,100,51.5625,100,100,75,100,100,100,68.75,100,29.6875,84.375,100,100,90.625,60.9375,43.75,76.5625,65.625,78.125,73.4375,100,48.4375,76.5625,92.1875,40.625,100,95.3125,100,10.9375,100,100,68.75,82.8125,100,100,100,31.25,79.6875,98.4375,100,82.8125,100,100,65.625,100,70.3125,100,85.9375,100,73.4375,92.1875,100,82.8125,100,87.5,100,79.6875,100,67.1875,100,100,100,100,100,95.3125,32.8125,92.1875,100,70.3125,100,68.75,100,100,100,82.8125,100,82.8125,100,100,92.1875,100,100,48.4375,100,100,100,48.4375,100,56.25,100,31.25,35.9375,100,67.1875,75,100,31.25,98.4375,100,100,53.125,100,98.4375,56.25,79.6875,100,100,81.25,60.9375,29.6875,51.5625,70.3125,100,100,92.1875,68.75,100,54.6875,34.375,100,100,62.5,59.375,89.0625,100,71.875,82.8125,90.625,100,34.375,100,100,100,100,64.0625,100,100,100,100,89.0625,100,100,100,100,67.1875,95.3125,100,100,45.3125,100,100,100,100,59.375,70.3125,100,100,60.9375,100,48.4375,100,20.3125,87.5,100,85.9375,100,100,87.5,81.25,100,89.0625,100,100,100,100,100,82.8125,45.3125,51.5625,73.4375,100,100,100,100,54.6875,93.75,35.9375,60.9375,96.875,96.875,100,93.75,92.1875,76.5625,100,100,100,71.875,100,100,100,100,73.4375,100,76.5625,81.25,100,100,100,89.0625,100,100,100,67.1875,100,84.375,64.0625,100,100,100,87.5,79.6875,100,100,93.75,81.25,59.375,62.5,100,100,100,100,100,100,100,87.5,100,100,92.1875,100,100,54.6875,82.8125,92.1875,100,100,26.5625,100,100,4.6875,45.3125,76.5625,54.6875,100,100,100,95.3125,92.1875,81.25,98.4375,100,89.0625,76.5625,100,64.0625,68.75,100,100,100,73.4375,100,95.3125,100,100,100,82.8125,100,100,12.5,100,100,100,100,76.5625,100,81.25,81.25,100,100,87.5,100,73.4375,100,54.6875,100,100,59.375,100,70.3125,100,79.6875,73.4375,70.3125,71.875,100,100,100,100,92.1875,84.375,85.9375,100,98.4375,100,59.375,23.4375,92.1875,100,92.1875,100,70.3125,93.75,100,84.375,59.375,100,100,100,73.4375,62.5,100,100,100,100,40.625,81.25,100,100,100,34.375,65.625,96.875,98.4375,54.6875,100,100,59.375,26.5625,32.8125,51.5625,59.375,100,95.3125,57.8125,96.875,76.5625,100,93.75,100,100,89.0625,100,21.875,62.5,75,71.875,37.5,100,81.25,100,96.875,57.8125,100,95.3125,60.9375,100,85.9375,75,89.0625,65.625,100,100,17.1875,100,98.4375,62.5,100,84.375,93.75,100,100,42.1875,59.375,92.1875,100,81.25,100,100,95.3125,57.8125,100,98.4375,100,100,100,95.3125,100,100,78.125,75,65.625,100,100,62.5,100,100,81.25,90.625,87.5,96.875,93.75,100,28.125,100,100,100,93.75,100,100,42.1875,34.375,79.6875,100,45.3125,40.625,93.75,81.25,100,100,75,89.0625,93.75,79.6875,100,100,67.1875,68.75,78.125,100,100,100,93.75,100,51.5625,84.375,62.5,100,100,87.5,82.8125,56.25,10.9375,100,71.875,62.5,100,79.6875,64.0625,67.1875,65.625,23.4375,93.75,54.6875,95.3125,84.375,100,81.25,100,100,85.9375,82.8125,100,100,90.625,100,100,100,95.3125,100,100,90.625,100,100,78.125,96.875,92.1875,65.625,100,100,46.875,100,100,95.3125,87.5,42.1875,84.375,100,100,100,79.6875,100,100,100,65.625,100,100,100,84.375,100,85.9375,100,32.8125,100,57.8125,100,100,100,100,100,89.0625,90.625,89.0625,100,100,92.1875,100,93.75,100,100,100,100,68.75,57.8125,82.8125,98.4375,100,100,31.25,85.9375,100,100,100,100,100,100,100,42.1875,31.25,100,82.8125,59.375,100,68.75,100,98.4375,45.3125,85.9375,100,100,82.8125,93.75,100,100,71.875,100,21.875,75,100,100,100,100,100,100,100,100,100,71.875,100,67.1875,75,65.625,100,25,100,100,78.125,54.6875,100,100,50,100,95.3125,100,100,100,100,100,84.375,84.375,100,79.6875,100,40.625,100,100,81.25,59.375,70.3125,100,100,100,98.4375,100,100,84.375,64.0625,100,7.8125,82.8125,100,100,76.5625,100,100,95.3125,57.8125,100,100,100,100,57.8125,100,100,71.875,60.9375,75,60.9375,100,100,64.0625,100,100,62.5,100,100,84.375,100,100,79.6875,100,56.25,70.3125,100,100,31.25,78.125,34.375,100,54.6875,76.5625,100,90.625,90.625,100,100,75,100,92.1875,100,76.5625,100,100,100,46.875,40.625,100,59.375,92.1875,100,100,90.625,100,98.4375,100,43.75,89.0625,100,100,32.8125,100,100,76.5625,100,100,35.9375,100,92.1875,100,29.6875,100,100,42.1875,59.375,100,100,100,100,95.3125,76.5625,100,100,56.25,100,100,81.25,100,71.875,100,100,100,90.625,90.625,100,56.25,100,100,100,53.125,64.0625,87.5,65.625,62.5,100,78.125,84.375,62.5,96.875,100,53.125,100,100,39.0625,31.25,100,53.125,100,100,100,75,100,73.4375,100,100,100,100,35.9375,100,100,98.4375,90.625,93.75,96.875,100,65.625,96.875,64.0625,50,100,100,100,68.75,100,100,100,64.0625,67.1875,100,100,34.375,90.625,92.1875,100,98.4375,93.75,93.75,100,100,96.875,70.3125,100,81.25,100,100,100,96.875,100,98.4375,40.625,68.75,56.25,89.0625,17.1875,46.875,100,100,100,45.3125,70.3125,96.875,100,100,100,68.75,78.125,54.6875,87.5,100,100,100,62.5,100,100,51.5625,45.3125,100,57.8125,89.0625,85.9375,76.5625,81.25,100,92.1875,54.6875,100,100,100,100,73.4375,100,100,100,48.4375,100,100,87.5,37.5,100,100,56.25,89.0625,76.5625,100,96.875,79.6875,100,100,100,100,100,43.75,100,73.4375,56.25,100,100,76.5625,100,100,96.875,98.4375,100,100,81.25,100,92.1875,100,100,100,100,68.75,65.625,100,59.375,100,82.8125,100,68.75,89.0625,100,100,75,100,35.9375,56.25,56.25,92.1875,59.375,100,100,79.6875,81.25,92.1875,87.5,100,51.5625,54.6875,35.9375,100,100,100,100,100,81.25,100,17.1875,100,84.375,81.25,71.875,100,82.8125,65.625,28.125,78.125,100,18.75,96.875,64.0625,100,28.125,40.625,100,100,100,100,26.5625,100,100,59.375,64.0625,100,100,93.75,93.75,78.125,82.8125,37.5,100,100,100,60.9375,100,100,90.625,100,100,76.5625,84.375,100,100,17.1875,100,54.6875,100,100,43.75,100,45.3125,100,78.125,54.6875,100,56.25,100,100,100,29.6875,85.9375,98.4375,100,100,100,78.125,96.875,25,100,68.75,100,100,100,100,51.5625,28.125,100,98.4375,48.4375,68.75,100,100,100,100,100,25,100,84.375,100,100,100,82.8125,100,60.9375,35.9375,100,46.875,92.1875,59.375,57.8125,53.125,100,96.875,100,100,100,71.875,100,64.0625,100,100,100,100,100,73.4375,56.25,100,96.875,100,100,100,100,100,28.125,87.5,100,28.125,92.1875,100,100,100,100,68.75,1.5625,100,100,31.25,100,75,100,100,100,100,100,100,100,85.9375,100,100,100,100,100,100,100,92.1875,35.9375,87.5,59.375,100,56.25,100,100,100,78.125,100,50,64.0625,100,100,56.25,100,100,89.0625,100,100,100,100,100,100,93.75,98.4375,76.5625,31.25,100,93.75,100,100,26.5625,100,43.75,100,73.4375,79.6875,79.6875,100,100,100,70.3125,100,84.375,100,89.0625,57.8125,100,64.0625,71.875,98.4375,87.5,100,45.3125,64.0625,100,100,96.875,100,100,100,32.8125,75,90.625,43.75,64.0625,100,100,70.3125,84.375,100,79.6875,35.9375,67.1875,37.5,100,100,100,62.5,100,59.375,40.625,100,73.4375,100,100,100,35.9375,89.0625,100,54.6875,93.75,100,51.5625,100,54.6875,100,82.8125,76.5625,100,100,43.75,59.375,100,90.625,100,100,100,100
"6078",96.875,100,43.75,100,82.8125,76.5625,90.625,100,29.6875,95.3125,59.375,100,100,100,100,60.9375,89.0625,92.1875,40.625,100,96.875,100,100,100,28.125,100,100,89.0625,82.8125,100,100,100,100,95.3125,100,46.875,53.125,100,35.9375,95.3125,79.6875,9.375,76.5625,100,100,100,100,100,82.8125,89.0625,73.4375,100,100,70.3125,62.5,100,20.3125,100,100,42.1875,90.625,59.375,98.4375,100,100,100,60.9375,100,73.4375,100,56.25,78.125,100,89.0625,60.9375,85.9375,100,100,51.5625,100,76.5625,100,100,75,78.125,100,100,25,100,100,56.25,82.8125,100,46.875,100,89.0625,100,64.0625,100,100,95.3125,100,100,92.1875,76.5625,51.5625,100,54.6875,85.9375,100,76.5625,87.5,98.4375,95.3125,28.125,96.875,100,100,100,100,65.625,100,100,79.6875,85.9375,35.9375,100,18.75,100,100,100,100,100,100,100,65.625,60.9375,78.125,31.25,100,100,100,57.8125,100,100,100,92.1875,100,59.375,75,60.9375,32.8125,79.6875,93.75,98.4375,92.1875,73.4375,100,100,100,100,100,73.4375,100,89.0625,71.875,100,75,57.8125,100,85.9375,70.3125,100,70.3125,100,96.875,85.9375,100,100,100,68.75,84.375,100,81.25,100,100,37.5,100,100,90.625,100,100,87.5,100,100,100,90.625,59.375,100,100,23.4375,100,96.875,100,100,100,100,100,71.875,100,39.0625,100,100,100,79.6875,78.125,34.375,48.4375,100,57.8125,100,71.875,45.3125,100,100,53.125,73.4375,100,100,100,23.4375,79.6875,100,100,100,100,82.8125,82.8125,85.9375,100,100,100,100,90.625,100,35.9375,100,87.5,95.3125,60.9375,100,76.5625,100,100,93.75,53.125,100,59.375,100,100,100,98.4375,34.375,92.1875,90.625,100,100,18.75,100,100,54.6875,92.1875,100,100,100,64.0625,43.75,100,73.4375,100,90.625,100,100,100,100,100,29.6875,98.4375,100,90.625,81.25,100,65.625,56.25,100,43.75,100,92.1875,65.625,75,50,100,93.75,67.1875,100,84.375,100,81.25,75,100,100,56.25,29.6875,100,64.0625,92.1875,100,100,87.5,40.625,100,89.0625,54.6875,39.0625,82.8125,60.9375,93.75,65.625,100,71.875,85.9375,96.875,75,87.5,100,40.625,100,90.625,89.0625,100,70.3125,78.125,42.1875,37.5,65.625,68.75,29.6875,100,89.0625,73.4375,89.0625,75,100,65.625,71.875,100,95.3125,90.625,62.5,100,81.25,82.8125,100,100,84.375,46.875,21.875,100,98.4375,100,100,100,95.3125,78.125,78.125,100,96.875,84.375,78.125,98.4375,85.9375,79.6875,100,100,100,26.5625,100,100,64.0625,92.1875,100,73.4375,100,100,100,79.6875,100,48.4375,92.1875,35.9375,100,100,100,100,100,25,57.8125,82.8125,67.1875,96.875,68.75,96.875,78.125,93.75,100,95.3125,39.0625,57.8125,100,75,20.3125,87.5,100,100,100,39.0625,100,100,96.875,100,82.8125,100,87.5,100,67.1875,81.25,39.0625,100,100,100,100,92.1875,100,79.6875,100,100,100,100,100,92.1875,95.3125,100,100,100,84.375,67.1875,100,78.125,100,100,68.75,71.875,79.6875,100,70.3125,65.625,100,100,100,85.9375,73.4375,39.0625,84.375,100,98.4375,15.625,100,100,100,87.5,82.8125,100,84.375,79.6875,82.8125,100,54.6875,100,50,73.4375,100,15.625,89.0625,100,64.0625,100,100,100,59.375,75,76.5625,100,100,100,84.375,56.25,75,84.375,100,100,79.6875,78.125,68.75,100,100,78.125,100,100,100,100,79.6875,78.125,100,59.375,42.1875,93.75,100,100,40.625,100,51.5625,100,95.3125,100,84.375,70.3125,100,81.25,84.375,73.4375,100,100,100,35.9375,46.875,100,85.9375,100,100,70.3125,100,70.3125,100,100,67.1875,42.1875,64.0625,100,76.5625,100,100,71.875,100,100,100,51.5625,37.5,100,100,100,68.75,100,90.625,100,28.125,60.9375,100,76.5625,100,100,75,100,100,32.8125,96.875,100,100,100,100,100,100,62.5,100,100,100,100,81.25,100,64.0625,100,100,100,100,100,73.4375,100,56.25,50,100,54.6875,100,79.6875,82.8125,100,67.1875,100,100,98.4375,100,100,100,100,85.9375,85.9375,100,46.875,53.125,70.3125,100,81.25,85.9375,100,100,100,100,70.3125,100,100,100,93.75,100,100,34.375,96.875,73.4375,78.125,70.3125,100,100,100,100,93.75,90.625,100,46.875,6.25,87.5,59.375,29.6875,89.0625,100,100,100,100,100,42.1875,100,85.9375,54.6875,59.375,79.6875,65.625,71.875,98.4375,78.125,92.1875,93.75,100,71.875,79.6875,40.625,90.625,95.3125,46.875,79.6875,100,100,100,100,100,100,75,100,45.3125,68.75,100,25,64.0625,100,71.875,46.875,100,48.4375,100,93.75,100,100,100,100,59.375,100,75,85.9375,84.375,100,100,70.3125,100,100,100,62.5,100,100,100,76.5625,100,100,100,100,100,100,65.625,100,100,100,82.8125,100,100,100,98.4375,100,100,70.3125,100,100,100,56.25,100,100,35.9375,89.0625,100,75,39.0625,26.5625,93.75,100,68.75,98.4375,100,100,100,73.4375,32.8125,40.625,84.375,100,100,100,48.4375,100,70.3125,68.75,7.8125,100,100,45.3125,42.1875,50,48.4375,84.375,100,59.375,100,100,100,81.25,100,96.875,89.0625,87.5,100,54.6875,45.3125,100,100,98.4375,100,100,100,100,57.8125,100,95.3125,100,71.875,100,90.625,100,18.75,56.25,100,100,87.5,67.1875,100,42.1875,84.375,100,100,54.6875,87.5,84.375,100,100,100,100,95.3125,62.5,100,100,85.9375,64.0625,100,100,28.125,100,70.3125,85.9375,87.5,43.75,100,26.5625,100,53.125,100,100,90.625,82.8125,65.625,95.3125,100,100,79.6875,100,76.5625,50,67.1875,100,100,100,100,100,100,93.75,92.1875,100,100,100,100,28.125,92.1875,100,100,100,62.5,50,100,70.3125,98.4375,76.5625,100,59.375,78.125,100,54.6875,100,100,54.6875,100,60.9375,73.4375,85.9375,100,100,96.875,98.4375,79.6875,100,100,71.875,67.1875,100,100,45.3125,96.875,53.125,73.4375,96.875,100,100,100,100,57.8125,100,28.125,100,79.6875,100,100,51.5625,100,64.0625,48.4375,96.875,100,35.9375,100,81.25,100,100,82.8125,71.875,65.625,100,100,67.1875,100,96.875,100,100,81.25,73.4375,90.625,65.625,100,100,62.5,42.1875,100,37.5,67.1875,100,71.875,100,62.5,100,100,100,100,100,10.9375,92.1875,100,100,100,92.1875,100,100,100,100,65.625,64.0625,100,90.625,59.375,32.8125,100,84.375,100,100,84.375,82.8125,100,29.6875,100,25,100,68.75,70.3125,100,14.0625,100,100,100,100,100,100,100,100,100,100,59.375,82.8125,100,100,95.3125,64.0625,93.75,78.125,56.25,100,95.3125,100,84.375,84.375,100,70.3125,100,75,100,100,100,53.125,100,100,96.875,35.9375,100,100,85.9375,100,76.5625,100,93.75,89.0625,100,100,100,100,81.25,98.4375,93.75,87.5,76.5625,68.75,31.25,100,100,100,100,100,100,100,100,100,82.8125,100,96.875,100,100,100,78.125,100,100,100,100,90.625,100,100,100,100,65.625,95.3125,100,78.125,32.8125,100,100,73.4375,82.8125,100,78.125,100,100,35.9375,100,67.1875,100,100,81.25,100,100,39.0625,100,100,84.375,100,100,35.9375,81.25,92.1875,100,43.75,73.4375,15.625,100,100,100,78.125,100,100,100,100,100,100,90.625,64.0625,90.625,90.625,90.625,100,79.6875,100,54.6875,100,100,78.125,100,100,75,93.75,100,100,100,100,84.375,45.3125,100,82.8125,100,51.5625,56.25,76.5625,100,100,100,46.875,100,78.125,100,100,100,45.3125,100,100,62.5,65.625,100,96.875,100,89.0625,100,31.25,71.875,78.125,95.3125,100,100,100,100,100,100,100,43.75,67.1875,100,100,82.8125,100,100,100,100,67.1875,93.75,100,100,53.125,100,96.875,100,82.8125,75,100,100,100,85.9375,95.3125,96.875,81.25,76.5625,100,78.125,100,100,84.375,79.6875,100,45.3125,51.5625,67.1875,100,70.3125,92.1875,100,100,90.625,87.5,51.5625,100,100,28.125,100,100,100,100,100,100,100,100,100,100,43.75,65.625,100,60.9375,21.875,31.25,100,100,100,20.3125,95.3125,79.6875,100,65.625,53.125,100,100,67.1875,100,95.3125,100,100,100,34.375,100,68.75,100,100,100,100,100,18.75,71.875,100,100,100,89.0625,51.5625,100,59.375,100,100,100,12.5,60.9375,68.75,100,73.4375,100,100,100,100,100,54.6875,70.3125,62.5,87.5,75,100,100,76.5625,70.3125,92.1875,67.1875,60.9375,64.0625,100,100,67.1875,100,100,82.8125,60.9375,100,45.3125,87.5,100,96.875,100,100,100,100,100,71.875,100,100,100,79.6875,100,85.9375,100,85.9375,15.625,84.375,100,79.6875,100,100,100,78.125,100,81.25,59.375,62.5,100,53.125,70.3125,96.875,100,89.0625,100,100,100,100,89.0625,53.125,100,100,100,89.0625,100,42.1875,100,100,100,40.625,81.25,87.5,100,100,96.875,56.25,79.6875,70.3125,43.75,100,100,75,57.8125,60.9375,100,79.6875,92.1875,96.875,100,90.625,100,35.9375,75,64.0625,54.6875,81.25,100,84.375,98.4375,100,100,84.375,82.8125,65.625,81.25,93.75,100,100,100,73.4375,32.8125,29.6875,100,100,85.9375,100,78.125,100,100,75,73.4375,100,82.8125,100,100,100,100,43.75,100,57.8125,43.75,85.9375,56.25,95.3125,100,100,100,84.375,100,31.25,70.3125,34.375,81.25,100,75,76.5625,100,100,60.9375,100,100,100,100,65.625,100,100,100,100,93.75,100,42.1875,100,96.875,100,100,100,92.1875,100,100,100,62.5,40.625,79.6875,100,100,82.8125,100,73.4375,100,100,71.875,71.875,100,98.4375,100,62.5,92.1875,76.5625,100,98.4375,81.25,100,98.4375,100,37.5,100,100,95.3125,73.4375,76.5625,100,100,59.375,100,100,100,100,100,100,100,71.875,39.0625,75,100,71.875,100,100,100,100,100,100,84.375,100,75,90.625,96.875,100,68.75,100,100,100,100,100,100,100,100,48.4375,100,71.875,100,93.75,96.875,100,100,93.75,76.5625,100,100,100,1.5625,45.3125,100,100,100,100,40.625,85.9375,100,100,100,100,60.9375,100,84.375,100,100,100,81.25,100,100,100,100,45.3125,93.75,100,100,92.1875,100,100,100,100,100,95.3125,100,62.5,45.3125,78.125,51.5625,100,82.8125,70.3125,73.4375,100,64.0625,100,100,89.0625,100,85.9375,81.25,62.5,59.375,100,100,84.375,100,100,81.25,100,100,100,100,85.9375,26.5625,89.0625,100,95.3125,100,31.25,78.125,100,68.75,100,100,100,79.6875,100,100,100,100,90.625,100,100,100,100,98.4375,100,89.0625,100,100,100,100,100,59.375,100,100,96.875,79.6875,71.875,100,100,100,100,71.875,51.5625,68.75,100,100,67.1875,31.25,100,87.5,71.875,100,89.0625,100,53.125,100,100,100,70.3125,54.6875,100,93.75,100,100,85.9375,100,62.5,79.6875,75,64.0625,100,100,87.5,100,100,100,100,100,93.75,60.9375,100,25,29.6875,100,95.3125,53.125,15.625,53.125,87.5,100,100,100,93.75,100,35.9375,100,100,100,100,100,100,100,100,100,100,100,85.9375,56.25,100,100,100,84.375,85.9375,100,100,100,100,100,100,68.75,60.9375,100,100,25,100,96.875,100,100,100,100,29.6875,50,100,100,100,67.1875,76.5625,100,87.5,98.4375,100,26.5625,59.375,62.5,75,81.25,100,95.3125,100,90.625,100,78.125,82.8125,100,100,100,100,81.25,98.4375,100,100,100,100,100,48.4375,100,6.25,85.9375,100,100,100,100,100,65.625,20.3125,35.9375,51.5625,100,100,59.375,100,100,100,100,98.4375,14.0625,73.4375,100,82.8125,100,35.9375,100,70.3125,84.375,100,100,35.9375,100,87.5,100,76.5625,45.3125,100,29.6875,68.75,100,18.75,100,53.125,100,54.6875,75,100,100,100,68.75,100,100,84.375,100,100,92.1875,21.875,40.625,35.9375,73.4375,70.3125,82.8125,100,59.375,78.125,92.1875,40.625,100,90.625,100,100,100,100,70.3125,84.375,100,98.4375,100,100,85.9375,100,100,43.75,100,92.1875,65.625,100,68.75,100,100,100,75,100,100,84.375,100,81.25,59.375,81.25,100,67.1875,100,100,100,100,93.75,65.625,40.625,100,100,84.375,100,100,100,100,100,81.25,100,82.8125,79.6875,100,93.75,100,82.8125,48.4375,98.4375,100,100,76.5625,100,78.125,100,40.625,35.9375,100,75,78.125,100,31.25,100,100,100,57.8125,100,93.75,54.6875,100,100,100,92.1875,60.9375,31.25,100,71.875,100,100,92.1875,75,100,53.125,32.8125,23.4375,100,62.5,60.9375,89.0625,100,73.4375,82.8125,95.3125,100,35.9375,100,100,100,100,64.0625,96.875,100,100,100,84.375,42.1875,100,100,100,100,98.4375,100,100,100,100,100,100,100,62.5,62.5,100,100,85.9375,100,48.4375,100,57.8125,81.25,100,95.3125,100,96.875,78.125,73.4375,100,90.625,100,100,100,100,100,82.8125,60.9375,54.6875,96.875,100,100,100,100,70.3125,98.4375,32.8125,100,93.75,90.625,100,98.4375,100,73.4375,100,100,100,70.3125,100,100,100,100,100,100,76.5625,95.3125,100,100,100,84.375,100,100,100,67.1875,100,100,65.625,100,100,39.0625,93.75,81.25,100,100,85.9375,79.6875,59.375,65.625,98.4375,100,100,100,100,29.6875,100,78.125,100,100,92.1875,100,98.4375,54.6875,54.6875,84.375,100,100,23.4375,100,93.75,4.6875,45.3125,37.5,9.375,100,100,100,96.875,92.1875,78.125,100,100,93.75,100,100,64.0625,12.5,100,100,100,71.875,100,100,96.875,100,100,76.5625,100,100,12.5,100,100,100,90.625,79.6875,100,98.4375,100,100,100,54.6875,100,78.125,100,60.9375,100,100,59.375,100,70.3125,100,76.5625,73.4375,70.3125,73.4375,100,100,100,100,100,100,84.375,100,96.875,100,60.9375,23.4375,100,100,85.9375,100,65.625,84.375,100,89.0625,60.9375,100,87.5,100,75,73.4375,100,87.5,100,73.4375,75,84.375,100,100,100,35.9375,65.625,100,100,67.1875,100,100,59.375,100,100,65.625,59.375,100,95.3125,76.5625,84.375,76.5625,100,45.3125,100,100,89.0625,96.875,21.875,60.9375,68.75,70.3125,39.0625,100,79.6875,100,87.5,54.6875,100,90.625,62.5,100,89.0625,75,89.0625,64.0625,85.9375,100,18.75,100,100,68.75,100,82.8125,79.6875,59.375,100,43.75,60.9375,89.0625,100,78.125,100,100,90.625,71.875,59.375,100,100,100,100,95.3125,70.3125,100,78.125,73.4375,65.625,95.3125,100,62.5,100,96.875,95.3125,100,64.0625,90.625,96.875,100,14.0625,100,100,100,79.6875,100,87.5,26.5625,31.25,68.75,100,42.1875,40.625,50,81.25,100,100,75,89.0625,92.1875,93.75,100,100,67.1875,67.1875,75,100,100,100,100,100,54.6875,100,100,100,100,85.9375,100,42.1875,12.5,100,78.125,62.5,100,79.6875,65.625,76.5625,100,23.4375,93.75,54.6875,87.5,53.125,100,100,28.125,100,100,84.375,100,100,100,100,100,79.6875,95.3125,75,100,79.6875,100,100,81.25,90.625,75,67.1875,100,100,100,100,100,100,59.375,42.1875,89.0625,100,100,100,100,100,100,100,57.8125,17.1875,100,100,96.875,100,84.375,100,28.125,100,48.4375,100,100,100,100,100,100,93.75,71.875,100,100,92.1875,34.375,78.125,100,100,100,100,67.1875,56.25,67.1875,98.4375,100,100,31.25,79.6875,100,100,100,100,100,100,100,50,26.5625,100,81.25,100,100,70.3125,84.375,98.4375,89.0625,85.9375,100,100,79.6875,100,100,100,71.875,100,29.6875,100,100,100,100,100,100,100,100,100,100,75,100,90.625,82.8125,46.875,100,26.5625,9.375,100,31.25,54.6875,100,100,50,100,76.5625,89.0625,100,100,100,100,81.25,79.6875,100,81.25,100,40.625,100,100,76.5625,56.25,68.75,100,100,100,98.4375,100,100,84.375,37.5,100,54.6875,79.6875,100,50,73.4375,100,100,100,43.75,100,100,100,95.3125,100,100,70.3125,67.1875,59.375,100,59.375,100,100,65.625,100,100,62.5,100,100,93.75,100,100,79.6875,100,57.8125,71.875,45.3125,100,26.5625,78.125,23.4375,100,51.5625,78.125,100,90.625,92.1875,100,100,75,100,90.625,100,100,100,100,100,46.875,100,100,68.75,89.0625,26.5625,100,100,100,85.9375,100,50,100,100,95.3125,100,100,100,76.5625,31.25,12.5,100,100,92.1875,100,28.125,100,100,32.8125,60.9375,100,100,100,100,100,28.125,100,100,75,100,100,81.25,100,73.4375,100,100,100,100,95.3125,100,56.25,100,73.4375,100,48.4375,100,87.5,56.25,54.6875,100,90.625,89.0625,100,85.9375,12.5,53.125,100,100,37.5,31.25,100,53.125,100,100,100,73.4375,100,90.625,100,92.1875,100,100,37.5,100,100,96.875,75,100,85.9375,100,65.625,100,64.0625,53.125,100,100,95.3125,81.25,100,100,100,62.5,76.5625,100,90.625,56.25,85.9375,90.625,95.3125,100,92.1875,85.9375,100,100,87.5,71.875,100,81.25,100,100,100,96.875,100,100,42.1875,68.75,48.4375,89.0625,18.75,45.3125,100,100,100,40.625,56.25,100,100,100,100,73.4375,79.6875,46.875,82.8125,100,89.0625,100,67.1875,100,100,79.6875,48.4375,100,57.8125,100,60.9375,78.125,81.25,100,90.625,54.6875,100,100,100,100,75,100,100,100,50,100,100,65.625,81.25,100,100,56.25,93.75,78.125,100,100,75,82.8125,100,100,100,100,57.8125,100,75,100,100,100,81.25,100,100,98.4375,100,100,100,89.0625,100,90.625,95.3125,100,100,100,67.1875,65.625,100,62.5,100,92.1875,100,54.6875,89.0625,100,100,75,100,35.9375,29.6875,53.125,87.5,59.375,100,100,73.4375,96.875,95.3125,85.9375,100,90.625,56.25,35.9375,100,100,100,100,100,81.25,79.6875,7.8125,100,81.25,89.0625,71.875,100,85.9375,64.0625,100,76.5625,98.4375,21.875,96.875,64.0625,100,32.8125,39.0625,100,100,100,100,28.125,100,100,59.375,75,100,100,100,100,76.5625,84.375,10.9375,68.75,98.4375,100,62.5,100,100,90.625,100,100,87.5,84.375,100,100,17.1875,100,31.25,100,100,45.3125,100,43.75,100,85.9375,40.625,100,50,43.75,100,100,29.6875,84.375,100,100,100,100,87.5,96.875,31.25,100,68.75,100,90.625,100,100,100,31.25,100,98.4375,48.4375,68.75,100,48.4375,100,100,100,17.1875,100,62.5,100,100,100,81.25,100,100,43.75,100,21.875,92.1875,60.9375,50,53.125,100,100,100,100,100,95.3125,100,57.8125,100,100,100,100,100,87.5,54.6875,100,100,100,100,100,93.75,100,45.3125,89.0625,100,26.5625,100,100,100,100,100,76.5625,1.5625,100,93.75,28.125,100,76.5625,100,100,100,100,100,71.875,100,82.8125,100,100,100,100,95.3125,93.75,100,98.4375,29.6875,89.0625,57.8125,100,71.875,100,37.5,100,78.125,100,48.4375,64.0625,100,100,57.8125,100,100,100,100,100,92.1875,81.25,100,100,92.1875,100,81.25,28.125,100,85.9375,100,78.125,100,100,39.0625,100,70.3125,64.0625,29.6875,68.75,100,100,71.875,100,84.375,100,92.1875,59.375,100,65.625,75,100,84.375,96.875,53.125,56.25,100,100,96.875,78.125,100,100,31.25,67.1875,95.3125,62.5,64.0625,100,100,59.375,76.5625,100,79.6875,35.9375,65.625,26.5625,100,100,100,100,100,59.375,39.0625,100,100,100,100,100,18.75,51.5625,100,56.25,100,100,51.5625,100,51.5625,87.5,70.3125,73.4375,100,90.625,100,67.1875,100,89.0625,100,100,98.4375,100
"6079",87.5,100,34.375,100,100,73.4375,84.375,100,21.875,96.875,62.5,100,100,100,75,76.5625,93.75,87.5,100,100,96.875,100,100,100,29.6875,100,100,85.9375,85.9375,100,71.875,100,100,93.75,100,96.875,56.25,100,100,96.875,54.6875,18.75,90.625,100,100,100,100,100,84.375,84.375,46.875,100,100,70.3125,89.0625,100,12.5,100,100,43.75,84.375,53.125,85.9375,100,100,100,59.375,100,78.125,100,54.6875,71.875,100,100,93.75,100,100,60.9375,50,100,76.5625,100,100,73.4375,76.5625,100,100,28.125,100,100,54.6875,82.8125,100,46.875,15.625,95.3125,100,62.5,100,100,100,100,100,92.1875,100,43.75,100,57.8125,84.375,100,70.3125,71.875,100,92.1875,28.125,100,100,100,100,100,64.0625,100,100,84.375,82.8125,35.9375,100,18.75,100,100,100,100,73.4375,100,100,65.625,57.8125,78.125,100,100,100,95.3125,43.75,89.0625,100,92.1875,90.625,100,59.375,78.125,59.375,35.9375,81.25,93.75,93.75,87.5,76.5625,98.4375,100,100,100,100,73.4375,100,89.0625,71.875,100,82.8125,51.5625,100,82.8125,70.3125,100,100,100,100,85.9375,100,100,100,100,82.8125,100,82.8125,98.4375,100,28.125,100,100,85.9375,100,100,87.5,100,100,100,87.5,68.75,100,100,39.0625,100,96.875,100,100,100,100,100,73.4375,100,34.375,100,100,96.875,82.8125,78.125,32.8125,79.6875,100,37.5,100,76.5625,100,100,100,53.125,92.1875,100,60.9375,100,62.5,76.5625,100,100,100,100,90.625,100,76.5625,100,100,26.5625,60.9375,85.9375,100,39.0625,100,90.625,85.9375,62.5,100,56.25,31.25,100,100,54.6875,100,73.4375,100,100,96.875,96.875,39.0625,95.3125,79.6875,100,100,100,100,100,56.25,51.5625,100,100,79.6875,68.75,45.3125,100,64.0625,100,85.9375,100,100,100,100,73.4375,29.6875,98.4375,100,100,79.6875,100,64.0625,56.25,100,70.3125,92.1875,85.9375,62.5,75,34.375,100,70.3125,75,100,87.5,92.1875,29.6875,87.5,100,100,67.1875,31.25,100,81.25,93.75,100,100,78.125,39.0625,100,100,50,100,81.25,67.1875,96.875,67.1875,100,73.4375,85.9375,100,56.25,100,100,40.625,100,89.0625,100,100,100,78.125,43.75,37.5,64.0625,68.75,34.375,100,100,76.5625,100,75,100,75,70.3125,100,95.3125,64.0625,53.125,85.9375,78.125,85.9375,100,95.3125,84.375,45.3125,23.4375,76.5625,98.4375,100,100,100,87.5,76.5625,90.625,100,100,85.9375,100,100,76.5625,100,100,100,100,100,100,100,62.5,92.1875,100,73.4375,100,100,100,75,100,71.875,93.75,43.75,100,100,100,100,100,18.75,56.25,82.8125,79.6875,84.375,67.1875,93.75,100,95.3125,100,89.0625,39.0625,59.375,100,76.5625,45.3125,95.3125,100,100,100,43.75,37.5,100,96.875,100,82.8125,100,79.6875,100,71.875,73.4375,46.875,100,100,100,100,89.0625,81.25,84.375,87.5,100,100,100,100,92.1875,87.5,100,100,100,84.375,70.3125,100,73.4375,100,100,57.8125,73.4375,75,100,100,57.8125,100,100,100,100,17.1875,35.9375,70.3125,100,100,14.0625,100,100,100,46.875,75,100,78.125,65.625,100,100,54.6875,100,50,75,100,54.6875,78.125,100,64.0625,87.5,100,100,65.625,65.625,73.4375,100,100,100,89.0625,56.25,89.0625,84.375,100,100,76.5625,75,100,100,100,100,100,100,100,100,100,81.25,81.25,67.1875,42.1875,92.1875,100,100,43.75,100,51.5625,100,95.3125,100,85.9375,71.875,100,79.6875,78.125,93.75,89.0625,100,100,35.9375,50,100,85.9375,100,100,73.4375,100,100,100,100,98.4375,50,71.875,100,73.4375,100,95.3125,71.875,100,100,100,81.25,37.5,75,100,100,76.5625,100,90.625,96.875,32.8125,64.0625,100,75,82.8125,100,64.0625,100,100,100,100,96.875,100,84.375,100,64.0625,100,71.875,100,100,100,28.125,79.6875,82.8125,60.9375,98.4375,100,100,100,59.375,73.4375,100,60.9375,59.375,100,56.25,100,100,76.5625,100,56.25,100,100,100,100,100,100,100,81.25,76.5625,100,100,70.3125,100,100,90.625,93.75,100,100,100,100,100,100,100,100,100,100,100,26.5625,96.875,70.3125,73.4375,75,81.25,100,17.1875,100,85.9375,90.625,100,46.875,6.25,82.8125,62.5,29.6875,100,100,100,100,100,100,29.6875,100,85.9375,50,59.375,78.125,70.3125,68.75,98.4375,60.9375,98.4375,93.75,65.625,82.8125,79.6875,40.625,92.1875,95.3125,57.8125,76.5625,100,100,100,100,100,100,73.4375,100,43.75,68.75,100,31.25,68.75,100,75,48.4375,100,51.5625,100,100,100,100,100,100,65.625,100,92.1875,87.5,84.375,100,100,75,100,100,100,70.3125,100,100,100,79.6875,100,100,100,100,100,79.6875,67.1875,100,100,100,85.9375,100,100,100,85.9375,100,100,70.3125,100,100,100,62.5,100,100,35.9375,85.9375,100,82.8125,39.0625,26.5625,96.875,100,71.875,81.25,100,100,81.25,78.125,100,29.6875,89.0625,79.6875,100,100,48.4375,46.875,98.4375,70.3125,6.25,100,100,100,43.75,68.75,48.4375,84.375,100,45.3125,85.9375,100,100,78.125,100,100,90.625,93.75,90.625,53.125,43.75,100,100,75,100,100,100,100,57.8125,92.1875,100,100,34.375,100,100,100,79.6875,75,100,39.0625,79.6875,68.75,100,43.75,92.1875,100,100,54.6875,100,65.625,100,100,100,100,93.75,60.9375,100,100,85.9375,82.8125,100,100,29.6875,100,70.3125,76.5625,93.75,42.1875,100,37.5,100,51.5625,100,100,62.5,82.8125,70.3125,96.875,100,100,67.1875,100,76.5625,35.9375,59.375,100,100,100,100,95.3125,100,98.4375,100,100,100,100,100,32.8125,92.1875,100,100,100,68.75,43.75,100,40.625,96.875,78.125,100,59.375,76.5625,100,21.875,100,100,59.375,100,65.625,62.5,85.9375,100,100,98.4375,98.4375,57.8125,100,100,71.875,67.1875,100,100,21.875,96.875,92.1875,64.0625,100,100,100,100,100,73.4375,100,90.625,100,78.125,100,100,51.5625,100,62.5,62.5,93.75,100,35.9375,100,90.625,93.75,79.6875,89.0625,98.4375,81.25,100,100,68.75,75,87.5,100,67.1875,90.625,79.6875,100,64.0625,100,100,60.9375,62.5,100,35.9375,90.625,100,100,100,67.1875,100,100,100,100,100,100,92.1875,100,100,100,100,100,100,100,100,68.75,65.625,100,89.0625,57.8125,21.875,100,89.0625,100,100,100,84.375,100,29.6875,100,25,90.625,71.875,70.3125,100,39.0625,87.5,100,100,100,95.3125,100,100,100,100,100,59.375,82.8125,100,100,95.3125,68.75,95.3125,25,67.1875,100,79.6875,95.3125,100,84.375,100,73.4375,100,81.25,100,100,100,53.125,100,100,78.125,35.9375,100,100,85.9375,100,75,100,50,100,100,100,100,100,82.8125,100,100,100,76.5625,73.4375,67.1875,100,100,84.375,100,100,100,100,87.5,100,82.8125,100,100,100,100,100,76.5625,82.8125,100,82.8125,100,93.75,100,100,100,100,68.75,96.875,100,76.5625,73.4375,100,100,71.875,82.8125,100,81.25,95.3125,100,34.375,100,64.0625,100,100,82.8125,100,100,40.625,100,100,89.0625,89.0625,100,31.25,79.6875,100,100,40.625,70.3125,15.625,100,100,100,95.3125,100,100,100,100,100,100,89.0625,62.5,100,92.1875,100,100,85.9375,100,87.5,100,100,92.1875,100,73.4375,75,95.3125,100,93.75,79.6875,100,84.375,45.3125,100,82.8125,100,53.125,100,100,100,100,100,53.125,100,82.8125,100,100,100,60.9375,100,100,57.8125,65.625,100,93.75,96.875,87.5,100,100,64.0625,93.75,100,100,100,100,100,100,100,100,43.75,64.0625,100,100,75,100,100,100,100,82.8125,92.1875,100,100,60.9375,100,43.75,100,81.25,75,100,100,100,85.9375,96.875,100,87.5,71.875,82.8125,96.875,100,100,87.5,68.75,100,62.5,51.5625,43.75,100,68.75,92.1875,100,100,100,85.9375,51.5625,100,95.3125,31.25,100,98.4375,98.4375,100,100,100,100,100,100,100,93.75,76.5625,98.4375,57.8125,39.0625,76.5625,100,100,100,20.3125,95.3125,79.6875,100,100,39.0625,100,100,64.0625,100,82.8125,100,100,100,31.25,100,51.5625,100,100,100,100,100,18.75,75,100,100,85.9375,89.0625,51.5625,100,35.9375,100,100,100,100,39.0625,68.75,100,73.4375,100,90.625,100,100,100,87.5,73.4375,56.25,89.0625,71.875,100,100,75,71.875,92.1875,67.1875,60.9375,64.0625,100,96.875,67.1875,100,100,81.25,59.375,100,43.75,89.0625,100,93.75,100,100,100,93.75,100,73.4375,100,100,100,87.5,100,95.3125,100,90.625,92.1875,100,100,54.6875,100,95.3125,100,85.9375,100,75,62.5,65.625,100,100,62.5,100,100,89.0625,100,100,100,100,89.0625,50,100,100,100,78.125,100,40.625,96.875,100,60.9375,29.6875,89.0625,89.0625,100,100,89.0625,54.6875,79.6875,45.3125,43.75,100,100,76.5625,57.8125,100,100,79.6875,92.1875,95.3125,100,90.625,100,46.875,90.625,67.1875,75,100,100,82.8125,100,100,100,84.375,92.1875,73.4375,82.8125,100,100,100,100,71.875,35.9375,37.5,100,100,100,100,85.9375,100,42.1875,73.4375,89.0625,100,93.75,100,100,100,100,43.75,100,54.6875,50,75,62.5,95.3125,92.1875,100,100,87.5,100,100,67.1875,37.5,85.9375,100,75,75,100,98.4375,57.8125,100,100,100,100,100,100,93.75,100,90.625,93.75,100,51.5625,50,100,100,100,100,78.125,100,100,100,10.9375,100,68.75,100,100,82.8125,100,70.3125,100,100,71.875,68.75,100,89.0625,100,76.5625,93.75,73.4375,100,100,84.375,100,100,100,37.5,100,100,95.3125,75,75,100,100,78.125,100,100,100,100,100,100,100,57.8125,34.375,68.75,100,70.3125,100,100,100,100,100,100,87.5,100,76.5625,90.625,89.0625,100,92.1875,100,100,100,100,100,93.75,100,100,92.1875,100,71.875,100,92.1875,100,100,100,95.3125,100,96.875,100,39.0625,34.375,45.3125,100,100,100,100,59.375,92.1875,100,100,100,100,53.125,100,70.3125,100,100,100,62.5,100,100,100,100,43.75,100,100,100,92.1875,100,100,78.125,98.4375,100,95.3125,100,76.5625,51.5625,81.25,68.75,100,50,81.25,73.4375,100,98.4375,100,100,32.8125,100,85.9375,84.375,67.1875,71.875,100,60.9375,81.25,100,100,79.6875,76.5625,100,100,100,84.375,28.125,100,100,81.25,100,20.3125,79.6875,100,93.75,100,100,100,81.25,100,100,100,100,95.3125,100,100,100,100,93.75,100,100,100,100,100,93.75,76.5625,37.5,100,100,100,76.5625,100,100,100,100,100,71.875,48.4375,71.875,100,100,98.4375,100,100,89.0625,70.3125,100,92.1875,100,26.5625,100,100,100,73.4375,57.8125,100,95.3125,100,100,31.25,100,20.3125,53.125,73.4375,65.625,100,100,87.5,100,92.1875,100,100,100,98.4375,85.9375,100,28.125,45.3125,100,95.3125,100,100,46.875,84.375,100,100,100,95.3125,100,39.0625,20.3125,100,100,100,93.75,85.9375,100,100,100,100,100,92.1875,57.8125,96.875,100,100,93.75,100,100,100,100,100,100,100,68.75,56.25,100,100,15.625,100,85.9375,100,100,95.3125,100,35.9375,53.125,100,62.5,100,65.625,76.5625,100,70.3125,100,100,26.5625,59.375,62.5,78.125,81.25,100,100,100,100,100,79.6875,85.9375,96.875,100,100,100,81.25,98.4375,100,100,100,100,100,48.4375,100,53.125,84.375,100,100,92.1875,100,100,56.25,100,31.25,57.8125,100,100,53.125,85.9375,100,100,100,93.75,45.3125,73.4375,100,81.25,100,39.0625,100,73.4375,78.125,100,95.3125,93.75,100,78.125,100,71.875,100,100,29.6875,68.75,100,17.1875,100,54.6875,100,76.5625,71.875,100,100,100,65.625,87.5,85.9375,84.375,100,100,90.625,59.375,40.625,82.8125,76.5625,75,75,100,64.0625,82.8125,92.1875,31.25,100,90.625,100,100,100,100,68.75,81.25,100,100,67.1875,100,84.375,93.75,100,10.9375,100,82.8125,65.625,100,67.1875,82.8125,98.4375,100,73.4375,100,100,64.0625,37.5,70.3125,75,79.6875,100,67.1875,100,100,100,100,100,96.875,39.0625,100,100,79.6875,100,68.75,100,100,100,82.8125,100,81.25,100,100,21.875,100,90.625,45.3125,98.4375,100,93.75,65.625,100,90.625,100,39.0625,35.9375,100,68.75,76.5625,100,31.25,95.3125,100,100,59.375,100,98.4375,42.1875,100,92.1875,100,90.625,60.9375,29.6875,100,70.3125,100,100,93.75,70.3125,100,100,31.25,100,100,87.5,35.9375,89.0625,100,75,85.9375,95.3125,100,65.625,100,84.375,100,100,70.3125,64.0625,100,100,95.3125,84.375,48.4375,100,100,100,100,93.75,100,100,100,100,100,100,100,56.25,68.75,100,100,59.375,100,48.4375,100,37.5,84.375,100,100,100,100,89.0625,82.8125,100,89.0625,100,100,100,100,100,84.375,57.8125,100,93.75,100,100,98.4375,100,82.8125,100,34.375,100,96.875,95.3125,100,92.1875,92.1875,70.3125,100,100,100,67.1875,100,100,100,100,90.625,100,76.5625,71.875,100,100,100,85.9375,100,100,100,67.1875,100,100,62.5,100,100,35.9375,95.3125,73.4375,82.8125,100,87.5,42.1875,59.375,68.75,100,96.875,100,100,98.4375,32.8125,100,89.0625,100,100,93.75,100,98.4375,54.6875,76.5625,82.8125,100,100,21.875,100,76.5625,4.6875,43.75,7.8125,54.6875,100,100,100,62.5,92.1875,79.6875,100,100,98.4375,81.25,100,67.1875,100,100,100,98.4375,73.4375,100,93.75,100,100,100,67.1875,100,100,15.625,100,100,100,68.75,81.25,100,100,81.25,100,100,100,100,73.4375,100,59.375,100,100,57.8125,100,70.3125,100,78.125,90.625,70.3125,75,100,100,100,100,100,100,85.9375,100,96.875,100,50,23.4375,65.625,100,59.375,100,81.25,84.375,100,82.8125,62.5,100,95.3125,100,71.875,68.75,100,89.0625,100,21.875,40.625,76.5625,100,100,100,32.8125,59.375,100,100,20.3125,100,100,40.625,100,100,28.125,57.8125,100,90.625,68.75,87.5,76.5625,100,42.1875,100,100,84.375,96.875,21.875,62.5,76.5625,71.875,39.0625,100,78.125,100,100,53.125,100,96.875,70.3125,100,90.625,75,92.1875,62.5,93.75,100,18.75,100,82.8125,71.875,95.3125,93.75,100,100,100,35.9375,59.375,87.5,100,79.6875,100,100,95.3125,57.8125,59.375,100,34.375,100,100,100,48.4375,100,84.375,81.25,68.75,89.0625,100,62.5,100,100,89.0625,100,81.25,75,90.625,100,23.4375,100,100,100,93.75,100,100,40.625,37.5,81.25,100,56.25,40.625,100,81.25,100,100,73.4375,89.0625,100,92.1875,96.875,100,67.1875,68.75,76.5625,100,100,100,100,100,54.6875,93.75,100,100,100,85.9375,92.1875,51.5625,20.3125,100,39.0625,64.0625,100,84.375,73.4375,78.125,100,23.4375,93.75,54.6875,87.5,100,100,98.4375,100,100,100,82.8125,100,100,100,100,100,87.5,95.3125,73.4375,100,92.1875,100,100,79.6875,96.875,79.6875,67.1875,98.4375,100,100,100,100,100,71.875,42.1875,82.8125,100,100,100,75,100,100,100,100,100,100,98.4375,100,100,85.9375,100,31.25,100,62.5,100,100,100,76.5625,100,84.375,92.1875,87.5,100,100,81.25,100,81.25,87.5,100,100,100,67.1875,57.8125,65.625,98.4375,100,100,31.25,79.6875,100,100,100,100,100,93.75,100,42.1875,26.5625,100,79.6875,60.9375,100,92.1875,96.875,96.875,50,89.0625,100,100,84.375,93.75,100,100,73.4375,84.375,21.875,100,100,100,100,93.75,100,100,96.875,100,100,100,96.875,73.4375,71.875,65.625,100,25,70.3125,100,26.5625,56.25,100,100,48.4375,100,71.875,89.0625,100,100,100,100,82.8125,75,100,81.25,100,40.625,100,100,76.5625,71.875,81.25,100,100,100,98.4375,100,100,84.375,62.5,100,18.75,68.75,100,100,79.6875,100,100,100,56.25,95.3125,100,100,98.4375,100,100,100,67.1875,50,92.1875,59.375,100,100,64.0625,100,100,62.5,100,100,84.375,100,100,79.6875,100,56.25,71.875,43.75,100,26.5625,76.5625,56.25,100,78.125,75,100,89.0625,92.1875,100,100,73.4375,100,92.1875,68.75,67.1875,100,100,100,46.875,100,31.25,48.4375,87.5,78.125,100,78.125,100,84.375,100,70.3125,100,64.0625,100,100,100,100,76.5625,43.75,100,81.25,100,92.1875,100,28.125,100,100,100,59.375,100,100,100,100,100,73.4375,100,100,100,100,100,81.25,100,73.4375,100,100,100,100,93.75,100,53.125,100,100,100,59.375,100,64.0625,43.75,62.5,100,76.5625,89.0625,68.75,81.25,87.5,51.5625,100,100,40.625,31.25,100,51.5625,100,100,100,64.0625,95.3125,67.1875,100,100,100,100,34.375,100,100,95.3125,79.6875,93.75,92.1875,100,65.625,95.3125,64.0625,53.125,100,100,89.0625,81.25,100,100,100,64.0625,81.25,100,90.625,100,75,92.1875,100,100,96.875,15.625,100,100,84.375,67.1875,100,81.25,100,100,100,96.875,100,100,46.875,68.75,82.8125,89.0625,10.9375,51.5625,100,100,100,46.875,23.4375,100,100,100,100,90.625,79.6875,42.1875,82.8125,100,93.75,100,68.75,100,45.3125,82.8125,60.9375,100,59.375,100,56.25,76.5625,81.25,100,81.25,54.6875,100,100,100,100,75,100,100,100,100,100,100,67.1875,51.5625,100,100,59.375,93.75,76.5625,100,100,79.6875,85.9375,100,100,96.875,100,45.3125,100,73.4375,100,100,100,68.75,100,100,98.4375,100,100,100,100,100,98.4375,92.1875,100,100,100,70.3125,56.25,67.1875,64.0625,100,92.1875,100,60.9375,87.5,100,100,75,100,35.9375,56.25,56.25,64.0625,64.0625,100,100,100,82.8125,100,96.875,100,56.25,56.25,35.9375,100,100,100,100,100,64.0625,100,23.4375,100,79.6875,100,71.875,100,87.5,18.75,84.375,76.5625,98.4375,18.75,100,71.875,100,29.6875,37.5,100,100,100,100,25,100,54.6875,59.375,64.0625,100,100,96.875,96.875,78.125,87.5,60.9375,100,100,100,59.375,100,100,89.0625,100,96.875,76.5625,84.375,100,100,23.4375,100,57.8125,100,100,43.75,100,45.3125,100,85.9375,46.875,100,48.4375,50,100,100,29.6875,85.9375,95.3125,100,100,100,84.375,81.25,32.8125,100,100,100,100,100,100,56.25,28.125,100,98.4375,48.4375,64.0625,100,100,100,100,100,25,100,71.875,100,100,100,84.375,100,62.5,56.25,100,90.625,89.0625,57.8125,51.5625,53.125,100,100,100,100,100,85.9375,100,64.0625,100,100,100,100,100,87.5,57.8125,100,100,100,100,100,100,100,53.125,87.5,100,26.5625,73.4375,100,100,100,100,65.625,1.5625,100,100,26.5625,100,92.1875,100,18.75,100,100,100,100,100,96.875,81.25,100,100,100,100,93.75,100,100,37.5,100,57.8125,100,62.5,17.1875,100,100,76.5625,100,45.3125,64.0625,100,100,59.375,100,100,100,100,100,87.5,100,100,96.875,92.1875,100,82.8125,28.125,100,89.0625,100,45.3125,17.1875,100,40.625,100,67.1875,71.875,26.5625,87.5,100,100,71.875,100,89.0625,100,100,57.8125,100,67.1875,73.4375,100,89.0625,100,65.625,57.8125,100,100,96.875,90.625,100,100,31.25,75,96.875,64.0625,64.0625,100,100,62.5,85.9375,100,79.6875,35.9375,81.25,70.3125,100,100,100,42.1875,100,59.375,40.625,100,100,100,100,100,34.375,59.375,32.8125,48.4375,84.375,100,51.5625,100,59.375,81.25,62.5,85.9375,100,100,48.4375,57.8125,100,87.5,100,100,93.75,100
"6080",92.1875,100,37.5,100,100,68.75,90.625,100,21.875,98.4375,70.3125,100,100,100,82.8125,70.3125,87.5,87.5,100,100,96.875,100,100,100,42.1875,100,100,20.3125,70.3125,100,100,100,100,84.375,100,95.3125,73.4375,100,73.4375,93.75,59.375,64.0625,92.1875,100,100,100,100,100,73.4375,81.25,43.75,100,100,68.75,82.8125,100,10.9375,100,100,40.625,85.9375,54.6875,85.9375,100,100,100,67.1875,100,75,100,54.6875,71.875,100,100,59.375,96.875,100,100,50,100,76.5625,100,82.8125,73.4375,71.875,100,100,68.75,100,100,59.375,82.8125,100,46.875,42.1875,90.625,100,64.0625,100,100,100,100,100,90.625,100,42.1875,100,57.8125,84.375,100,73.4375,78.125,100,100,25,100,100,100,100,100,64.0625,100,70.3125,100,98.4375,35.9375,100,18.75,100,100,100,100,64.0625,100,100,67.1875,60.9375,78.125,100,100,100,98.4375,43.75,65.625,90.625,100,92.1875,100,60.9375,76.5625,60.9375,34.375,79.6875,93.75,85.9375,92.1875,75,100,100,100,100,100,71.875,100,89.0625,71.875,100,90.625,46.875,85.9375,100,70.3125,100,51.5625,100,95.3125,82.8125,100,100,100,100,84.375,59.375,100,100,100,32.8125,89.0625,100,95.3125,100,100,81.25,100,100,100,85.9375,75,100,90.625,21.875,50,96.875,100,100,100,100,100,85.9375,100,40.625,100,100,100,82.8125,78.125,90.625,93.75,100,73.4375,100,76.5625,100,81.25,100,53.125,78.125,100,57.8125,100,82.8125,79.6875,100,100,100,100,82.8125,100,90.625,100,100,100,100,100,100,45.3125,98.4375,89.0625,100,70.3125,60.9375,78.125,32.8125,93.75,100,56.25,100,60.9375,100,100,37.5,98.4375,35.9375,98.4375,25,89.0625,100,89.0625,100,100,84.375,78.125,100,100,100,65.625,46.875,100,64.0625,100,82.8125,100,70.3125,100,100,71.875,29.6875,98.4375,100,90.625,79.6875,100,60.9375,54.6875,100,67.1875,100,84.375,60.9375,75,34.375,100,73.4375,78.125,100,82.8125,98.4375,12.5,89.0625,100,98.4375,56.25,29.6875,100,68.75,93.75,100,100,87.5,40.625,89.0625,100,51.5625,100,79.6875,59.375,100,64.0625,100,100,85.9375,100,64.0625,100,100,40.625,100,90.625,98.4375,100,100,95.3125,42.1875,37.5,73.4375,65.625,35.9375,100,100,73.4375,100,57.8125,100,79.6875,70.3125,100,100,100,57.8125,100,76.5625,82.8125,100,100,70.3125,34.375,21.875,78.125,98.4375,100,100,100,100,39.0625,95.3125,100,89.0625,79.6875,98.4375,100,75,87.5,85.9375,100,100,100,100,100,95.3125,32.8125,100,73.4375,100,100,100,76.5625,100,59.375,100,28.125,100,100,100,100,100,31.25,59.375,87.5,78.125,85.9375,70.3125,93.75,100,95.3125,100,93.75,39.0625,50,100,76.5625,21.875,100,100,100,100,37.5,46.875,100,98.4375,100,82.8125,100,87.5,100,76.5625,71.875,43.75,100,100,100,100,93.75,92.1875,79.6875,100,100,100,100,100,93.75,96.875,100,100,100,84.375,73.4375,100,100,100,100,64.0625,70.3125,75,100,95.3125,62.5,100,100,100,100,34.375,32.8125,68.75,100,100,14.0625,100,100,100,100,100,100,100,62.5,100,100,50,100,46.875,75,100,78.125,78.125,100,65.625,100,100,100,67.1875,76.5625,79.6875,100,100,100,85.9375,65.625,67.1875,85.9375,100,100,76.5625,76.5625,100,100,15.625,100,100,100,100,20.3125,100,84.375,100,65.625,43.75,92.1875,100,95.3125,43.75,100,51.5625,100,98.4375,100,84.375,70.3125,100,79.6875,84.375,89.0625,78.125,100,100,34.375,50,100,84.375,87.5,100,100,100,100,100,100,100,45.3125,100,100,73.4375,100,100,71.875,100,100,59.375,96.875,48.4375,76.5625,100,100,73.4375,100,90.625,100,28.125,75,100,68.75,71.875,100,65.625,100,100,100,98.4375,100,85.9375,76.5625,100,71.875,100,70.3125,100,57.8125,100,100,81.25,100,59.375,98.4375,100,100,100,100,67.1875,100,59.375,53.125,100,73.4375,100,71.875,78.125,100,54.6875,100,98.4375,100,100,100,100,100,84.375,73.4375,90.625,100,76.5625,100,100,100,79.6875,100,100,100,100,100,100,100,100,98.4375,100,100,28.125,96.875,68.75,81.25,67.1875,100,100,53.125,100,87.5,92.1875,100,46.875,6.25,100,100,28.125,100,100,100,100,100,100,29.6875,100,87.5,50,21.875,78.125,70.3125,65.625,98.4375,56.25,100,98.4375,20.3125,81.25,82.8125,40.625,78.125,95.3125,43.75,90.625,100,100,100,100,100,100,76.5625,100,43.75,68.75,100,31.25,71.875,100,68.75,46.875,100,68.75,100,100,100,100,100,100,64.0625,100,79.6875,87.5,84.375,100,100,68.75,100,100,35.9375,59.375,100,100,100,81.25,100,100,100,100,100,84.375,93.75,100,100,100,90.625,100,100,100,93.75,100,100,70.3125,100,100,100,62.5,100,100,35.9375,89.0625,100,81.25,39.0625,25,100,100,65.625,81.25,100,100,100,75,100,29.6875,85.9375,100,100,100,48.4375,54.6875,68.75,68.75,20.3125,100,100,15.625,43.75,100,48.4375,84.375,100,64.0625,85.9375,100,100,92.1875,96.875,100,98.4375,76.5625,100,51.5625,43.75,100,100,95.3125,100,100,100,100,56.25,98.4375,42.1875,100,51.5625,100,100,100,70.3125,62.5,100,100,89.0625,62.5,42.1875,40.625,92.1875,100,100,54.6875,100,100,100,100,100,100,93.75,46.875,100,100,70.3125,84.375,100,100,28.125,100,70.3125,84.375,92.1875,45.3125,100,70.3125,100,57.8125,100,100,56.25,82.8125,65.625,100,100,100,67.1875,100,76.5625,48.4375,67.1875,100,100,100,100,100,100,92.1875,93.75,95.3125,100,100,100,26.5625,98.4375,100,100,100,65.625,45.3125,100,40.625,100,78.125,100,60.9375,78.125,100,75,100,93.75,57.8125,95.3125,64.0625,100,57.8125,98.4375,100,98.4375,98.4375,59.375,100,100,71.875,67.1875,100,100,29.6875,96.875,76.5625,73.4375,100,100,100,100,100,75,100,90.625,100,78.125,87.5,100,50,98.4375,68.75,67.1875,89.0625,100,35.9375,100,81.25,100,84.375,92.1875,100,56.25,100,100,68.75,100,89.0625,100,76.5625,90.625,76.5625,100,68.75,100,100,59.375,81.25,100,35.9375,100,100,70.3125,100,68.75,100,29.6875,100,100,100,14.0625,93.75,100,100,100,60.9375,100,100,100,100,67.1875,68.75,100,100,57.8125,20.3125,100,87.5,100,54.6875,100,87.5,73.4375,29.6875,100,23.4375,93.75,71.875,70.3125,100,53.125,84.375,100,100,100,100,43.75,100,100,100,93.75,59.375,82.8125,100,59.375,93.75,85.9375,93.75,35.9375,65.625,100,100,100,98.4375,84.375,100,78.125,100,76.5625,100,100,100,53.125,100,100,21.875,34.375,100,100,84.375,100,79.6875,28.125,96.875,90.625,100,100,70.3125,100,82.8125,48.4375,100,100,76.5625,73.4375,70.3125,100,100,62.5,100,100,100,100,73.4375,100,76.5625,100,93.75,100,100,100,100,100,100,82.8125,100,95.3125,100,100,100,100,68.75,79.6875,100,84.375,75,100,100,73.4375,75,100,79.6875,85.9375,100,35.9375,39.0625,62.5,100,100,81.25,100,62.5,40.625,100,100,78.125,100,100,34.375,78.125,100,100,79.6875,76.5625,18.75,100,100,100,64.0625,100,100,100,100,79.6875,79.6875,93.75,62.5,78.125,85.9375,90.625,100,82.8125,100,87.5,100,100,96.875,100,68.75,75,81.25,100,93.75,78.125,100,82.8125,45.3125,100,71.875,100,50,100,100,100,100,100,42.1875,100,89.0625,100,100,100,53.125,100,100,57.8125,65.625,100,93.75,100,89.0625,100,34.375,71.875,65.625,100,100,100,100,100,100,100,100,42.1875,59.375,100,100,100,100,100,100,76.5625,100,90.625,100,100,81.25,100,43.75,100,79.6875,75,100,100,100,87.5,96.875,100,81.25,82.8125,100,98.4375,100,100,81.25,71.875,100,54.6875,51.5625,75,100,70.3125,95.3125,100,100,100,64.0625,51.5625,100,93.75,31.25,95.3125,100,100,100,100,100,100,100,100,100,45.3125,68.75,100,57.8125,87.5,73.4375,100,100,100,68.75,95.3125,81.25,100,71.875,54.6875,100,100,73.4375,100,95.3125,100,100,100,31.25,100,48.4375,100,100,100,93.75,100,18.75,73.4375,100,100,85.9375,89.0625,53.125,100,35.9375,100,100,100,100,34.375,68.75,100,73.4375,100,100,100,100,100,71.875,75,54.6875,89.0625,73.4375,100,100,75,84.375,92.1875,67.1875,60.9375,64.0625,100,100,67.1875,100,100,68.75,60.9375,98.4375,42.1875,85.9375,100,93.75,100,100,100,93.75,90.625,73.4375,100,100,100,100,100,87.5,100,37.5,78.125,100,100,67.1875,100,100,100,84.375,100,98.4375,60.9375,48.4375,100,48.4375,71.875,100,53.125,89.0625,100,100,100,100,85.9375,87.5,100,100,100,71.875,100,42.1875,100,100,67.1875,29.6875,85.9375,89.0625,100,87.5,93.75,54.6875,79.6875,45.3125,46.875,100,100,78.125,67.1875,100,100,78.125,90.625,93.75,93.75,90.625,100,46.875,60.9375,93.75,59.375,100,100,81.25,100,100,100,82.8125,84.375,71.875,82.8125,78.125,100,100,100,73.4375,35.9375,37.5,100,32.8125,87.5,100,79.6875,100,42.1875,73.4375,71.875,100,89.0625,100,100,100,100,89.0625,100,56.25,50,75,59.375,93.75,100,100,100,87.5,100,100,100,35.9375,85.9375,100,76.5625,76.5625,100,100,57.8125,100,100,100,100,46.875,100,75,100,100,93.75,100,60.9375,100,100,100,100,100,71.875,100,100,100,81.25,100,100,100,100,90.625,100,76.5625,100,100,70.3125,81.25,100,100,100,73.4375,95.3125,70.3125,100,100,90.625,100,100,100,42.1875,100,100,96.875,73.4375,42.1875,96.875,100,71.875,100,100,100,100,100,100,100,67.1875,35.9375,68.75,100,68.75,100,100,100,100,100,100,100,100,100,90.625,96.875,100,96.875,100,100,100,100,100,100,100,100,92.1875,100,71.875,100,92.1875,100,100,100,95.3125,76.5625,98.4375,100,39.0625,7.8125,46.875,100,100,100,100,48.4375,81.25,100,100,100,100,60.9375,100,78.125,100,100,100,71.875,100,100,100,100,39.0625,84.375,100,56.25,93.75,95.3125,100,100,100,100,95.3125,100,57.8125,53.125,82.8125,89.0625,100,84.375,71.875,73.4375,100,100,100,100,32.8125,100,85.9375,82.8125,67.1875,71.875,100,84.375,76.5625,100,100,79.6875,100,100,100,100,76.5625,26.5625,100,100,93.75,100,20.3125,78.125,100,98.4375,100,100,100,100,100,100,93.75,100,89.0625,100,100,100,100,65.625,100,100,100,100,100,73.4375,100,37.5,100,15.625,90.625,82.8125,85.9375,100,100,100,100,71.875,53.125,71.875,100,100,100,100,100,90.625,75,100,89.0625,100,15.625,100,100,100,76.5625,60.9375,100,79.6875,100,100,17.1875,85.9375,50,85.9375,82.8125,64.0625,100,100,85.9375,100,100,100,100,100,93.75,71.875,100,26.5625,43.75,100,95.3125,21.875,100,34.375,65.625,100,100,100,93.75,100,37.5,20.3125,100,100,100,100,95.3125,100,100,100,100,100,98.4375,100,100,100,100,82.8125,95.3125,100,95.3125,100,100,95.3125,100,59.375,100,100,100,100,100,96.875,100,100,87.5,100,42.1875,43.75,100,100,100,59.375,73.4375,100,73.4375,100,100,26.5625,59.375,62.5,71.875,84.375,100,100,100,100,100,81.25,82.8125,100,100,100,100,81.25,100,100,100,100,100,100,53.125,100,18.75,84.375,100,100,100,100,100,48.4375,100,28.125,51.5625,100,100,57.8125,79.6875,100,100,100,100,57.8125,73.4375,71.875,81.25,100,35.9375,100,43.75,79.6875,100,100,100,75,95.3125,100,76.5625,100,100,23.4375,100,100,20.3125,100,75,100,100,73.4375,100,100,100,68.75,70.3125,100,82.8125,96.875,100,92.1875,60.9375,43.75,82.8125,89.0625,70.3125,89.0625,100,68.75,81.25,92.1875,21.875,100,95.3125,100,100,100,100,68.75,79.6875,100,100,100,100,75,100,100,43.75,100,95.3125,65.625,100,68.75,89.0625,87.5,100,73.4375,92.1875,78.125,51.5625,100,21.875,100,21.875,100,67.1875,100,100,100,100,95.3125,89.0625,42.1875,100,100,84.375,100,68.75,100,100,100,82.8125,100,82.8125,100,100,82.8125,100,100,40.625,95.3125,100,92.1875,73.4375,100,100,100,35.9375,35.9375,100,70.3125,76.5625,100,31.25,100,100,100,48.4375,100,89.0625,57.8125,100,100,100,85.9375,65.625,31.25,40.625,70.3125,100,100,92.1875,73.4375,100,100,29.6875,43.75,100,65.625,34.375,89.0625,100,73.4375,12.5,92.1875,100,40.625,100,15.625,100,100,65.625,28.125,100,100,100,85.9375,43.75,100,100,100,100,100,100,100,35.9375,100,100,100,100,56.25,73.4375,100,48.4375,62.5,100,50,100,75,84.375,100,100,100,81.25,85.9375,82.8125,100,84.375,100,100,100,100,100,84.375,53.125,53.125,93.75,100,100,100,100,73.4375,100,31.25,100,85.9375,96.875,100,93.75,100,70.3125,100,100,75,62.5,100,100,100,100,57.8125,100,76.5625,87.5,100,100,81.25,85.9375,100,100,100,67.1875,100,96.875,67.1875,100,100,57.8125,93.75,70.3125,100,100,75,42.1875,59.375,68.75,100,100,100,100,100,34.375,100,87.5,100,67.1875,93.75,100,98.4375,54.6875,85.9375,81.25,100,100,21.875,100,98.4375,4.6875,40.625,35.9375,9.375,100,100,100,100,43.75,89.0625,100,100,98.4375,81.25,100,62.5,10.9375,100,100,100,71.875,100,100,90.625,78.125,100,85.9375,78.125,100,6.25,92.1875,100,100,64.0625,32.8125,39.0625,100,82.8125,100,100,100,100,84.375,68.75,71.875,100,100,59.375,100,70.3125,100,78.125,75,71.875,75,100,100,100,100,100,100,79.6875,100,98.4375,100,60.9375,23.4375,89.0625,100,56.25,100,62.5,87.5,100,87.5,59.375,100,100,100,73.4375,100,100,87.5,100,23.4375,40.625,93.75,100,100,100,32.8125,60.9375,100,100,35.9375,100,100,39.0625,100,100,26.5625,59.375,100,89.0625,79.6875,98.4375,84.375,100,90.625,100,100,85.9375,96.875,21.875,60.9375,71.875,71.875,39.0625,100,82.8125,100,100,56.25,100,96.875,57.8125,100,90.625,75,92.1875,64.0625,87.5,100,17.1875,100,95.3125,64.0625,100,82.8125,71.875,46.875,100,43.75,62.5,87.5,100,79.6875,32.8125,100,95.3125,57.8125,59.375,100,100,100,100,95.3125,100,100,95.3125,81.25,64.0625,87.5,100,62.5,100,100,100,26.5625,98.4375,95.3125,92.1875,100,29.6875,100,95.3125,100,71.875,100,100,75,31.25,79.6875,100,57.8125,40.625,98.4375,81.25,100,100,75,89.0625,100,85.9375,100,100,67.1875,67.1875,78.125,54.6875,100,100,100,100,53.125,76.5625,59.375,100,100,87.5,79.6875,45.3125,10.9375,100,37.5,64.0625,14.0625,82.8125,100,81.25,100,82.8125,95.3125,54.6875,85.9375,100,100,100,100,100,95.3125,81.25,100,100,100,100,82.8125,78.125,95.3125,75,100,87.5,100,100,67.1875,67.1875,87.5,67.1875,100,100,100,100,100,100,65.625,43.75,90.625,100,100,100,89.0625,100,100,100,100,54.6875,100,100,95.3125,100,89.0625,100,37.5,100,67.1875,100,100,100,100,100,85.9375,89.0625,84.375,100,87.5,76.5625,100,81.25,95.3125,100,100,100,65.625,56.25,85.9375,98.4375,100,100,31.25,71.875,100,100,100,100,100,100,100,45.3125,26.5625,100,78.125,85.9375,100,100,100,96.875,70.3125,87.5,100,100,75,100,100,100,75,73.4375,21.875,100,100,100,100,100,100,100,100,100,100,59.375,100,93.75,95.3125,67.1875,100,25,78.125,100,20.3125,56.25,100,100,50,100,79.6875,89.0625,100,100,100,96.875,84.375,76.5625,100,84.375,100,40.625,100,84.375,15.625,57.8125,85.9375,100,68.75,100,98.4375,100,100,84.375,62.5,100,7.8125,57.8125,71.875,100,79.6875,100,100,98.4375,43.75,100,100,100,85.9375,100,100,100,67.1875,53.125,100,59.375,100,100,64.0625,100,100,62.5,100,100,82.8125,100,100,81.25,100,56.25,71.875,26.5625,100,28.125,78.125,45.3125,100,100,100,100,89.0625,90.625,100,100,73.4375,100,89.0625,100,65.625,100,100,100,46.875,100,100,57.8125,89.0625,100,100,100,100,75,100,34.375,100,100,100,100,100,100,75,32.8125,100,31.25,100,92.1875,100,28.125,100,100,56.25,59.375,53.125,100,100,100,89.0625,85.9375,100,100,95.3125,100,100,81.25,100,75,100,100,100,100,93.75,100,53.125,100,35.9375,100,56.25,84.375,67.1875,100,62.5,100,82.8125,87.5,100,85.9375,81.25,56.25,100,100,39.0625,31.25,100,53.125,100,100,100,73.4375,100,68.75,100,70.3125,100,100,35.9375,100,100,96.875,79.6875,73.4375,100,100,62.5,93.75,64.0625,53.125,100,100,93.75,81.25,98.4375,100,100,87.5,81.25,100,89.0625,100,68.75,17.1875,100,100,92.1875,92.1875,89.0625,100,85.9375,67.1875,98.4375,79.6875,100,100,100,96.875,100,100,53.125,68.75,100,87.5,29.6875,45.3125,100,100,81.25,46.875,70.3125,100,100,85.9375,100,73.4375,79.6875,46.875,87.5,87.5,96.875,100,67.1875,100,100,81.25,56.25,100,59.375,100,76.5625,76.5625,76.5625,100,65.625,54.6875,100,100,100,100,75,100,100,100,100,100,100,67.1875,40.625,100,100,62.5,93.75,78.125,100,100,96.875,100,100,100,92.1875,100,46.875,100,73.4375,100,100,100,68.75,100,100,96.875,100,100,100,100,100,90.625,90.625,100,100,100,76.5625,65.625,100,62.5,100,92.1875,100,100,87.5,100,100,81.25,100,34.375,43.75,53.125,73.4375,60.9375,100,100,100,95.3125,100,96.875,100,54.6875,56.25,35.9375,100,100,100,100,100,81.25,100,29.6875,100,51.5625,100,71.875,100,79.6875,68.75,75,78.125,100,18.75,96.875,64.0625,100,28.125,25,100,100,100,100,25,100,100,56.25,73.4375,100,100,68.75,96.875,81.25,82.8125,60.9375,100,100,100,57.8125,100,100,84.375,100,100,75,85.9375,100,100,18.75,100,57.8125,100,100,100,100,45.3125,100,95.3125,92.1875,100,54.6875,35.9375,95.3125,100,29.6875,85.9375,95.3125,100,90.625,100,81.25,96.875,35.9375,100,67.1875,100,100,100,100,100,28.125,100,98.4375,48.4375,67.1875,100,100,100,100,100,14.0625,100,59.375,100,100,100,82.8125,100,59.375,31.25,100,90.625,87.5,60.9375,50,53.125,100,100,54.6875,100,100,73.4375,100,67.1875,100,100,100,100,100,85.9375,64.0625,100,95.3125,100,100,100,100,100,51.5625,75,100,26.5625,100,100,100,100,100,70.3125,1.5625,98.4375,51.5625,32.8125,100,89.0625,100,100,89.0625,98.4375,100,100,90.625,100,100,100,100,100,93.75,82.8125,68.75,93.75,48.4375,100,59.375,100,67.1875,100,100,100,76.5625,100,34.375,64.0625,100,100,67.1875,100,100,100,100,100,79.6875,100,100,100,93.75,98.4375,54.6875,29.6875,100,100,100,67.1875,31.25,100,39.0625,100,92.1875,71.875,26.5625,90.625,100,100,71.875,100,93.75,100,82.8125,59.375,100,62.5,71.875,100,92.1875,100,98.4375,56.25,100,100,96.875,65.625,100,100,31.25,68.75,100,100,65.625,100,100,64.0625,87.5,92.1875,79.6875,35.9375,67.1875,68.75,100,100,100,100,100,59.375,40.625,100,65.625,100,100,100,100,71.875,100,50,100,100,65.625,84.375,53.125,82.8125,56.25,81.25,100,100,65.625,64.0625,100,87.5,100,100,100,100
"6081",87.5,100,35.9375,100,100,65.625,90.625,100,20.3125,98.4375,56.25,100,100,100,76.5625,75,100,90.625,100,100,96.875,100,100,100,39.0625,100,100,95.3125,70.3125,100,100,100,100,100,100,96.875,84.375,100,100,95.3125,92.1875,60.9375,85.9375,100,100,100,100,100,67.1875,87.5,75,100,100,60.9375,82.8125,100,9.375,100,100,100,84.375,65.625,98.4375,100,100,100,68.75,100,62.5,100,53.125,79.6875,100,100,57.8125,85.9375,100,100,48.4375,100,73.4375,100,87.5,75,78.125,100,100,45.3125,100,100,57.8125,85.9375,100,48.4375,37.5,96.875,100,64.0625,100,100,100,100,100,92.1875,64.0625,34.375,100,81.25,85.9375,100,84.375,82.8125,100,100,26.5625,100,100,100,100,100,81.25,100,100,29.6875,98.4375,35.9375,100,18.75,100,100,100,100,100,100,100,64.0625,59.375,79.6875,100,100,100,78.125,76.5625,50,29.6875,100,100,100,60.9375,76.5625,51.5625,40.625,79.6875,93.75,93.75,87.5,73.4375,100,100,100,100,100,70.3125,100,89.0625,71.875,100,90.625,43.75,100,71.875,75,67.1875,62.5,100,96.875,84.375,100,100,100,100,85.9375,43.75,87.5,100,100,28.125,100,100,90.625,100,100,87.5,100,100,100,93.75,78.125,100,100,29.6875,95.3125,98.4375,100,100,100,100,100,81.25,100,35.9375,100,100,100,87.5,78.125,100,95.3125,100,68.75,92.1875,76.5625,100,98.4375,100,53.125,100,100,100,100,67.1875,78.125,100,100,100,100,82.8125,60.9375,95.3125,100,100,100,100,100,100,45.3125,100,87.5,100,78.125,29.6875,81.25,53.125,100,100,59.375,100,62.5,100,100,65.625,96.875,35.9375,89.0625,81.25,96.875,100,98.4375,100,100,68.75,62.5,100,84.375,100,67.1875,45.3125,100,67.1875,100,89.0625,100,100,100,100,100,31.25,100,100,90.625,84.375,100,60.9375,53.125,100,100,98.4375,87.5,59.375,75,34.375,100,92.1875,71.875,100,85.9375,76.5625,12.5,85.9375,100,100,65.625,31.25,100,78.125,95.3125,100,100,82.8125,53.125,87.5,68.75,50,100,100,62.5,98.4375,67.1875,100,87.5,87.5,100,76.5625,100,100,40.625,100,89.0625,90.625,100,100,96.875,40.625,50,67.1875,68.75,40.625,100,100,73.4375,100,78.125,100,85.9375,70.3125,100,95.3125,100,50,93.75,76.5625,15.625,100,57.8125,85.9375,50,23.4375,81.25,98.4375,100,100,100,93.75,76.5625,100,100,90.625,76.5625,95.3125,100,82.8125,90.625,100,100,100,29.6875,96.875,100,60.9375,32.8125,100,76.5625,100,100,100,75,100,81.25,100,32.8125,100,100,100,100,100,42.1875,59.375,93.75,79.6875,93.75,67.1875,93.75,100,89.0625,100,90.625,39.0625,48.4375,100,75,25,100,100,100,100,64.0625,45.3125,100,95.3125,100,82.8125,100,100,100,100,67.1875,43.75,100,100,100,100,93.75,100,85.9375,100,100,100,100,100,93.75,90.625,100,100,100,84.375,71.875,100,62.5,100,100,70.3125,68.75,73.4375,39.0625,100,56.25,100,100,100,100,57.8125,34.375,67.1875,100,100,14.0625,100,100,100,100,78.125,100,57.8125,75,82.8125,100,48.4375,100,48.4375,75,100,76.5625,79.6875,100,65.625,100,100,100,68.75,71.875,68.75,100,100,100,84.375,67.1875,59.375,84.375,100,100,79.6875,79.6875,68.75,100,100,100,100,100,100,29.6875,95.3125,78.125,67.1875,70.3125,45.3125,92.1875,100,98.4375,40.625,100,51.5625,100,93.75,100,85.9375,71.875,100,79.6875,84.375,100,95.3125,100,100,35.9375,53.125,100,85.9375,100,100,98.4375,100,100,100,100,100,46.875,65.625,100,73.4375,100,100,71.875,51.5625,100,59.375,100,40.625,100,100,100,60.9375,100,85.9375,100,37.5,78.125,100,71.875,85.9375,100,100,100,98.4375,100,100,100,100,82.8125,100,71.875,100,40.625,100,100,100,100,98.4375,100,60.9375,100,100,100,100,89.0625,64.0625,65.625,81.25,12.5,100,53.125,100,100,79.6875,100,68.75,100,100,100,100,100,100,100,100,70.3125,100,59.375,65.625,40.625,100,87.5,78.125,100,100,100,100,100,100,100,56.25,100,100,100,26.5625,96.875,70.3125,78.125,70.3125,100,100,100,100,93.75,90.625,100,46.875,6.25,100,56.25,29.6875,100,100,100,100,100,100,29.6875,100,87.5,51.5625,21.875,78.125,71.875,57.8125,98.4375,71.875,93.75,93.75,100,78.125,78.125,40.625,82.8125,95.3125,54.6875,93.75,100,100,100,100,100,76.5625,76.5625,100,43.75,68.75,100,100,65.625,65.625,89.0625,46.875,100,51.5625,100,100,100,100,100,100,35.9375,100,100,85.9375,78.125,100,100,62.5,100,100,100,59.375,100,100,100,81.25,100,100,100,100,100,79.6875,87.5,100,100,100,92.1875,100,100,100,85.9375,100,100,70.3125,100,100,100,100,100,100,35.9375,89.0625,100,73.4375,37.5,35.9375,92.1875,100,90.625,100,100,100,100,64.0625,100,31.25,89.0625,100,100,100,48.4375,100,71.875,67.1875,6.25,79.6875,100,75,42.1875,100,48.4375,84.375,100,46.875,81.25,100,100,87.5,100,100,95.3125,100,100,54.6875,43.75,100,100,60.9375,100,100,100,64.0625,60.9375,100,100,100,64.0625,100,100,100,21.875,100,100,100,89.0625,65.625,100,40.625,93.75,100,100,71.875,93.75,15.625,100,100,100,100,96.875,46.875,78.125,100,84.375,87.5,100,100,28.125,100,68.75,89.0625,79.6875,40.625,100,25,100,57.8125,100,100,59.375,75,67.1875,100,100,100,68.75,100,76.5625,20.3125,60.9375,100,100,82.8125,100,100,100,92.1875,100,96.875,100,100,100,100,100,100,100,100,73.4375,43.75,100,70.3125,100,76.5625,100,60.9375,78.125,100,28.125,100,100,54.6875,25,67.1875,89.0625,100,87.5,100,98.4375,95.3125,100,100,100,70.3125,67.1875,100,100,29.6875,96.875,100,70.3125,100,100,100,100,100,70.3125,100,90.625,100,79.6875,100,100,50,100,57.8125,70.3125,96.875,100,35.9375,100,82.8125,100,89.0625,100,100,87.5,100,100,67.1875,75,100,100,60.9375,90.625,93.75,100,76.5625,100,100,62.5,85.9375,100,37.5,70.3125,100,100,100,70.3125,100,100,95.3125,100,100,98.4375,92.1875,100,100,100,100,100,100,100,100,59.375,65.625,100,100,60.9375,37.5,100,89.0625,100,31.25,98.4375,84.375,67.1875,29.6875,100,25,93.75,92.1875,70.3125,100,62.5,84.375,100,100,100,100,21.875,100,100,100,100,59.375,82.8125,10.9375,100,92.1875,75,93.75,37.5,59.375,100,98.4375,26.5625,53.125,84.375,100,100,100,78.125,100,100,100,53.125,68.75,100,95.3125,39.0625,100,100,76.5625,100,68.75,45.3125,96.875,100,100,100,100,100,81.25,100,100,67.1875,76.5625,75,67.1875,100,100,82.8125,100,100,100,100,78.125,100,79.6875,100,100,100,100,100,100,100,100,96.875,100,89.0625,100,100,100,100,67.1875,87.5,100,81.25,75,100,100,73.4375,81.25,100,87.5,100,100,35.9375,40.625,60.9375,100,100,85.9375,100,100,40.625,100,100,93.75,100,100,45.3125,79.6875,100,100,45.3125,75,20.3125,100,100,100,43.75,100,100,100,100,100,79.6875,76.5625,64.0625,50,92.1875,96.875,100,82.8125,100,79.6875,100,100,100,100,73.4375,75,89.0625,100,93.75,85.9375,100,82.8125,62.5,100,82.8125,100,53.125,100,98.4375,100,100,100,71.875,100,81.25,100,100,100,54.6875,100,100,59.375,65.625,100,93.75,100,87.5,100,84.375,70.3125,60.9375,100,28.125,100,100,100,100,100,100,42.1875,53.125,100,100,100,100,100,100,96.875,75,92.1875,100,100,57.8125,100,98.4375,100,82.8125,75,100,68.75,100,85.9375,100,100,89.0625,90.625,100,96.875,100,100,87.5,100,100,50,51.5625,17.1875,100,68.75,96.875,100,100,100,84.375,51.5625,100,92.1875,29.6875,100,95.3125,100,100,100,100,100,100,100,100,35.9375,67.1875,100,54.6875,37.5,76.5625,100,48.4375,100,70.3125,95.3125,75,100,100,54.6875,100,100,60.9375,100,95.3125,100,100,100,31.25,100,57.8125,31.25,100,100,100,100,18.75,73.4375,100,100,100,89.0625,48.4375,100,42.1875,100,100,100,100,34.375,67.1875,100,73.4375,100,84.375,93.75,100,100,82.8125,78.125,59.375,89.0625,71.875,100,100,76.5625,71.875,85.9375,67.1875,62.5,53.125,100,100,68.75,100,100,64.0625,60.9375,100,75,87.5,100,85.9375,100,100,100,100,100,75,100,100,100,93.75,100,96.875,100,37.5,90.625,100,100,73.4375,100,90.625,100,59.375,100,96.875,62.5,48.4375,100,20.3125,100,100,100,89.0625,100,100,100,100,93.75,67.1875,100,100,100,71.875,100,43.75,84.375,100,62.5,28.125,84.375,87.5,100,100,90.625,51.5625,79.6875,43.75,43.75,100,100,96.875,65.625,100,100,81.25,89.0625,95.3125,100,90.625,100,54.6875,100,56.25,67.1875,100,100,73.4375,100,100,100,84.375,98.4375,81.25,81.25,92.1875,100,100,96.875,73.4375,37.5,37.5,100,39.0625,100,100,79.6875,100,100,73.4375,79.6875,100,62.5,100,100,100,100,90.625,100,54.6875,48.4375,76.5625,56.25,92.1875,100,100,100,87.5,100,100,73.4375,39.0625,89.0625,100,73.4375,76.5625,100,98.4375,62.5,100,100,100,100,100,100,92.1875,100,100,93.75,100,62.5,100,98.4375,100,100,100,73.4375,100,100,100,100,100,100,100,100,81.25,100,73.4375,100,100,70.3125,73.4375,100,89.0625,100,75,95.3125,68.75,100,98.4375,87.5,100,100,100,48.4375,100,100,100,56.25,78.125,100,100,100,100,100,100,100,100,100,100,79.6875,34.375,70.3125,100,62.5,100,100,100,100,100,100,100,100,51.5625,90.625,92.1875,100,100,100,100,100,100,90.625,100,100,100,87.5,100,70.3125,100,93.75,100,100,100,95.3125,76.5625,82.8125,100,37.5,100,43.75,100,100,100,100,45.3125,79.6875,100,100,96.875,100,60.9375,100,76.5625,100,100,100,71.875,100,100,100,100,54.6875,96.875,100,100,92.1875,100,100,100,98.4375,100,95.3125,21.875,71.875,65.625,78.125,85.9375,100,100,81.25,73.4375,100,100,100,60.9375,90.625,100,100,78.125,68.75,84.375,100,85.9375,84.375,100,100,81.25,100,100,100,100,79.6875,29.6875,100,100,100,100,20.3125,75,100,93.75,100,100,100,82.8125,100,100,100,100,89.0625,92.1875,100,100,100,100,100,98.4375,100,100,100,100,100,59.375,100,12.5,78.125,79.6875,100,100,100,100,84.375,71.875,60.9375,60.9375,100,76.5625,96.875,81.25,100,92.1875,68.75,100,90.625,100,25,100,100,100,70.3125,54.6875,100,87.5,100,100,18.75,98.4375,85.9375,57.8125,78.125,64.0625,100,100,87.5,100,100,100,100,100,90.625,60.9375,100,23.4375,23.4375,100,95.3125,53.125,100,42.1875,50,100,100,100,92.1875,100,39.0625,21.875,100,100,100,100,92.1875,100,100,100,100,100,93.75,31.25,90.625,100,100,100,100,100,100,100,100,87.5,100,70.3125,59.375,100,100,17.1875,100,84.375,100,100,100,100,28.125,50,100,100,100,79.6875,70.3125,100,65.625,100,100,26.5625,59.375,62.5,78.125,84.375,100,100,100,98.4375,100,79.6875,90.625,100,100,100,100,90.625,98.4375,100,100,100,100,100,57.8125,100,31.25,84.375,100,100,100,100,100,87.5,31.25,28.125,85.9375,93.75,100,64.0625,98.4375,100,100,100,100,65.625,71.875,100,82.8125,100,35.9375,45.3125,37.5,85.9375,100,100,100,89.0625,100,100,76.5625,100,92.1875,23.4375,100,100,17.1875,100,75,100,100,71.875,100,100,100,68.75,87.5,100,92.1875,100,100,92.1875,60.9375,48.4375,81.25,79.6875,67.1875,85.9375,100,45.3125,78.125,92.1875,45.3125,100,96.875,100,100,100,100,68.75,75,95.3125,100,68.75,43.75,71.875,89.0625,100,67.1875,100,100,64.0625,100,68.75,100,87.5,100,73.4375,93.75,21.875,31.25,100,26.5625,59.375,28.125,100,67.1875,100,100,100,100,100,98.4375,42.1875,100,100,81.25,100,68.75,100,95.3125,100,81.25,100,82.8125,100,100,92.1875,100,87.5,39.0625,100,100,89.0625,67.1875,100,62.5,100,40.625,35.9375,100,68.75,78.125,100,31.25,100,100,59.375,76.5625,92.1875,95.3125,70.3125,100,100,100,93.75,59.375,39.0625,100,71.875,100,100,93.75,78.125,76.5625,53.125,28.125,100,100,87.5,34.375,89.0625,100,76.5625,85.9375,95.3125,100,43.75,100,100,100,100,65.625,70.3125,100,100,100,85.9375,46.875,100,100,100,100,100,100,46.875,89.0625,100,100,87.5,100,59.375,59.375,100,100,65.625,100,50,100,81.25,85.9375,100,100,100,81.25,82.8125,82.8125,100,90.625,100,100,100,100,100,84.375,48.4375,51.5625,100,100,100,100,100,59.375,100,31.25,100,100,98.4375,100,95.3125,98.4375,70.3125,100,100,100,87.5,100,100,100,100,100,100,76.5625,76.5625,100,100,100,93.75,100,100,100,67.1875,100,92.1875,60.9375,100,100,31.25,92.1875,71.875,92.1875,100,67.1875,56.25,59.375,81.25,100,93.75,100,100,100,32.8125,100,84.375,100,100,90.625,100,48.4375,54.6875,100,81.25,100,100,21.875,100,100,6.25,39.0625,56.25,54.6875,100,100,100,100,84.375,90.625,100,100,87.5,79.6875,100,62.5,10.9375,100,100,100,73.4375,100,93.75,96.875,50,100,85.9375,100,100,17.1875,92.1875,100,100,57.8125,23.4375,100,95.3125,84.375,100,100,95.3125,100,70.3125,100,59.375,100,100,57.8125,100,70.3125,100,79.6875,84.375,70.3125,75,100,100,100,100,100,100,75,100,98.4375,100,54.6875,23.4375,100,100,92.1875,100,96.875,100,100,87.5,59.375,100,100,100,73.4375,89.0625,100,89.0625,100,21.875,40.625,93.75,100,100,100,32.8125,67.1875,75,100,53.125,100,100,51.5625,100,100,51.5625,59.375,100,92.1875,76.5625,82.8125,81.25,100,93.75,100,100,76.5625,96.875,21.875,59.375,92.1875,70.3125,37.5,100,75,100,100,54.6875,100,100,56.25,100,89.0625,75,84.375,64.0625,100,100,17.1875,100,87.5,65.625,100,89.0625,78.125,100,100,29.6875,62.5,92.1875,100,81.25,100,100,98.4375,59.375,57.8125,100,100,100,100,95.3125,100,100,79.6875,85.9375,46.875,67.1875,95.3125,62.5,100,100,96.875,100,78.125,100,98.4375,100,34.375,100,100,100,34.375,100,56.25,65.625,43.75,67.1875,100,46.875,40.625,98.4375,81.25,100,98.4375,75,89.0625,100,96.875,100,100,68.75,68.75,70.3125,100,93.75,100,96.875,100,53.125,81.25,100,100,100,82.8125,100,51.5625,20.3125,100,71.875,62.5,100,76.5625,84.375,78.125,37.5,21.875,95.3125,54.6875,87.5,84.375,100,100,18.75,100,100,82.8125,100,100,56.25,100,100,89.0625,95.3125,75,100,98.4375,100,100,62.5,78.125,73.4375,67.1875,100,100,100,100,100,95.3125,67.1875,42.1875,96.875,100,100,100,100,100,100,100,67.1875,9.375,100,100,100,60.9375,89.0625,100,37.5,100,84.375,100,100,100,100,100,87.5,92.1875,95.3125,100,87.5,76.5625,92.1875,90.625,100,100,100,100,70.3125,53.125,75,98.4375,100,100,32.8125,78.125,100,100,100,100,100,100,100,45.3125,26.5625,100,98.4375,90.625,100,95.3125,100,96.875,68.75,85.9375,100,100,85.9375,100,100,100,71.875,82.8125,21.875,75,100,100,100,100,100,100,100,100,98.4375,100,95.3125,78.125,95.3125,62.5,100,25,100,100,100,57.8125,100,100,50,100,71.875,93.75,100,100,100,85.9375,82.8125,84.375,100,90.625,100,42.1875,100,31.25,78.125,71.875,85.9375,100,100,100,96.875,100,100,84.375,64.0625,100,7.8125,54.6875,100,100,73.4375,100,100,100,92.1875,100,100,100,48.4375,100,100,100,67.1875,50,100,59.375,100,100,64.0625,100,100,62.5,100,100,85.9375,100,100,79.6875,100,56.25,71.875,98.4375,100,25,78.125,67.1875,100,100,100,100,84.375,93.75,100,100,73.4375,100,92.1875,100,82.8125,100,100,100,48.4375,100,100,59.375,89.0625,100,100,81.25,100,70.3125,100,100,100,53.125,100,100,100,100,76.5625,100,21.875,6.25,100,92.1875,100,28.125,100,100,100,57.8125,100,100,100,100,100,87.5,100,100,67.1875,100,100,60.9375,100,75,100,100,100,100,89.0625,100,64.0625,100,100,60.9375,56.25,100,62.5,100,62.5,100,100,89.0625,100,85.9375,100,50,100,100,39.0625,31.25,100,57.8125,100,100,100,75,100,71.875,100,100,100,100,34.375,100,100,100,79.6875,100,96.875,100,64.0625,100,64.0625,53.125,100,62.5,93.75,95.3125,89.0625,100,100,73.4375,73.4375,100,85.9375,93.75,67.1875,23.4375,100,100,89.0625,85.9375,100,100,100,67.1875,100,81.25,100,100,100,96.875,100,89.0625,48.4375,68.75,59.375,87.5,17.1875,51.5625,100,100,100,46.875,20.3125,100,100,100,100,73.4375,78.125,43.75,89.0625,37.5,85.9375,100,62.5,100,100,71.875,89.0625,100,57.8125,100,67.1875,71.875,79.6875,100,84.375,54.6875,100,100,100,100,73.4375,100,100,100,100,100,100,75,50,100,100,57.8125,92.1875,71.875,100,100,89.0625,100,100,100,100,100,45.3125,100,73.4375,100,100,100,64.0625,100,100,92.1875,100,100,100,84.375,100,95.3125,100,100,100,100,73.4375,59.375,100,62.5,100,89.0625,100,70.3125,95.3125,100,100,68.75,100,35.9375,65.625,51.5625,100,59.375,100,100,51.5625,89.0625,93.75,93.75,100,60.9375,57.8125,35.9375,100,100,100,100,100,81.25,100,42.1875,100,62.5,95.3125,70.3125,100,56.25,67.1875,21.875,75,98.4375,18.75,96.875,64.0625,50,28.125,42.1875,100,100,100,100,26.5625,100,100,48.4375,78.125,100,100,64.0625,70.3125,82.8125,75,100,100,100,100,54.6875,100,100,90.625,100,98.4375,100,85.9375,100,100,18.75,100,57.8125,100,100,46.875,100,45.3125,100,78.125,64.0625,100,56.25,23.4375,85.9375,100,29.6875,82.8125,100,100,87.5,100,78.125,100,39.0625,100,70.3125,100,100,100,100,56.25,28.125,100,98.4375,50,68.75,100,100,100,100,100,12.5,100,59.375,100,100,100,81.25,100,75,100,100,95.3125,85.9375,57.8125,48.4375,53.125,100,100,100,100,100,100,100,62.5,100,100,100,100,100,87.5,67.1875,100,100,100,100,100,100,100,60.9375,75,100,32.8125,39.0625,100,100,100,100,67.1875,1.5625,100,100,34.375,100,82.8125,100,98.4375,100,100,100,100,100,100,100,100,96.875,100,100,82.8125,100,100,39.0625,100,53.125,100,73.4375,100,100,100,76.5625,100,34.375,64.0625,100,100,45.3125,100,100,68.75,100,100,87.5,100,100,81.25,92.1875,100,64.0625,29.6875,100,71.875,100,100,26.5625,100,46.875,100,65.625,71.875,39.0625,93.75,100,100,73.4375,100,100,100,100,59.375,68.75,78.125,71.875,100,90.625,100,53.125,53.125,100,100,96.875,100,100,100,29.6875,71.875,98.4375,42.1875,64.0625,100,100,53.125,84.375,100,79.6875,32.8125,68.75,85.9375,100,89.0625,100,68.75,100,59.375,40.625,100,64.0625,100,100,100,85.9375,70.3125,100,54.6875,100,100,65.625,73.4375,53.125,87.5,85.9375,89.0625,100,100,29.6875,57.8125,100,90.625,100,100,100,100
"6082",89.0625,100,34.375,100,100,67.1875,90.625,98.4375,21.875,98.4375,57.8125,100,100,100,76.5625,76.5625,87.5,76.5625,68.75,100,96.875,92.1875,100,100,45.3125,100,100,56.25,84.375,100,100,100,100,79.6875,100,90.625,82.8125,100,100,93.75,65.625,62.5,79.6875,100,100,100,100,100,64.0625,85.9375,75,100,100,70.3125,79.6875,100,9.375,100,100,53.125,82.8125,57.8125,98.4375,56.25,100,90.625,62.5,100,79.6875,100,57.8125,79.6875,67.1875,100,59.375,93.75,100,59.375,56.25,100,78.125,100,82.8125,73.4375,90.625,100,100,56.25,100,100,56.25,82.8125,100,48.4375,81.25,98.4375,100,62.5,100,100,76.5625,100,100,92.1875,56.25,31.25,96.875,50,85.9375,100,84.375,71.875,100,100,26.5625,98.4375,100,100,100,100,68.75,100,100,100,100,35.9375,100,18.75,100,100,100,100,71.875,100,93.75,65.625,62.5,78.125,100,100,100,100,42.1875,62.5,100,100,100,100,48.4375,75,57.8125,35.9375,79.6875,93.75,100,92.1875,76.5625,100,100,100,100,100,73.4375,100,89.0625,71.875,93.75,89.0625,43.75,100,82.8125,70.3125,100,56.25,100,95.3125,89.0625,100,100,100,100,82.8125,100,82.8125,100,90.625,29.6875,100,100,84.375,100,100,87.5,100,100,100,100,78.125,100,100,21.875,100,96.875,100,100,100,100,100,73.4375,100,34.375,100,100,100,56.25,78.125,32.8125,95.3125,93.75,59.375,67.1875,75,100,67.1875,100,53.125,100,100,65.625,100,81.25,79.6875,100,100,100,100,82.8125,62.5,78.125,100,100,100,100,95.3125,100,43.75,100,92.1875,100,51.5625,100,79.6875,64.0625,96.875,100,60.9375,100,60.9375,100,100,100,98.4375,34.375,89.0625,42.1875,100,100,100,100,100,53.125,54.6875,100,100,93.75,21.875,32.8125,100,67.1875,100,90.625,100,65.625,100,100,100,29.6875,100,81.25,90.625,76.5625,100,60.9375,53.125,100,100,100,90.625,57.8125,75,35.9375,100,93.75,100,100,84.375,100,46.875,92.1875,100,93.75,57.8125,31.25,100,78.125,93.75,100,100,70.3125,40.625,87.5,100,50,100,64.0625,60.9375,95.3125,67.1875,100,70.3125,87.5,100,76.5625,84.375,100,40.625,51.5625,89.0625,100,100,100,76.5625,43.75,39.0625,65.625,67.1875,37.5,100,90.625,71.875,100,79.6875,100,87.5,70.3125,100,100,95.3125,50,79.6875,64.0625,10.9375,100,73.4375,81.25,53.125,21.875,85.9375,98.4375,100,100,100,92.1875,78.125,73.4375,100,96.875,70.3125,100,100,85.9375,90.625,100,100,100,26.5625,100,100,60.9375,31.25,100,73.4375,100,67.1875,100,78.125,100,82.8125,100,62.5,100,81.25,100,100,100,43.75,59.375,93.75,79.6875,98.4375,71.875,100,100,70.3125,100,96.875,39.0625,50,100,75,45.3125,96.875,100,100,100,65.625,56.25,100,96.875,100,82.8125,100,81.25,100,82.8125,64.0625,54.6875,100,100,100,100,92.1875,100,100,100,100,100,100,78.125,93.75,95.3125,100,100,100,82.8125,73.4375,100,85.9375,100,100,76.5625,68.75,70.3125,48.4375,48.4375,57.8125,100,100,100,78.125,75,32.8125,65.625,100,100,15.625,100,100,100,79.6875,70.3125,100,100,67.1875,82.8125,100,50,100,48.4375,75,100,78.125,78.125,100,62.5,100,100,100,70.3125,76.5625,78.125,100,100,100,85.9375,56.25,59.375,82.8125,100,100,64.0625,78.125,68.75,100,100,100,100,100,100,100,100,100,100,73.4375,40.625,92.1875,100,100,43.75,100,48.4375,100,45.3125,100,85.9375,68.75,100,68.75,84.375,100,71.875,100,100,35.9375,48.4375,100,84.375,92.1875,100,70.3125,100,100,100,100,76.5625,45.3125,62.5,100,73.4375,100,100,71.875,31.25,100,60.9375,98.4375,39.0625,100,100,100,78.125,100,92.1875,100,31.25,76.5625,100,67.1875,76.5625,100,65.625,100,100,100,100,100,100,90.625,100,70.3125,100,59.375,100,100,100,100,81.25,100,59.375,96.875,100,100,100,100,60.9375,100,67.1875,21.875,100,51.5625,100,100,76.5625,100,45.3125,100,100,96.875,100,100,100,100,93.75,70.3125,100,68.75,100,48.4375,100,78.125,78.125,100,100,98.4375,100,92.1875,100,100,54.6875,92.1875,100,100,29.6875,96.875,65.625,78.125,71.875,92.1875,100,100,100,90.625,90.625,100,46.875,6.25,84.375,62.5,29.6875,100,100,100,100,100,45.3125,29.6875,100,82.8125,48.4375,21.875,73.4375,73.4375,54.6875,98.4375,76.5625,100,93.75,84.375,73.4375,73.4375,40.625,81.25,95.3125,59.375,87.5,100,100,100,100,100,100,75,100,43.75,68.75,100,100,70.3125,57.8125,65.625,46.875,100,56.25,100,100,100,100,100,100,81.25,100,89.0625,90.625,82.8125,100,100,65.625,100,100,100,59.375,100,100,100,81.25,100,100,100,100,100,81.25,65.625,100,100,100,87.5,100,100,100,23.4375,100,100,68.75,100,100,100,62.5,100,100,35.9375,89.0625,100,71.875,37.5,37.5,96.875,100,65.625,85.9375,100,100,100,73.4375,31.25,31.25,81.25,100,100,100,48.4375,100,75,70.3125,7.8125,100,100,100,43.75,100,29.6875,84.375,100,78.125,73.4375,21.875,100,92.1875,100,100,100,93.75,100,50,43.75,100,100,85.9375,100,100,100,60.9375,53.125,85.9375,100,100,43.75,92.1875,92.1875,100,37.5,57.8125,100,100,87.5,65.625,100,37.5,90.625,100,100,54.6875,100,81.25,100,100,100,100,96.875,53.125,100,100,89.0625,92.1875,100,100,28.125,100,70.3125,89.0625,81.25,43.75,100,100,100,48.4375,100,100,56.25,78.125,65.625,100,100,100,67.1875,100,76.5625,35.9375,65.625,100,100,79.6875,75,96.875,100,98.4375,100,85.9375,100,100,100,28.125,100,100,100,100,68.75,42.1875,100,68.75,95.3125,75,100,59.375,76.5625,100,31.25,100,85.9375,57.8125,100,67.1875,54.6875,79.6875,76.5625,100,98.4375,96.875,59.375,100,100,71.875,56.25,100,100,20.3125,98.4375,93.75,65.625,98.4375,100,100,100,100,76.5625,100,23.4375,100,79.6875,98.4375,100,54.6875,100,65.625,71.875,93.75,100,35.9375,100,82.8125,92.1875,87.5,100,70.3125,64.0625,100,100,70.3125,76.5625,93.75,100,100,85.9375,82.8125,90.625,54.6875,100,100,62.5,92.1875,100,37.5,67.1875,100,100,100,70.3125,100,100,46.875,100,100,100,93.75,100,100,100,100,100,100,100,96.875,70.3125,65.625,84.375,100,59.375,51.5625,100,93.75,100,100,100,87.5,100,29.6875,100,25,84.375,68.75,73.4375,100,67.1875,85.9375,100,100,100,89.0625,100,100,100,100,90.625,60.9375,82.8125,100,100,95.3125,64.0625,93.75,46.875,68.75,100,100,46.875,92.1875,84.375,100,82.8125,100,68.75,100,100,100,78.125,100,100,65.625,34.375,100,100,85.9375,100,64.0625,54.6875,92.1875,93.75,100,100,100,100,82.8125,100,100,40.625,76.5625,70.3125,68.75,100,100,35.9375,100,100,100,100,81.25,100,76.5625,100,100,100,100,100,100,28.125,82.8125,95.3125,100,87.5,100,100,100,100,68.75,100,100,73.4375,73.4375,60.9375,100,71.875,82.8125,100,79.6875,100,100,37.5,39.0625,67.1875,100,100,76.5625,100,100,37.5,100,100,87.5,92.1875,93.75,37.5,76.5625,100,100,100,75,20.3125,100,100,100,82.8125,92.1875,100,100,100,100,82.8125,100,64.0625,95.3125,90.625,93.75,100,73.4375,100,85.9375,100,100,75,100,100,68.75,81.25,100,93.75,89.0625,100,82.8125,46.875,100,79.6875,100,51.5625,100,100,100,100,100,42.1875,79.6875,73.4375,100,100,100,62.5,100,100,56.25,65.625,100,93.75,100,87.5,100,92.1875,73.4375,78.125,98.4375,57.8125,100,100,100,100,100,100,40.625,64.0625,90.625,100,100,100,98.4375,100,78.125,100,100,100,100,59.375,100,96.875,100,79.6875,75,100,100,100,87.5,100,70.3125,70.3125,75,100,96.875,100,100,84.375,53.125,100,50,51.5625,14.0625,100,68.75,90.625,100,100,100,84.375,51.5625,100,93.75,28.125,100,100,100,100,100,100,100,100,100,100,67.1875,60.9375,100,57.8125,40.625,73.4375,100,9.375,100,64.0625,95.3125,76.5625,100,100,53.125,100,100,59.375,100,84.375,100,100,100,32.8125,100,46.875,26.5625,100,100,100,100,18.75,70.3125,100,100,93.75,89.0625,43.75,100,37.5,100,100,100,100,60.9375,67.1875,100,73.4375,100,82.8125,100,100,100,56.25,79.6875,56.25,89.0625,71.875,100,100,76.5625,71.875,92.1875,67.1875,60.9375,51.5625,100,100,68.75,100,100,68.75,62.5,100,53.125,100,100,93.75,100,100,78.125,89.0625,100,73.4375,100,100,100,82.8125,100,75,100,85.9375,76.5625,92.1875,100,84.375,100,100,100,87.5,100,82.8125,60.9375,62.5,100,15.625,70.3125,100,100,89.0625,100,100,100,100,87.5,59.375,100,100,100,75,100,42.1875,100,100,62.5,28.125,85.9375,76.5625,100,100,84.375,48.4375,76.5625,45.3125,42.1875,100,100,96.875,67.1875,60.9375,100,81.25,79.6875,96.875,100,90.625,100,42.1875,100,82.8125,56.25,100,100,73.4375,98.4375,100,100,84.375,96.875,85.9375,100,93.75,100,100,100,73.4375,34.375,100,100,39.0625,100,100,100,100,54.6875,73.4375,85.9375,100,85.9375,100,100,100,100,79.6875,100,51.5625,50,76.5625,59.375,92.1875,100,100,100,87.5,100,100,76.5625,37.5,87.5,100,71.875,76.5625,100,93.75,64.0625,100,100,100,100,100,100,100,68.75,87.5,100,100,64.0625,100,92.1875,100,100,100,95.3125,100,100,100,32.8125,78.125,100,100,100,89.0625,90.625,73.4375,100,100,70.3125,71.875,100,93.75,100,73.4375,93.75,64.0625,100,100,82.8125,100,100,100,40.625,100,100,92.1875,60.9375,78.125,100,100,70.3125,100,100,100,100,100,64.0625,100,78.125,35.9375,68.75,100,59.375,100,100,100,100,100,100,100,98.4375,100,92.1875,93.75,100,95.3125,100,100,100,100,89.0625,100,100,100,92.1875,100,62.5,100,92.1875,100,100,100,95.3125,84.375,89.0625,100,37.5,100,43.75,100,100,100,100,42.1875,75,100,100,100,100,59.375,53.125,84.375,100,100,100,78.125,100,100,100,100,46.875,95.3125,100,100,90.625,92.1875,100,100,100,100,95.3125,100,57.8125,48.4375,79.6875,81.25,100,59.375,71.875,73.4375,100,100,100,100,85.9375,100,100,92.1875,54.6875,62.5,100,100,81.25,100,100,81.25,100,100,100,100,93.75,28.125,100,100,98.4375,100,20.3125,73.4375,100,96.875,100,100,100,79.6875,100,100,100,100,89.0625,73.4375,100,100,100,81.25,100,96.875,100,100,100,100,100,59.375,100,85.9375,95.3125,79.6875,57.8125,100,100,100,85.9375,71.875,53.125,73.4375,100,100,89.0625,100,100,85.9375,70.3125,100,87.5,100,32.8125,100,100,100,67.1875,56.25,100,95.3125,100,100,89.0625,100,31.25,84.375,79.6875,59.375,100,100,85.9375,100,92.1875,98.4375,100,98.4375,90.625,57.8125,100,23.4375,46.875,100,95.3125,75,100,48.4375,46.875,100,100,100,95.3125,100,37.5,20.3125,100,100,100,100,100,100,100,100,100,100,93.75,18.75,100,100,100,81.25,90.625,100,100,100,100,90.625,100,68.75,45.3125,100,100,100,85.9375,96.875,100,100,100,100,100,53.125,100,100,100,56.25,76.5625,100,65.625,100,100,26.5625,60.9375,62.5,73.4375,79.6875,100,100,100,95.3125,100,84.375,82.8125,100,100,100,100,82.8125,98.4375,100,100,100,100,100,59.375,100,29.6875,84.375,100,100,92.1875,100,100,51.5625,100,28.125,56.25,100,100,65.625,87.5,100,100,100,95.3125,62.5,75,100,82.8125,100,35.9375,95.3125,28.125,78.125,100,93.75,89.0625,76.5625,87.5,57.8125,76.5625,100,100,23.4375,68.75,100,26.5625,100,57.8125,100,100,75,100,100,100,68.75,70.3125,78.125,84.375,100,100,89.0625,59.375,46.875,73.4375,71.875,65.625,81.25,100,65.625,81.25,92.1875,45.3125,100,96.875,100,100,100,100,68.75,76.5625,100,100,100,21.875,70.3125,98.4375,100,59.375,100,100,64.0625,100,68.75,89.0625,84.375,100,73.4375,93.75,73.4375,79.6875,100,100,100,26.5625,100,67.1875,100,100,100,100,92.1875,95.3125,43.75,100,100,81.25,100,68.75,100,93.75,100,82.8125,100,84.375,100,100,20.3125,100,82.8125,37.5,95.3125,100,92.1875,57.8125,100,71.875,100,46.875,35.9375,100,76.5625,78.125,100,31.25,100,100,100,59.375,90.625,93.75,50,100,100,100,93.75,67.1875,34.375,100,70.3125,100,100,92.1875,70.3125,100,51.5625,26.5625,17.1875,100,71.875,60.9375,89.0625,100,75,85.9375,92.1875,100,40.625,100,7.8125,100,100,67.1875,84.375,100,100,100,81.25,45.3125,100,100,100,100,100,100,100,92.1875,100,100,100,100,54.6875,70.3125,100,100,65.625,100,50,100,45.3125,85.9375,100,100,100,79.6875,81.25,82.8125,100,82.8125,100,100,100,100,100,84.375,60.9375,54.6875,100,100,100,100,100,43.75,98.4375,31.25,100,100,96.875,100,93.75,93.75,56.25,100,100,71.875,68.75,100,100,100,100,100,100,76.5625,85.9375,100,100,100,90.625,100,100,100,67.1875,100,100,62.5,100,100,40.625,93.75,79.6875,76.5625,100,65.625,53.125,59.375,70.3125,100,95.3125,100,100,100,31.25,100,82.8125,100,100,93.75,100,100,54.6875,40.625,81.25,100,100,21.875,100,100,4.6875,39.0625,57.8125,9.375,100,100,100,85.9375,92.1875,82.8125,89.0625,100,100,81.25,100,78.125,32.8125,100,100,100,71.875,100,100,98.4375,100,100,82.8125,100,100,21.875,100,100,100,57.8125,78.125,100,100,79.6875,100,100,100,100,75,100,60.9375,100,100,56.25,100,70.3125,100,76.5625,68.75,76.5625,71.875,100,100,100,100,98.4375,71.875,82.8125,100,100,100,59.375,23.4375,95.3125,100,92.1875,100,79.6875,98.4375,100,67.1875,59.375,100,100,100,71.875,43.75,100,93.75,100,21.875,40.625,100,100,100,100,32.8125,67.1875,45.3125,100,15.625,100,100,59.375,100,37.5,51.5625,59.375,100,98.4375,73.4375,81.25,73.4375,100,93.75,100,100,76.5625,96.875,21.875,56.25,78.125,65.625,39.0625,100,81.25,100,100,54.6875,100,85.9375,59.375,100,84.375,75,70.3125,65.625,85.9375,100,17.1875,100,100,67.1875,100,85.9375,79.6875,100,100,39.0625,60.9375,84.375,100,81.25,100,100,93.75,56.25,59.375,100,100,100,100,95.3125,100,100,100,78.125,46.875,67.1875,98.4375,62.5,100,100,82.8125,90.625,100,100,100,100,35.9375,100,89.0625,100,100,100,70.3125,75,43.75,54.6875,100,37.5,40.625,100,81.25,100,100,75,89.0625,100,90.625,84.375,100,65.625,64.0625,70.3125,100,100,100,100,100,51.5625,84.375,100,46.875,100,84.375,71.875,51.5625,10.9375,100,71.875,60.9375,100,82.8125,67.1875,75,26.5625,25,93.75,54.6875,87.5,100,100,100,17.1875,100,87.5,87.5,100,100,35.9375,100,100,78.125,95.3125,70.3125,65.625,92.1875,100,100,71.875,71.875,60.9375,67.1875,100,89.0625,100,100,100,95.3125,65.625,42.1875,93.75,100,100,100,81.25,100,100,100,70.3125,54.6875,100,100,100,100,87.5,100,32.8125,100,62.5,100,14.0625,100,100,100,87.5,90.625,93.75,100,100,92.1875,93.75,92.1875,100,100,100,100,68.75,56.25,79.6875,98.4375,100,100,31.25,78.125,100,100,100,100,75,100,100,45.3125,26.5625,100,84.375,100,100,100,100,95.3125,68.75,84.375,100,100,92.1875,100,100,100,78.125,81.25,21.875,71.875,100,100,100,64.0625,100,100,98.4375,100,100,100,93.75,68.75,90.625,65.625,100,25,100,100,54.6875,56.25,100,100,50,100,76.5625,96.875,100,100,100,84.375,84.375,79.6875,100,85.9375,100,40.625,100,100,78.125,71.875,85.9375,100,100,100,98.4375,100,100,79.6875,65.625,100,7.8125,54.6875,100,100,73.4375,100,100,100,56.25,100,100,100,92.1875,100,100,92.1875,67.1875,48.4375,75,59.375,100,100,64.0625,100,100,60.9375,100,100,90.625,100,100,79.6875,100,57.8125,65.625,96.875,100,26.5625,76.5625,64.0625,100,43.75,100,100,87.5,92.1875,100,100,73.4375,100,89.0625,90.625,65.625,100,100,100,46.875,45.3125,100,50,90.625,100,100,78.125,100,70.3125,100,100,100,79.6875,100,100,100,100,50,39.0625,100,10.9375,100,92.1875,100,29.6875,100,100,100,59.375,28.125,100,100,100,100,70.3125,100,100,75,100,100,73.4375,100,75,100,100,100,100,95.3125,100,64.0625,100,100,100,51.5625,100,54.6875,70.3125,62.5,100,82.8125,84.375,98.4375,82.8125,100,48.4375,100,100,40.625,31.25,100,54.6875,100,100,100,75,100,68.75,100,100,100,100,32.8125,100,76.5625,98.4375,78.125,93.75,98.4375,100,64.0625,92.1875,64.0625,51.5625,100,100,90.625,79.6875,100,100,100,67.1875,84.375,100,84.375,95.3125,62.5,92.1875,92.1875,98.4375,100,100,100,100,82.8125,70.3125,100,79.6875,100,100,100,96.875,100,89.0625,54.6875,70.3125,51.5625,90.625,23.4375,45.3125,35.9375,48.4375,100,45.3125,31.25,100,100,98.4375,100,71.875,78.125,42.1875,89.0625,100,100,100,68.75,100,100,64.0625,50,100,57.8125,100,51.5625,76.5625,81.25,100,76.5625,57.8125,100,100,100,100,73.4375,100,100,100,50,100,100,67.1875,39.0625,100,100,57.8125,90.625,76.5625,100,100,85.9375,98.4375,100,100,100,100,39.0625,100,73.4375,100,100,100,70.3125,100,100,89.0625,100,100,100,90.625,100,95.3125,90.625,100,100,100,98.4375,56.25,100,60.9375,100,92.1875,100,65.625,89.0625,100,100,73.4375,100,35.9375,56.25,50,84.375,64.0625,100,100,100,100,98.4375,96.875,100,100,56.25,37.5,100,100,100,100,100,73.4375,100,37.5,100,48.4375,84.375,59.375,100,78.125,68.75,82.8125,78.125,98.4375,18.75,95.3125,76.5625,100,28.125,35.9375,100,100,100,100,26.5625,100,100,56.25,95.3125,100,100,50,82.8125,79.6875,84.375,100,100,100,100,64.0625,100,100,89.0625,100,79.6875,76.5625,85.9375,100,100,18.75,100,56.25,100,100,43.75,100,43.75,100,79.6875,76.5625,100,50,42.1875,87.5,100,31.25,85.9375,100,100,76.5625,95.3125,76.5625,90.625,42.1875,100,54.6875,100,95.3125,100,100,73.4375,28.125,100,98.4375,50,68.75,100,100,100,100,100,26.5625,100,56.25,100,100,100,79.6875,100,100,81.25,100,93.75,84.375,59.375,45.3125,53.125,45.3125,100,100,100,100,100,100,60.9375,100,100,100,100,100,85.9375,68.75,100,98.4375,100,100,100,100,100,51.5625,73.4375,100,26.5625,100,100,100,100,100,65.625,1.5625,100,10.9375,40.625,100,81.25,100,100,100,100,100,100,100,82.8125,100,100,100,100,78.125,85.9375,100,100,48.4375,70.3125,50,100,71.875,100,100,100,78.125,100,48.4375,64.0625,100,100,65.625,100,100,64.0625,100,100,73.4375,100,100,100,93.75,100,62.5,28.125,96.875,76.5625,100,100,14.0625,100,62.5,100,78.125,92.1875,26.5625,89.0625,100,100,71.875,100,82.8125,100,98.4375,59.375,100,78.125,67.1875,100,93.75,100,59.375,54.6875,100,100,96.875,65.625,100,96.875,29.6875,70.3125,100,62.5,64.0625,100,100,70.3125,84.375,96.875,81.25,31.25,68.75,87.5,100,100,26.5625,56.25,100,59.375,34.375,100,76.5625,78.125,100,100,98.4375,64.0625,100,54.6875,100,100,64.0625,100,54.6875,82.8125,68.75,100,100,100,100,59.375,100,84.375,100,100,92.1875,100
"6083",89.0625,100,37.5,96.875,100,64.0625,89.0625,100,21.875,98.4375,56.25,100,100,100,70.3125,76.5625,85.9375,82.8125,100,100,96.875,95.3125,100,100,53.125,100,100,93.75,81.25,100,100,100,100,89.0625,100,95.3125,84.375,100,100,93.75,84.375,67.1875,71.875,100,100,100,100,100,67.1875,89.0625,75,100,100,82.8125,57.8125,100,6.25,100,100,42.1875,92.1875,57.8125,98.4375,100,100,100,60.9375,100,60.9375,100,53.125,79.6875,100,90.625,59.375,81.25,100,46.875,48.4375,100,76.5625,100,87.5,73.4375,64.0625,100,100,67.1875,100,100,56.25,85.9375,100,50,85.9375,92.1875,100,56.25,100,100,84.375,98.4375,100,90.625,93.75,28.125,93.75,57.8125,85.9375,100,85.9375,71.875,82.8125,100,28.125,100,100,100,100,100,60.9375,100,100,76.5625,93.75,35.9375,100,18.75,100,78.125,100,100,64.0625,100,79.6875,65.625,56.25,79.6875,100,100,100,81.25,45.3125,68.75,100,100,89.0625,100,60.9375,76.5625,57.8125,37.5,78.125,93.75,96.875,90.625,75,100,100,100,100,100,70.3125,100,87.5,71.875,42.1875,90.625,40.625,100,71.875,70.3125,100,62.5,100,100,82.8125,100,100,100,100,82.8125,100,82.8125,100,100,28.125,100,100,85.9375,100,100,87.5,100,100,100,90.625,79.6875,100,100,23.4375,100,95.3125,100,100,100,100,100,81.25,100,34.375,100,100,100,85.9375,78.125,90.625,92.1875,100,60.9375,78.125,73.4375,100,100,100,53.125,60.9375,98.4375,60.9375,100,81.25,81.25,100,100,100,100,84.375,62.5,92.1875,100,100,100,100,87.5,100,37.5,100,92.1875,100,50,78.125,76.5625,81.25,100,100,57.8125,100,62.5,100,100,100,98.4375,34.375,95.3125,37.5,95.3125,100,100,100,100,51.5625,95.3125,100,100,95.3125,70.3125,29.6875,100,67.1875,100,89.0625,100,53.125,100,100,100,29.6875,98.4375,100,96.875,82.8125,100,54.6875,51.5625,100,28.125,100,95.3125,56.25,75,39.0625,100,95.3125,68.75,100,82.8125,89.0625,35.9375,92.1875,100,75,56.25,31.25,100,53.125,93.75,100,100,98.4375,40.625,87.5,100,50,100,78.125,57.8125,93.75,65.625,100,73.4375,87.5,45.3125,76.5625,82.8125,96.875,39.0625,100,87.5,100,100,93.75,79.6875,39.0625,48.4375,70.3125,65.625,35.9375,100,100,76.5625,100,78.125,100,90.625,71.875,100,98.4375,76.5625,53.125,92.1875,60.9375,81.25,100,100,81.25,53.125,18.75,81.25,98.4375,100,100,100,92.1875,75,81.25,100,89.0625,67.1875,89.0625,100,85.9375,87.5,76.5625,100,100,54.6875,100,100,89.0625,92.1875,100,73.4375,100,100,100,75,100,75,92.1875,62.5,100,78.125,100,100,100,46.875,59.375,100,73.4375,84.375,70.3125,96.875,100,78.125,100,93.75,39.0625,50,100,75,26.5625,100,100,100,100,59.375,57.8125,100,98.4375,100,82.8125,100,79.6875,100,73.4375,76.5625,42.1875,100,100,100,100,100,100,82.8125,100,100,100,100,87.5,93.75,92.1875,100,100,100,84.375,71.875,100,89.0625,100,100,76.5625,73.4375,73.4375,57.8125,100,56.25,100,100,100,85.9375,75,34.375,57.8125,100,100,14.0625,100,100,100,70.3125,90.625,100,100,62.5,82.8125,100,53.125,100,48.4375,75,100,76.5625,78.125,100,65.625,100,100,100,70.3125,75,75,100,100,100,84.375,59.375,57.8125,84.375,100,100,64.0625,75,68.75,100,100,100,100,100,100,100,56.25,73.4375,57.8125,67.1875,37.5,95.3125,100,100,45.3125,100,51.5625,100,35.9375,100,84.375,71.875,100,70.3125,84.375,100,79.6875,100,100,34.375,46.875,100,54.6875,92.1875,100,68.75,100,100,100,100,100,45.3125,73.4375,100,73.4375,100,100,67.1875,100,100,100,100,32.8125,100,100,100,59.375,100,90.625,100,28.125,68.75,100,68.75,82.8125,100,65.625,100,57.8125,100,100,100,100,100,100,64.0625,100,54.6875,100,100,100,100,81.25,100,60.9375,95.3125,100,95.3125,100,90.625,59.375,100,62.5,25,100,53.125,100,100,75,100,54.6875,100,100,100,100,100,100,100,100,67.1875,81.25,67.1875,100,54.6875,100,75,76.5625,100,100,43.75,100,100,100,100,100,92.1875,100,100,28.125,96.875,73.4375,76.5625,68.75,96.875,100,100,100,93.75,93.75,100,46.875,6.25,75,57.8125,28.125,100,100,90.625,100,100,100,31.25,100,82.8125,45.3125,59.375,75,75,53.125,98.4375,76.5625,82.8125,92.1875,37.5,75,76.5625,40.625,76.5625,95.3125,60.9375,82.8125,100,100,100,100,100,100,75,100,43.75,68.75,100,100,76.5625,54.6875,65.625,46.875,100,46.875,100,100,100,100,100,100,82.8125,100,73.4375,90.625,81.25,100,100,73.4375,100,100,67.1875,60.9375,100,100,100,84.375,100,85.9375,100,100,100,82.8125,71.875,100,100,100,84.375,100,100,100,100,100,100,68.75,100,98.4375,100,59.375,100,100,35.9375,85.9375,100,79.6875,39.0625,70.3125,93.75,100,68.75,100,100,100,100,75,92.1875,31.25,89.0625,100,100,95.3125,50,59.375,71.875,70.3125,31.25,100,98.4375,87.5,42.1875,100,48.4375,84.375,100,56.25,85.9375,100,100,98.4375,100,100,100,100,100,45.3125,43.75,100,100,85.9375,100,100,100,100,53.125,96.875,100,100,59.375,96.875,100,100,65.625,100,100,100,89.0625,67.1875,100,39.0625,92.1875,100,100,50,100,42.1875,100,100,100,100,93.75,62.5,85.9375,100,89.0625,100,100,100,32.8125,100,70.3125,82.8125,79.6875,43.75,100,26.5625,100,51.5625,100,100,65.625,76.5625,64.0625,100,100,100,68.75,96.875,76.5625,25,64.0625,85.9375,100,82.8125,100,89.0625,100,93.75,98.4375,96.875,100,100,100,100,100,100,100,100,60.9375,42.1875,100,70.3125,100,76.5625,100,57.8125,76.5625,100,25,100,70.3125,57.8125,100,60.9375,100,85.9375,73.4375,100,98.4375,93.75,51.5625,100,100,70.3125,57.8125,100,100,48.4375,98.4375,76.5625,65.625,100,100,100,100,100,67.1875,100,26.5625,100,79.6875,100,79.6875,51.5625,100,60.9375,70.3125,92.1875,100,35.9375,100,81.25,100,85.9375,98.4375,70.3125,57.8125,57.8125,100,68.75,76.5625,89.0625,100,65.625,81.25,71.875,100,60.9375,100,100,62.5,92.1875,100,34.375,100,100,100,100,71.875,100,100,100,100,100,100,93.75,95.3125,56.25,100,100,100,100,100,100,57.8125,64.0625,100,100,59.375,43.75,100,90.625,100,100,100,82.8125,62.5,29.6875,100,25,100,71.875,71.875,100,62.5,87.5,100,100,100,100,100,59.375,100,100,54.6875,60.9375,81.25,100,100,93.75,65.625,93.75,28.125,65.625,100,96.875,100,21.875,84.375,100,56.25,100,78.125,100,43.75,100,57.8125,100,100,81.25,32.8125,100,100,82.8125,89.0625,64.0625,100,96.875,85.9375,100,100,100,100,81.25,100,100,100,76.5625,71.875,57.8125,100,100,46.875,100,100,100,100,79.6875,98.4375,79.6875,100,96.875,100,100,100,100,100,89.0625,96.875,100,92.1875,100,100,68.75,100,68.75,100,100,78.125,75,100,100,71.875,82.8125,100,82.8125,100,100,39.0625,100,71.875,100,100,78.125,100,100,35.9375,100,100,84.375,100,90.625,46.875,79.6875,100,100,64.0625,78.125,17.1875,100,100,100,100,100,100,100,100,100,81.25,89.0625,60.9375,100,90.625,89.0625,100,81.25,100,87.5,100,100,100,100,100,65.625,78.125,100,93.75,85.9375,100,82.8125,46.875,100,82.8125,100,60.9375,100,37.5,100,100,100,40.625,100,73.4375,100,100,100,76.5625,100,100,57.8125,65.625,100,93.75,100,87.5,100,98.4375,70.3125,78.125,93.75,100,100,100,100,100,100,100,42.1875,59.375,93.75,100,100,100,100,100,100,96.875,92.1875,100,96.875,59.375,100,96.875,100,82.8125,75,100,96.875,100,85.9375,95.3125,100,87.5,73.4375,100,98.4375,100,100,82.8125,67.1875,100,57.8125,51.5625,64.0625,100,70.3125,81.25,100,100,100,84.375,48.4375,100,92.1875,29.6875,98.4375,100,100,100,100,100,82.8125,100,100,100,100,68.75,76.5625,56.25,28.125,75,100,42.1875,90.625,64.0625,93.75,82.8125,100,100,54.6875,100,100,68.75,100,98.4375,100,100,100,31.25,100,53.125,68.75,100,100,100,100,18.75,68.75,100,100,75,89.0625,48.4375,100,39.0625,100,100,100,100,60.9375,68.75,100,73.4375,96.875,100,100,100,100,50,79.6875,53.125,89.0625,71.875,100,100,71.875,71.875,90.625,67.1875,100,51.5625,100,100,67.1875,100,100,68.75,62.5,100,43.75,85.9375,100,93.75,100,100,100,92.1875,100,73.4375,85.9375,98.4375,100,87.5,90.625,98.4375,100,85.9375,82.8125,76.5625,100,87.5,100,100,100,57.8125,100,95.3125,62.5,62.5,100,100,73.4375,100,100,89.0625,100,100,100,100,92.1875,56.25,100,100,100,89.0625,100,42.1875,82.8125,100,62.5,28.125,89.0625,89.0625,100,100,73.4375,51.5625,76.5625,42.1875,45.3125,100,100,75,60.9375,60.9375,100,81.25,90.625,95.3125,93.75,90.625,100,46.875,100,62.5,54.6875,100,100,75,98.4375,100,100,85.9375,95.3125,75,87.5,92.1875,100,100,100,73.4375,32.8125,100,100,100,100,100,98.4375,100,100,70.3125,62.5,100,85.9375,100,100,100,100,81.25,100,50,50,76.5625,60.9375,96.875,100,100,100,85.9375,100,100,82.8125,35.9375,89.0625,100,71.875,75,100,100,65.625,100,100,100,100,100,100,75,100,100,100,39.0625,65.625,100,92.1875,100,100,100,95.3125,100,100,100,23.4375,15.625,100,85.9375,100,93.75,96.875,71.875,100,100,71.875,71.875,100,89.0625,100,76.5625,95.3125,59.375,100,100,81.25,100,100,92.1875,32.8125,100,100,89.0625,81.25,76.5625,96.875,100,73.4375,100,100,100,100,100,100,100,81.25,34.375,67.1875,100,57.8125,100,100,100,100,100,100,100,100,100,90.625,87.5,100,84.375,100,100,100,100,100,100,100,100,93.75,100,54.6875,100,93.75,100,100,100,93.75,78.125,82.8125,100,37.5,35.9375,42.1875,100,96.875,100,100,35.9375,78.125,100,100,100,100,60.9375,35.9375,84.375,100,100,100,64.0625,100,100,100,100,51.5625,100,100,100,90.625,100,100,100,100,100,95.3125,100,76.5625,59.375,79.6875,54.6875,100,39.0625,82.8125,73.4375,100,100,100,100,89.0625,100,87.5,82.8125,59.375,62.5,100,87.5,82.8125,100,100,81.25,90.625,100,84.375,100,85.9375,28.125,100,100,90.625,100,20.3125,71.875,100,93.75,100,100,100,78.125,100,100,100,93.75,89.0625,89.0625,100,100,100,53.125,100,100,100,100,100,100,100,59.375,100,100,95.3125,76.5625,92.1875,100,100,100,85.9375,71.875,65.625,60.9375,100,100,76.5625,100,100,92.1875,100,100,92.1875,100,23.4375,100,100,100,42.1875,53.125,100,90.625,100,100,89.0625,100,20.3125,84.375,78.125,62.5,100,100,87.5,100,100,95.3125,100,100,93.75,56.25,100,23.4375,39.0625,100,95.3125,60.9375,100,51.5625,87.5,100,100,100,95.3125,100,35.9375,20.3125,100,100,100,96.875,100,100,100,100,100,100,93.75,35.9375,82.8125,100,100,79.6875,93.75,100,100,100,100,84.375,89.0625,65.625,53.125,100,100,100,100,87.5,100,100,100,100,23.4375,53.125,100,100,100,70.3125,75,100,71.875,100,100,26.5625,59.375,62.5,89.0625,79.6875,100,100,100,100,100,81.25,90.625,100,100,100,100,82.8125,96.875,100,100,100,100,100,56.25,100,37.5,84.375,100,100,100,100,100,78.125,64.0625,28.125,53.125,100,100,57.8125,89.0625,100,100,100,100,57.8125,73.4375,87.5,82.8125,100,37.5,100,70.3125,84.375,100,100,96.875,76.5625,89.0625,100,76.5625,100,96.875,25,68.75,100,18.75,100,56.25,100,100,73.4375,100,100,100,68.75,81.25,95.3125,87.5,100,100,89.0625,10.9375,90.625,59.375,67.1875,68.75,93.75,100,65.625,76.5625,93.75,48.4375,100,96.875,100,100,100,100,70.3125,73.4375,96.875,100,100,100,68.75,89.0625,100,62.5,100,100,64.0625,100,70.3125,90.625,98.4375,100,73.4375,93.75,100,82.8125,100,100,21.875,67.1875,100,67.1875,100,100,100,100,84.375,96.875,45.3125,100,100,73.4375,100,96.875,100,81.25,100,81.25,100,84.375,100,37.5,53.125,100,90.625,34.375,93.75,100,84.375,60.9375,100,100,100,20.3125,35.9375,100,71.875,76.5625,43.75,31.25,100,100,100,62.5,79.6875,95.3125,57.8125,100,98.4375,100,93.75,46.875,32.8125,92.1875,70.3125,100,100,92.1875,71.875,100,53.125,25,100,100,60.9375,60.9375,89.0625,100,76.5625,85.9375,50,100,40.625,100,100,100,100,64.0625,100,59.375,100,98.4375,68.75,42.1875,100,100,100,100,84.375,100,100,100,100,100,100,100,62.5,70.3125,100,100,60.9375,100,48.4375,100,40.625,84.375,100,100,100,81.25,75,82.8125,100,89.0625,100,100,100,100,100,81.25,62.5,53.125,98.4375,100,100,100,100,20.3125,98.4375,32.8125,87.5,89.0625,96.875,100,93.75,92.1875,68.75,100,100,90.625,100,100,100,100,100,89.0625,100,76.5625,75,100,100,100,87.5,100,100,100,67.1875,100,93.75,79.6875,100,100,34.375,90.625,81.25,98.4375,100,78.125,48.4375,59.375,65.625,100,95.3125,92.1875,100,100,29.6875,100,76.5625,100,100,93.75,100,67.1875,54.6875,60.9375,78.125,100,92.1875,21.875,100,84.375,4.6875,37.5,70.3125,56.25,100,100,100,92.1875,92.1875,84.375,100,100,93.75,81.25,100,100,64.0625,100,100,100,71.875,100,100,100,100,100,81.25,100,100,21.875,89.0625,100,100,51.5625,81.25,67.1875,96.875,84.375,100,96.875,100,100,70.3125,56.25,54.6875,100,100,59.375,100,70.3125,100,79.6875,73.4375,71.875,73.4375,100,100,100,100,100,78.125,81.25,100,98.4375,100,54.6875,23.4375,73.4375,100,90.625,100,65.625,81.25,100,34.375,67.1875,100,75,100,71.875,56.25,100,90.625,95.3125,23.4375,40.625,96.875,100,100,100,32.8125,75,34.375,100,54.6875,100,100,59.375,100,100,51.5625,4.6875,100,84.375,78.125,89.0625,71.875,100,93.75,100,100,68.75,96.875,21.875,56.25,71.875,67.1875,39.0625,100,82.8125,100,100,54.6875,100,82.8125,62.5,100,87.5,75,64.0625,62.5,96.875,100,17.1875,100,100,70.3125,100,85.9375,71.875,100,100,43.75,59.375,96.875,100,81.25,100,100,90.625,54.6875,59.375,100,100,100,100,95.3125,100,100,100,82.8125,65.625,82.8125,87.5,62.5,100,98.4375,81.25,95.3125,98.4375,89.0625,100,100,34.375,100,100,100,100,71.875,100,78.125,42.1875,90.625,100,56.25,40.625,26.5625,81.25,100,100,75,87.5,100,89.0625,73.4375,100,65.625,21.875,70.3125,100,100,100,100,100,57.8125,92.1875,100,100,100,75,79.6875,51.5625,10.9375,100,70.3125,64.0625,25,82.8125,59.375,76.5625,71.875,21.875,93.75,54.6875,85.9375,95.3125,100,100,46.875,100,92.1875,92.1875,100,100,53.125,26.5625,100,100,95.3125,73.4375,95.3125,100,100,100,75,71.875,37.5,64.0625,100,93.75,100,100,100,96.875,67.1875,42.1875,100,100,100,100,100,100,100,100,71.875,100,98.4375,100,40.625,100,84.375,100,35.9375,100,53.125,100,100,100,100,100,100,93.75,95.3125,100,100,92.1875,95.3125,84.375,90.625,100,100,100,84.375,54.6875,65.625,98.4375,100,100,29.6875,84.375,100,100,100,100,100,100,100,60.9375,28.125,100,85.9375,100,100,81.25,90.625,96.875,68.75,87.5,100,100,65.625,95.3125,100,100,78.125,90.625,21.875,81.25,100,100,100,100,100,96.875,100,100,75,100,93.75,64.0625,84.375,67.1875,100,25,100,100,90.625,54.6875,100,100,50,95.3125,73.4375,90.625,100,100,100,84.375,84.375,71.875,100,84.375,100,39.0625,100,100,81.25,54.6875,82.8125,100,100,100,98.4375,100,100,84.375,65.625,100,7.8125,54.6875,100,100,71.875,100,100,98.4375,57.8125,95.3125,100,100,96.875,100,100,100,68.75,48.4375,96.875,62.5,100,100,67.1875,100,100,60.9375,100,100,90.625,100,100,79.6875,100,56.25,70.3125,95.3125,100,26.5625,60.9375,46.875,100,50,100,100,87.5,92.1875,100,100,73.4375,100,89.0625,90.625,73.4375,100,100,100,46.875,98.4375,100,60.9375,87.5,75,100,84.375,100,59.375,100,100,100,100,98.4375,100,100,100,65.625,43.75,100,20.3125,100,81.25,100,28.125,100,100,100,60.9375,100,100,100,100,100,71.875,100,100,60.9375,100,100,37.5,100,75,100,100,100,100,93.75,100,53.125,100,64.0625,100,50,82.8125,68.75,96.875,62.5,100,71.875,79.6875,100,84.375,81.25,48.4375,100,100,42.1875,31.25,100,53.125,100,100,100,75,100,100,100,96.875,100,100,32.8125,100,100,96.875,81.25,93.75,78.125,100,65.625,95.3125,64.0625,56.25,100,100,89.0625,79.6875,95.3125,100,100,65.625,87.5,100,89.0625,100,62.5,92.1875,92.1875,100,90.625,96.875,100,100,87.5,68.75,65.625,81.25,81.25,100,100,96.875,100,90.625,57.8125,68.75,78.125,87.5,18.75,51.5625,95.3125,100,100,46.875,100,100,100,100,100,73.4375,79.6875,45.3125,90.625,100,100,100,62.5,100,100,78.125,53.125,100,62.5,100,48.4375,75,81.25,100,68.75,54.6875,100,100,100,100,73.4375,100,100,100,50,100,100,68.75,40.625,100,100,57.8125,92.1875,75,100,100,82.8125,100,100,100,100,100,34.375,100,75,62.5,100,100,65.625,100,100,87.5,100,100,100,100,100,89.0625,90.625,100,100,100,71.875,56.25,100,57.8125,100,70.3125,100,65.625,85.9375,100,100,68.75,100,35.9375,71.875,42.1875,100,60.9375,100,100,100,100,100,89.0625,100,56.25,56.25,37.5,100,100,100,100,100,70.3125,100,37.5,100,37.5,79.6875,67.1875,100,76.5625,65.625,79.6875,78.125,98.4375,18.75,95.3125,87.5,100,28.125,35.9375,100,100,100,100,25,68.75,100,59.375,71.875,96.875,100,50,87.5,81.25,76.5625,100,100,100,100,60.9375,100,100,82.8125,100,78.125,68.75,84.375,100,100,23.4375,100,59.375,100,100,43.75,100,43.75,100,84.375,85.9375,100,54.6875,39.0625,95.3125,90.625,29.6875,85.9375,93.75,100,100,100,79.6875,93.75,40.625,100,54.6875,100,100,100,89.0625,62.5,28.125,100,98.4375,48.4375,68.75,100,35.9375,100,100,100,26.5625,100,54.6875,100,100,100,81.25,100,75,51.5625,100,90.625,84.375,50,45.3125,53.125,68.75,100,98.4375,100,100,87.5,100,60.9375,100,100,100,100,100,87.5,65.625,100,95.3125,100,100,100,100,100,59.375,73.4375,100,26.5625,65.625,100,100,100,100,68.75,1.5625,100,71.875,29.6875,100,85.9375,100,100,100,100,100,100,100,85.9375,56.25,100,100,100,100,100,100,90.625,35.9375,64.0625,42.1875,100,59.375,100,100,100,76.5625,92.1875,46.875,64.0625,100,100,57.8125,100,100,50,100,100,73.4375,100,100,81.25,93.75,100,65.625,28.125,100,90.625,100,100,57.8125,100,62.5,79.6875,76.5625,71.875,26.5625,85.9375,100,100,73.4375,100,100,100,87.5,59.375,100,71.875,67.1875,100,79.6875,98.4375,48.4375,56.25,100,100,96.875,82.8125,100,95.3125,32.8125,68.75,98.4375,59.375,65.625,100,100,68.75,85.9375,100,79.6875,34.375,68.75,81.25,100,87.5,82.8125,100,100,59.375,32.8125,100,95.3125,100,100,100,45.3125,60.9375,100,54.6875,100,100,64.0625,100,60.9375,85.9375,60.9375,84.375,100,100,9.375,56.25,100,82.8125,100,100,95.3125,100
"6084",89.0625,100,51.5625,100,100,67.1875,89.0625,96.875,21.875,96.875,57.8125,100,100,100,81.25,75,96.875,79.6875,100,100,96.875,100,100,100,50,100,100,90.625,84.375,100,100,100,100,89.0625,100,96.875,84.375,100,100,93.75,81.25,64.0625,81.25,100,100,100,100,100,68.75,87.5,75,100,100,68.75,100,100,6.25,100,100,42.1875,93.75,56.25,98.4375,37.5,100,100,59.375,100,79.6875,100,53.125,71.875,100,71.875,57.8125,82.8125,100,60.9375,48.4375,100,75,100,81.25,75,100,100,100,100,100,100,56.25,84.375,100,50,71.875,75,100,57.8125,100,100,78.125,96.875,100,90.625,100,25,100,96.875,85.9375,100,87.5,76.5625,100,100,28.125,100,100,100,100,100,68.75,100,100,95.3125,100,35.9375,100,18.75,100,100,100,100,70.3125,100,100,65.625,60.9375,78.125,100,100,100,71.875,56.25,64.0625,100,100,68.75,100,57.8125,79.6875,56.25,39.0625,79.6875,93.75,96.875,90.625,71.875,100,100,100,100,100,73.4375,100,89.0625,70.3125,48.4375,84.375,31.25,35.9375,100,70.3125,100,60.9375,100,100,87.5,100,100,100,98.4375,87.5,100,68.75,100,100,29.6875,46.875,100,87.5,100,100,87.5,100,98.4375,100,90.625,78.125,100,100,21.875,100,96.875,100,100,100,100,100,75,100,35.9375,100,100,100,76.5625,78.125,100,95.3125,100,59.375,100,75,100,100,100,53.125,100,100,100,100,78.125,81.25,34.375,100,100,100,82.8125,60.9375,89.0625,100,100,100,100,93.75,100,40.625,100,89.0625,100,100,100,79.6875,75,100,100,62.5,100,62.5,100,100,100,98.4375,34.375,87.5,21.875,96.875,100,100,100,100,57.8125,60.9375,100,100,96.875,67.1875,34.375,100,67.1875,100,90.625,100,51.5625,65.625,100,100,29.6875,100,100,90.625,79.6875,100,64.0625,51.5625,100,100,100,95.3125,54.6875,75,35.9375,100,93.75,79.6875,100,84.375,90.625,46.875,90.625,100,100,67.1875,29.6875,100,65.625,93.75,100,100,98.4375,46.875,89.0625,100,50,64.0625,79.6875,59.375,92.1875,64.0625,100,65.625,89.0625,92.1875,76.5625,96.875,100,40.625,87.5,87.5,100,100,100,81.25,37.5,37.5,70.3125,65.625,39.0625,100,100,71.875,100,71.875,75,82.8125,70.3125,100,95.3125,76.5625,48.4375,100,57.8125,89.0625,100,100,82.8125,53.125,25,81.25,98.4375,100,100,100,54.6875,73.4375,81.25,100,95.3125,75,79.6875,100,71.875,89.0625,100,100,100,100,93.75,92.1875,60.9375,89.0625,100,71.875,100,100,100,73.4375,100,68.75,60.9375,14.0625,100,96.875,100,100,100,51.5625,59.375,100,71.875,96.875,70.3125,87.5,100,78.125,100,96.875,39.0625,53.125,100,76.5625,62.5,100,100,100,100,59.375,39.0625,100,95.3125,100,82.8125,100,79.6875,100,68.75,75,46.875,100,100,100,100,93.75,82.8125,73.4375,87.5,100,100,100,79.6875,93.75,90.625,100,100,100,84.375,73.4375,100,96.875,100,100,76.5625,65.625,70.3125,28.125,100,95.3125,100,100,100,73.4375,73.4375,34.375,57.8125,100,100,15.625,100,65.625,100,85.9375,79.6875,100,89.0625,62.5,82.8125,100,53.125,100,46.875,75,100,79.6875,89.0625,100,62.5,100,100,100,70.3125,73.4375,81.25,100,100,100,85.9375,57.8125,71.875,82.8125,100,100,64.0625,79.6875,68.75,100,100,100,100,100,100,100,100,75,100,70.3125,40.625,92.1875,100,100,45.3125,100,51.5625,100,92.1875,100,87.5,71.875,100,79.6875,84.375,100,84.375,100,100,35.9375,48.4375,100,59.375,93.75,100,70.3125,100,100,100,100,100,48.4375,100,100,71.875,96.875,100,71.875,100,100,100,100,32.8125,82.8125,100,100,78.125,100,92.1875,100,31.25,82.8125,100,76.5625,98.4375,100,60.9375,100,57.8125,100,65.625,95.3125,100,100,100,65.625,100,68.75,100,100,100,100,81.25,100,60.9375,96.875,100,100,100,100,92.1875,100,56.25,43.75,100,54.6875,100,100,87.5,100,56.25,100,93.75,84.375,100,100,100,100,90.625,68.75,100,68.75,100,100,92.1875,81.25,79.6875,100,100,100,100,100,100,100,100,92.1875,100,100,28.125,96.875,68.75,82.8125,92.1875,82.8125,100,100,100,92.1875,92.1875,100,46.875,6.25,76.5625,87.5,29.6875,100,100,100,100,100,81.25,31.25,100,87.5,42.1875,59.375,76.5625,75,54.6875,98.4375,76.5625,100,90.625,100,73.4375,85.9375,40.625,81.25,95.3125,65.625,81.25,100,100,100,100,100,100,76.5625,100,43.75,68.75,100,100,60.9375,65.625,59.375,46.875,100,48.4375,100,100,100,100,100,100,57.8125,100,75,90.625,79.6875,100,100,67.1875,79.6875,100,73.4375,62.5,100,100,100,78.125,100,100,100,100,100,76.5625,70.3125,100,100,100,87.5,100,100,100,90.625,100,100,68.75,100,100,100,64.0625,90.625,100,35.9375,85.9375,100,76.5625,39.0625,78.125,98.4375,100,76.5625,81.25,100,96.875,100,73.4375,31.25,31.25,87.5,100,100,100,48.4375,84.375,71.875,76.5625,20.3125,100,100,20.3125,40.625,100,48.4375,84.375,100,76.5625,87.5,100,100,81.25,100,100,100,95.3125,100,40.625,43.75,100,100,59.375,100,100,100,60.9375,56.25,96.875,100,100,56.25,95.3125,100,100,96.875,56.25,100,100,82.8125,70.3125,100,39.0625,92.1875,100,100,54.6875,100,79.6875,100,100,100,100,93.75,60.9375,100,100,89.0625,92.1875,100,100,29.6875,100,70.3125,81.25,79.6875,100,98.4375,43.75,100,53.125,100,100,60.9375,81.25,65.625,32.8125,100,100,75,100,76.5625,37.5,67.1875,100,100,81.25,100,93.75,100,93.75,96.875,100,100,100,100,100,98.4375,100,100,100,65.625,42.1875,100,70.3125,100,75,37.5,59.375,78.125,100,17.1875,100,96.875,57.8125,100,67.1875,82.8125,85.9375,82.8125,100,98.4375,96.875,56.25,100,100,71.875,54.6875,100,100,62.5,98.4375,85.9375,62.5,90.625,100,100,100,100,60.9375,100,21.875,100,79.6875,100,81.25,56.25,89.0625,79.6875,68.75,96.875,100,35.9375,100,81.25,100,89.0625,100,76.5625,59.375,100,100,68.75,100,87.5,100,100,81.25,89.0625,87.5,43.75,100,100,54.6875,87.5,100,34.375,71.875,100,100,100,70.3125,100,100,100,100,100,100,93.75,100,100,100,95.3125,100,100,100,100,70.3125,65.625,100,100,59.375,35.9375,100,93.75,100,100,85.9375,90.625,100,29.6875,100,23.4375,85.9375,75,71.875,100,71.875,84.375,100,100,100,96.875,100,100,100,100,31.25,59.375,78.125,37.5,100,95.3125,64.0625,95.3125,56.25,67.1875,100,100,100,84.375,84.375,100,96.875,100,79.6875,100,100,100,54.6875,96.875,100,84.375,35.9375,100,100,78.125,100,62.5,100,96.875,89.0625,100,100,100,100,81.25,100,100,39.0625,76.5625,65.625,56.25,100,100,90.625,100,100,100,100,75,100,78.125,100,100,45.3125,100,100,100,54.6875,100,96.875,100,93.75,100,100,100,100,65.625,100,100,70.3125,29.6875,100,98.4375,79.6875,82.8125,100,84.375,100,100,37.5,100,59.375,100,95.3125,76.5625,100,100,39.0625,100,100,82.8125,75,100,31.25,79.6875,100,100,79.6875,70.3125,17.1875,100,100,100,48.4375,100,100,100,100,100,76.5625,75,65.625,64.0625,92.1875,93.75,100,90.625,100,87.5,100,100,75,100,100,73.4375,70.3125,100,93.75,82.8125,100,82.8125,43.75,100,82.8125,100,54.6875,75,100,100,100,100,60.9375,100,82.8125,100,100,100,70.3125,100,100,57.8125,65.625,100,93.75,100,82.8125,100,93.75,100,75,96.875,46.875,100,100,100,100,100,100,42.1875,65.625,96.875,100,100,100,100,100,100,71.875,100,100,100,60.9375,100,96.875,100,75,75,100,100,100,84.375,96.875,100,79.6875,75,100,85.9375,100,100,87.5,65.625,100,50,51.5625,21.875,100,68.75,95.3125,100,75,84.375,82.8125,50,100,87.5,31.25,100,100,100,100,100,100,100,100,100,100,51.5625,73.4375,78.125,57.8125,65.625,73.4375,100,32.8125,89.0625,60.9375,95.3125,82.8125,100,100,54.6875,100,100,71.875,100,95.3125,100,100,100,31.25,100,73.4375,71.875,100,100,100,100,18.75,65.625,100,100,92.1875,89.0625,48.4375,100,35.9375,100,100,100,100,73.4375,68.75,100,73.4375,100,85.9375,100,100,100,89.0625,84.375,53.125,89.0625,73.4375,100,100,78.125,67.1875,92.1875,67.1875,60.9375,53.125,100,100,65.625,89.0625,100,65.625,60.9375,100,39.0625,89.0625,100,92.1875,100,100,100,96.875,100,75,100,100,73.4375,90.625,100,96.875,100,85.9375,89.0625,100,100,100,100,100,100,87.5,100,90.625,60.9375,60.9375,100,34.375,60.9375,100,100,89.0625,100,100,100,100,90.625,54.6875,100,100,100,87.5,100,42.1875,98.4375,100,64.0625,31.25,90.625,89.0625,100,100,65.625,50,75,45.3125,43.75,100,100,76.5625,60.9375,65.625,100,67.1875,84.375,95.3125,100,90.625,100,32.8125,100,65.625,71.875,100,100,71.875,100,100,100,81.25,93.75,68.75,89.0625,93.75,100,100,100,73.4375,34.375,59.375,100,98.4375,95.3125,100,78.125,100,40.625,70.3125,84.375,100,64.0625,100,100,100,100,79.6875,100,51.5625,50,79.6875,62.5,95.3125,100,100,100,87.5,100,100,93.75,37.5,92.1875,100,75,75,100,96.875,65.625,90.625,100,100,100,100,100,71.875,100,100,100,100,67.1875,100,96.875,100,100,100,90.625,100,100,100,100,46.875,100,100,100,81.25,100,76.5625,100,100,71.875,70.3125,100,92.1875,100,76.5625,95.3125,59.375,100,100,82.8125,100,100,100,40.625,92.1875,100,93.75,78.125,76.5625,98.4375,100,71.875,100,100,100,100,100,100,100,76.5625,35.9375,67.1875,100,51.5625,100,100,51.5625,100,100,100,96.875,100,100,92.1875,95.3125,100,90.625,100,100,100,100,92.1875,100,100,100,92.1875,100,51.5625,100,92.1875,100,92.1875,100,95.3125,75,78.125,96.875,37.5,4.6875,42.1875,100,100,100,100,39.0625,95.3125,100,100,100,100,60.9375,100,84.375,100,100,100,65.625,100,100,100,100,43.75,100,100,100,93.75,100,100,100,100,100,95.3125,100,79.6875,54.6875,76.5625,40.625,100,100,70.3125,70.3125,100,76.5625,100,100,89.0625,100,87.5,90.625,67.1875,85.9375,100,100,79.6875,100,100,76.5625,93.75,100,89.0625,100,85.9375,28.125,100,68.75,85.9375,100,20.3125,68.75,100,92.1875,100,100,100,82.8125,100,100,100,100,89.0625,82.8125,100,100,100,95.3125,100,100,100,100,100,100,100,29.6875,100,100,96.875,79.6875,65.625,100,100,89.0625,93.75,71.875,68.75,71.875,100,100,73.4375,34.375,100,89.0625,70.3125,100,92.1875,100,28.125,100,100,100,75,54.6875,100,73.4375,100,100,84.375,46.875,20.3125,85.9375,73.4375,62.5,100,100,87.5,100,100,100,100,85.9375,89.0625,57.8125,100,25,34.375,100,95.3125,48.4375,100,54.6875,87.5,100,100,100,95.3125,100,37.5,18.75,100,100,100,100,100,100,100,100,100,100,87.5,53.125,82.8125,100,100,78.125,92.1875,100,98.4375,100,100,90.625,100,68.75,51.5625,100,100,100,85.9375,96.875,100,100,93.75,100,31.25,48.4375,100,100,100,78.125,76.5625,100,68.75,100,100,26.5625,59.375,62.5,96.875,82.8125,100,100,100,95.3125,100,92.1875,90.625,96.875,100,100,100,81.25,100,100,100,100,100,100,57.8125,100,12.5,84.375,100,100,100,100,100,82.8125,100,28.125,87.5,75,100,54.6875,85.9375,100,100,100,100,75,75,100,84.375,100,37.5,100,71.875,81.25,100,100,32.8125,92.1875,87.5,100,75,100,100,25,68.75,100,28.125,100,54.6875,100,100,75,100,100,100,64.0625,73.4375,100,85.9375,100,100,93.75,6.25,64.0625,82.8125,65.625,76.5625,73.4375,100,48.4375,79.6875,93.75,100,100,96.875,100,100,100,100,68.75,70.3125,100,96.875,76.5625,100,70.3125,100,100,81.25,100,78.125,64.0625,100,70.3125,100,34.375,100,73.4375,100,21.875,78.125,100,100,100,70.3125,100,67.1875,100,100,100,100,84.375,98.4375,51.5625,100,100,84.375,100,68.75,100,92.1875,100,82.8125,100,82.8125,100,100,100,100,100,31.25,95.3125,100,81.25,70.3125,100,100,100,39.0625,35.9375,100,65.625,76.5625,100,31.25,98.4375,100,100,46.875,100,93.75,56.25,100,92.1875,100,62.5,67.1875,34.375,100,71.875,100,100,90.625,59.375,100,59.375,26.5625,26.5625,100,54.6875,62.5,89.0625,100,73.4375,79.6875,57.8125,100,40.625,100,100,100,100,57.8125,100,25,100,93.75,85.9375,42.1875,70.3125,100,100,100,56.25,100,100,82.8125,100,100,100,82.8125,57.8125,60.9375,100,100,65.625,100,48.4375,100,67.1875,85.9375,93.75,92.1875,100,78.125,62.5,82.8125,100,87.5,100,100,100,100,100,79.6875,56.25,54.6875,96.875,100,100,100,100,14.0625,100,29.6875,100,100,98.4375,100,92.1875,87.5,79.6875,100,100,87.5,67.1875,100,100,100,100,100,100,76.5625,68.75,100,100,100,89.0625,100,100,100,67.1875,32.8125,98.4375,81.25,100,100,35.9375,92.1875,81.25,79.6875,100,65.625,89.0625,59.375,90.625,100,100,100,100,100,100,100,92.1875,100,100,93.75,100,93.75,56.25,43.75,76.5625,100,98.4375,23.4375,100,100,6.25,34.375,59.375,9.375,100,100,100,89.0625,92.1875,84.375,100,100,85.9375,81.25,100,100,75,100,100,100,71.875,100,96.875,90.625,21.875,100,85.9375,100,100,28.125,89.0625,100,100,53.125,79.6875,100,100,81.25,100,100,89.0625,100,79.6875,100,45.3125,100,100,57.8125,100,70.3125,100,79.6875,73.4375,70.3125,75,100,76.5625,100,100,100,78.125,71.875,100,98.4375,100,57.8125,23.4375,53.125,100,92.1875,100,65.625,78.125,100,34.375,59.375,100,100,100,71.875,71.875,100,90.625,89.0625,21.875,40.625,95.3125,100,100,100,32.8125,59.375,29.6875,100,62.5,100,100,59.375,100,34.375,53.125,15.625,100,89.0625,73.4375,70.3125,76.5625,100,93.75,95.3125,100,76.5625,96.875,21.875,54.6875,71.875,70.3125,39.0625,100,78.125,100,100,54.6875,100,81.25,56.25,100,87.5,75,85.9375,64.0625,100,100,18.75,100,100,73.4375,100,87.5,70.3125,100,100,40.625,59.375,89.0625,100,82.8125,98.4375,100,100,57.8125,59.375,100,100,100,100,95.3125,100,100,84.375,87.5,64.0625,51.5625,100,67.1875,100,100,100,100,89.0625,100,98.4375,100,32.8125,100,89.0625,100,100,100,100,81.25,43.75,89.0625,100,56.25,40.625,56.25,81.25,100,96.875,71.875,89.0625,85.9375,96.875,100,100,67.1875,32.8125,76.5625,71.875,100,100,96.875,100,54.6875,90.625,100,100,100,59.375,81.25,50,17.1875,100,73.4375,57.8125,15.625,78.125,59.375,73.4375,100,26.5625,95.3125,54.6875,85.9375,100,100,100,100,100,100,85.9375,100,100,100,62.5,100,87.5,96.875,75,95.3125,89.0625,100,100,57.8125,71.875,59.375,64.0625,100,100,100,100,100,95.3125,64.0625,42.1875,92.1875,100,100,100,84.375,100,100,100,100,48.4375,100,100,96.875,100,84.375,100,35.9375,100,51.5625,100,100,100,100,100,95.3125,100,71.875,100,100,89.0625,100,92.1875,100,100,100,96.875,67.1875,53.125,71.875,98.4375,100,100,31.25,82.8125,90.625,100,100,100,100,100,100,85.9375,28.125,100,89.0625,90.625,100,79.6875,98.4375,95.3125,59.375,87.5,100,100,87.5,93.75,100,100,76.5625,54.6875,21.875,76.5625,100,100,100,75,100,100,100,100,100,100,93.75,60.9375,79.6875,67.1875,100,25,12.5,100,93.75,54.6875,100,100,50,100,71.875,93.75,100,100,78.125,79.6875,89.0625,78.125,100,84.375,100,40.625,100,100,70.3125,67.1875,65.625,100,100,100,98.4375,100,100,82.8125,65.625,100,7.8125,54.6875,100,100,76.5625,100,100,100,60.9375,100,100,100,92.1875,100,100,100,67.1875,48.4375,93.75,59.375,100,100,64.0625,100,100,60.9375,100,100,93.75,100,100,82.8125,100,56.25,70.3125,48.4375,100,26.5625,54.6875,75,100,100,75,100,82.8125,93.75,100,100,73.4375,100,85.9375,100,65.625,100,100,100,46.875,96.875,100,46.875,92.1875,45.3125,100,82.8125,65.625,56.25,100,42.1875,100,100,100,100,100,100,68.75,37.5,100,64.0625,100,79.6875,100,28.125,100,100,100,57.8125,100,100,100,100,100,70.3125,100,100,100,100,100,60.9375,100,75,100,100,100,100,87.5,100,53.125,100,100,100,46.875,100,90.625,79.6875,57.8125,100,76.5625,84.375,96.875,82.8125,78.125,43.75,100,100,39.0625,31.25,100,51.5625,100,100,100,75,100,73.4375,100,59.375,100,100,34.375,100,73.4375,98.4375,79.6875,93.75,96.875,100,53.125,89.0625,64.0625,54.6875,100,100,92.1875,87.5,100,100,100,67.1875,87.5,100,90.625,100,56.25,75,93.75,100,95.3125,95.3125,100,100,85.9375,64.0625,79.6875,76.5625,100,100,100,96.875,100,96.875,59.375,68.75,98.4375,89.0625,10.9375,45.3125,100,100,100,46.875,40.625,100,100,89.0625,100,81.25,79.6875,35.9375,87.5,100,100,100,68.75,100,54.6875,78.125,39.0625,100,57.8125,100,50,76.5625,79.6875,100,96.875,54.6875,100,100,100,100,75,100,100,100,53.125,100,100,64.0625,48.4375,100,100,60.9375,93.75,76.5625,100,98.4375,81.25,76.5625,100,100,100,100,48.4375,100,73.4375,100,100,100,76.5625,100,100,78.125,100,100,100,84.375,100,96.875,89.0625,100,100,100,68.75,65.625,100,60.9375,100,92.1875,100,59.375,85.9375,100,100,73.4375,100,35.9375,64.0625,40.625,76.5625,59.375,100,100,100,87.5,93.75,79.6875,100,51.5625,54.6875,35.9375,100,100,100,100,100,76.5625,100,42.1875,100,48.4375,87.5,68.75,100,56.25,67.1875,79.6875,75,100,20.3125,95.3125,87.5,100,29.6875,45.3125,100,100,100,100,25,75,100,59.375,78.125,67.1875,100,73.4375,100,82.8125,85.9375,100,100,95.3125,100,59.375,100,100,78.125,100,92.1875,76.5625,85.9375,100,100,18.75,100,45.3125,100,100,43.75,100,43.75,100,79.6875,46.875,100,46.875,53.125,95.3125,100,29.6875,85.9375,95.3125,100,78.125,100,75,95.3125,42.1875,100,57.8125,100,62.5,100,76.5625,57.8125,29.6875,100,98.4375,48.4375,67.1875,100,100,76.5625,100,100,17.1875,100,56.25,100,100,100,82.8125,100,96.875,67.1875,100,92.1875,81.25,48.4375,42.1875,53.125,100,100,100,100,100,87.5,100,89.0625,100,100,100,100,100,87.5,65.625,100,100,100,100,100,100,100,57.8125,98.4375,100,26.5625,100,100,100,100,100,68.75,1.5625,90.625,100,28.125,100,84.375,100,100,100,100,100,100,100,82.8125,100,100,100,100,100,90.625,100,89.0625,100,15.625,39.0625,100,62.5,100,100,100,76.5625,100,60.9375,64.0625,100,100,43.75,100,23.4375,45.3125,100,100,85.9375,100,100,100,92.1875,100,92.1875,28.125,87.5,100,100,59.375,37.5,100,62.5,100,64.0625,73.4375,23.4375,81.25,100,100,78.125,100,87.5,100,90.625,59.375,34.375,68.75,67.1875,93.75,90.625,100,56.25,53.125,100,100,96.875,100,100,100,31.25,70.3125,100,100,64.0625,100,100,62.5,73.4375,100,79.6875,34.375,68.75,81.25,100,100,100,54.6875,100,59.375,34.375,100,100,100,100,95.3125,100,62.5,100,56.25,87.5,100,87.5,100,68.75,81.25,70.3125,79.6875,100,100,56.25,51.5625,100,84.375,100,100,81.25,100
"6085",89.0625,100,40.625,100,100,53.125,92.1875,100,25,98.4375,54.6875,100,100,100,60.9375,76.5625,100,78.125,100,100,96.875,95.3125,100,100,53.125,100,100,84.375,84.375,100,100,100,100,92.1875,100,78.125,78.125,100,100,100,79.6875,64.0625,84.375,100,100,100,100,100,65.625,82.8125,75,100,100,68.75,82.8125,100,14.0625,100,100,42.1875,84.375,54.6875,98.4375,100,100,100,59.375,100,60.9375,100,54.6875,73.4375,100,100,59.375,76.5625,100,51.5625,50,100,68.75,100,50,73.4375,51.5625,100,100,100,100,100,57.8125,84.375,100,50,73.4375,96.875,100,56.25,100,100,82.8125,96.875,100,90.625,100,21.875,96.875,81.25,85.9375,100,75,78.125,100,100,28.125,100,100,100,95.3125,100,79.6875,100,100,89.0625,100,35.9375,100,18.75,100,100,100,100,64.0625,100,79.6875,65.625,56.25,79.6875,100,100,100,76.5625,45.3125,57.8125,100,100,95.3125,100,57.8125,82.8125,56.25,39.0625,79.6875,89.0625,100,95.3125,73.4375,100,100,100,100,100,79.6875,100,89.0625,68.75,87.5,92.1875,28.125,100,93.75,75,60.9375,62.5,100,100,89.0625,100,100,48.4375,100,92.1875,100,84.375,93.75,65.625,29.6875,100,39.0625,84.375,100,100,87.5,100,100,100,100,81.25,100,100,25,100,96.875,100,100,100,100,100,96.875,100,34.375,100,100,100,81.25,79.6875,34.375,95.3125,100,70.3125,100,78.125,100,100,100,53.125,100,100,67.1875,100,82.8125,82.8125,100,100,100,100,82.8125,62.5,89.0625,100,100,64.0625,100,100,100,43.75,100,90.625,100,46.875,42.1875,78.125,78.125,100,51.5625,64.0625,100,65.625,100,100,100,98.4375,35.9375,92.1875,82.8125,100,100,100,100,100,81.25,81.25,100,100,100,67.1875,35.9375,64.0625,78.125,100,89.0625,100,20.3125,100,100,100,31.25,98.4375,100,89.0625,81.25,100,54.6875,53.125,100,81.25,100,90.625,53.125,75,48.4375,98.4375,75,73.4375,100,85.9375,84.375,59.375,90.625,62.5,90.625,62.5,29.6875,100,100,93.75,100,100,96.875,54.6875,90.625,100,51.5625,100,75,60.9375,92.1875,67.1875,100,67.1875,95.3125,100,76.5625,100,100,40.625,100,89.0625,100,100,100,82.8125,39.0625,40.625,100,65.625,40.625,100,82.8125,76.5625,100,78.125,100,89.0625,71.875,100,100,75,46.875,93.75,64.0625,92.1875,100,100,82.8125,39.0625,20.3125,87.5,98.4375,100,81.25,100,87.5,75,100,100,96.875,82.8125,85.9375,100,85.9375,100,100,100,100,100,93.75,100,60.9375,92.1875,100,87.5,100,100,100,71.875,100,57.8125,98.4375,14.0625,53.125,100,100,100,100,39.0625,59.375,84.375,71.875,96.875,68.75,96.875,100,100,100,100,39.0625,60.9375,100,75,56.25,100,100,100,100,34.375,43.75,100,96.875,100,82.8125,100,78.125,100,76.5625,90.625,43.75,100,100,100,100,90.625,100,82.8125,98.4375,100,100,100,100,92.1875,96.875,100,100,100,84.375,70.3125,100,100,95.3125,100,76.5625,70.3125,67.1875,34.375,89.0625,56.25,100,85.9375,100,100,79.6875,35.9375,57.8125,90.625,100,17.1875,100,95.3125,100,60.9375,100,100,100,62.5,84.375,100,48.4375,100,50,75,100,82.8125,81.25,100,64.0625,100,100,100,68.75,100,81.25,100,100,100,85.9375,56.25,64.0625,82.8125,100,100,64.0625,79.6875,73.4375,100,100,54.6875,59.375,100,100,43.75,81.25,75,76.5625,64.0625,43.75,93.75,100,98.4375,43.75,100,51.5625,100,93.75,100,84.375,70.3125,100,78.125,84.375,95.3125,84.375,100,100,34.375,48.4375,100,59.375,93.75,100,70.3125,87.5,100,100,100,100,46.875,82.8125,100,71.875,100,100,71.875,100,100,100,100,32.8125,73.4375,100,100,76.5625,100,92.1875,100,32.8125,100,100,82.8125,87.5,100,64.0625,100,56.25,76.5625,100,100,100,75,100,64.0625,100,71.875,100,100,100,100,84.375,100,60.9375,96.875,100,100,100,92.1875,78.125,100,57.8125,64.0625,100,100,100,100,79.6875,100,67.1875,100,100,100,100,100,100,100,98.4375,59.375,100,60.9375,100,92.1875,100,96.875,81.25,100,20.3125,84.375,100,100,100,100,100,93.75,100,100,40.625,96.875,67.1875,14.0625,71.875,70.3125,100,57.8125,100,82.8125,90.625,100,46.875,28.125,70.3125,57.8125,29.6875,100,100,100,100,100,100,28.125,100,85.9375,48.4375,59.375,76.5625,75,59.375,98.4375,78.125,100,93.75,67.1875,75,79.6875,40.625,92.1875,95.3125,62.5,78.125,100,100,100,100,100,100,76.5625,100,45.3125,68.75,100,100,68.75,56.25,98.4375,46.875,100,57.8125,100,100,85.9375,100,100,100,57.8125,100,98.4375,90.625,81.25,100,100,67.1875,68.75,100,100,67.1875,100,100,100,81.25,100,100,100,100,100,81.25,67.1875,100,100,100,92.1875,100,100,100,78.125,100,100,70.3125,100,100,100,62.5,100,100,35.9375,89.0625,100,89.0625,39.0625,71.875,98.4375,100,76.5625,79.6875,100,93.75,100,73.4375,31.25,29.6875,85.9375,50,100,100,48.4375,100,82.8125,79.6875,6.25,100,100,100,40.625,100,48.4375,84.375,100,79.6875,100,100,100,84.375,100,100,100,100,100,34.375,43.75,100,100,89.0625,100,29.6875,100,100,59.375,95.3125,100,100,59.375,71.875,100,100,39.0625,100,100,100,87.5,65.625,100,42.1875,92.1875,100,100,54.6875,100,82.8125,100,100,100,100,93.75,62.5,100,100,84.375,100,100,45.3125,35.9375,100,70.3125,81.25,81.25,100,100,20.3125,92.1875,57.8125,100,100,64.0625,84.375,68.75,17.1875,100,100,67.1875,100,76.5625,10.9375,67.1875,100,100,100,100,89.0625,100,96.875,100,100,100,100,100,100,100,100,100,100,62.5,42.1875,100,68.75,96.875,78.125,64.0625,57.8125,62.5,100,35.9375,100,100,57.8125,100,65.625,100,85.9375,82.8125,100,98.4375,98.4375,50,100,92.1875,73.4375,51.5625,100,100,57.8125,98.4375,100,65.625,100,100,100,100,100,100,100,21.875,100,79.6875,42.1875,87.5,46.875,100,85.9375,67.1875,100,100,35.9375,100,87.5,100,100,100,70.3125,87.5,100,100,67.1875,100,98.4375,100,62.5,79.6875,62.5,100,34.375,100,100,59.375,79.6875,100,39.0625,84.375,100,100,100,71.875,100,100,100,100,100,100,93.75,100,100,100,100,100,100,100,100,57.8125,68.75,100,100,59.375,23.4375,100,93.75,100,100,100,98.4375,75,29.6875,100,25,92.1875,81.25,70.3125,100,73.4375,50,100,100,100,100,100,93.75,100,100,85.9375,3.125,81.25,62.5,100,95.3125,84.375,95.3125,64.0625,65.625,100,100,100,100,84.375,100,78.125,100,18.75,100,100,100,73.4375,100,100,85.9375,37.5,100,100,76.5625,100,76.5625,32.8125,82.8125,100,100,100,100,100,81.25,100,100,100,76.5625,75,70.3125,100,100,79.6875,100,100,100,100,100,89.0625,82.8125,100,89.0625,100,100,100,100,35.9375,92.1875,100,96.875,98.4375,100,100,100,100,67.1875,100,100,78.125,37.5,100,89.0625,81.25,73.4375,100,87.5,100,100,40.625,100,57.8125,100,100,92.1875,100,100,39.0625,100,100,96.875,96.875,87.5,53.125,89.0625,95.3125,100,65.625,93.75,17.1875,100,100,100,64.0625,100,32.8125,100,100,100,84.375,90.625,65.625,95.3125,90.625,98.4375,100,87.5,100,85.9375,100,100,84.375,100,100,73.4375,100,100,93.75,92.1875,100,82.8125,50,81.25,60.9375,100,51.5625,100,100,100,100,100,56.25,100,87.5,100,100,100,62.5,100,100,65.625,65.625,100,93.75,100,84.375,100,100,75,76.5625,93.75,26.5625,100,100,100,100,100,100,43.75,100,92.1875,100,87.5,100,100,100,100,65.625,92.1875,100,100,60.9375,100,96.875,100,81.25,75,100,96.875,100,85.9375,100,81.25,87.5,76.5625,93.75,98.4375,100,100,100,48.4375,100,65.625,51.5625,71.875,100,68.75,87.5,100,29.6875,100,84.375,51.5625,100,92.1875,34.375,100,100,100,100,100,100,100,100,100,100,35.9375,75,100,57.8125,48.4375,64.0625,100,42.1875,100,65.625,93.75,82.8125,100,100,54.6875,100,100,76.5625,100,87.5,100,100,100,31.25,100,71.875,56.25,100,100,29.6875,100,48.4375,65.625,100,100,84.375,89.0625,53.125,100,45.3125,100,100,100,76.5625,60.9375,67.1875,100,71.875,100,84.375,100,100,100,100,82.8125,53.125,87.5,73.4375,100,100,76.5625,71.875,92.1875,67.1875,60.9375,48.4375,100,100,65.625,34.375,100,82.8125,62.5,100,59.375,90.625,100,93.75,100,100,100,100,95.3125,75,100,100,89.0625,87.5,100,15.625,100,85.9375,82.8125,89.0625,100,89.0625,100,100,100,60.9375,100,95.3125,62.5,60.9375,100,100,71.875,100,100,89.0625,100,100,100,100,95.3125,90.625,100,100,100,70.3125,100,42.1875,98.4375,100,64.0625,29.6875,87.5,89.0625,100,100,57.8125,54.6875,75,43.75,48.4375,100,100,76.5625,67.1875,60.9375,100,79.6875,89.0625,93.75,100,90.625,100,37.5,100,85.9375,96.875,100,100,68.75,95.3125,100,100,81.25,87.5,62.5,84.375,92.1875,100,100,100,73.4375,35.9375,100,68.75,100,100,100,100,100,100,65.625,73.4375,93.75,68.75,100,100,100,100,81.25,100,60.9375,50,78.125,57.8125,93.75,100,100,100,71.875,100,100,87.5,39.0625,85.9375,100,76.5625,75,100,100,65.625,100,100,100,100,79.6875,100,79.6875,100,100,100,100,67.1875,100,95.3125,100,100,100,92.1875,100,100,100,82.8125,71.875,79.6875,100,100,82.8125,85.9375,84.375,100,100,70.3125,82.8125,100,95.3125,100,76.5625,90.625,56.25,100,100,81.25,100,100,95.3125,37.5,100,100,90.625,62.5,78.125,100,100,60.9375,100,100,100,100,100,100,100,76.5625,35.9375,76.5625,100,56.25,100,100,92.1875,100,100,100,93.75,100,100,92.1875,96.875,100,87.5,100,100,100,100,100,100,100,100,81.25,100,46.875,100,93.75,93.75,100,100,95.3125,100,82.8125,98.4375,37.5,35.9375,42.1875,100,100,100,100,57.8125,82.8125,100,100,100,100,60.9375,93.75,85.9375,100,100,100,100,100,100,100,100,43.75,100,100,100,76.5625,95.3125,100,89.0625,100,100,95.3125,43.75,76.5625,67.1875,84.375,100,82.8125,59.375,81.25,68.75,100,100,100,100,82.8125,100,89.0625,84.375,56.25,73.4375,100,100,85.9375,100,100,37.5,100,100,87.5,100,93.75,28.125,81.25,100,100,100,20.3125,71.875,100,100,100,100,100,70.3125,100,100,100,100,90.625,100,100,100,100,92.1875,100,98.4375,100,100,100,95.3125,100,59.375,100,100,98.4375,76.5625,60.9375,100,100,100,87.5,71.875,100,67.1875,100,100,73.4375,100,100,92.1875,68.75,100,90.625,100,67.1875,100,100,100,67.1875,67.1875,95.3125,81.25,100,100,89.0625,37.5,23.4375,84.375,75,45.3125,100,100,87.5,100,82.8125,100,100,100,95.3125,60.9375,100,23.4375,50,100,95.3125,65.625,100,68.75,87.5,100,100,100,93.75,100,39.0625,20.3125,100,100,100,100,100,100,100,100,100,100,89.0625,18.75,95.3125,100,100,89.0625,89.0625,100,100,100,100,92.1875,92.1875,68.75,59.375,100,100,100,100,89.0625,100,100,100,100,90.625,43.75,100,100,100,82.8125,76.5625,100,70.3125,100,100,26.5625,59.375,62.5,98.4375,82.8125,100,98.4375,100,100,100,81.25,89.0625,87.5,100,100,100,79.6875,98.4375,100,100,75,100,100,57.8125,100,31.25,84.375,100,100,100,100,100,90.625,100,28.125,60.9375,73.4375,100,54.6875,84.375,100,84.375,100,100,64.0625,79.6875,56.25,84.375,100,39.0625,20.3125,100,85.9375,100,100,100,100,85.9375,100,75,100,100,23.4375,71.875,100,18.75,100,81.25,100,100,75,100,100,100,67.1875,87.5,100,84.375,100,100,59.375,59.375,42.1875,76.5625,64.0625,73.4375,73.4375,100,53.125,78.125,93.75,71.875,100,96.875,100,100,100,100,68.75,70.3125,100,100,100,100,67.1875,85.9375,100,70.3125,100,84.375,64.0625,100,68.75,100,87.5,100,73.4375,93.75,100,85.9375,100,48.4375,100,79.6875,100,67.1875,100,92.1875,100,100,87.5,98.4375,51.5625,100,100,82.8125,100,100,100,89.0625,79.6875,81.25,100,82.8125,100,59.375,89.0625,96.875,81.25,28.125,100,100,92.1875,68.75,100,57.8125,100,21.875,35.9375,100,67.1875,76.5625,100,31.25,85.9375,100,100,54.6875,100,98.4375,46.875,100,100,100,76.5625,50,35.9375,100,71.875,100,100,92.1875,70.3125,100,53.125,26.5625,100,100,67.1875,60.9375,93.75,100,51.5625,85.9375,95.3125,98.4375,40.625,100,100,100,100,76.5625,57.8125,60.9375,100,100,82.8125,45.3125,37.5,100,100,100,65.625,100,100,65.625,100,100,100,100,57.8125,70.3125,100,100,81.25,100,42.1875,100,100,85.9375,100,84.375,93.75,81.25,57.8125,82.8125,100,89.0625,100,100,100,100,100,79.6875,59.375,57.8125,100,100,100,100,100,35.9375,98.4375,31.25,100,93.75,95.3125,100,93.75,92.1875,59.375,100,100,79.6875,100,100,100,100,100,59.375,100,76.5625,75,100,100,100,96.875,100,100,100,67.1875,100,93.75,65.625,100,100,57.8125,85.9375,81.25,89.0625,100,71.875,68.75,59.375,71.875,100,100,100,100,100,32.8125,100,85.9375,100,100,90.625,100,96.875,54.6875,43.75,81.25,100,95.3125,21.875,100,100,4.6875,32.8125,68.75,56.25,100,100,100,87.5,84.375,85.9375,96.875,100,100,81.25,100,100,15.625,100,100,100,71.875,100,20.3125,100,39.0625,100,70.3125,100,100,29.6875,90.625,100,100,54.6875,79.6875,60.9375,100,78.125,100,100,37.5,100,93.75,100,50,100,100,56.25,100,65.625,100,78.125,87.5,70.3125,73.4375,100,100,100,100,100,82.8125,85.9375,100,96.875,100,51.5625,23.4375,81.25,100,92.1875,100,64.0625,81.25,100,87.5,59.375,100,81.25,98.4375,71.875,50,100,85.9375,85.9375,23.4375,40.625,92.1875,100,100,100,29.6875,60.9375,32.8125,100,92.1875,100,100,60.9375,100,50,51.5625,6.25,100,93.75,78.125,90.625,87.5,100,92.1875,100,100,67.1875,96.875,21.875,54.6875,71.875,71.875,39.0625,100,81.25,100,100,57.8125,100,82.8125,60.9375,100,90.625,75,89.0625,65.625,100,100,17.1875,100,100,68.75,100,87.5,75,100,100,43.75,59.375,90.625,100,92.1875,100,100,95.3125,57.8125,59.375,100,100,100,100,95.3125,100,100,81.25,79.6875,64.0625,89.0625,98.4375,68.75,100,100,93.75,95.3125,100,96.875,93.75,100,29.6875,100,100,100,100,78.125,31.25,84.375,43.75,73.4375,100,31.25,40.625,100,81.25,100,98.4375,67.1875,100,100,67.1875,96.875,57.8125,85.9375,67.1875,78.125,100,100,100,100,100,50,73.4375,34.375,100,100,71.875,93.75,50,9.375,100,75,54.6875,100,82.8125,65.625,73.4375,100,25,95.3125,54.6875,87.5,90.625,100,100,59.375,100,100,85.9375,100,100,90.625,100,100,84.375,95.3125,95.3125,92.1875,100,100,100,81.25,98.4375,78.125,65.625,100,100,100,100,100,95.3125,70.3125,42.1875,85.9375,100,100,100,85.9375,100,100,100,93.75,60.9375,100,100,100,25,87.5,100,37.5,100,46.875,100,100,100,100,100,95.3125,93.75,82.8125,100,100,92.1875,100,92.1875,96.875,100,100,100,71.875,54.6875,82.8125,98.4375,100,100,32.8125,84.375,100,100,100,100,100,98.4375,100,42.1875,28.125,100,87.5,92.1875,100,100,84.375,100,70.3125,87.5,100,100,89.0625,93.75,100,100,90.625,57.8125,23.4375,75,100,100,100,75,100,100,100,100,84.375,71.875,95.3125,59.375,65.625,65.625,100,25,54.6875,100,35.9375,56.25,100,100,50,100,93.75,92.1875,93.75,100,93.75,81.25,93.75,70.3125,100,85.9375,100,42.1875,100,100,78.125,60.9375,100,100,100,100,98.4375,100,100,79.6875,14.0625,100,60.9375,54.6875,100,100,78.125,100,100,96.875,48.4375,100,100,100,95.3125,100,53.125,76.5625,68.75,54.6875,100,60.9375,100,100,64.0625,100,100,60.9375,100,100,85.9375,100,100,92.1875,100,64.0625,71.875,26.5625,100,26.5625,78.125,28.125,100,57.8125,76.5625,100,81.25,100,100,100,78.125,100,85.9375,100,71.875,100,100,95.3125,50,100,100,45.3125,92.1875,100,100,81.25,100,60.9375,100,78.125,100,100,100,100,100,100,75,37.5,100,14.0625,100,90.625,100,29.6875,100,100,100,25,100,100,100,100,93.75,67.1875,62.5,100,100,100,100,71.875,100,75,100,100,100,100,98.4375,100,54.6875,20.3125,100,100,48.4375,100,100,100,59.375,100,71.875,85.9375,100,79.6875,85.9375,39.0625,100,100,48.4375,31.25,100,54.6875,100,100,100,75,100,71.875,100,100,100,100,34.375,100,100,93.75,100,100,81.25,100,50,90.625,64.0625,75,100,100,98.4375,82.8125,100,100,100,71.875,84.375,100,92.1875,100,54.6875,92.1875,100,100,87.5,92.1875,100,100,100,64.0625,100,78.125,100,100,100,96.875,100,100,60.9375,68.75,67.1875,87.5,18.75,48.4375,100,100,100,45.3125,60.9375,100,100,100,100,81.25,78.125,23.4375,85.9375,100,92.1875,100,62.5,100,100,79.6875,100,100,59.375,100,57.8125,78.125,79.6875,100,76.5625,54.6875,100,100,100,100,73.4375,100,100,100,50,100,100,67.1875,65.625,100,100,59.375,92.1875,71.875,100,100,59.375,96.875,100,100,100,100,50,100,78.125,81.25,100,100,68.75,100,100,75,100,100,100,100,100,98.4375,89.0625,100,100,100,68.75,67.1875,100,62.5,100,89.0625,100,98.4375,85.9375,100,100,87.5,100,34.375,51.5625,37.5,100,57.8125,100,100,100,100,100,95.3125,100,82.8125,56.25,35.9375,100,100,100,100,100,76.5625,100,43.75,100,50,100,68.75,100,81.25,67.1875,82.8125,78.125,98.4375,20.3125,95.3125,64.0625,100,26.5625,35.9375,100,100,100,100,25,73.4375,81.25,59.375,71.875,70.3125,100,76.5625,95.3125,76.5625,87.5,100,100,100,100,68.75,100,48.4375,87.5,100,98.4375,76.5625,84.375,100,100,18.75,100,57.8125,100,100,43.75,100,45.3125,100,79.6875,57.8125,100,50,12.5,90.625,100,17.1875,85.9375,100,100,100,100,76.5625,100,42.1875,100,60.9375,100,85.9375,100,78.125,57.8125,28.125,100,98.4375,50,68.75,100,100,85.9375,100,100,28.125,100,54.6875,100,100,100,85.9375,100,100,73.4375,100,92.1875,79.6875,59.375,45.3125,53.125,100,100,100,100,100,100,100,60.9375,100,100,100,100,100,87.5,68.75,100,93.75,100,100,100,56.25,100,62.5,100,100,26.5625,25,100,100,100,100,65.625,1.5625,37.5,100,28.125,100,75,100,56.25,100,100,100,100,100,85.9375,64.0625,100,100,100,100,87.5,100,100,100,81.25,45.3125,100,62.5,100,100,100,73.4375,100,59.375,64.0625,100,100,67.1875,100,100,71.875,100,100,76.5625,37.5,100,100,92.1875,100,53.125,28.125,98.4375,100,100,54.6875,54.6875,100,62.5,100,64.0625,65.625,14.0625,82.8125,100,100,73.4375,100,81.25,100,100,59.375,100,70.3125,65.625,100,100,100,60.9375,57.8125,100,100,96.875,79.6875,100,96.875,31.25,65.625,100,48.4375,64.0625,100,100,57.8125,87.5,100,79.6875,35.9375,65.625,85.9375,100,100,100,28.125,100,59.375,35.9375,100,64.0625,100,100,100,45.3125,81.25,100,54.6875,100,100,64.0625,100,56.25,96.875,82.8125,100,100,100,17.1875,59.375,100,85.9375,100,100,100,100
"6086",87.5,100,39.0625,100,100,45.3125,90.625,100,25,98.4375,82.8125,100,100,100,56.25,76.5625,90.625,96.875,100,100,96.875,100,100,100,43.75,100,100,93.75,84.375,100,100,100,100,100,100,62.5,82.8125,100,100,93.75,65.625,64.0625,98.4375,100,100,100,100,100,68.75,79.6875,75,100,100,75,84.375,100,6.25,100,100,67.1875,82.8125,73.4375,98.4375,20.3125,100,100,57.8125,100,73.4375,100,54.6875,59.375,100,79.6875,59.375,78.125,100,84.375,50,100,65.625,100,85.9375,75,59.375,100,100,93.75,100,100,62.5,82.8125,100,50,100,100,100,57.8125,100,100,76.5625,98.4375,100,92.1875,100,17.1875,100,53.125,85.9375,100,70.3125,68.75,28.125,78.125,28.125,100,71.875,100,100,100,56.25,100,100,78.125,60.9375,45.3125,100,18.75,100,17.1875,100,100,100,100,92.1875,64.0625,67.1875,79.6875,100,100,100,89.0625,45.3125,59.375,100,29.6875,100,100,31.25,84.375,51.5625,39.0625,79.6875,92.1875,96.875,95.3125,73.4375,100,48.4375,100,100,100,76.5625,100,89.0625,67.1875,92.1875,92.1875,26.5625,100,78.125,71.875,100,68.75,100,100,75,100,100,93.75,100,87.5,100,100,100,78.125,29.6875,98.4375,100,84.375,100,100,87.5,100,100,100,95.3125,82.8125,100,100,21.875,100,98.4375,100,100,100,100,40.625,87.5,100,35.9375,100,100,100,79.6875,78.125,43.75,82.8125,100,59.375,100,84.375,100,100,100,53.125,93.75,100,78.125,100,82.8125,81.25,100,100,100,100,84.375,60.9375,100,100,100,100,100,96.875,100,50,100,90.625,100,45.3125,100,81.25,60.9375,93.75,100,64.0625,100,59.375,100,100,100,96.875,35.9375,100,54.6875,100,100,100,100,100,62.5,82.8125,100,100,98.4375,56.25,40.625,100,79.6875,56.25,59.375,100,65.625,100,100,100,29.6875,100,100,93.75,81.25,100,54.6875,57.8125,100,21.875,100,96.875,51.5625,75,45.3125,100,93.75,76.5625,100,85.9375,78.125,57.8125,85.9375,100,100,100,29.6875,100,56.25,93.75,100,100,62.5,43.75,87.5,100,50,100,75,60.9375,90.625,64.0625,100,100,96.875,98.4375,75,92.1875,100,40.625,100,89.0625,89.0625,100,100,82.8125,40.625,46.875,70.3125,65.625,42.1875,100,90.625,71.875,100,78.125,100,95.3125,70.3125,100,90.625,67.1875,54.6875,100,65.625,79.6875,100,100,82.8125,53.125,25,76.5625,98.4375,100,100,100,90.625,79.6875,96.875,100,85.9375,93.75,93.75,100,85.9375,100,76.5625,100,100,100,95.3125,100,60.9375,92.1875,100,70.3125,100,100,100,75,100,53.125,98.4375,26.5625,100,100,100,100,100,54.6875,59.375,100,70.3125,96.875,70.3125,96.875,92.1875,81.25,100,100,39.0625,53.125,100,76.5625,67.1875,100,60.9375,100,100,59.375,39.0625,100,93.75,100,82.8125,100,84.375,100,79.6875,75,56.25,100,100,100,100,90.625,100,100,96.875,100,100,100,100,92.1875,90.625,100,100,100,82.8125,71.875,100,90.625,100,100,76.5625,70.3125,70.3125,23.4375,26.5625,57.8125,100,100,100,100,81.25,37.5,56.25,100,100,17.1875,100,98.4375,100,59.375,93.75,100,100,60.9375,82.8125,100,48.4375,100,46.875,75,100,78.125,79.6875,100,64.0625,100,100,100,71.875,68.75,75,100,100,100,85.9375,70.3125,62.5,84.375,100,100,64.0625,76.5625,68.75,100,100,100,100,100,100,100,98.4375,78.125,100,67.1875,46.875,92.1875,100,92.1875,42.1875,100,51.5625,100,31.25,100,84.375,67.1875,100,81.25,79.6875,100,100,100,100,35.9375,45.3125,100,60.9375,93.75,100,70.3125,100,100,100,100,100,50,73.4375,100,73.4375,100,100,71.875,100,100,100,90.625,37.5,79.6875,100,100,75,100,90.625,100,40.625,100,100,71.875,100,100,68.75,82.8125,57.8125,100,100,100,98.4375,87.5,100,64.0625,100,53.125,100,100,100,100,81.25,100,60.9375,95.3125,100,100,100,100,89.0625,23.4375,60.9375,62.5,100,56.25,100,100,78.125,100,56.25,100,100,100,100,100,100,100,100,57.8125,48.4375,76.5625,100,31.25,98.4375,60.9375,78.125,100,100,100,100,100,100,95.3125,100,100,100,100,29.6875,96.875,68.75,75,81.25,100,100,100,100,93.75,92.1875,100,46.875,6.25,87.5,62.5,29.6875,100,100,43.75,100,100,100,29.6875,100,82.8125,50,59.375,75,71.875,65.625,98.4375,78.125,100,92.1875,100,76.5625,78.125,40.625,90.625,95.3125,56.25,85.9375,100,100,100,100,100,100,76.5625,100,45.3125,68.75,100,100,70.3125,59.375,50,46.875,100,50,100,100,79.6875,100,100,100,64.0625,100,84.375,89.0625,82.8125,100,100,62.5,100,100,100,57.8125,100,100,100,82.8125,100,100,100,100,100,89.0625,89.0625,100,100,100,85.9375,100,100,100,90.625,59.375,100,68.75,100,100,100,57.8125,100,100,35.9375,89.0625,100,71.875,39.0625,78.125,95.3125,100,67.1875,100,100,100,100,73.4375,31.25,34.375,92.1875,70.3125,100,95.3125,50,46.875,71.875,67.1875,6.25,100,84.375,100,40.625,100,48.4375,84.375,100,100,87.5,100,100,76.5625,79.6875,100,100,100,100,39.0625,43.75,100,100,73.4375,100,100,100,100,57.8125,100,81.25,100,46.875,92.1875,100,100,100,17.1875,100,100,89.0625,67.1875,100,46.875,90.625,100,100,54.6875,100,67.1875,92.1875,89.0625,100,100,93.75,62.5,100,100,82.8125,95.3125,18.75,100,29.6875,100,71.875,92.1875,81.25,100,100,100,100,50,100,100,64.0625,81.25,64.0625,65.625,100,100,68.75,100,76.5625,10.9375,67.1875,100,100,76.5625,95.3125,81.25,100,89.0625,100,92.1875,100,48.4375,100,93.75,98.4375,100,100,100,59.375,42.1875,100,68.75,95.3125,67.1875,100,60.9375,53.125,100,37.5,100,100,54.6875,92.1875,67.1875,76.5625,85.9375,78.125,100,98.4375,98.4375,54.6875,100,100,73.4375,56.25,100,100,70.3125,98.4375,56.25,64.0625,84.375,100,100,100,100,62.5,100,21.875,100,79.6875,100,87.5,21.875,100,67.1875,67.1875,95.3125,100,35.9375,100,78.125,100,87.5,96.875,70.3125,79.6875,87.5,100,67.1875,100,100,100,100,85.9375,82.8125,92.1875,40.625,100,100,59.375,93.75,100,32.8125,100,100,100,100,70.3125,100,92.1875,100,100,100,100,93.75,93.75,100,100,100,100,100,100,100,67.1875,67.1875,45.3125,100,60.9375,23.4375,100,93.75,100,46.875,100,79.6875,100,29.6875,100,23.4375,98.4375,71.875,71.875,100,73.4375,100,100,100,100,100,100,100,100,100,100,3.125,81.25,81.25,100,93.75,65.625,95.3125,70.3125,71.875,100,100,100,100,84.375,100,81.25,100,14.0625,98.4375,100,100,54.6875,81.25,100,85.9375,43.75,100,100,82.8125,100,70.3125,100,96.875,100,100,100,100,96.875,82.8125,100,100,100,76.5625,79.6875,54.6875,100,100,54.6875,100,100,100,100,81.25,100,84.375,100,76.5625,100,100,100,100,57.8125,79.6875,100,100,90.625,100,100,100,100,64.0625,96.875,100,78.125,45.3125,100,100,81.25,82.8125,100,82.8125,100,100,37.5,100,67.1875,100,96.875,76.5625,100,100,40.625,100,100,98.4375,100,73.4375,82.8125,76.5625,100,100,75,95.3125,17.1875,100,100,100,87.5,100,100,100,100,100,87.5,90.625,60.9375,100,92.1875,100,92.1875,85.9375,100,84.375,100,100,90.625,100,100,73.4375,92.1875,100,93.75,84.375,100,82.8125,46.875,100,82.8125,100,51.5625,100,100,100,100,100,48.4375,100,70.3125,100,100,100,54.6875,100,100,57.8125,65.625,100,93.75,100,87.5,100,93.75,65.625,78.125,93.75,100,100,100,100,100,100,100,40.625,56.25,87.5,65.625,90.625,100,100,100,100,100,93.75,100,100,56.25,100,96.875,100,71.875,75,100,100,100,79.6875,96.875,93.75,82.8125,75,100,54.6875,100,100,93.75,75,100,45.3125,51.5625,100,100,68.75,75,100,100,100,89.0625,51.5625,100,90.625,35.9375,100,100,100,100,100,100,100,100,100,100,50,76.5625,98.4375,59.375,100,76.5625,100,9.375,100,15.625,95.3125,82.8125,100,100,54.6875,100,95.3125,78.125,100,100,98.4375,100,100,32.8125,100,60.9375,37.5,100,100,42.1875,100,37.5,54.6875,100,89.0625,89.0625,89.0625,50,100,28.125,100,100,100,100,65.625,67.1875,100,70.3125,100,100,100,100,100,87.5,79.6875,53.125,89.0625,75,100,100,79.6875,84.375,92.1875,67.1875,100,51.5625,100,100,64.0625,92.1875,100,82.8125,62.5,100,48.4375,84.375,100,87.5,100,100,100,87.5,98.4375,75,100,100,85.9375,100,100,100,100,85.9375,76.5625,100,100,62.5,100,92.1875,100,76.5625,100,100,59.375,62.5,100,93.75,70.3125,100,100,89.0625,100,100,100,100,89.0625,67.1875,100,100,100,87.5,100,42.1875,100,100,64.0625,29.6875,89.0625,87.5,100,100,46.875,56.25,76.5625,48.4375,43.75,100,100,76.5625,60.9375,62.5,100,73.4375,92.1875,96.875,100,90.625,100,40.625,100,100,51.5625,100,100,68.75,98.4375,100,100,79.6875,96.875,68.75,100,92.1875,100,100,100,73.4375,37.5,98.4375,100,98.4375,100,100,76.5625,100,100,67.1875,65.625,100,93.75,100,100,68.75,100,81.25,95.3125,54.6875,35.9375,76.5625,56.25,93.75,100,14.0625,100,87.5,100,100,93.75,42.1875,90.625,100,73.4375,75,85.9375,95.3125,67.1875,60.9375,100,100,100,100,100,71.875,100,100,100,100,68.75,100,92.1875,100,100,100,96.875,40.625,100,100,10.9375,73.4375,75,100,100,82.8125,89.0625,82.8125,100,100,70.3125,76.5625,100,92.1875,100,62.5,90.625,57.8125,100,100,87.5,100,100,92.1875,40.625,100,100,89.0625,82.8125,78.125,96.875,100,100,100,100,100,100,100,100,100,81.25,34.375,71.875,100,56.25,100,96.875,100,100,100,100,95.3125,100,100,90.625,96.875,100,100,100,100,100,100,100,100,100,100,79.6875,100,50,100,93.75,100,100,100,95.3125,84.375,87.5,100,39.0625,34.375,37.5,100,100,100,100,60.9375,81.25,100,100,100,100,60.9375,100,76.5625,100,100,100,81.25,100,100,100,59.375,50,100,100,100,12.5,100,100,79.6875,100,100,95.3125,100,100,57.8125,84.375,51.5625,73.4375,92.1875,71.875,71.875,100,100,100,81.25,89.0625,100,87.5,82.8125,65.625,60.9375,100,73.4375,85.9375,100,100,45.3125,100,100,92.1875,100,100,28.125,100,64.0625,100,100,21.875,71.875,100,90.625,100,100,100,70.3125,100,100,100,100,90.625,92.1875,100,100,100,100,100,100,100,100,100,100,100,57.8125,100,21.875,98.4375,81.25,100,100,100,100,89.0625,71.875,65.625,70.3125,100,100,71.875,18.75,100,93.75,68.75,100,81.25,100,100,100,100,100,76.5625,54.6875,100,90.625,100,100,89.0625,100,20.3125,29.6875,87.5,60.9375,100,100,89.0625,100,40.625,100,100,100,87.5,75,100,23.4375,50,100,95.3125,70.3125,100,70.3125,87.5,100,100,100,95.3125,100,39.0625,20.3125,100,100,100,100,100,93.75,100,82.8125,100,100,100,100,90.625,100,100,82.8125,100,100,96.875,100,100,98.4375,100,68.75,100,100,100,100,92.1875,95.3125,100,100,90.625,100,40.625,43.75,100,100,100,100,75,100,71.875,100,100,26.5625,57.8125,62.5,98.4375,81.25,100,93.75,100,100,100,73.4375,89.0625,100,100,100,100,92.1875,98.4375,100,100,100,100,100,57.8125,100,10.9375,87.5,100,100,100,100,100,90.625,100,34.375,54.6875,100,100,67.1875,95.3125,100,78.125,100,98.4375,78.125,81.25,89.0625,82.8125,100,35.9375,60.9375,75,89.0625,100,100,42.1875,100,100,100,70.3125,100,100,23.4375,68.75,100,28.125,100,64.0625,100,93.75,75,100,100,100,62.5,87.5,98.4375,84.375,100,100,95.3125,60.9375,40.625,71.875,64.0625,79.6875,73.4375,100,60.9375,81.25,93.75,45.3125,100,96.875,100,100,100,100,70.3125,71.875,100,100,100,100,70.3125,100,100,90.625,100,78.125,64.0625,100,70.3125,73.4375,57.8125,100,75,90.625,100,82.8125,100,100,100,79.6875,100,67.1875,100,100,100,100,92.1875,100,53.125,100,100,65.625,100,98.4375,100,95.3125,100,82.8125,100,81.25,100,100,82.8125,100,79.6875,25,95.3125,92.1875,87.5,67.1875,100,54.6875,100,37.5,35.9375,100,62.5,76.5625,100,31.25,100,100,100,56.25,100,93.75,71.875,100,100,100,100,70.3125,37.5,100,70.3125,100,100,90.625,93.75,100,56.25,25,4.6875,100,75,62.5,89.0625,100,71.875,84.375,92.1875,100,43.75,100,100,100,100,71.875,85.9375,100,100,100,100,40.625,100,100,100,100,50,100,100,100,100,100,96.875,100,57.8125,70.3125,100,100,100,100,37.5,100,100,81.25,100,73.4375,100,78.125,62.5,82.8125,100,89.0625,100,100,100,100,100,68.75,59.375,53.125,71.875,54.6875,100,100,100,39.0625,95.3125,31.25,100,100,92.1875,100,93.75,96.875,78.125,100,100,78.125,76.5625,100,100,100,100,70.3125,100,76.5625,82.8125,100,100,100,87.5,100,100,100,67.1875,100,100,64.0625,100,100,37.5,87.5,81.25,96.875,100,71.875,76.5625,59.375,68.75,100,98.4375,100,100,100,42.1875,100,89.0625,100,100,89.0625,100,96.875,54.6875,46.875,81.25,100,100,21.875,100,100,4.6875,28.125,85.9375,10.9375,100,100,100,82.8125,67.1875,84.375,100,100,100,75,100,100,14.0625,100,100,100,70.3125,100,100,100,100,100,60.9375,100,100,100,96.875,100,100,48.4375,81.25,100,100,92.1875,100,100,100,100,90.625,100,51.5625,96.875,100,57.8125,100,68.75,100,84.375,78.125,70.3125,65.625,100,100,100,100,100,79.6875,75,100,96.875,100,59.375,39.0625,100,100,92.1875,100,65.625,79.6875,100,87.5,60.9375,100,81.25,100,75,50,100,87.5,89.0625,45.3125,40.625,90.625,100,100,96.875,32.8125,75,32.8125,100,37.5,100,100,59.375,100,100,64.0625,4.6875,100,98.4375,81.25,96.875,78.125,100,92.1875,100,100,67.1875,96.875,21.875,57.8125,75,70.3125,39.0625,100,85.9375,100,100,57.8125,100,79.6875,56.25,100,90.625,75,87.5,62.5,78.125,100,17.1875,100,81.25,73.4375,100,92.1875,75,100,100,43.75,57.8125,98.4375,100,78.125,100,100,93.75,59.375,59.375,100,100,100,100,95.3125,100,100,60.9375,76.5625,64.0625,100,100,62.5,100,100,87.5,100,95.3125,100,98.4375,51.5625,26.5625,100,100,100,100,100,42.1875,79.6875,45.3125,73.4375,100,42.1875,40.625,54.6875,81.25,100,100,71.875,85.9375,100,96.875,100,65.625,79.6875,67.1875,78.125,75,100,100,100,100,48.4375,81.25,100,100,100,76.5625,100,46.875,18.75,100,71.875,56.25,26.5625,82.8125,89.0625,73.4375,100,23.4375,95.3125,54.6875,85.9375,100,100,100,100,100,100,84.375,100,100,100,100,100,81.25,95.3125,75,100,84.375,100,100,78.125,78.125,62.5,65.625,100,96.875,100,100,100,100,67.1875,42.1875,96.875,100,100,100,73.4375,100,100,100,100,26.5625,100,100,100,100,82.8125,100,40.625,100,45.3125,100,100,100,92.1875,100,92.1875,93.75,92.1875,100,100,92.1875,100,90.625,90.625,100,100,100,75,67.1875,81.25,98.4375,100,100,34.375,85.9375,90.625,100,100,100,100,100,100,56.25,26.5625,100,90.625,79.6875,100,100,89.0625,89.0625,57.8125,85.9375,100,100,90.625,100,100,100,87.5,62.5,26.5625,78.125,100,100,100,90.625,100,87.5,100,100,96.875,100,92.1875,73.4375,90.625,64.0625,100,25,42.1875,100,20.3125,54.6875,100,100,51.5625,100,85.9375,90.625,76.5625,100,98.4375,81.25,85.9375,95.3125,100,84.375,100,42.1875,14.0625,98.4375,81.25,64.0625,76.5625,100,87.5,100,98.4375,100,100,84.375,64.0625,100,7.8125,54.6875,100,93.75,78.125,100,100,92.1875,56.25,96.875,100,100,23.4375,100,43.75,100,67.1875,57.8125,100,59.375,100,100,64.0625,100,100,60.9375,100,100,75,100,23.4375,96.875,100,56.25,70.3125,73.4375,100,26.5625,78.125,62.5,100,65.625,82.8125,100,87.5,92.1875,100,98.4375,76.5625,100,90.625,100,98.4375,100,100,96.875,46.875,100,100,51.5625,71.875,100,100,81.25,100,54.6875,100,40.625,100,100,100,100,100,100,71.875,43.75,100,34.375,100,92.1875,100,26.5625,100,100,60.9375,23.4375,100,100,100,100,81.25,70.3125,84.375,100,84.375,100,100,56.25,100,73.4375,100,100,100,100,98.4375,100,59.375,56.25,100,100,46.875,100,90.625,100,59.375,100,75,82.8125,100,85.9375,82.8125,35.9375,100,100,42.1875,31.25,100,60.9375,100,100,100,75,100,71.875,100,100,100,100,34.375,100,100,98.4375,78.125,95.3125,100,100,50,93.75,64.0625,57.8125,100,100,95.3125,95.3125,100,100,100,64.0625,84.375,100,20.3125,62.5,54.6875,92.1875,96.875,100,82.8125,90.625,100,100,76.5625,67.1875,100,79.6875,100,100,100,96.875,64.0625,96.875,62.5,67.1875,46.875,87.5,46.875,48.4375,100,100,60.9375,45.3125,39.0625,100,100,100,100,92.1875,78.125,95.3125,87.5,53.125,98.4375,100,67.1875,100,100,79.6875,56.25,100,57.8125,100,59.375,76.5625,81.25,100,71.875,54.6875,79.6875,100,100,100,75,100,100,100,50,100,81.25,67.1875,57.8125,100,100,64.0625,90.625,68.75,100,96.875,78.125,96.875,100,100,100,100,48.4375,100,82.8125,81.25,100,100,65.625,100,100,73.4375,100,100,100,100,100,90.625,89.0625,100,100,100,70.3125,54.6875,100,60.9375,100,89.0625,100,68.75,85.9375,100,100,89.0625,100,39.0625,43.75,45.3125,89.0625,59.375,100,100,100,100,92.1875,93.75,100,64.0625,59.375,100,100,100,100,100,100,70.3125,100,45.3125,100,81.25,85.9375,68.75,100,87.5,67.1875,39.0625,84.375,98.4375,20.3125,98.4375,84.375,100,28.125,25,100,100,100,100,26.5625,100,100,59.375,71.875,71.875,100,50,21.875,78.125,84.375,100,76.5625,100,100,62.5,100,100,90.625,100,96.875,96.875,84.375,100,100,17.1875,100,59.375,100,100,43.75,100,45.3125,100,79.6875,75,100,50,100,85.9375,60.9375,29.6875,64.0625,100,100,100,100,71.875,92.1875,32.8125,100,54.6875,100,100,100,79.6875,68.75,28.125,100,98.4375,48.4375,68.75,100,100,100,100,100,46.875,100,53.125,100,100,100,82.8125,100,100,48.4375,100,93.75,81.25,50,51.5625,53.125,100,100,100,100,100,68.75,100,56.25,100,100,100,100,100,89.0625,67.1875,100,95.3125,100,100,100,100,82.8125,65.625,96.875,100,28.125,100,100,100,100,100,65.625,1.5625,100,100,35.9375,100,73.4375,100,100,100,100,100,100,100,82.8125,96.875,100,92.1875,100,100,82.8125,100,100,100,84.375,37.5,100,65.625,100,100,100,73.4375,100,46.875,64.0625,100,100,51.5625,100,100,50,100,100,73.4375,39.0625,100,100,92.1875,100,75,26.5625,100,78.125,100,100,68.75,100,62.5,100,75,70.3125,100,14.0625,100,100,73.4375,100,93.75,100,100,57.8125,20.3125,62.5,73.4375,100,93.75,100,67.1875,60.9375,100,100,96.875,100,98.4375,96.875,31.25,68.75,100,54.6875,64.0625,100,100,68.75,73.4375,100,78.125,37.5,68.75,31.25,100,96.875,100,46.875,100,62.5,37.5,100,70.3125,100,100,100,21.875,62.5,100,54.6875,100,100,65.625,20.3125,62.5,96.875,87.5,87.5,100,100,18.75,54.6875,100,78.125,100,100,100,64.0625
"6087",89.0625,100,100,100,100,46.875,92.1875,100,21.875,76.5625,54.6875,100,100,100,73.4375,73.4375,82.8125,81.25,100,100,96.875,100,100,100,57.8125,100,100,93.75,87.5,100,51.5625,100,100,90.625,100,96.875,82.8125,100,100,100,56.25,64.0625,85.9375,100,100,100,93.75,100,68.75,85.9375,75,100,100,68.75,82.8125,100,10.9375,100,100,39.0625,95.3125,100,98.4375,100,100,93.75,57.8125,100,79.6875,100,54.6875,60.9375,100,93.75,67.1875,87.5,100,51.5625,50,100,76.5625,100,76.5625,75,57.8125,100,100,100,100,100,57.8125,84.375,100,50,89.0625,93.75,100,57.8125,100,100,92.1875,98.4375,100,92.1875,100,15.625,100,54.6875,85.9375,71.875,67.1875,70.3125,100,100,26.5625,95.3125,84.375,100,100,93.75,68.75,100,100,100,98.4375,50,100,18.75,100,65.625,100,100,81.25,100,100,65.625,65.625,78.125,100,100,100,84.375,42.1875,100,100,100,89.0625,100,60.9375,79.6875,57.8125,37.5,78.125,93.75,100,96.875,37.5,100,100,100,100,100,79.6875,100,89.0625,70.3125,100,92.1875,21.875,100,85.9375,70.3125,100,64.0625,100,100,82.8125,100,100,100,100,85.9375,100,67.1875,100,100,28.125,100,100,87.5,100,100,87.5,100,100,100,89.0625,82.8125,100,81.25,23.4375,100,98.4375,100,100,100,100,12.5,71.875,100,31.25,100,100,100,78.125,78.125,34.375,82.8125,100,60.9375,100,81.25,100,60.9375,100,53.125,54.6875,100,100,100,79.6875,82.8125,100,100,100,100,82.8125,62.5,100,100,100,100,100,100,100,56.25,98.4375,89.0625,100,45.3125,100,79.6875,73.4375,100,100,65.625,100,60.9375,100,100,100,98.4375,37.5,100,35.9375,100,100,7.8125,100,100,62.5,56.25,100,100,100,73.4375,43.75,100,67.1875,100,90.625,100,98.4375,100,100,100,29.6875,100,100,95.3125,79.6875,100,56.25,54.6875,100,100,100,87.5,57.8125,75,39.0625,100,76.5625,78.125,100,81.25,87.5,59.375,89.0625,100,100,50,29.6875,100,64.0625,93.75,100,100,71.875,42.1875,87.5,100,50,100,82.8125,62.5,90.625,68.75,100,68.75,100,100,70.3125,100,100,37.5,73.4375,87.5,100,100,100,84.375,42.1875,40.625,75,65.625,42.1875,100,100,73.4375,100,57.8125,100,92.1875,71.875,100,95.3125,73.4375,56.25,70.3125,59.375,85.9375,100,56.25,65.625,53.125,23.4375,78.125,98.4375,100,100,100,93.75,78.125,100,100,92.1875,95.3125,96.875,100,68.75,98.4375,95.3125,100,100,23.4375,93.75,100,53.125,87.5,100,81.25,100,100,100,73.4375,100,53.125,100,15.625,100,100,100,100,100,59.375,59.375,90.625,68.75,98.4375,70.3125,93.75,100,89.0625,100,82.8125,39.0625,53.125,100,75,35.9375,100,100,100,100,34.375,51.5625,100,93.75,100,82.8125,100,78.125,100,75,64.0625,48.4375,100,100,100,100,92.1875,81.25,71.875,90.625,100,100,100,96.875,92.1875,96.875,100,100,100,84.375,73.4375,100,96.875,100,100,76.5625,67.1875,75,100,56.25,60.9375,100,100,100,100,75,34.375,79.6875,100,100,14.0625,100,100,100,85.9375,81.25,100,67.1875,62.5,82.8125,100,51.5625,100,48.4375,75,100,78.125,78.125,100,64.0625,100,100,100,67.1875,75,75,100,100,100,85.9375,62.5,65.625,84.375,100,100,64.0625,76.5625,68.75,100,100,100,100,100,100,100,93.75,78.125,59.375,65.625,50,93.75,100,98.4375,45.3125,100,51.5625,100,98.4375,100,84.375,70.3125,100,79.6875,84.375,89.0625,85.9375,100,100,34.375,53.125,100,57.8125,98.4375,100,70.3125,100,100,100,100,100,46.875,64.0625,100,73.4375,95.3125,100,71.875,100,100,100,100,37.5,100,100,100,78.125,100,87.5,100,43.75,100,100,75,100,100,62.5,100,39.0625,100,89.0625,95.3125,100,76.5625,100,78.125,100,59.375,100,9.375,100,100,82.8125,100,60.9375,95.3125,21.875,100,100,98.4375,90.625,100,67.1875,37.5,100,56.25,100,81.25,75,100,79.6875,100,100,100,100,100,100,100,100,57.8125,79.6875,81.25,100,53.125,93.75,96.875,78.125,100,100,100,100,100,100,81.25,100,95.3125,100,100,26.5625,96.875,71.875,82.8125,70.3125,100,100,100,100,92.1875,92.1875,100,46.875,6.25,90.625,53.125,29.6875,100,100,100,100,100,100,29.6875,100,82.8125,50,59.375,81.25,73.4375,68.75,98.4375,76.5625,100,92.1875,28.125,79.6875,87.5,40.625,78.125,95.3125,50,82.8125,100,90.625,100,100,100,100,76.5625,100,43.75,68.75,100,100,70.3125,54.6875,51.5625,46.875,100,51.5625,100,70.3125,100,100,100,100,54.6875,100,76.5625,90.625,82.8125,100,100,73.4375,18.75,100,100,54.6875,100,100,100,78.125,100,100,100,100,100,81.25,68.75,100,100,100,85.9375,100,100,100,95.3125,100,100,68.75,100,100,100,64.0625,100,100,35.9375,85.9375,100,93.75,39.0625,68.75,100,100,67.1875,95.3125,100,100,100,78.125,31.25,29.6875,90.625,100,100,95.3125,59.375,53.125,70.3125,68.75,6.25,100,100,100,39.0625,100,89.0625,84.375,100,100,92.1875,100,100,79.6875,98.4375,100,96.875,70.3125,100,34.375,43.75,95.3125,100,73.4375,100,100,100,100,57.8125,93.75,78.125,100,71.875,100,100,100,70.3125,100,100,100,89.0625,85.9375,100,37.5,93.75,100,100,60.9375,100,56.25,100,98.4375,100,100,95.3125,62.5,98.4375,100,85.9375,81.25,100,29.6875,34.375,100,68.75,84.375,79.6875,100,100,100,100,51.5625,100,100,93.75,82.8125,64.0625,12.5,100,100,67.1875,98.4375,75,73.4375,10.9375,100,100,78.125,100,100,100,92.1875,96.875,90.625,100,100,100,100,92.1875,100,100,100,59.375,42.1875,100,68.75,96.875,67.1875,32.8125,59.375,60.9375,100,23.4375,100,100,59.375,100,57.8125,76.5625,85.9375,78.125,100,100,100,59.375,100,98.4375,73.4375,62.5,100,100,76.5625,100,87.5,68.75,96.875,100,100,100,100,70.3125,100,21.875,100,78.125,100,100,54.6875,100,59.375,67.1875,93.75,100,35.9375,100,82.8125,100,89.0625,100,70.3125,64.0625,59.375,100,68.75,82.8125,95.3125,100,100,81.25,70.3125,100,35.9375,100,100,56.25,98.4375,100,32.8125,71.875,100,100,100,70.3125,100,100,93.75,100,100,100,93.75,100,100,100,95.3125,100,98.4375,100,100,70.3125,67.1875,100,100,59.375,39.0625,100,93.75,100,100,100,90.625,100,29.6875,100,25,100,70.3125,70.3125,100,75,14.0625,100,100,100,100,100,100,100,100,100,3.125,82.8125,23.4375,100,96.875,62.5,93.75,64.0625,64.0625,100,100,100,100,84.375,100,43.75,100,75,79.6875,100,100,56.25,100,100,84.375,43.75,100,100,81.25,100,73.4375,100,85.9375,100,100,100,100,100,81.25,100,100,98.4375,76.5625,100,68.75,100,100,100,100,100,100,100,82.8125,100,82.8125,100,100,100,100,100,100,9.375,79.6875,96.875,100,90.625,100,100,100,100,68.75,96.875,100,73.4375,73.4375,100,100,81.25,81.25,100,81.25,85.9375,100,42.1875,100,59.375,100,95.3125,67.1875,100,100,40.625,100,100,82.8125,100,92.1875,53.125,78.125,100,100,57.8125,79.6875,17.1875,100,100,100,87.5,100,100,100,100,82.8125,84.375,76.5625,64.0625,50,92.1875,82.8125,95.3125,87.5,100,82.8125,100,100,84.375,100,100,75,100,26.5625,93.75,75,100,82.8125,56.25,100,81.25,100,53.125,82.8125,100,100,100,100,54.6875,100,85.9375,100,100,100,56.25,100,100,57.8125,65.625,100,96.875,100,79.6875,100,100,62.5,76.5625,95.3125,40.625,100,100,100,100,87.5,100,40.625,65.625,96.875,100,100,100,100,100,90.625,79.6875,92.1875,100,98.4375,60.9375,100,96.875,100,68.75,75,100,48.4375,100,84.375,98.4375,75,84.375,76.5625,100,89.0625,100,100,84.375,70.3125,100,45.3125,51.5625,18.75,100,67.1875,98.4375,100,100,79.6875,84.375,45.3125,100,89.0625,37.5,100,100,100,100,100,100,100,100,100,100,46.875,78.125,100,59.375,100,68.75,100,20.3125,100,100,95.3125,81.25,100,100,54.6875,100,100,76.5625,100,100,64.0625,100,100,31.25,53.125,43.75,56.25,100,100,81.25,100,37.5,50,100,100,82.8125,89.0625,50,100,26.5625,100,100,100,100,62.5,67.1875,100,71.875,100,82.8125,100,100,100,85.9375,87.5,51.5625,89.0625,73.4375,100,100,81.25,71.875,90.625,67.1875,60.9375,51.5625,100,100,64.0625,92.1875,100,76.5625,62.5,100,35.9375,87.5,100,98.4375,100,100,100,89.0625,96.875,73.4375,100,100,100,90.625,100,73.4375,100,85.9375,81.25,79.6875,100,65.625,100,100,92.1875,87.5,100,95.3125,62.5,62.5,100,9.375,75,100,100,89.0625,100,100,100,100,85.9375,65.625,100,100,100,89.0625,100,56.25,92.1875,100,64.0625,29.6875,89.0625,100,100,100,67.1875,56.25,78.125,42.1875,46.875,100,100,75,60.9375,60.9375,100,75,92.1875,95.3125,93.75,89.0625,100,28.125,100,68.75,53.125,96.875,100,67.1875,93.75,100,100,84.375,100,64.0625,89.0625,93.75,100,100,96.875,73.4375,39.0625,100,100,100,96.875,100,90.625,100,100,73.4375,73.4375,100,76.5625,100,100,100,100,50,95.3125,51.5625,50,78.125,65.625,95.3125,100,100,100,87.5,100,98.4375,85.9375,42.1875,92.1875,100,73.4375,71.875,100,90.625,53.125,100,100,100,100,100,100,70.3125,100,98.4375,95.3125,100,68.75,100,93.75,100,100,100,95.3125,100,100,100,50,62.5,67.1875,39.0625,100,84.375,85.9375,73.4375,100,100,71.875,71.875,100,90.625,100,100,82.8125,54.6875,100,100,100,100,100,100,35.9375,100,100,89.0625,79.6875,75,98.4375,100,64.0625,100,48.4375,100,100,100,100,100,79.6875,35.9375,71.875,100,60.9375,100,100,100,100,100,100,98.4375,100,87.5,90.625,84.375,100,93.75,100,100,100,100,93.75,96.875,100,100,79.6875,100,62.5,100,93.75,100,100,100,93.75,84.375,87.5,95.3125,28.125,50,35.9375,100,100,100,100,40.625,100,100,100,100,100,60.9375,100,76.5625,100,100,100,79.6875,100,100,100,100,75,100,100,65.625,35.9375,100,100,85.9375,96.875,100,95.3125,68.75,81.25,54.6875,67.1875,96.875,81.25,56.25,79.6875,73.4375,100,100,100,100,89.0625,100,87.5,89.0625,70.3125,60.9375,100,56.25,81.25,98.4375,100,60.9375,100,100,100,100,87.5,26.5625,100,100,100,100,20.3125,68.75,100,93.75,100,100,100,82.8125,100,100,100,100,87.5,100,100,100,73.4375,100,100,100,100,100,100,96.875,100,59.375,100,89.0625,93.75,82.8125,76.5625,100,100,100,100,71.875,59.375,73.4375,100,100,71.875,15.625,100,92.1875,71.875,100,87.5,100,50,100,100,100,73.4375,54.6875,100,96.875,100,100,89.0625,100,20.3125,32.8125,75,60.9375,100,100,89.0625,100,100,100,100,100,85.9375,82.8125,100,25,32.8125,100,95.3125,42.1875,100,48.4375,87.5,100,100,100,95.3125,100,40.625,56.25,100,100,100,100,100,100,100,100,100,100,85.9375,56.25,100,100,100,79.6875,100,100,96.875,100,100,82.8125,92.1875,59.375,84.375,100,100,23.4375,96.875,98.4375,100,98.4375,100,100,10.9375,50,100,100,100,76.5625,75,100,71.875,100,100,26.5625,57.8125,62.5,96.875,79.6875,100,100,100,95.3125,100,79.6875,89.0625,100,100,100,100,82.8125,96.875,100,100,100,100,100,59.375,100,20.3125,87.5,100,100,100,100,100,89.0625,100,28.125,53.125,100,100,59.375,100,100,100,100,100,82.8125,78.125,79.6875,81.25,100,35.9375,100,67.1875,89.0625,100,100,18.75,95.3125,90.625,100,71.875,100,96.875,26.5625,68.75,100,18.75,100,59.375,100,93.75,75,100,100,100,65.625,68.75,98.4375,75,100,100,89.0625,4.6875,40.625,76.5625,100,78.125,75,100,37.5,81.25,93.75,32.8125,100,96.875,100,100,100,100,68.75,67.1875,100,100,100,65.625,65.625,100,100,89.0625,100,76.5625,64.0625,100,67.1875,100,100,100,75,89.0625,60.9375,81.25,100,100,100,79.6875,100,67.1875,100,100,100,100,95.3125,98.4375,51.5625,100,100,73.4375,100,68.75,100,90.625,100,81.25,43.75,82.8125,100,100,82.8125,100,62.5,25,92.1875,100,84.375,75,100,75,100,42.1875,35.9375,100,71.875,76.5625,100,31.25,95.3125,100,100,53.125,100,90.625,59.375,100,92.1875,100,100,57.8125,39.0625,85.9375,68.75,100,100,92.1875,100,100,54.6875,28.125,100,100,78.125,60.9375,89.0625,100,76.5625,84.375,92.1875,95.3125,43.75,100,100,100,100,71.875,100,100,100,100,100,10.9375,100,100,100,100,68.75,100,73.4375,20.3125,100,100,96.875,100,56.25,59.375,100,100,65.625,100,34.375,100,87.5,79.6875,100,64.0625,100,76.5625,54.6875,82.8125,100,89.0625,100,100,100,100,100,79.6875,59.375,54.6875,98.4375,57.8125,100,100,31.25,39.0625,96.875,40.625,100,100,98.4375,100,95.3125,84.375,71.875,100,100,73.4375,62.5,100,100,100,100,57.8125,100,76.5625,76.5625,100,100,100,85.9375,100,100,100,67.1875,100,100,70.3125,100,96.875,43.75,87.5,81.25,79.6875,100,68.75,92.1875,56.25,68.75,100,100,100,100,100,81.25,100,87.5,100,100,93.75,100,98.4375,54.6875,78.125,78.125,100,100,21.875,64.0625,100,4.6875,26.5625,75,54.6875,100,100,100,89.0625,92.1875,84.375,98.4375,100,82.8125,78.125,100,100,21.875,100,100,100,71.875,100,100,100,100,100,45.3125,100,100,100,90.625,100,100,53.125,79.6875,100,100,85.9375,100,100,100,100,87.5,100,34.375,100,100,59.375,100,68.75,100,78.125,73.4375,70.3125,73.4375,100,100,100,100,100,71.875,85.9375,100,98.4375,100,51.5625,23.4375,85.9375,100,90.625,100,67.1875,85.9375,100,87.5,59.375,100,90.625,100,73.4375,56.25,100,87.5,87.5,25,40.625,85.9375,100,100,100,34.375,59.375,56.25,100,100,100,100,59.375,100,57.8125,67.1875,4.6875,100,98.4375,81.25,93.75,78.125,100,92.1875,100,100,67.1875,96.875,23.4375,60.9375,73.4375,71.875,39.0625,100,81.25,100,100,79.6875,100,81.25,56.25,100,76.5625,75,85.9375,60.9375,100,100,17.1875,100,92.1875,70.3125,100,81.25,75,60.9375,100,15.625,59.375,98.4375,100,78.125,100,100,92.1875,57.8125,62.5,100,100,100,100,95.3125,100,100,82.8125,81.25,64.0625,98.4375,100,62.5,100,98.4375,82.8125,100,100,100,98.4375,92.1875,20.3125,100,14.0625,100,82.8125,100,100,71.875,46.875,87.5,100,57.8125,40.625,100,81.25,100,100,71.875,81.25,75,70.3125,100,100,67.1875,67.1875,78.125,100,100,100,93.75,100,50,82.8125,100,84.375,100,45.3125,75,51.5625,29.6875,100,71.875,59.375,39.0625,82.8125,68.75,76.5625,100,26.5625,93.75,54.6875,85.9375,100,100,100,100,100,100,93.75,100,100,100,100,100,82.8125,95.3125,75,100,96.875,56.25,100,71.875,62.5,50,67.1875,100,100,100,100,90.625,95.3125,81.25,42.1875,100,100,100,100,84.375,100,100,100,100,50,89.0625,100,54.6875,100,84.375,100,40.625,100,60.9375,100,100,100,100,100,90.625,89.0625,90.625,100,100,92.1875,100,89.0625,84.375,100,100,100,95.3125,53.125,75,98.4375,100,100,35.9375,82.8125,78.125,100,31.25,100,100,100,100,50,26.5625,100,98.4375,57.8125,100,100,96.875,98.4375,70.3125,87.5,100,100,78.125,95.3125,95.3125,100,81.25,100,21.875,71.875,100,100,100,82.8125,100,100,98.4375,100,85.9375,100,93.75,70.3125,56.25,67.1875,100,28.125,100,100,51.5625,54.6875,100,100,50,100,71.875,89.0625,89.0625,100,92.1875,79.6875,78.125,71.875,100,81.25,100,42.1875,100,100,78.125,64.0625,79.6875,100,98.4375,100,98.4375,100,100,85.9375,43.75,100,7.8125,56.25,100,100,78.125,100,100,100,42.1875,100,100,100,73.4375,100,100,100,71.875,62.5,100,59.375,100,100,64.0625,100,96.875,60.9375,87.5,100,75,100,100,87.5,100,57.8125,71.875,78.125,100,28.125,76.5625,54.6875,100,57.8125,67.1875,100,79.6875,93.75,100,98.4375,81.25,100,93.75,100,70.3125,100,100,100,46.875,87.5,100,48.4375,46.875,100,100,89.0625,89.0625,60.9375,100,92.1875,100,100,95.3125,100,100,100,75,59.375,100,90.625,100,92.1875,100,28.125,100,100,89.0625,57.8125,45.3125,90.625,100,100,100,67.1875,100,100,64.0625,100,100,76.5625,100,71.875,100,100,100,76.5625,95.3125,100,54.6875,100,100,100,57.8125,95.3125,87.5,100,62.5,100,81.25,81.25,100,82.8125,92.1875,43.75,100,100,39.0625,31.25,100,56.25,100,100,100,75,100,73.4375,100,100,100,100,32.8125,100,100,100,76.5625,95.3125,100,100,23.4375,92.1875,64.0625,57.8125,100,100,96.875,90.625,96.875,100,100,78.125,85.9375,100,50,100,51.5625,92.1875,93.75,100,100,100,100,100,100,70.3125,100,81.25,100,100,100,96.875,100,100,62.5,68.75,71.875,90.625,18.75,43.75,100,100,100,46.875,89.0625,100,100,100,100,75,78.125,96.875,81.25,100,68.75,100,68.75,100,100,81.25,46.875,100,57.8125,100,62.5,75,81.25,100,78.125,54.6875,100,100,100,100,75,100,100,100,50,100,100,65.625,39.0625,100,100,57.8125,93.75,51.5625,100,100,82.8125,92.1875,100,100,90.625,100,50,100,75,100,100,100,62.5,100,100,81.25,100,100,100,90.625,100,95.3125,89.0625,100,100,100,73.4375,71.875,100,60.9375,100,92.1875,100,62.5,87.5,100,100,87.5,100,39.0625,76.5625,45.3125,82.8125,59.375,100,100,98.4375,92.1875,100,98.4375,100,57.8125,56.25,37.5,100,100,100,100,100,68.75,100,51.5625,100,81.25,92.1875,71.875,100,81.25,67.1875,100,84.375,98.4375,18.75,96.875,70.3125,100,26.5625,32.8125,100,100,100,100,25,100,82.8125,59.375,59.375,75,100,51.5625,98.4375,78.125,85.9375,100,100,96.875,100,64.0625,100,100,90.625,100,100,78.125,87.5,100,100,18.75,100,59.375,100,100,45.3125,100,46.875,100,84.375,68.75,100,53.125,40.625,87.5,56.25,29.6875,70.3125,100,100,87.5,100,79.6875,100,29.6875,100,57.8125,100,100,100,100,57.8125,29.6875,100,98.4375,46.875,68.75,100,54.6875,100,100,100,25,100,51.5625,100,100,100,82.8125,100,85.9375,100,100,93.75,81.25,62.5,53.125,53.125,100,100,68.75,100,100,85.9375,100,73.4375,100,100,100,100,100,90.625,70.3125,100,100,100,100,100,100,100,62.5,71.875,100,28.125,65.625,100,100,59.375,100,64.0625,1.5625,100,100,32.8125,100,92.1875,100,100,100,100,100,100,90.625,82.8125,96.875,100,100,100,100,82.8125,100,100,100,87.5,42.1875,100,62.5,100,100,100,75,100,43.75,64.0625,100,100,53.125,100,100,70.3125,100,100,84.375,100,100,100,92.1875,100,100,29.6875,84.375,87.5,100,100,37.5,9.375,62.5,100,75,71.875,100,73.4375,100,100,71.875,100,98.4375,100,100,57.8125,84.375,64.0625,64.0625,100,81.25,100,54.6875,79.6875,100,100,96.875,87.5,100,98.4375,31.25,68.75,100,54.6875,62.5,100,100,71.875,84.375,100,79.6875,37.5,67.1875,79.6875,100,100,100,42.1875,100,59.375,39.0625,100,64.0625,100,100,100,100,64.0625,100,54.6875,87.5,100,70.3125,100,56.25,81.25,67.1875,76.5625,100,92.1875,29.6875,64.0625,100,84.375,100,100,100,100
"6088",93.75,100,34.375,100,100,43.75,92.1875,100,21.875,93.75,68.75,100,100,100,65.625,76.5625,84.375,79.6875,100,100,96.875,100,100,100,57.8125,100,100,78.125,85.9375,100,100,100,100,100,100,50,78.125,100,100,100,87.5,62.5,82.8125,100,100,100,100,92.1875,85.9375,87.5,75,100,100,70.3125,81.25,100,7.8125,100,46.875,40.625,84.375,95.3125,98.4375,100,100,100,57.8125,100,59.375,100,56.25,78.125,100,100,60.9375,81.25,100,50,48.4375,100,78.125,100,81.25,78.125,57.8125,100,100,20.3125,100,100,60.9375,84.375,100,48.4375,68.75,93.75,100,60.9375,100,100,98.4375,98.4375,100,92.1875,100,15.625,100,53.125,85.9375,100,57.8125,70.3125,100,100,28.125,100,100,100,100,85.9375,65.625,100,100,100,96.875,42.1875,100,18.75,100,76.5625,100,100,100,100,100,64.0625,68.75,78.125,100,100,100,81.25,46.875,59.375,100,98.4375,89.0625,100,56.25,82.8125,59.375,37.5,78.125,89.0625,96.875,93.75,37.5,98.4375,100,100,100,100,73.4375,100,89.0625,65.625,31.25,90.625,23.4375,100,100,70.3125,100,64.0625,100,95.3125,85.9375,93.75,100,100,84.375,92.1875,100,85.9375,92.1875,100,31.25,100,100,87.5,100,71.875,87.5,100,98.4375,100,92.1875,82.8125,100,100,51.5625,100,96.875,100,100,100,100,100,81.25,100,32.8125,100,100,100,82.8125,78.125,45.3125,56.25,100,42.1875,98.4375,73.4375,39.0625,100,100,53.125,100,100,79.6875,100,71.875,82.8125,100,100,100,100,87.5,60.9375,90.625,100,100,100,100,100,100,54.6875,100,89.0625,100,65.625,100,81.25,76.5625,96.875,100,67.1875,100,59.375,100,100,100,98.4375,35.9375,87.5,54.6875,93.75,100,96.875,100,100,57.8125,57.8125,100,100,100,67.1875,43.75,92.1875,68.75,100,92.1875,100,100,100,100,100,29.6875,100,100,100,81.25,100,62.5,56.25,100,100,100,92.1875,56.25,75,35.9375,100,71.875,78.125,100,81.25,78.125,64.0625,92.1875,100,82.8125,50,29.6875,100,60.9375,95.3125,100,100,75,40.625,89.0625,64.0625,50,100,75,62.5,90.625,95.3125,100,68.75,85.9375,100,75,100,100,37.5,100,90.625,100,100,100,84.375,45.3125,37.5,68.75,60.9375,40.625,100,84.375,68.75,100,78.125,100,100,70.3125,100,100,68.75,56.25,92.1875,64.0625,93.75,100,100,50,53.125,23.4375,92.1875,98.4375,100,100,100,81.25,79.6875,90.625,100,96.875,100,100,100,78.125,87.5,100,100,100,10.9375,100,100,65.625,92.1875,100,76.5625,100,100,100,73.4375,100,67.1875,90.625,14.0625,100,100,100,100,100,56.25,59.375,100,76.5625,96.875,70.3125,98.4375,100,56.25,100,93.75,39.0625,56.25,100,76.5625,37.5,100,100,100,100,42.1875,32.8125,100,93.75,100,82.8125,100,82.8125,100,79.6875,65.625,48.4375,100,100,100,100,92.1875,100,84.375,100,100,100,100,96.875,92.1875,95.3125,100,100,100,84.375,71.875,100,96.875,100,100,75,73.4375,75,95.3125,100,60.9375,100,100,100,73.4375,81.25,34.375,57.8125,98.4375,100,14.0625,100,100,100,92.1875,79.6875,100,84.375,68.75,82.8125,100,57.8125,100,46.875,73.4375,100,78.125,78.125,100,62.5,75,100,100,70.3125,73.4375,67.1875,100,100,100,84.375,76.5625,64.0625,82.8125,100,100,64.0625,78.125,68.75,100,100,70.3125,100,100,100,100,95.3125,73.4375,100,62.5,53.125,92.1875,100,96.875,40.625,100,51.5625,100,20.3125,100,84.375,70.3125,100,81.25,81.25,100,82.8125,100,100,34.375,45.3125,100,57.8125,90.625,100,70.3125,100,100,100,100,100,51.5625,85.9375,100,73.4375,95.3125,100,71.875,50,100,100,78.125,31.25,78.125,100,100,59.375,100,90.625,100,43.75,100,100,71.875,100,100,64.0625,100,59.375,100,100,96.875,100,78.125,100,64.0625,100,64.0625,100,10.9375,100,100,81.25,100,60.9375,95.3125,100,95.3125,100,100,100,100,100,14.0625,100,54.6875,100,100,76.5625,100,73.4375,100,100,100,100,100,100,100,100,60.9375,100,79.6875,73.4375,96.875,100,75,78.125,100,100,100,100,81.25,100,100,100,95.3125,100,100,28.125,96.875,73.4375,82.8125,73.4375,75,100,100,100,92.1875,90.625,100,46.875,31.25,90.625,51.5625,29.6875,100,100,100,100,100,100,32.8125,100,82.8125,51.5625,59.375,78.125,71.875,73.4375,98.4375,78.125,95.3125,92.1875,23.4375,75,79.6875,40.625,82.8125,95.3125,43.75,90.625,100,100,100,100,100,100,76.5625,100,45.3125,68.75,100,100,70.3125,60.9375,45.3125,46.875,100,45.3125,100,84.375,100,100,100,100,90.625,100,73.4375,90.625,78.125,100,25,62.5,100,100,100,57.8125,100,100,100,84.375,100,87.5,100,100,100,84.375,68.75,100,100,100,87.5,100,100,100,96.875,100,100,70.3125,100,100,100,51.5625,79.6875,100,35.9375,87.5,100,79.6875,40.625,60.9375,96.875,100,60.9375,82.8125,100,100,100,73.4375,43.75,29.6875,87.5,100,100,100,48.4375,50,71.875,68.75,6.25,100,100,100,39.0625,92.1875,48.4375,84.375,100,100,81.25,100,100,82.8125,100,100,93.75,100,100,40.625,48.4375,100,100,71.875,100,100,100,100,56.25,92.1875,100,100,40.625,100,59.375,100,85.9375,26.5625,90.625,100,89.0625,70.3125,100,37.5,93.75,100,100,56.25,100,100,100,100,100,100,93.75,62.5,50,100,84.375,89.0625,100,100,31.25,100,70.3125,82.8125,79.6875,100,100,35.9375,100,62.5,100,100,93.75,82.8125,62.5,37.5,100,100,68.75,100,76.5625,34.375,64.0625,100,100,93.75,96.875,96.875,100,93.75,100,98.4375,100,100,100,82.8125,98.4375,100,100,100,65.625,42.1875,100,68.75,95.3125,67.1875,100,57.8125,76.5625,100,26.5625,100,96.875,59.375,100,64.0625,71.875,84.375,76.5625,100,98.4375,95.3125,59.375,100,100,71.875,67.1875,100,100,68.75,98.4375,84.375,62.5,90.625,100,100,100,100,81.25,100,20.3125,100,78.125,100,100,56.25,100,73.4375,70.3125,93.75,100,35.9375,100,82.8125,100,87.5,100,70.3125,56.25,96.875,100,67.1875,81.25,93.75,100,100,84.375,50,100,32.8125,100,100,64.0625,96.875,100,37.5,70.3125,100,100,100,70.3125,100,100,100,100,100,100,93.75,100,100,100,51.5625,100,100,100,100,59.375,62.5,100,100,59.375,57.8125,100,95.3125,100,100,100,87.5,100,29.6875,100,23.4375,89.0625,73.4375,70.3125,100,67.1875,20.3125,100,100,100,100,100,78.125,100,100,100,3.125,87.5,100,100,95.3125,67.1875,93.75,75,67.1875,100,100,100,100,84.375,100,82.8125,100,81.25,100,100,100,53.125,100,100,90.625,43.75,100,100,78.125,100,75,28.125,93.75,100,100,100,100,100,81.25,89.0625,100,100,76.5625,70.3125,68.75,100,100,100,100,100,100,100,73.4375,100,82.8125,100,100,100,100,100,100,65.625,93.75,93.75,100,92.1875,100,100,100,100,67.1875,95.3125,100,78.125,75,100,89.0625,81.25,82.8125,100,81.25,96.875,100,43.75,100,59.375,100,98.4375,100,100,100,40.625,93.75,100,87.5,93.75,89.0625,51.5625,76.5625,100,100,62.5,81.25,17.1875,100,100,100,95.3125,100,100,100,100,100,84.375,84.375,62.5,100,34.375,92.1875,100,84.375,100,78.125,100,100,84.375,100,100,75,87.5,100,93.75,81.25,100,82.8125,45.3125,100,79.6875,100,53.125,100,100,100,100,100,73.4375,100,76.5625,100,100,100,43.75,100,100,57.8125,65.625,100,95.3125,100,84.375,100,93.75,46.875,79.6875,95.3125,100,100,100,100,100,100,100,40.625,100,93.75,100,100,100,100,100,92.1875,73.4375,92.1875,100,100,56.25,100,96.875,100,62.5,75,100,54.6875,81.25,84.375,92.1875,75,68.75,73.4375,100,79.6875,100,100,81.25,62.5,100,39.0625,51.5625,82.8125,100,67.1875,93.75,100,100,100,87.5,42.1875,100,90.625,35.9375,100,100,100,100,100,100,100,100,100,100,64.0625,75,100,59.375,100,65.625,100,37.5,100,64.0625,95.3125,81.25,100,75,54.6875,100,100,76.5625,100,93.75,67.1875,100,100,31.25,100,71.875,67.1875,100,100,25,100,35.9375,46.875,100,100,84.375,89.0625,51.5625,100,34.375,100,100,93.75,100,60.9375,59.375,100,73.4375,100,98.4375,100,100,100,98.4375,87.5,56.25,89.0625,71.875,100,100,79.6875,71.875,92.1875,67.1875,60.9375,51.5625,100,100,65.625,93.75,100,78.125,62.5,100,42.1875,98.4375,100,92.1875,100,100,100,81.25,85.9375,75,100,100,46.875,75,100,96.875,100,85.9375,73.4375,100,100,54.6875,100,92.1875,100,57.8125,100,100,60.9375,62.5,100,100,78.125,100,100,89.0625,100,100,100,100,98.4375,59.375,93.75,100,100,71.875,100,87.5,100,100,65.625,29.6875,90.625,65.625,100,100,42.1875,56.25,78.125,39.0625,43.75,100,100,75,62.5,78.125,53.125,68.75,85.9375,100,100,90.625,100,46.875,100,79.6875,57.8125,100,100,73.4375,93.75,100,100,85.9375,100,70.3125,100,93.75,100,100,100,73.4375,39.0625,100,100,100,100,100,76.5625,100,100,64.0625,62.5,100,82.8125,100,100,100,100,42.1875,100,68.75,48.4375,78.125,60.9375,93.75,100,100,100,87.5,100,100,87.5,43.75,81.25,100,76.5625,73.4375,98.4375,87.5,56.25,100,100,100,100,100,100,71.875,100,90.625,93.75,100,68.75,100,100,100,100,100,90.625,100,100,100,98.4375,68.75,75,100,100,82.8125,89.0625,79.6875,100,100,70.3125,71.875,100,92.1875,100,21.875,89.0625,65.625,100,100,79.6875,100,100,81.25,57.8125,96.875,100,92.1875,67.1875,70.3125,100,100,100,100,100,100,100,100,100,100,81.25,34.375,70.3125,100,60.9375,100,100,100,100,100,100,100,100,100,100,81.25,100,100,100,100,100,100,98.4375,100,100,100,92.1875,100,71.875,100,93.75,75,100,100,93.75,100,90.625,96.875,96.875,9.375,39.0625,100,100,100,100,46.875,81.25,100,100,100,100,60.9375,100,79.6875,100,100,100,81.25,100,100,100,100,54.6875,100,100,73.4375,79.6875,100,100,100,95.3125,100,95.3125,100,46.875,56.25,76.5625,100,82.8125,98.4375,73.4375,68.75,100,89.0625,100,90.625,89.0625,100,87.5,79.6875,67.1875,54.6875,100,100,79.6875,100,100,75,100,100,82.8125,100,90.625,28.125,89.0625,100,98.4375,100,21.875,71.875,100,100,100,100,100,75,100,100,100,96.875,89.0625,89.0625,100,100,100,81.25,100,85.9375,100,100,100,56.25,100,57.8125,100,100,93.75,82.8125,100,100,100,100,85.9375,71.875,53.125,60.9375,90.625,100,79.6875,29.6875,100,90.625,71.875,100,90.625,100,21.875,100,100,100,71.875,57.8125,100,82.8125,100,100,89.0625,100,20.3125,85.9375,76.5625,59.375,100,100,87.5,100,100,95.3125,100,100,85.9375,62.5,100,23.4375,50,100,95.3125,78.125,100,57.8125,87.5,100,100,100,93.75,100,40.625,20.3125,100,100,100,100,100,100,100,100,90.625,100,89.0625,59.375,89.0625,100,100,82.8125,93.75,100,98.4375,100,100,100,87.5,59.375,96.875,100,100,100,67.1875,89.0625,100,100,98.4375,100,42.1875,51.5625,100,100,100,92.1875,76.5625,100,65.625,100,100,28.125,60.9375,62.5,96.875,82.8125,100,100,100,90.625,100,85.9375,89.0625,92.1875,100,100,100,93.75,100,100,100,100,100,100,62.5,100,18.75,85.9375,100,100,98.4375,100,100,84.375,100,28.125,65.625,100,100,54.6875,84.375,100,100,100,100,81.25,76.5625,82.8125,76.5625,100,35.9375,100,67.1875,84.375,100,100,100,100,87.5,32.8125,76.5625,100,98.4375,23.4375,68.75,100,25,100,59.375,100,100,73.4375,100,100,100,37.5,76.5625,100,71.875,100,95.3125,95.3125,15.625,42.1875,79.6875,65.625,79.6875,76.5625,100,67.1875,84.375,93.75,65.625,100,95.3125,100,100,100,100,70.3125,75,100,87.5,65.625,100,73.4375,100,100,85.9375,100,76.5625,64.0625,100,65.625,98.4375,100,100,75,100,46.875,50,100,100,100,79.6875,100,67.1875,100,100,100,100,93.75,96.875,51.5625,100,100,82.8125,100,70.3125,100,85.9375,100,81.25,100,78.125,100,100,17.1875,100,65.625,21.875,96.875,95.3125,82.8125,48.4375,100,100,100,40.625,35.9375,100,73.4375,78.125,100,31.25,100,100,100,67.1875,100,98.4375,56.25,76.5625,90.625,100,100,59.375,39.0625,100,73.4375,100,100,89.0625,93.75,98.4375,54.6875,28.125,100,100,70.3125,60.9375,89.0625,100,76.5625,84.375,95.3125,100,42.1875,100,100,100,100,60.9375,100,100,96.875,100,100,40.625,100,100,100,100,100,100,100,100,85.9375,64.0625,95.3125,100,57.8125,68.75,100,100,62.5,100,32.8125,100,20.3125,81.25,100,67.1875,100,76.5625,60.9375,81.25,100,82.8125,100,100,100,100,100,75,59.375,53.125,100,68.75,100,92.1875,100,32.8125,100,29.6875,100,89.0625,95.3125,100,90.625,90.625,68.75,100,100,75,51.5625,100,100,100,100,100,100,76.5625,92.1875,100,100,98.4375,90.625,100,100,100,67.1875,100,100,64.0625,100,100,37.5,85.9375,81.25,67.1875,100,70.3125,60.9375,59.375,68.75,100,89.0625,100,100,96.875,32.8125,100,82.8125,100,100,93.75,100,100,54.6875,68.75,82.8125,100,100,23.4375,90.625,100,4.6875,25,93.75,9.375,100,100,100,75,90.625,87.5,100,100,95.3125,75,100,100,10.9375,100,100,100,71.875,100,100,96.875,100,100,56.25,100,100,100,89.0625,100,100,64.0625,78.125,100,95.3125,79.6875,100,100,100,100,81.25,100,37.5,100,100,56.25,100,70.3125,100,78.125,73.4375,71.875,75,100,100,100,100,98.4375,100,79.6875,100,100,100,59.375,23.4375,100,100,92.1875,100,73.4375,81.25,100,87.5,60.9375,100,100,100,73.4375,50,100,89.0625,90.625,21.875,40.625,78.125,100,100,82.8125,34.375,65.625,51.5625,100,79.6875,100,100,59.375,100,56.25,67.1875,4.6875,100,93.75,73.4375,89.0625,78.125,100,92.1875,100,100,68.75,96.875,21.875,59.375,75,71.875,39.0625,100,79.6875,100,100,75,100,93.75,62.5,100,62.5,75,87.5,64.0625,78.125,100,18.75,100,100,68.75,100,84.375,78.125,100,100,34.375,62.5,90.625,100,82.8125,100,100,98.4375,54.6875,59.375,100,100,100,100,95.3125,100,100,92.1875,79.6875,64.0625,100,100,62.5,100,100,92.1875,98.4375,93.75,75,100,100,34.375,100,100,100,90.625,100,100,78.125,46.875,100,100,57.8125,40.625,100,81.25,100,100,71.875,84.375,100,85.9375,100,100,67.1875,67.1875,79.6875,95.3125,100,100,100,100,50,82.8125,100,100,100,70.3125,75,51.5625,9.375,100,71.875,53.125,54.6875,59.375,67.1875,81.25,78.125,31.25,93.75,54.6875,85.9375,100,100,90.625,17.1875,85.9375,90.625,85.9375,100,100,100,100,100,100,95.3125,75,100,87.5,100,100,75,73.4375,64.0625,64.0625,100,100,100,100,100,100,78.125,54.6875,84.375,100,100,100,95.3125,100,100,100,81.25,60.9375,100,26.5625,93.75,100,84.375,100,40.625,100,65.625,100,100,100,100,100,90.625,98.4375,70.3125,100,100,92.1875,79.6875,90.625,100,100,100,98.4375,84.375,56.25,67.1875,98.4375,100,100,37.5,85.9375,75,100,100,100,100,100,100,42.1875,26.5625,100,82.8125,100,100,100,95.3125,98.4375,65.625,84.375,100,100,87.5,100,100,100,68.75,48.4375,21.875,76.5625,100,100,100,100,100,100,100,100,100,100,92.1875,67.1875,67.1875,65.625,100,25,100,100,51.5625,56.25,100,100,50,100,71.875,90.625,85.9375,100,100,78.125,84.375,93.75,100,82.8125,100,42.1875,100,100,76.5625,60.9375,78.125,100,100,100,98.4375,100,100,78.125,65.625,100,7.8125,54.6875,100,100,78.125,100,100,100,51.5625,100,100,100,90.625,100,100,100,71.875,59.375,98.4375,59.375,100,100,64.0625,100,100,60.9375,100,100,82.8125,100,100,82.8125,100,56.25,70.3125,54.6875,100,26.5625,78.125,81.25,100,57.8125,81.25,100,82.8125,96.875,100,100,75,100,87.5,100,67.1875,100,100,100,46.875,96.875,100,43.75,78.125,100,100,82.8125,100,59.375,100,85.9375,100,100,96.875,100,100,100,73.4375,37.5,100,53.125,100,92.1875,100,26.5625,100,100,95.3125,59.375,100,100,100,100,100,67.1875,100,100,67.1875,100,100,26.5625,100,71.875,100,100,100,100,92.1875,100,54.6875,100,100,73.4375,54.6875,100,87.5,81.25,62.5,100,73.4375,82.8125,100,81.25,82.8125,42.1875,100,100,37.5,31.25,100,54.6875,100,100,100,75,100,70.3125,100,100,100,100,51.5625,100,56.25,96.875,78.125,93.75,100,100,25,100,64.0625,53.125,100,100,100,92.1875,100,100,100,67.1875,85.9375,100,81.25,100,56.25,92.1875,90.625,100,87.5,71.875,84.375,65.625,98.4375,70.3125,98.4375,81.25,100,100,100,96.875,100,100,62.5,70.3125,100,87.5,35.9375,51.5625,100,100,100,45.3125,100,100,100,100,100,75,79.6875,96.875,81.25,100,100,100,62.5,100,100,100,46.875,100,59.375,100,50,75,81.25,100,68.75,54.6875,100,100,100,100,75,100,100,100,50,100,100,70.3125,42.1875,100,100,59.375,93.75,76.5625,100,98.4375,71.875,79.6875,100,100,100,100,56.25,100,73.4375,40.625,100,100,65.625,100,100,75,100,100,100,100,100,98.4375,82.8125,100,100,100,54.6875,59.375,100,60.9375,100,89.0625,100,67.1875,85.9375,100,100,81.25,100,35.9375,76.5625,43.75,79.6875,60.9375,100,100,62.5,100,100,100,100,57.8125,57.8125,100,100,10.9375,100,100,100,75,100,50,100,79.6875,100,71.875,100,85.9375,67.1875,78.125,75,98.4375,18.75,96.875,64.0625,100,26.5625,42.1875,100,100,100,100,28.125,100,85.9375,57.8125,100,70.3125,100,64.0625,95.3125,78.125,85.9375,43.75,100,100,100,59.375,100,100,90.625,100,100,89.0625,84.375,100,100,18.75,100,57.8125,100,100,43.75,100,46.875,100,81.25,48.4375,100,48.4375,39.0625,85.9375,50,29.6875,85.9375,100,100,87.5,100,75,95.3125,31.25,100,57.8125,100,100,100,90.625,42.1875,28.125,100,98.4375,48.4375,68.75,100,100,100,100,96.875,37.5,100,56.25,100,100,100,81.25,100,100,100,100,95.3125,84.375,59.375,56.25,53.125,100,100,100,100,100,92.1875,100,60.9375,100,100,100,90.625,100,90.625,68.75,100,93.75,100,100,100,95.3125,100,64.0625,73.4375,100,26.5625,100,100,100,100,100,65.625,1.5625,100,50,28.125,42.1875,71.875,100,100,100,100,100,100,73.4375,85.9375,92.1875,100,100,100,100,100,100,95.3125,100,21.875,50,100,28.125,100,100,100,75,100,43.75,64.0625,100,100,82.8125,100,100,64.0625,100,100,89.0625,100,100,100,100,100,67.1875,26.5625,100,76.5625,100,100,26.5625,100,62.5,100,82.8125,75,29.6875,51.5625,100,100,71.875,100,84.375,100,96.875,57.8125,100,67.1875,73.4375,100,92.1875,92.1875,59.375,57.8125,100,100,96.875,90.625,100,98.4375,31.25,75,100,64.0625,64.0625,100,100,70.3125,84.375,100,79.6875,37.5,68.75,84.375,100,96.875,100,43.75,100,60.9375,39.0625,100,73.4375,100,100,100,100,62.5,100,54.6875,93.75,100,67.1875,100,40.625,89.0625,64.0625,70.3125,100,100,40.625,60.9375,100,84.375,100,100,100,100
"6089",89.0625,100,37.5,100,100,48.4375,90.625,90.625,21.875,95.3125,53.125,100,100,100,82.8125,78.125,82.8125,76.5625,100,100,96.875,100,100,100,56.25,100,100,75,84.375,100,100,92.1875,100,81.25,100,100,81.25,100,100,96.875,90.625,64.0625,84.375,100,100,100,100,100,67.1875,87.5,75,100,35.9375,65.625,82.8125,100,25,100,100,42.1875,84.375,53.125,98.4375,100,100,100,57.8125,100,78.125,100,54.6875,60.9375,100,100,64.0625,78.125,100,53.125,53.125,100,78.125,100,84.375,73.4375,62.5,100,100,29.6875,100,100,54.6875,82.8125,100,48.4375,64.0625,100,100,64.0625,100,100,81.25,100,100,90.625,100,17.1875,92.1875,53.125,85.9375,100,60.9375,87.5,68.75,95.3125,28.125,100,100,100,95.3125,79.6875,64.0625,100,18.75,78.125,93.75,42.1875,100,18.75,100,100,100,100,100,100,100,64.0625,59.375,76.5625,100,100,79.6875,100,45.3125,59.375,100,100,90.625,100,59.375,81.25,56.25,34.375,78.125,92.1875,98.4375,93.75,39.0625,100,100,100,100,100,73.4375,100,89.0625,67.1875,100,90.625,23.4375,100,76.5625,70.3125,100,64.0625,100,100,82.8125,100,100,100,100,89.0625,100,73.4375,100,100,28.125,68.75,100,87.5,100,82.8125,87.5,100,98.4375,100,85.9375,84.375,100,100,34.375,100,96.875,100,100,100,100,62.5,78.125,96.875,32.8125,100,100,100,78.125,78.125,37.5,82.8125,100,45.3125,60.9375,78.125,45.3125,62.5,100,53.125,96.875,98.4375,65.625,100,82.8125,82.8125,73.4375,100,100,100,82.8125,62.5,59.375,100,100,100,100,100,100,54.6875,100,87.5,100,71.875,100,76.5625,78.125,95.3125,78.125,65.625,100,62.5,100,100,100,98.4375,35.9375,93.75,28.125,96.875,100,100,100,100,51.5625,56.25,100,100,82.8125,81.25,43.75,100,67.1875,100,92.1875,100,100,100,100,100,29.6875,100,71.875,100,79.6875,100,51.5625,54.6875,100,100,100,84.375,60.9375,75,34.375,100,84.375,71.875,100,82.8125,89.0625,59.375,90.625,100,100,59.375,29.6875,100,65.625,95.3125,100,100,79.6875,48.4375,89.0625,100,50,100,73.4375,62.5,93.75,95.3125,100,67.1875,85.9375,100,76.5625,100,95.3125,37.5,89.0625,87.5,100,100,100,84.375,37.5,39.0625,64.0625,68.75,40.625,100,100,70.3125,100,75,100,100,71.875,100,96.875,95.3125,51.5625,87.5,73.4375,81.25,100,100,85.9375,53.125,23.4375,96.875,98.4375,100,100,100,100,81.25,98.4375,100,93.75,100,98.4375,100,87.5,76.5625,64.0625,100,100,73.4375,98.4375,100,53.125,93.75,100,82.8125,100,100,100,76.5625,100,46.875,100,14.0625,100,98.4375,100,100,100,64.0625,59.375,92.1875,71.875,90.625,70.3125,100,100,81.25,100,81.25,39.0625,59.375,100,76.5625,50,100,100,100,100,43.75,42.1875,100,93.75,100,82.8125,100,81.25,100,76.5625,60.9375,45.3125,100,100,100,100,93.75,82.8125,71.875,90.625,100,100,100,100,92.1875,95.3125,100,100,100,82.8125,73.4375,100,96.875,100,100,73.4375,73.4375,68.75,100,87.5,67.1875,100,100,100,78.125,82.8125,35.9375,51.5625,100,100,15.625,100,100,100,50,100,85.9375,98.4375,62.5,82.8125,100,54.6875,100,68.75,75,100,75,78.125,100,64.0625,100,100,100,71.875,70.3125,76.5625,100,100,100,85.9375,82.8125,90.625,82.8125,100,100,64.0625,76.5625,68.75,79.6875,100,100,100,100,100,100,95.3125,79.6875,76.5625,70.3125,50,93.75,100,100,43.75,100,51.5625,100,87.5,100,84.375,67.1875,100,81.25,82.8125,100,75,100,100,34.375,46.875,100,76.5625,92.1875,100,68.75,100,95.3125,51.5625,100,82.8125,53.125,70.3125,100,70.3125,100,60.9375,70.3125,37.5,100,100,100,32.8125,96.875,100,100,78.125,100,90.625,100,43.75,68.75,100,73.4375,100,100,100,100,60.9375,100,95.3125,95.3125,100,84.375,100,64.0625,100,65.625,100,100,100,100,82.8125,100,62.5,100,93.75,100,100,100,100,56.25,56.25,25,100,57.8125,100,79.6875,75,100,68.75,100,100,100,100,100,100,100,100,68.75,98.4375,78.125,14.0625,100,62.5,78.125,78.125,100,100,100,100,100,100,100,100,98.4375,100,100,28.125,96.875,67.1875,81.25,71.875,85.9375,100,100,100,92.1875,90.625,100,43.75,6.25,93.75,56.25,29.6875,100,100,100,100,100,100,28.125,100,82.8125,48.4375,59.375,43.75,71.875,75,98.4375,76.5625,93.75,90.625,45.3125,75,73.4375,40.625,82.8125,95.3125,43.75,98.4375,100,92.1875,100,100,100,100,76.5625,100,43.75,68.75,100,100,70.3125,78.125,43.75,46.875,100,48.4375,100,100,100,100,100,100,64.0625,100,75,87.5,76.5625,100,100,57.8125,100,100,100,56.25,100,100,100,84.375,100,100,100,100,100,85.9375,64.0625,100,100,100,96.875,100,100,100,100,100,100,70.3125,100,100,100,48.4375,100,100,35.9375,89.0625,100,76.5625,39.0625,59.375,92.1875,100,67.1875,81.25,100,100,100,71.875,32.8125,29.6875,89.0625,100,100,93.75,48.4375,57.8125,73.4375,67.1875,20.3125,100,100,62.5,39.0625,75,48.4375,84.375,100,100,78.125,100,100,78.125,100,100,100,100,92.1875,39.0625,43.75,92.1875,100,64.0625,100,100,100,100,57.8125,100,87.5,100,40.625,84.375,100,100,76.5625,100,85.9375,100,89.0625,68.75,100,35.9375,93.75,100,100,59.375,100,68.75,100,100,100,100,95.3125,62.5,90.625,100,84.375,84.375,100,100,32.8125,100,70.3125,90.625,79.6875,75,100,95.3125,100,54.6875,100,100,100,84.375,62.5,100,100,100,67.1875,100,76.5625,12.5,100,100,100,79.6875,100,85.9375,100,90.625,92.1875,92.1875,100,100,100,100,92.1875,100,100,100,60.9375,43.75,100,68.75,100,67.1875,100,60.9375,78.125,100,7.8125,100,93.75,59.375,95.3125,65.625,84.375,81.25,75,100,98.4375,100,57.8125,100,100,73.4375,65.625,100,100,60.9375,98.4375,100,62.5,92.1875,100,100,100,100,81.25,100,21.875,100,78.125,98.4375,100,50,100,56.25,71.875,100,100,35.9375,100,78.125,100,75,100,70.3125,60.9375,100,100,65.625,65.625,78.125,100,100,81.25,76.5625,100,89.0625,100,100,60.9375,100,100,34.375,100,100,100,100,70.3125,100,100,100,100,100,100,93.75,93.75,100,100,67.1875,100,100,100,100,70.3125,67.1875,100,100,59.375,40.625,100,92.1875,100,100,89.0625,78.125,100,29.6875,100,32.8125,90.625,71.875,71.875,100,70.3125,89.0625,100,100,100,100,100,100,100,100,100,59.375,87.5,100,100,95.3125,67.1875,93.75,71.875,54.6875,17.1875,87.5,100,78.125,84.375,100,78.125,100,78.125,100,100,100,51.5625,100,100,81.25,43.75,100,100,81.25,100,79.6875,34.375,96.875,98.4375,100,100,100,100,81.25,84.375,100,68.75,76.5625,68.75,65.625,100,100,100,100,100,100,100,78.125,100,81.25,100,98.4375,100,100,100,100,12.5,100,92.1875,93.75,93.75,100,100,100,100,67.1875,92.1875,100,81.25,73.4375,100,95.3125,75,79.6875,100,81.25,84.375,100,43.75,100,57.8125,100,92.1875,71.875,100,100,40.625,100,100,96.875,89.0625,89.0625,50,78.125,100,100,56.25,73.4375,17.1875,100,100,100,98.4375,100,100,100,100,93.75,76.5625,98.4375,62.5,100,37.5,82.8125,93.75,70.3125,100,78.125,100,100,87.5,100,100,71.875,71.875,100,93.75,81.25,100,87.5,64.0625,100,81.25,100,53.125,100,75,100,100,100,45.3125,62.5,79.6875,100,100,100,62.5,100,100,59.375,65.625,100,93.75,100,82.8125,100,98.4375,53.125,76.5625,96.875,100,100,100,100,100,100,100,40.625,100,93.75,100,100,100,100,100,73.4375,89.0625,92.1875,100,100,60.9375,100,96.875,100,81.25,75,100,93.75,100,85.9375,95.3125,87.5,84.375,76.5625,75,96.875,100,100,85.9375,67.1875,100,48.4375,51.5625,75,100,67.1875,92.1875,100,100,100,68.75,42.1875,100,96.875,35.9375,100,100,100,100,100,100,100,100,100,100,75,78.125,98.4375,59.375,100,71.875,100,62.5,100,60.9375,95.3125,81.25,100,100,54.6875,100,100,78.125,100,90.625,100,100,100,31.25,46.875,40.625,67.1875,76.5625,100,100,100,37.5,65.625,100,100,100,89.0625,51.5625,100,28.125,100,100,67.1875,100,60.9375,67.1875,100,73.4375,100,100,100,100,100,89.0625,79.6875,56.25,89.0625,71.875,100,100,81.25,71.875,56.25,67.1875,60.9375,50,100,100,65.625,62.5,100,71.875,62.5,100,42.1875,85.9375,100,90.625,100,100,100,93.75,100,73.4375,100,100,100,76.5625,100,96.875,100,85.9375,76.5625,100,100,67.1875,100,100,100,85.9375,100,100,87.5,62.5,100,100,70.3125,70.3125,100,89.0625,100,100,100,100,93.75,57.8125,100,100,100,70.3125,100,82.8125,100,100,64.0625,32.8125,87.5,84.375,100,100,64.0625,65.625,78.125,48.4375,45.3125,100,100,75,60.9375,60.9375,20.3125,75,92.1875,98.4375,100,90.625,100,53.125,81.25,73.4375,70.3125,78.125,100,71.875,90.625,100,100,84.375,98.4375,60.9375,84.375,90.625,100,100,100,73.4375,39.0625,100,100,100,100,100,73.4375,100,100,65.625,62.5,100,85.9375,100,100,100,100,42.1875,54.6875,64.0625,50,78.125,68.75,95.3125,100,100,100,85.9375,100,100,85.9375,43.75,87.5,100,76.5625,75,100,87.5,59.375,68.75,100,100,100,100,100,79.6875,100,100,92.1875,100,68.75,100,100,100,100,100,95.3125,100,100,100,50,70.3125,75,100,100,82.8125,100,79.6875,100,100,70.3125,71.875,100,93.75,100,73.4375,92.1875,73.4375,100,100,82.8125,100,100,93.75,32.8125,100,100,93.75,76.5625,75,100,100,60.9375,100,100,100,100,100,100,100,79.6875,34.375,68.75,100,70.3125,100,100,100,100,100,100,100,100,100,90.625,87.5,100,92.1875,100,100,100,100,95.3125,100,100,100,95.3125,100,68.75,100,93.75,100,100,100,95.3125,75,98.4375,98.4375,37.5,7.8125,39.0625,100,100,100,60.9375,43.75,81.25,100,100,100,100,60.9375,100,76.5625,100,100,100,95.3125,100,100,100,100,42.1875,100,100,54.6875,75,100,100,100,98.4375,100,95.3125,100,68.75,51.5625,78.125,54.6875,78.125,68.75,81.25,71.875,100,79.6875,100,100,89.0625,100,87.5,81.25,65.625,59.375,100,100,81.25,100,100,65.625,98.4375,100,98.4375,100,87.5,26.5625,84.375,100,87.5,100,20.3125,78.125,100,90.625,100,100,87.5,81.25,100,100,100,100,87.5,89.0625,100,100,100,90.625,100,98.4375,100,100,100,100,100,59.375,100,100,93.75,82.8125,90.625,100,100,100,100,71.875,82.8125,73.4375,100,100,73.4375,42.1875,100,81.25,81.25,100,78.125,100,62.5,100,100,100,65.625,54.6875,100,79.6875,100,100,89.0625,100,20.3125,81.25,78.125,64.0625,100,9.375,87.5,100,10.9375,95.3125,100,75,89.0625,59.375,100,23.4375,50,100,95.3125,67.1875,100,54.6875,87.5,100,100,100,35.9375,100,40.625,18.75,100,100,100,100,100,100,100,100,100,100,100,15.625,85.9375,100,100,81.25,84.375,100,93.75,100,100,82.8125,100,70.3125,100,100,100,20.3125,85.9375,95.3125,100,100,51.5625,100,32.8125,48.4375,100,100,100,85.9375,75,100,73.4375,100,100,26.5625,60.9375,62.5,96.875,85.9375,100,100,100,96.875,100,100,76.5625,100,100,100,100,85.9375,100,100,100,100,100,100,62.5,100,32.8125,85.9375,100,100,100,100,100,90.625,100,28.125,50,100,100,65.625,76.5625,100,100,100,98.4375,76.5625,75,92.1875,76.5625,100,42.1875,100,65.625,82.8125,100,100,17.1875,73.4375,85.9375,100,76.5625,100,98.4375,23.4375,68.75,100,18.75,64.0625,54.6875,100,100,76.5625,100,82.8125,100,23.4375,75,87.5,82.8125,100,100,89.0625,59.375,73.4375,75,62.5,82.8125,82.8125,93.75,50,81.25,93.75,43.75,100,73.4375,100,100,100,100,68.75,76.5625,100,85.9375,100,100,78.125,100,67.1875,71.875,100,79.6875,64.0625,100,60.9375,100,100,100,75,100,100,82.8125,100,100,18.75,79.6875,100,62.5,100,100,100,100,93.75,98.4375,50,100,100,76.5625,100,70.3125,100,90.625,100,81.25,100,81.25,54.6875,100,90.625,100,79.6875,23.4375,93.75,92.1875,81.25,39.0625,100,100,100,37.5,35.9375,100,79.6875,76.5625,100,31.25,100,100,100,62.5,73.4375,23.4375,43.75,100,100,100,90.625,64.0625,39.0625,100,71.875,100,100,93.75,100,100,54.6875,28.125,100,100,85.9375,60.9375,89.0625,100,75,84.375,70.3125,100,40.625,100,100,100,100,64.0625,100,100,100,100,100,42.1875,100,100,100,100,90.625,100,100,56.25,85.9375,100,96.875,100,56.25,70.3125,100,100,70.3125,100,34.375,100,71.875,87.5,100,76.5625,100,76.5625,70.3125,82.8125,100,89.0625,100,100,100,100,100,76.5625,56.25,53.125,100,100,100,100,100,10.9375,98.4375,32.8125,100,89.0625,93.75,100,90.625,87.5,71.875,100,100,76.5625,70.3125,100,100,100,100,68.75,100,76.5625,79.6875,100,100,100,85.9375,100,100,100,67.1875,100,95.3125,62.5,100,100,42.1875,84.375,81.25,81.25,100,93.75,100,59.375,67.1875,100,96.875,100,100,100,32.8125,100,92.1875,100,100,93.75,100,98.4375,54.6875,81.25,76.5625,100,100,25,100,81.25,14.0625,25,89.0625,54.6875,100,100,100,79.6875,92.1875,82.8125,100,100,90.625,81.25,100,100,37.5,100,100,100,71.875,100,100,100,100,100,51.5625,100,100,100,89.0625,100,100,90.625,35.9375,100,100,81.25,100,100,100,100,84.375,100,35.9375,78.125,100,53.125,100,68.75,100,79.6875,70.3125,70.3125,76.5625,100,100,100,100,100,100,85.9375,100,98.4375,100,56.25,23.4375,98.4375,100,92.1875,100,60.9375,81.25,100,87.5,60.9375,100,100,93.75,75,50,100,96.875,75,23.4375,40.625,71.875,100,100,100,32.8125,64.0625,32.8125,100,65.625,100,100,59.375,100,92.1875,67.1875,4.6875,100,90.625,81.25,85.9375,75,100,92.1875,100,100,78.125,96.875,21.875,54.6875,73.4375,70.3125,39.0625,100,84.375,100,100,76.5625,100,84.375,60.9375,100,90.625,75,87.5,62.5,85.9375,100,100,100,81.25,70.3125,98.4375,89.0625,76.5625,100,100,34.375,62.5,92.1875,100,85.9375,100,100,90.625,54.6875,59.375,100,100,100,100,93.75,100,100,92.1875,75,64.0625,100,100,62.5,100,98.4375,76.5625,100,100,96.875,98.4375,100,34.375,100,100,100,89.0625,100,79.6875,85.9375,45.3125,100,100,46.875,40.625,100,81.25,100,100,75,85.9375,85.9375,90.625,100,100,65.625,67.1875,76.5625,100,53.125,100,81.25,100,50,73.4375,100,100,100,62.5,82.8125,53.125,10.9375,100,73.4375,56.25,100,56.25,60.9375,75,100,26.5625,93.75,100,87.5,68.75,100,98.4375,51.5625,90.625,100,84.375,100,100,45.3125,100,100,79.6875,95.3125,75,100,98.4375,100,100,81.25,71.875,53.125,64.0625,100,100,100,100,100,100,65.625,42.1875,100,100,100,100,90.625,100,100,100,100,100,100,100,98.4375,50,57.8125,100,40.625,100,54.6875,75,100,100,100,100,89.0625,92.1875,70.3125,100,100,92.1875,87.5,90.625,100,100,100,100,67.1875,53.125,57.8125,98.4375,100,100,37.5,67.1875,100,100,100,100,100,100,100,48.4375,26.5625,100,89.0625,6.25,100,85.9375,90.625,95.3125,65.625,87.5,100,100,87.5,96.875,100,100,73.4375,57.8125,21.875,76.5625,100,100,100,100,100,100,100,100,39.0625,100,100,64.0625,90.625,65.625,100,25,100,100,17.1875,54.6875,79.6875,100,50,100,73.4375,90.625,100,100,100,78.125,79.6875,98.4375,100,84.375,100,42.1875,100,100,81.25,64.0625,59.375,100,100,100,98.4375,100,100,84.375,62.5,100,7.8125,54.6875,89.0625,100,78.125,100,100,100,57.8125,90.625,100,100,98.4375,100,20.3125,100,68.75,70.3125,87.5,59.375,100,100,64.0625,100,100,60.9375,100,100,82.8125,100,100,85.9375,100,56.25,68.75,43.75,100,26.5625,78.125,56.25,100,59.375,84.375,100,84.375,92.1875,79.6875,100,75,100,93.75,90.625,60.9375,100,100,89.0625,46.875,98.4375,70.3125,46.875,40.625,82.8125,100,100,100,68.75,100,84.375,100,100,100,100,100,100,65.625,42.1875,100,100,100,92.1875,100,28.125,100,100,34.375,59.375,100,100,100,100,100,70.3125,100,100,54.6875,100,100,60.9375,100,68.75,100,100,100,100,95.3125,100,60.9375,100,100,100,43.75,100,85.9375,100,59.375,100,76.5625,82.8125,100,82.8125,100,51.5625,100,100,40.625,31.25,100,59.375,100,100,100,75,100,100,100,84.375,100,100,32.8125,100,100,98.4375,76.5625,93.75,98.4375,100,40.625,89.0625,64.0625,53.125,100,100,81.25,84.375,100,100,100,59.375,84.375,100,100,51.5625,67.1875,92.1875,89.0625,98.4375,84.375,89.0625,76.5625,100,82.8125,70.3125,100,78.125,100,100,100,96.875,100,100,64.0625,68.75,89.0625,87.5,17.1875,45.3125,100,100,100,45.3125,81.25,100,100,92.1875,100,78.125,79.6875,98.4375,76.5625,100,96.875,100,68.75,100,100,100,53.125,100,57.8125,100,50,76.5625,81.25,100,70.3125,54.6875,100,100,100,100,75,100,100,100,50,100,100,68.75,50,100,100,60.9375,92.1875,76.5625,100,100,79.6875,87.5,100,100,96.875,100,54.6875,100,75,100,100,87.5,75,100,100,73.4375,100,100,100,100,100,98.4375,85.9375,100,100,100,70.3125,56.25,100,59.375,100,81.25,100,60.9375,85.9375,100,100,81.25,100,35.9375,82.8125,45.3125,95.3125,57.8125,100,100,96.875,90.625,79.6875,95.3125,100,60.9375,56.25,37.5,100,100,100,100,100,68.75,100,46.875,100,75,84.375,68.75,100,87.5,67.1875,32.8125,70.3125,98.4375,18.75,96.875,68.75,100,28.125,39.0625,100,100,71.875,100,25,60.9375,100,51.5625,70.3125,76.5625,100,70.3125,100,75,76.5625,62.5,100,100,100,64.0625,100,100,89.0625,100,95.3125,73.4375,87.5,100,100,18.75,100,59.375,100,100,42.1875,100,46.875,100,79.6875,50,100,53.125,57.8125,100,56.25,29.6875,85.9375,100,100,92.1875,78.125,78.125,100,32.8125,100,56.25,100,100,100,82.8125,84.375,28.125,100,98.4375,50,68.75,100,100,100,98.4375,100,28.125,100,54.6875,100,100,100,82.8125,100,100,98.4375,100,93.75,79.6875,62.5,54.6875,53.125,100,100,100,100,100,93.75,100,64.0625,100,100,100,100,100,100,73.4375,100,93.75,100,100,100,95.3125,100,62.5,93.75,100,26.5625,31.25,100,100,100,100,64.0625,1.5625,100,85.9375,26.5625,100,82.8125,100,100,100,100,100,100,100,85.9375,59.375,100,100,100,100,92.1875,100,98.4375,100,100,54.6875,100,71.875,100,100,96.875,76.5625,98.4375,43.75,64.0625,100,100,48.4375,100,100,46.875,100,100,84.375,100,100,100,100,95.3125,67.1875,28.125,95.3125,93.75,100,54.6875,34.375,100,62.5,100,65.625,78.125,26.5625,42.1875,100,100,71.875,100,87.5,100,85.9375,59.375,46.875,68.75,71.875,100,65.625,100,54.6875,59.375,100,100,96.875,95.3125,100,95.3125,29.6875,70.3125,96.875,42.1875,64.0625,100,100,53.125,85.9375,100,79.6875,37.5,48.4375,9.375,100,100,100,37.5,100,59.375,39.0625,100,81.25,100,100,100,100,64.0625,84.375,54.6875,92.1875,100,68.75,100,95.3125,84.375,96.875,73.4375,100,87.5,62.5,75,100,87.5,100,100,92.1875,100
"6090",87.5,100,35.9375,100,100,59.375,90.625,100,23.4375,98.4375,57.8125,100,100,100,73.4375,75,82.8125,75,100,100,96.875,100,100,100,53.125,37.5,100,70.3125,87.5,100,100,100,100,92.1875,100,98.4375,81.25,100,100,81.25,78.125,62.5,81.25,100,100,98.4375,100,100,59.375,85.9375,75,100,60.9375,68.75,79.6875,100,6.25,100,100,45.3125,84.375,57.8125,98.4375,28.125,100,100,57.8125,100,68.75,100,56.25,73.4375,100,98.4375,70.3125,82.8125,100,100,50,100,76.5625,100,85.9375,75,73.4375,100,100,25,100,100,65.625,82.8125,100,45.3125,35.9375,100,100,64.0625,100,100,96.875,100,100,92.1875,100,18.75,100,53.125,85.9375,100,76.5625,75,100,100,28.125,100,100,100,100,84.375,65.625,100,100,73.4375,70.3125,45.3125,100,18.75,100,65.625,100,100,28.125,100,93.75,64.0625,57.8125,78.125,100,100,100,95.3125,42.1875,46.875,100,100,93.75,100,60.9375,78.125,53.125,34.375,79.6875,92.1875,95.3125,95.3125,75,100,100,100,100,100,73.4375,100,89.0625,68.75,37.5,89.0625,28.125,100,85.9375,71.875,100,68.75,100,100,89.0625,100,100,100,89.0625,89.0625,100,73.4375,100,87.5,29.6875,100,100,82.8125,100,100,87.5,100,100,100,84.375,81.25,100,100,20.3125,100,96.875,100,100,100,100,12.5,70.3125,100,45.3125,100,100,100,79.6875,78.125,82.8125,48.4375,73.4375,64.0625,71.875,75,100,92.1875,100,53.125,93.75,100,100,100,53.125,82.8125,20.3125,100,100,100,82.8125,60.9375,89.0625,100,100,67.1875,82.8125,96.875,100,62.5,100,87.5,100,68.75,100,76.5625,81.25,93.75,100,57.8125,100,67.1875,100,100,100,98.4375,37.5,95.3125,34.375,100,100,100,100,100,59.375,50,100,68.75,95.3125,68.75,45.3125,100,68.75,100,92.1875,100,100,100,100,100,29.6875,98.4375,100,90.625,78.125,100,48.4375,50,100,100,96.875,93.75,62.5,75,34.375,100,82.8125,73.4375,100,81.25,93.75,48.4375,90.625,100,100,70.3125,31.25,100,64.0625,93.75,90.625,100,78.125,40.625,89.0625,100,50,100,81.25,60.9375,89.0625,92.1875,100,75,89.0625,100,76.5625,90.625,95.3125,35.9375,100,87.5,96.875,100,100,84.375,37.5,39.0625,70.3125,68.75,39.0625,100,100,64.0625,100,79.6875,100,95.3125,48.4375,100,95.3125,71.875,45.3125,79.6875,78.125,84.375,100,46.875,57.8125,51.5625,23.4375,100,98.4375,100,100,100,100,75,62.5,100,92.1875,100,100,100,73.4375,92.1875,100,100,100,34.375,96.875,100,65.625,90.625,100,81.25,100,100,100,73.4375,100,50,78.125,18.75,100,100,100,100,100,57.8125,57.8125,100,71.875,93.75,70.3125,81.25,100,85.9375,100,100,39.0625,51.5625,100,76.5625,100,100,100,100,100,35.9375,51.5625,100,98.4375,100,82.8125,100,100,100,95.3125,62.5,48.4375,100,100,100,100,92.1875,95.3125,85.9375,100,100,100,100,81.25,92.1875,95.3125,100,100,100,82.8125,73.4375,100,100,100,100,76.5625,73.4375,73.4375,100,34.375,60.9375,100,100,100,67.1875,79.6875,34.375,67.1875,100,100,14.0625,100,100,100,100,100,84.375,100,60.9375,82.8125,100,50,100,48.4375,75,100,82.8125,78.125,100,62.5,73.4375,100,100,75,78.125,82.8125,100,100,100,85.9375,56.25,100,82.8125,100,100,64.0625,78.125,70.3125,100,100,100,100,100,100,100,37.5,81.25,100,62.5,53.125,93.75,100,93.75,43.75,100,51.5625,100,89.0625,100,84.375,71.875,100,81.25,76.5625,100,82.8125,100,100,35.9375,50,100,85.9375,95.3125,100,70.3125,100,100,100,100,100,46.875,70.3125,100,71.875,100,100,71.875,31.25,100,100,57.8125,31.25,81.25,100,100,68.75,100,90.625,100,40.625,87.5,100,67.1875,100,100,100,100,100,100,50,93.75,50,87.5,100,62.5,100,65.625,100,100,100,100,81.25,100,60.9375,95.3125,100,100,100,100,100,100,57.8125,51.5625,100,56.25,100,100,76.5625,87.5,53.125,100,100,90.625,100,100,100,100,100,79.6875,100,65.625,73.4375,100,100,78.125,79.6875,100,100,100,100,100,100,100,100,95.3125,100,100,26.5625,96.875,68.75,78.125,68.75,82.8125,100,100,100,93.75,92.1875,100,45.3125,28.125,79.6875,67.1875,29.6875,100,100,100,100,100,100,29.6875,100,87.5,50,59.375,56.25,37.5,76.5625,98.4375,76.5625,92.1875,92.1875,78.125,75,78.125,40.625,82.8125,95.3125,45.3125,92.1875,100,95.3125,100,100,100,100,76.5625,100,45.3125,68.75,100,100,70.3125,76.5625,48.4375,46.875,100,48.4375,100,100,100,100,100,100,59.375,100,75,90.625,75,100,100,71.875,100,100,100,59.375,100,100,100,84.375,100,100,100,100,100,81.25,68.75,100,100,100,89.0625,100,100,100,100,100,100,70.3125,46.875,93.75,100,62.5,100,100,35.9375,85.9375,100,81.25,42.1875,59.375,92.1875,100,67.1875,81.25,100,100,100,62.5,32.8125,31.25,89.0625,100,100,90.625,48.4375,43.75,73.4375,73.4375,9.375,100,100,62.5,39.0625,100,40.625,84.375,100,100,82.8125,100,100,78.125,100,100,90.625,100,100,37.5,43.75,100,100,75,100,100,100,100,59.375,95.3125,100,100,39.0625,92.1875,100,100,67.1875,100,85.9375,100,87.5,68.75,100,39.0625,93.75,100,100,54.6875,100,82.8125,100,100,100,100,93.75,62.5,93.75,100,85.9375,92.1875,100,100,32.8125,100,70.3125,82.8125,79.6875,96.875,100,84.375,100,51.5625,100,100,100,84.375,62.5,100,100,100,67.1875,100,76.5625,29.6875,100,100,100,93.75,100,96.875,100,93.75,92.1875,92.1875,100,100,100,68.75,100,100,100,100,60.9375,46.875,100,68.75,93.75,67.1875,100,57.8125,78.125,100,43.75,100,100,54.6875,100,65.625,57.8125,73.4375,73.4375,100,98.4375,100,65.625,100,100,71.875,65.625,100,100,40.625,98.4375,76.5625,62.5,100,100,100,100,100,98.4375,100,20.3125,100,79.6875,100,100,57.8125,71.875,65.625,60.9375,95.3125,100,35.9375,100,82.8125,100,89.0625,100,70.3125,60.9375,93.75,100,68.75,75,95.3125,100,100,81.25,82.8125,100,81.25,100,100,64.0625,92.1875,100,34.375,68.75,100,100,100,70.3125,100,100,100,100,100,100,93.75,92.1875,100,100,87.5,100,100,100,100,62.5,65.625,100,100,59.375,28.125,100,96.875,100,100,73.4375,84.375,100,29.6875,100,23.4375,95.3125,70.3125,73.4375,100,67.1875,81.25,100,100,100,100,100,100,100,100,100,59.375,89.0625,100,100,95.3125,73.4375,93.75,75,64.0625,98.4375,100,100,68.75,84.375,43.75,100,100,81.25,100,100,100,53.125,100,100,92.1875,43.75,100,100,84.375,100,78.125,26.5625,96.875,98.4375,100,100,100,100,81.25,82.8125,100,100,76.5625,71.875,70.3125,100,100,100,100,100,100,100,76.5625,100,79.6875,100,100,100,100,100,100,50,90.625,96.875,100,93.75,100,100,100,100,67.1875,96.875,100,78.125,29.6875,100,87.5,71.875,82.8125,100,81.25,95.3125,100,40.625,100,56.25,100,100,68.75,100,100,40.625,96.875,100,85.9375,100,100,51.5625,76.5625,100,100,46.875,73.4375,17.1875,100,100,100,68.75,92.1875,100,100,100,100,81.25,93.75,65.625,100,89.0625,79.6875,100,85.9375,100,82.8125,100,100,79.6875,100,100,71.875,100,100,93.75,78.125,100,82.8125,65.625,100,82.8125,100,51.5625,100,59.375,100,100,100,60.9375,100,73.4375,100,100,100,54.6875,100,100,57.8125,65.625,100,93.75,100,85.9375,100,82.8125,43.75,78.125,95.3125,93.75,100,100,100,100,100,100,40.625,50,100,100,100,100,100,100,67.1875,100,87.5,100,100,62.5,100,96.875,100,78.125,75,100,100,100,84.375,96.875,92.1875,81.25,75,100,98.4375,100,100,84.375,56.25,100,50,51.5625,28.125,100,68.75,92.1875,100,50,100,81.25,40.625,100,92.1875,34.375,98.4375,100,100,100,100,100,100,100,100,100,53.125,60.9375,100,60.9375,100,71.875,100,10.9375,100,59.375,95.3125,81.25,100,70.3125,54.6875,100,100,84.375,100,95.3125,100,100,100,31.25,35.9375,40.625,53.125,100,100,100,100,35.9375,57.8125,100,100,100,89.0625,53.125,100,20.3125,100,100,100,100,65.625,67.1875,100,73.4375,100,100,100,100,100,82.8125,71.875,53.125,89.0625,70.3125,100,100,81.25,84.375,90.625,67.1875,60.9375,50,100,100,68.75,84.375,100,76.5625,62.5,100,37.5,89.0625,100,90.625,100,100,100,100,100,73.4375,100,100,100,81.25,100,96.875,100,85.9375,100,100,100,65.625,100,100,100,73.4375,100,100,65.625,60.9375,100,100,70.3125,100,100,89.0625,100,100,100,100,90.625,54.6875,100,100,100,71.875,100,79.6875,100,100,64.0625,28.125,92.1875,89.0625,100,100,53.125,65.625,79.6875,45.3125,43.75,100,100,75,60.9375,60.9375,20.3125,79.6875,92.1875,95.3125,100,90.625,100,50,81.25,71.875,57.8125,100,100,70.3125,89.0625,92.1875,100,79.6875,87.5,70.3125,90.625,93.75,100,100,100,59.375,39.0625,54.6875,100,93.75,100,100,100,100,73.4375,70.3125,62.5,100,87.5,100,100,100,100,37.5,100,53.125,50,79.6875,64.0625,95.3125,100,100,100,82.8125,100,100,81.25,42.1875,85.9375,100,71.875,76.5625,100,90.625,50,100,100,51.5625,100,65.625,100,75,100,100,98.4375,100,68.75,100,100,100,100,100,93.75,100,100,100,7.8125,78.125,100,100,100,96.875,92.1875,71.875,100,100,71.875,71.875,100,100,100,76.5625,87.5,75,100,100,82.8125,100,100,100,62.5,100,100,89.0625,78.125,78.125,100,100,75,100,92.1875,100,100,100,100,100,81.25,37.5,70.3125,100,75,100,100,100,100,100,100,100,100,100,90.625,92.1875,100,76.5625,100,100,100,100,93.75,100,100,96.875,95.3125,100,50,100,92.1875,100,100,100,93.75,100,79.6875,89.0625,39.0625,20.3125,37.5,100,100,100,100,54.6875,81.25,100,100,100,100,60.9375,100,79.6875,100,100,100,73.4375,100,100,100,100,42.1875,100,100,100,79.6875,87.5,100,59.375,95.3125,100,95.3125,100,56.25,53.125,79.6875,100,82.8125,100,73.4375,73.4375,100,96.875,100,100,85.9375,100,89.0625,81.25,65.625,60.9375,100,100,84.375,100,100,71.875,100,100,92.1875,100,100,26.5625,78.125,100,78.125,100,20.3125,81.25,100,90.625,100,100,100,76.5625,100,100,100,100,89.0625,92.1875,100,100,100,100,100,100,100,100,100,100,100,45.3125,100,70.3125,100,82.8125,73.4375,100,100,90.625,89.0625,71.875,54.6875,67.1875,100,100,73.4375,29.6875,100,89.0625,70.3125,100,89.0625,100,59.375,100,100,100,57.8125,54.6875,100,75,100,100,87.5,100,20.3125,84.375,87.5,64.0625,100,100,85.9375,100,100,100,100,92.1875,95.3125,60.9375,100,25,29.6875,100,95.3125,57.8125,100,73.4375,87.5,100,100,100,95.3125,43.75,40.625,21.875,100,100,100,100,100,100,100,100,100,100,85.9375,59.375,98.4375,100,100,82.8125,85.9375,100,20.3125,100,100,82.8125,100,64.0625,59.375,100,100,23.4375,100,89.0625,100,100,100,100,10.9375,43.75,100,100,100,46.875,76.5625,100,56.25,100,100,26.5625,57.8125,62.5,98.4375,84.375,100,100,100,92.1875,100,92.1875,84.375,100,100,100,100,85.9375,98.4375,100,100,100,100,100,59.375,100,12.5,85.9375,100,100,100,100,100,90.625,51.5625,28.125,54.6875,100,100,89.0625,84.375,100,100,100,100,75,78.125,70.3125,82.8125,100,35.9375,100,70.3125,85.9375,100,100,40.625,71.875,84.375,100,76.5625,100,96.875,23.4375,68.75,100,20.3125,100,54.6875,100,100,75,100,20.3125,100,62.5,68.75,100,84.375,100,100,87.5,4.6875,100,81.25,64.0625,81.25,79.6875,100,67.1875,82.8125,93.75,39.0625,100,70.3125,100,100,100,100,70.3125,68.75,96.875,98.4375,100,100,76.5625,98.4375,100,76.5625,100,82.8125,65.625,100,56.25,95.3125,87.5,100,75,100,100,75,100,100,100,79.6875,100,62.5,100,100,100,100,95.3125,76.5625,48.4375,100,100,84.375,100,54.6875,100,93.75,100,82.8125,84.375,82.8125,87.5,100,93.75,100,85.9375,25,90.625,92.1875,85.9375,54.6875,100,100,100,20.3125,35.9375,100,60.9375,60.9375,73.4375,31.25,100,100,100,62.5,100,95.3125,57.8125,100,100,100,92.1875,60.9375,40.625,87.5,71.875,100,100,90.625,100,34.375,56.25,31.25,100,100,68.75,60.9375,89.0625,100,75,82.8125,95.3125,96.875,42.1875,96.875,100,100,100,64.0625,100,100,100,100,87.5,43.75,100,100,100,100,100,100,100,76.5625,85.9375,96.875,96.875,100,57.8125,59.375,100,100,65.625,100,35.9375,100,100,79.6875,100,53.125,100,76.5625,82.8125,81.25,100,89.0625,100,100,100,100,100,82.8125,60.9375,51.5625,92.1875,100,100,100,100,51.5625,98.4375,35.9375,100,100,96.875,100,90.625,92.1875,51.5625,100,100,65.625,62.5,100,100,100,100,75,100,76.5625,75,100,100,100,84.375,100,100,100,67.1875,100,96.875,100,100,100,39.0625,85.9375,79.6875,85.9375,100,85.9375,100,60.9375,67.1875,100,100,100,100,100,37.5,100,87.5,100,100,93.75,100,96.875,54.6875,45.3125,81.25,100,100,23.4375,100,100,4.6875,26.5625,46.875,9.375,100,100,100,100,92.1875,81.25,100,100,92.1875,100,100,100,12.5,100,100,100,71.875,100,100,100,100,100,64.0625,100,100,100,89.0625,100,100,100,81.25,100,100,81.25,100,100,100,100,81.25,100,35.9375,100,100,53.125,100,70.3125,100,76.5625,73.4375,70.3125,75,100,100,100,100,100,89.0625,82.8125,100,96.875,98.4375,59.375,23.4375,92.1875,100,90.625,100,65.625,85.9375,100,85.9375,60.9375,100,100,100,73.4375,50,100,92.1875,95.3125,23.4375,40.625,67.1875,100,100,100,31.25,60.9375,29.6875,100,75,100,100,59.375,100,100,67.1875,4.6875,100,96.875,81.25,87.5,76.5625,100,90.625,100,100,79.6875,96.875,20.3125,53.125,70.3125,68.75,39.0625,100,81.25,100,100,54.6875,100,89.0625,65.625,100,90.625,81.25,85.9375,62.5,92.1875,100,17.1875,100,100,70.3125,100,82.8125,78.125,100,100,46.875,59.375,92.1875,100,95.3125,100,100,78.125,57.8125,59.375,100,100,100,100,95.3125,100,100,81.25,84.375,64.0625,100,98.4375,62.5,100,100,71.875,100,100,87.5,100,39.0625,34.375,100,100,100,85.9375,100,96.875,87.5,43.75,100,100,39.0625,40.625,100,81.25,100,81.25,65.625,87.5,100,95.3125,78.125,100,65.625,34.375,73.4375,96.875,96.875,100,100,100,50,73.4375,100,100,100,75,79.6875,51.5625,12.5,100,71.875,39.0625,34.375,81.25,62.5,79.6875,100,25,93.75,54.6875,85.9375,59.375,100,98.4375,26.5625,81.25,90.625,81.25,100,100,100,100,100,100,95.3125,100,100,92.1875,100,100,65.625,67.1875,65.625,65.625,100,100,100,100,100,100,62.5,42.1875,84.375,100,100,100,71.875,100,100,100,71.875,68.75,100,95.3125,65.625,100,79.6875,100,39.0625,100,50,85.9375,100,85.9375,100,100,92.1875,96.875,95.3125,100,100,92.1875,26.5625,90.625,89.0625,100,100,100,67.1875,57.8125,75,98.4375,100,100,35.9375,81.25,100,100,100,100,100,100,100,45.3125,29.6875,100,90.625,20.3125,100,73.4375,89.0625,96.875,62.5,85.9375,100,100,82.8125,98.4375,100,100,73.4375,73.4375,23.4375,73.4375,100,100,100,100,100,100,98.4375,100,100,100,100,62.5,82.8125,67.1875,100,25,100,100,18.75,54.6875,45.3125,100,50,65.625,75,90.625,100,100,100,79.6875,84.375,85.9375,100,82.8125,100,42.1875,100,100,79.6875,76.5625,79.6875,100,100,100,98.4375,100,100,81.25,64.0625,100,7.8125,54.6875,100,100,78.125,100,100,93.75,59.375,100,100,100,96.875,100,57.8125,100,71.875,81.25,87.5,59.375,100,100,64.0625,100,100,60.9375,100,100,79.6875,100,100,82.8125,95.3125,56.25,67.1875,65.625,100,26.5625,78.125,62.5,100,54.6875,100,100,70.3125,89.0625,100,100,75,100,85.9375,35.9375,73.4375,100,100,100,46.875,93.75,100,48.4375,84.375,20.3125,100,78.125,100,81.25,100,82.8125,100,100,98.4375,100,100,100,64.0625,32.8125,100,93.75,100,92.1875,100,28.125,100,100,29.6875,57.8125,100,100,100,100,100,67.1875,100,100,62.5,100,100,50,100,67.1875,100,100,100,100,95.3125,100,56.25,100,100,100,50,100,90.625,60.9375,62.5,100,79.6875,84.375,100,93.75,82.8125,37.5,100,100,39.0625,31.25,100,51.5625,100,100,100,75,100,76.5625,100,100,100,100,35.9375,100,100,98.4375,81.25,96.875,98.4375,100,20.3125,89.0625,64.0625,51.5625,100,100,92.1875,76.5625,100,100,100,60.9375,85.9375,100,65.625,37.5,73.4375,92.1875,96.875,98.4375,84.375,92.1875,62.5,100,87.5,70.3125,90.625,78.125,100,100,100,96.875,100,100,56.25,70.3125,48.4375,89.0625,46.875,51.5625,100,100,100,46.875,20.3125,100,100,100,100,84.375,79.6875,26.5625,76.5625,100,100,62.5,65.625,100,100,100,71.875,100,57.8125,100,48.4375,76.5625,81.25,100,89.0625,54.6875,100,100,100,100,67.1875,100,100,100,50,100,100,71.875,37.5,100,100,54.6875,90.625,76.5625,100,98.4375,64.0625,100,100,100,100,100,54.6875,100,73.4375,20.3125,100,100,57.8125,100,100,73.4375,100,100,100,78.125,100,100,87.5,100,100,100,76.5625,64.0625,100,57.8125,100,90.625,100,48.4375,85.9375,100,100,75,100,35.9375,81.25,53.125,96.875,68.75,100,100,79.6875,100,89.0625,89.0625,100,53.125,54.6875,37.5,100,100,100,100,100,79.6875,100,48.4375,100,76.5625,90.625,64.0625,100,79.6875,67.1875,48.4375,70.3125,98.4375,18.75,96.875,84.375,100,28.125,31.25,100,100,79.6875,100,26.5625,87.5,100,59.375,100,65.625,100,70.3125,100,79.6875,57.8125,23.4375,100,85.9375,100,59.375,100,100,90.625,100,100,68.75,84.375,100,100,17.1875,100,57.8125,100,100,54.6875,100,46.875,100,79.6875,32.8125,100,54.6875,48.4375,96.875,64.0625,29.6875,85.9375,100,100,73.4375,92.1875,70.3125,96.875,32.8125,100,64.0625,100,87.5,100,78.125,82.8125,28.125,100,98.4375,48.4375,68.75,100,100,100,100,100,26.5625,100,56.25,100,100,100,79.6875,100,84.375,100,100,95.3125,73.4375,60.9375,59.375,51.5625,100,100,100,100,100,85.9375,100,100,100,100,100,100,100,100,68.75,100,100,100,100,100,100,100,60.9375,68.75,100,26.5625,100,100,100,100,100,84.375,1.5625,100,67.1875,31.25,100,87.5,100,18.75,100,100,100,100,100,82.8125,76.5625,100,100,100,95.3125,92.1875,100,82.8125,100,76.5625,56.25,100,70.3125,100,100,98.4375,75,100,48.4375,64.0625,100,100,51.5625,100,100,50,100,100,75,100,95.3125,43.75,100,100,62.5,28.125,62.5,82.8125,100,75,100,100,62.5,100,84.375,65.625,32.8125,53.125,100,100,71.875,100,79.6875,100,100,57.8125,60.9375,67.1875,57.8125,100,79.6875,100,89.0625,70.3125,100,100,96.875,81.25,100,100,31.25,70.3125,96.875,51.5625,64.0625,100,100,67.1875,79.6875,100,79.6875,39.0625,68.75,56.25,100,100,100,21.875,40.625,59.375,39.0625,100,75,100,100,93.75,32.8125,67.1875,100,54.6875,89.0625,100,62.5,100,50,84.375,53.125,71.875,100,100,100,56.25,100,100,100,100,98.4375,100
"6091",93.75,100,70.3125,100,100,67.1875,92.1875,100,21.875,96.875,56.25,100,100,100,76.5625,76.5625,82.8125,87.5,100,100,96.875,96.875,100,100,39.0625,100,100,93.75,84.375,100,100,100,100,93.75,100,96.875,84.375,100,100,100,53.125,62.5,81.25,100,100,100,95.3125,100,67.1875,85.9375,75,100,100,70.3125,79.6875,100,28.125,100,100,43.75,84.375,59.375,98.4375,98.4375,100,100,59.375,100,60.9375,100,57.8125,62.5,100,100,64.0625,79.6875,100,51.5625,50,100,78.125,100,84.375,75,96.875,100,100,89.0625,100,100,56.25,84.375,100,48.4375,90.625,96.875,100,62.5,100,100,78.125,100,100,90.625,90.625,26.5625,100,42.1875,85.9375,81.25,65.625,65.625,100,100,26.5625,100,100,100,93.75,100,67.1875,100,100,82.8125,96.875,43.75,100,18.75,100,100,100,100,100,100,100,65.625,57.8125,79.6875,100,100,100,92.1875,60.9375,67.1875,100,100,93.75,100,56.25,81.25,59.375,37.5,78.125,92.1875,100,100,75,100,100,100,100,100,71.875,100,89.0625,70.3125,92.1875,92.1875,37.5,100,100,70.3125,100,57.8125,100,100,85.9375,100,100,92.1875,100,92.1875,100,92.1875,100,100,29.6875,70.3125,100,85.9375,100,100,87.5,100,100,100,89.0625,75,100,100,18.75,100,96.875,100,100,100,100,26.5625,71.875,100,34.375,100,100,100,71.875,78.125,100,48.4375,100,39.0625,100,70.3125,100,59.375,100,53.125,29.6875,100,64.0625,100,76.5625,81.25,100,100,100,100,90.625,60.9375,87.5,100,100,100,100,100,100,67.1875,100,89.0625,100,100,100,53.125,79.6875,100,53.125,54.6875,100,59.375,100,100,100,98.4375,37.5,92.1875,50,87.5,100,100,85.9375,100,60.9375,60.9375,100,100,96.875,65.625,45.3125,100,67.1875,100,92.1875,100,100,100,100,100,29.6875,100,100,100,81.25,100,70.3125,37.5,100,100,100,89.0625,64.0625,75,34.375,100,73.4375,75,100,82.8125,76.5625,59.375,90.625,100,100,56.25,29.6875,100,60.9375,95.3125,100,100,100,43.75,89.0625,100,50,100,75,68.75,96.875,92.1875,100,70.3125,87.5,100,76.5625,85.9375,100,34.375,100,85.9375,100,100,100,84.375,39.0625,37.5,68.75,68.75,35.9375,100,100,73.4375,100,78.125,100,81.25,64.0625,100,100,73.4375,45.3125,93.75,81.25,84.375,100,100,57.8125,40.625,25,87.5,98.4375,100,100,100,100,76.5625,79.6875,100,98.4375,100,100,100,87.5,90.625,54.6875,100,100,95.3125,93.75,100,65.625,93.75,100,84.375,100,100,100,76.5625,100,56.25,95.3125,62.5,100,98.4375,100,100,100,45.3125,59.375,90.625,71.875,82.8125,70.3125,95.3125,92.1875,84.375,100,89.0625,39.0625,50,100,75,98.4375,100,100,100,100,35.9375,40.625,100,93.75,100,81.25,100,82.8125,100,76.5625,67.1875,51.5625,100,100,100,100,93.75,93.75,84.375,95.3125,100,100,100,84.375,92.1875,95.3125,100,100,100,82.8125,71.875,100,100,100,100,76.5625,73.4375,75,100,100,100,100,100,100,79.6875,78.125,34.375,98.4375,100,100,14.0625,100,100,100,100,100,100,98.4375,62.5,82.8125,100,48.4375,100,46.875,75,100,76.5625,79.6875,100,64.0625,100,100,100,73.4375,76.5625,73.4375,100,100,100,85.9375,56.25,98.4375,82.8125,100,100,64.0625,78.125,68.75,100,100,100,100,100,100,100,100,79.6875,59.375,67.1875,53.125,100,100,100,45.3125,100,51.5625,100,87.5,100,84.375,70.3125,100,81.25,84.375,100,82.8125,100,100,34.375,48.4375,100,85.9375,95.3125,100,70.3125,100,100,100,100,92.1875,46.875,73.4375,100,73.4375,96.875,95.3125,71.875,100,100,100,37.5,65.625,76.5625,100,100,59.375,100,92.1875,100,43.75,75,100,73.4375,100,100,100,100,100,100,65.625,98.4375,71.875,76.5625,100,65.625,100,59.375,100,100,100,100,85.9375,45.3125,59.375,96.875,100,100,100,85.9375,100,89.0625,59.375,59.375,100,57.8125,100,100,75,100,62.5,100,100,100,100,100,100,100,76.5625,84.375,100,65.625,59.375,100,100,84.375,79.6875,100,100,100,100,100,100,98.4375,100,95.3125,100,100,28.125,96.875,65.625,78.125,75,89.0625,100,100,100,90.625,93.75,100,46.875,7.8125,82.8125,67.1875,29.6875,100,100,100,100,100,100,29.6875,100,87.5,54.6875,59.375,78.125,40.625,76.5625,98.4375,78.125,92.1875,93.75,73.4375,79.6875,79.6875,40.625,82.8125,95.3125,50,81.25,100,100,100,100,100,100,76.5625,100,45.3125,68.75,100,100,54.6875,56.25,62.5,48.4375,100,48.4375,100,87.5,100,100,100,100,67.1875,100,73.4375,90.625,75,100,100,75,100,100,100,62.5,100,100,100,85.9375,100,100,100,100,100,81.25,67.1875,100,100,100,96.875,100,100,100,96.875,100,100,70.3125,100,100,100,64.0625,100,100,35.9375,89.0625,100,78.125,39.0625,71.875,100,100,68.75,100,100,98.4375,100,59.375,31.25,31.25,89.0625,100,100,92.1875,48.4375,53.125,71.875,71.875,6.25,100,100,76.5625,43.75,51.5625,48.4375,84.375,100,100,93.75,100,100,87.5,100,100,100,100,100,40.625,43.75,100,100,73.4375,100,100,100,100,56.25,93.75,92.1875,100,37.5,96.875,100,100,65.625,81.25,85.9375,100,87.5,60.9375,100,35.9375,90.625,100,100,51.5625,21.875,73.4375,100,100,100,100,95.3125,62.5,98.4375,100,81.25,90.625,100,100,32.8125,100,70.3125,84.375,79.6875,54.6875,100,100,100,51.5625,100,100,100,82.8125,65.625,100,100,100,82.8125,100,76.5625,34.375,100,100,100,79.6875,100,96.875,100,93.75,100,100,100,100,100,100,100,100,100,100,68.75,48.4375,100,68.75,93.75,67.1875,100,57.8125,78.125,100,31.25,100,98.4375,54.6875,100,62.5,100,84.375,76.5625,100,96.875,100,73.4375,100,100,71.875,67.1875,100,100,9.375,98.4375,100,60.9375,100,100,100,100,100,65.625,100,20.3125,100,78.125,100,100,56.25,100,59.375,56.25,96.875,100,35.9375,100,100,100,100,100,70.3125,68.75,100,100,67.1875,73.4375,98.4375,100,100,81.25,93.75,100,96.875,100,100,56.25,82.8125,100,34.375,67.1875,100,100,100,70.3125,100,100,100,100,100,100,92.1875,100,100,100,100,100,100,100,100,57.8125,65.625,100,100,57.8125,76.5625,100,90.625,100,100,100,82.8125,100,29.6875,100,37.5,90.625,68.75,73.4375,100,56.25,87.5,100,100,100,100,100,100,100,100,100,59.375,87.5,100,100,95.3125,64.0625,95.3125,26.5625,65.625,100,100,100,67.1875,84.375,100,82.8125,100,68.75,100,98.4375,100,53.125,89.0625,100,81.25,46.875,100,100,87.5,100,70.3125,23.4375,96.875,93.75,100,100,100,100,81.25,95.3125,100,46.875,76.5625,89.0625,70.3125,100,100,100,100,100,100,100,75,100,82.8125,100,100,100,100,100,100,9.375,95.3125,100,100,92.1875,100,100,100,100,68.75,100,100,79.6875,46.875,100,100,76.5625,21.875,100,79.6875,100,100,35.9375,100,60.9375,100,92.1875,67.1875,100,96.875,40.625,100,100,85.9375,93.75,100,40.625,81.25,100,100,53.125,71.875,17.1875,100,100,100,90.625,100,100,100,100,100,84.375,100,62.5,45.3125,90.625,89.0625,100,90.625,100,85.9375,100,100,65.625,100,100,70.3125,100,100,93.75,82.8125,100,82.8125,67.1875,100,70.3125,100,54.6875,100,100,100,100,100,60.9375,100,79.6875,100,100,100,53.125,100,100,57.8125,65.625,100,93.75,100,87.5,100,100,56.25,76.5625,92.1875,100,100,100,100,100,100,100,40.625,67.1875,100,100,100,100,100,100,76.5625,100,92.1875,100,100,62.5,100,98.4375,100,82.8125,75,100,100,100,87.5,95.3125,78.125,79.6875,79.6875,100,87.5,100,100,90.625,62.5,100,50,51.5625,32.8125,100,68.75,95.3125,100,82.8125,100,85.9375,45.3125,100,92.1875,37.5,70.3125,100,100,100,100,100,100,100,100,100,43.75,78.125,100,59.375,100,70.3125,100,64.0625,100,62.5,95.3125,81.25,100,70.3125,53.125,100,100,82.8125,100,96.875,100,100,100,31.25,100,45.3125,34.375,50,100,100,100,37.5,68.75,79.6875,100,100,89.0625,53.125,100,23.4375,100,100,100,100,68.75,67.1875,100,73.4375,100,100,100,100,100,73.4375,78.125,51.5625,89.0625,68.75,100,100,81.25,71.875,92.1875,67.1875,62.5,50,100,100,64.0625,81.25,100,81.25,62.5,100,40.625,89.0625,100,96.875,100,100,100,96.875,100,73.4375,96.875,100,100,89.0625,100,81.25,100,85.9375,85.9375,100,100,81.25,100,84.375,100,57.8125,100,100,60.9375,62.5,100,100,48.4375,100,100,89.0625,100,100,100,100,90.625,68.75,90.625,100,100,68.75,100,43.75,98.4375,100,64.0625,29.6875,87.5,85.9375,100,100,64.0625,68.75,79.6875,48.4375,43.75,87.5,100,76.5625,62.5,60.9375,21.875,81.25,90.625,95.3125,98.4375,90.625,100,53.125,98.4375,75,54.6875,82.8125,100,70.3125,100,100,100,79.6875,79.6875,73.4375,84.375,93.75,100,100,100,51.5625,39.0625,100,100,100,98.4375,100,84.375,100,92.1875,73.4375,62.5,100,87.5,100,100,100,100,43.75,87.5,64.0625,50,79.6875,57.8125,96.875,100,100,82.8125,82.8125,100,100,71.875,43.75,89.0625,100,71.875,75,100,100,67.1875,100,100,65.625,100,100,100,65.625,100,100,93.75,100,60.9375,100,90.625,100,100,100,95.3125,100,100,100,92.1875,84.375,100,100,100,82.8125,89.0625,73.4375,100,100,70.3125,71.875,100,100,100,73.4375,70.3125,76.5625,96.875,100,82.8125,98.4375,100,100,39.0625,100,100,90.625,78.125,78.125,98.4375,100,65.625,100,89.0625,100,100,100,100,100,76.5625,35.9375,70.3125,100,84.375,100,100,100,100,100,100,100,100,100,100,92.1875,100,90.625,100,100,100,100,100,93.75,100,100,95.3125,100,53.125,100,93.75,100,100,100,92.1875,75,82.8125,100,39.0625,29.6875,40.625,100,100,100,100,39.0625,85.9375,100,100,51.5625,100,59.375,100,78.125,100,100,100,85.9375,100,100,100,71.875,60.9375,85.9375,100,100,73.4375,92.1875,100,100,93.75,100,95.3125,100,70.3125,57.8125,81.25,28.125,75,42.1875,81.25,73.4375,100,98.4375,100,90.625,89.0625,100,87.5,82.8125,62.5,59.375,100,95.3125,85.9375,100,100,81.25,100,100,84.375,100,81.25,29.6875,93.75,100,85.9375,100,21.875,81.25,100,92.1875,100,100,100,85.9375,100,100,100,90.625,89.0625,93.75,100,100,100,95.3125,100,82.8125,100,100,100,100,100,59.375,100,50,93.75,78.125,54.6875,100,100,100,87.5,71.875,68.75,67.1875,100,100,73.4375,43.75,100,92.1875,68.75,100,84.375,100,50,100,100,100,68.75,56.25,100,89.0625,100,100,85.9375,100,20.3125,84.375,75,65.625,100,100,87.5,100,100,82.8125,60.9375,90.625,85.9375,56.25,100,25,50,100,95.3125,71.875,100,71.875,87.5,100,100,100,95.3125,100,40.625,18.75,100,100,100,100,90.625,100,100,100,100,100,95.3125,100,96.875,100,100,81.25,89.0625,100,100,100,100,87.5,95.3125,68.75,56.25,100,100,14.0625,100,95.3125,100,100,98.4375,100,17.1875,42.1875,100,100,100,60.9375,76.5625,100,59.375,100,100,26.5625,59.375,62.5,96.875,81.25,100,78.125,100,90.625,100,81.25,82.8125,100,100,100,100,92.1875,100,100,100,100,100,100,51.5625,100,10.9375,84.375,100,100,100,100,100,89.0625,100,28.125,54.6875,100,100,56.25,100,100,100,100,100,56.25,75,100,82.8125,100,37.5,96.875,70.3125,84.375,100,100,23.4375,70.3125,87.5,100,70.3125,100,96.875,25,68.75,100,17.1875,100,45.3125,100,100,75,100,100,100,46.875,73.4375,100,75,100,100,93.75,3.125,100,78.125,64.0625,82.8125,76.5625,100,70.3125,84.375,93.75,48.4375,100,100,100,100,100,100,70.3125,71.875,100,90.625,100,100,75,100,100,40.625,100,87.5,65.625,100,54.6875,93.75,100,100,75,100,78.125,68.75,100,50,100,79.6875,100,60.9375,100,100,100,100,95.3125,98.4375,50,100,100,81.25,100,76.5625,100,100,100,82.8125,100,82.8125,100,100,84.375,100,59.375,28.125,100,71.875,87.5,45.3125,100,64.0625,100,7.8125,35.9375,100,70.3125,78.125,100,31.25,100,100,100,51.5625,92.1875,96.875,46.875,100,96.875,100,90.625,54.6875,40.625,93.75,71.875,100,100,90.625,100,48.4375,54.6875,34.375,100,100,81.25,62.5,89.0625,100,75,85.9375,95.3125,100,45.3125,100,100,100,100,64.0625,53.125,100,100,96.875,100,45.3125,100,100,100,100,96.875,100,100,92.1875,85.9375,100,98.4375,100,56.25,70.3125,100,100,62.5,100,39.0625,100,100,84.375,100,85.9375,100,79.6875,81.25,82.8125,100,92.1875,100,100,100,100,100,84.375,60.9375,53.125,89.0625,100,100,98.4375,100,28.125,100,34.375,100,87.5,96.875,100,90.625,90.625,17.1875,100,100,75,78.125,100,100,90.625,100,64.0625,100,76.5625,75,100,100,100,90.625,100,100,100,67.1875,100,90.625,100,100,100,40.625,89.0625,81.25,85.9375,100,64.0625,39.0625,59.375,84.375,100,100,100,100,100,46.875,100,92.1875,100,100,93.75,100,98.4375,54.6875,100,84.375,100,100,21.875,56.25,82.8125,4.6875,31.25,32.8125,56.25,100,100,100,100,89.0625,78.125,100,100,89.0625,76.5625,100,100,9.375,100,100,100,71.875,100,100,95.3125,100,100,70.3125,100,100,100,89.0625,100,100,100,81.25,100,100,79.6875,100,100,100,100,81.25,100,54.6875,100,100,57.8125,100,70.3125,100,78.125,75,70.3125,73.4375,100,87.5,100,100,100,76.5625,85.9375,100,95.3125,18.75,59.375,25,89.0625,100,92.1875,100,65.625,81.25,100,85.9375,60.9375,100,95.3125,100,73.4375,50,100,90.625,93.75,23.4375,40.625,64.0625,100,100,100,32.8125,64.0625,45.3125,100,51.5625,100,100,60.9375,100,100,67.1875,4.6875,100,98.4375,62.5,84.375,76.5625,100,92.1875,100,100,89.0625,96.875,21.875,56.25,67.1875,68.75,39.0625,100,84.375,100,100,57.8125,100,100,84.375,100,89.0625,81.25,92.1875,17.1875,89.0625,100,17.1875,100,96.875,64.0625,100,81.25,90.625,57.8125,100,46.875,57.8125,87.5,100,82.8125,100,100,75,57.8125,64.0625,100,100,100,100,95.3125,100,100,82.8125,75,64.0625,100,84.375,62.5,100,98.4375,89.0625,78.125,100,100,96.875,100,29.6875,100,100,100,100,100,25,85.9375,56.25,100,100,57.8125,40.625,51.5625,81.25,100,100,67.1875,87.5,93.75,92.1875,70.3125,96.875,67.1875,68.75,78.125,100,100,100,93.75,100,75,75,64.0625,98.4375,100,87.5,81.25,59.375,10.9375,100,71.875,45.3125,100,82.8125,64.0625,82.8125,100,23.4375,95.3125,54.6875,87.5,100,100,48.4375,100,100,87.5,81.25,100,100,100,100,100,87.5,95.3125,78.125,100,100,100,100,79.6875,70.3125,53.125,65.625,100,100,100,100,100,100,65.625,43.75,90.625,71.875,100,100,92.1875,62.5,100,100,35.9375,64.0625,93.75,100,40.625,100,87.5,100,39.0625,100,53.125,100,100,100,100,100,90.625,100,79.6875,100,100,92.1875,100,89.0625,100,100,100,100,71.875,56.25,65.625,98.4375,100,100,40.625,81.25,100,100,100,100,100,100,100,57.8125,26.5625,100,93.75,6.25,100,100,93.75,93.75,67.1875,85.9375,100,100,90.625,96.875,65.625,100,70.3125,75,23.4375,78.125,100,100,100,100,100,100,100,100,100,100,100,71.875,78.125,67.1875,100,25,65.625,100,10.9375,54.6875,100,100,50,100,73.4375,89.0625,100,100,100,87.5,84.375,82.8125,100,84.375,100,40.625,100,100,81.25,60.9375,78.125,100,100,100,98.4375,100,100,84.375,60.9375,100,7.8125,54.6875,100,100,76.5625,100,100,100,34.375,100,100,100,100,100,100,100,70.3125,82.8125,100,62.5,100,100,64.0625,100,100,62.5,100,100,81.25,100,100,81.25,100,57.8125,68.75,76.5625,100,28.125,78.125,68.75,100,51.5625,89.0625,100,81.25,95.3125,100,100,76.5625,100,90.625,100,68.75,100,100,100,46.875,25,100,48.4375,79.6875,100,100,82.8125,100,84.375,100,43.75,100,100,100,100,100,100,64.0625,37.5,100,100,100,92.1875,100,29.6875,100,100,65.625,59.375,65.625,100,100,100,100,75,100,100,56.25,100,100,32.8125,100,59.375,100,100,100,100,96.875,100,59.375,100,100,100,54.6875,100,90.625,95.3125,62.5,100,81.25,79.6875,100,64.0625,82.8125,40.625,100,100,39.0625,31.25,100,53.125,100,100,100,75,90.625,71.875,100,100,100,100,32.8125,100,100,92.1875,79.6875,96.875,95.3125,100,34.375,100,64.0625,56.25,100,100,95.3125,81.25,100,100,100,64.0625,87.5,100,60.9375,25,71.875,90.625,95.3125,98.4375,90.625,92.1875,89.0625,100,100,70.3125,98.4375,78.125,54.6875,100,100,96.875,100,96.875,50,65.625,54.6875,87.5,18.75,45.3125,100,100,100,45.3125,56.25,100,100,81.25,100,81.25,79.6875,51.5625,89.0625,100,100,100,62.5,100,100,81.25,56.25,100,59.375,100,76.5625,76.5625,81.25,100,79.6875,54.6875,100,100,100,100,75,100,100,100,50,100,100,84.375,40.625,100,100,62.5,90.625,78.125,100,98.4375,79.6875,28.125,100,100,100,100,35.9375,100,73.4375,54.6875,100,100,62.5,100,100,82.8125,100,100,100,82.8125,100,93.75,90.625,100,100,100,57.8125,54.6875,100,60.9375,100,82.8125,100,60.9375,87.5,100,100,76.5625,50,35.9375,45.3125,54.6875,85.9375,71.875,100,100,59.375,76.5625,89.0625,92.1875,100,53.125,56.25,100,100,100,100,100,100,70.3125,100,29.6875,100,84.375,75,65.625,100,87.5,67.1875,100,67.1875,98.4375,18.75,98.4375,73.4375,100,28.125,39.0625,100,100,100,100,26.5625,100,82.8125,59.375,60.9375,71.875,100,81.25,84.375,76.5625,67.1875,62.5,100,100,100,76.5625,100,100,87.5,100,81.25,70.3125,85.9375,100,100,18.75,100,54.6875,100,100,60.9375,100,46.875,100,81.25,71.875,100,51.5625,40.625,92.1875,53.125,17.1875,84.375,100,100,96.875,100,76.5625,89.0625,34.375,100,56.25,100,100,100,92.1875,75,26.5625,100,98.4375,46.875,68.75,100,100,100,100,100,28.125,100,57.8125,100,100,100,79.6875,100,51.5625,51.5625,100,93.75,78.125,50,68.75,51.5625,100,100,100,95.3125,100,90.625,100,62.5,100,100,100,100,100,100,65.625,100,100,100,100,100,90.625,100,65.625,65.625,100,26.5625,100,100,100,100,100,64.0625,1.5625,100,100,35.9375,100,85.9375,100,75,100,100,100,100,100,82.8125,100,100,90.625,100,100,85.9375,100,100,100,51.5625,57.8125,100,68.75,100,100,100,76.5625,100,43.75,64.0625,100,29.6875,62.5,100,100,76.5625,100,100,73.4375,100,100,100,100,100,62.5,28.125,100,89.0625,100,37.5,70.3125,100,62.5,100,76.5625,78.125,18.75,53.125,100,100,79.6875,100,90.625,100,100,59.375,100,35.9375,71.875,100,92.1875,100,100,57.8125,100,100,96.875,98.4375,100,100,32.8125,75,96.875,56.25,64.0625,100,100,67.1875,85.9375,100,79.6875,37.5,68.75,100,100,100,100,68.75,100,60.9375,39.0625,100,65.625,100,100,100,46.875,67.1875,100,54.6875,75,100,73.4375,100,60.9375,100,78.125,82.8125,100,87.5,14.0625,57.8125,100,92.1875,100,100,96.875,100
"6092",89.0625,100,76.5625,100,100,78.125,85.9375,93.75,21.875,98.4375,54.6875,51.5625,100,100,84.375,78.125,81.25,79.6875,100,100,96.875,98.4375,100,100,32.8125,100,100,95.3125,84.375,100,100,100,100,95.3125,100,43.75,84.375,100,100,90.625,76.5625,64.0625,82.8125,100,100,100,100,100,68.75,85.9375,75,100,100,75,84.375,100,6.25,100,100,42.1875,87.5,56.25,98.4375,73.4375,100,100,59.375,100,79.6875,100,59.375,71.875,93.75,93.75,59.375,81.25,100,35.9375,51.5625,100,78.125,100,85.9375,75,100,100,100,53.125,100,100,56.25,84.375,100,48.4375,82.8125,93.75,100,51.5625,100,100,81.25,100,100,92.1875,78.125,31.25,100,45.3125,84.375,85.9375,75,75,100,100,26.5625,100,100,100,100,100,68.75,100,100,89.0625,100,42.1875,100,18.75,100,100,100,100,75,79.6875,92.1875,67.1875,54.6875,78.125,100,100,100,100,48.4375,51.5625,100,100,93.75,100,60.9375,78.125,51.5625,34.375,79.6875,92.1875,98.4375,98.4375,76.5625,100,100,100,100,100,79.6875,100,89.0625,71.875,12.5,90.625,53.125,100,100,70.3125,100,62.5,100,100,87.5,100,100,100,90.625,93.75,100,100,96.875,100,29.6875,100,100,85.9375,100,100,87.5,100,100,100,85.9375,68.75,100,100,21.875,100,96.875,100,100,100,100,100,73.4375,100,32.8125,100,100,100,85.9375,78.125,100,50,100,46.875,100,75,100,84.375,100,53.125,100,100,62.5,100,71.875,76.5625,64.0625,100,100,100,90.625,60.9375,95.3125,100,100,100,100,100,100,64.0625,100,89.0625,100,51.5625,100,76.5625,67.1875,100,100,53.125,100,59.375,100,100,50,96.875,37.5,93.75,43.75,93.75,100,100,95.3125,100,53.125,59.375,100,100,87.5,65.625,46.875,100,70.3125,23.4375,89.0625,100,100,100,100,100,32.8125,100,100,90.625,79.6875,100,78.125,32.8125,100,100,100,87.5,70.3125,75,34.375,100,78.125,79.6875,100,82.8125,76.5625,23.4375,87.5,100,100,50,31.25,100,100,95.3125,100,100,65.625,43.75,90.625,100,50,100,76.5625,71.875,93.75,93.75,100,73.4375,87.5,100,76.5625,78.125,100,34.375,82.8125,87.5,100,100,100,82.8125,40.625,40.625,67.1875,68.75,37.5,100,84.375,70.3125,100,75,100,78.125,70.3125,100,95.3125,73.4375,42.1875,100,87.5,81.25,100,54.6875,71.875,37.5,35.9375,96.875,98.4375,100,100,100,96.875,59.375,95.3125,100,89.0625,100,100,100,87.5,84.375,46.875,100,100,64.0625,93.75,100,62.5,93.75,100,75,100,100,100,76.5625,100,51.5625,75,75,100,100,100,100,100,29.6875,42.1875,100,68.75,89.0625,70.3125,95.3125,100,78.125,100,93.75,39.0625,48.4375,100,76.5625,18.75,100,100,100,100,29.6875,45.3125,100,100,100,82.8125,100,84.375,100,96.875,71.875,51.5625,100,100,100,100,93.75,100,85.9375,85.9375,100,100,100,81.25,93.75,95.3125,100,100,100,82.8125,71.875,100,76.5625,100,100,76.5625,71.875,82.8125,100,100,76.5625,100,100,100,68.75,76.5625,37.5,84.375,100,100,17.1875,100,100,100,100,81.25,100,78.125,78.125,82.8125,100,50,100,46.875,73.4375,100,78.125,79.6875,100,65.625,95.3125,100,100,76.5625,100,76.5625,100,100,100,87.5,60.9375,87.5,84.375,100,100,64.0625,76.5625,68.75,100,100,100,100,100,100,100,43.75,79.6875,100,67.1875,53.125,95.3125,100,96.875,42.1875,100,51.5625,100,89.0625,100,84.375,71.875,100,81.25,79.6875,100,78.125,100,100,34.375,48.4375,100,85.9375,93.75,100,70.3125,100,100,100,100,93.75,43.75,71.875,100,81.25,100,100,71.875,85.9375,100,100,29.6875,78.125,75,100,100,78.125,100,87.5,100,40.625,76.5625,100,65.625,100,100,100,100,100,100,65.625,95.3125,100,84.375,100,64.0625,100,62.5,100,100,100,100,82.8125,100,60.9375,95.3125,100,100,100,100,100,100,59.375,51.5625,100,57.8125,100,100,78.125,100,54.6875,100,100,96.875,100,100,100,100,92.1875,82.8125,100,60.9375,84.375,39.0625,100,79.6875,78.125,15.625,100,100,100,100,100,100,100,96.875,100,100,26.5625,96.875,71.875,75,79.6875,92.1875,100,100,100,92.1875,93.75,100,46.875,6.25,76.5625,60.9375,29.6875,100,100,100,100,100,100,29.6875,100,85.9375,56.25,59.375,81.25,42.1875,75,98.4375,76.5625,95.3125,92.1875,75,78.125,70.3125,40.625,87.5,95.3125,43.75,92.1875,100,96.875,100,100,45.3125,100,31.25,100,43.75,68.75,100,100,73.4375,57.8125,60.9375,46.875,100,50,100,100,100,100,100,100,62.5,100,75,90.625,81.25,100,100,73.4375,100,100,100,64.0625,100,100,100,82.8125,100,89.0625,100,100,100,79.6875,67.1875,100,78.125,100,84.375,100,100,100,93.75,100,100,70.3125,100,95.3125,100,62.5,100,12.5,35.9375,89.0625,100,76.5625,39.0625,65.625,98.4375,100,76.5625,96.875,100,100,100,64.0625,31.25,31.25,87.5,100,100,98.4375,48.4375,65.625,70.3125,70.3125,18.75,100,100,89.0625,43.75,73.4375,31.25,84.375,100,100,90.625,100,100,84.375,100,100,100,100,100,50,43.75,100,100,67.1875,100,100,100,100,56.25,100,100,100,35.9375,84.375,100,100,71.875,71.875,87.5,100,87.5,67.1875,100,35.9375,92.1875,100,100,53.125,100,53.125,100,100,100,100,93.75,62.5,82.8125,100,85.9375,92.1875,100,39.0625,31.25,100,70.3125,78.125,79.6875,43.75,100,100,92.1875,54.6875,100,100,89.0625,82.8125,65.625,100,100,100,68.75,100,76.5625,7.8125,100,100,100,84.375,100,89.0625,100,90.625,100,93.75,100,100,100,100,100,100,100,100,67.1875,57.8125,100,68.75,93.75,67.1875,100,57.8125,78.125,100,20.3125,100,100,57.8125,100,60.9375,70.3125,64.0625,76.5625,57.8125,98.4375,100,59.375,100,82.8125,71.875,67.1875,100,100,51.5625,98.4375,87.5,71.875,89.0625,100,100,100,100,96.875,100,20.3125,100,78.125,100,85.9375,57.8125,100,68.75,48.4375,98.4375,100,35.9375,100,82.8125,100,87.5,100,70.3125,100,82.8125,100,67.1875,73.4375,100,100,100,81.25,100,100,92.1875,100,100,57.8125,59.375,100,34.375,100,100,100,100,67.1875,100,100,100,100,100,100,92.1875,95.3125,100,100,87.5,100,100,100,73.4375,70.3125,67.1875,100,100,59.375,25,100,95.3125,100,100,100,85.9375,100,29.6875,100,23.4375,89.0625,71.875,73.4375,100,12.5,90.625,100,100,100,100,100,96.875,100,100,100,59.375,89.0625,26.5625,100,93.75,59.375,95.3125,70.3125,54.6875,100,100,100,42.1875,84.375,100,82.8125,100,81.25,100,100,100,48.4375,100,100,78.125,46.875,100,100,87.5,100,75,100,93.75,100,100,100,100,100,81.25,93.75,100,82.8125,76.5625,68.75,70.3125,100,100,39.0625,100,100,100,100,82.8125,100,82.8125,32.8125,98.4375,89.0625,100,100,100,92.1875,85.9375,100,90.625,90.625,100,100,100,100,65.625,100,100,82.8125,43.75,100,100,78.125,82.8125,100,81.25,76.5625,100,34.375,100,65.625,100,100,65.625,100,100,40.625,79.6875,100,76.5625,54.6875,100,60.9375,78.125,100,100,76.5625,73.4375,17.1875,100,100,100,92.1875,100,100,100,100,100,85.9375,95.3125,65.625,100,90.625,96.875,100,90.625,100,87.5,100,100,100,100,100,71.875,43.75,100,93.75,73.4375,100,87.5,64.0625,100,81.25,100,54.6875,100,54.6875,100,100,100,54.6875,100,75,100,100,100,54.6875,100,100,59.375,65.625,100,96.875,100,87.5,100,92.1875,43.75,76.5625,96.875,100,100,100,100,100,100,100,43.75,65.625,100,100,100,100,100,100,75,100,95.3125,100,100,57.8125,100,96.875,100,70.3125,75,100,100,100,85.9375,96.875,100,71.875,75,100,98.4375,100,100,84.375,42.1875,100,64.0625,51.5625,73.4375,100,68.75,95.3125,100,100,100,84.375,43.75,100,92.1875,39.0625,100,100,100,100,100,100,100,73.4375,100,100,70.3125,62.5,100,57.8125,100,39.0625,100,100,100,60.9375,95.3125,81.25,100,68.75,54.6875,100,100,85.9375,100,98.4375,100,100,100,31.25,60.9375,46.875,46.875,100,100,100,100,37.5,68.75,100,81.25,100,89.0625,53.125,100,25,100,100,100,100,67.1875,64.0625,100,73.4375,100,85.9375,100,100,100,82.8125,75,56.25,89.0625,68.75,100,100,79.6875,84.375,92.1875,67.1875,62.5,51.5625,100,100,64.0625,92.1875,100,76.5625,60.9375,100,39.0625,84.375,100,96.875,100,100,100,100,100,73.4375,96.875,100,100,84.375,100,92.1875,100,85.9375,81.25,100,100,84.375,100,96.875,100,87.5,100,100,62.5,62.5,100,85.9375,68.75,100,100,89.0625,100,100,100,100,93.75,60.9375,100,100,100,70.3125,100,87.5,96.875,100,65.625,28.125,89.0625,89.0625,100,100,85.9375,71.875,78.125,48.4375,43.75,89.0625,100,75,60.9375,65.625,21.875,79.6875,90.625,95.3125,100,90.625,100,43.75,100,90.625,64.0625,100,100,75,90.625,100,100,84.375,79.6875,62.5,92.1875,92.1875,100,100,100,73.4375,39.0625,31.25,100,100,96.875,100,95.3125,100,100,70.3125,70.3125,100,82.8125,100,100,100,100,43.75,93.75,60.9375,50,81.25,64.0625,93.75,100,100,100,87.5,100,100,70.3125,43.75,85.9375,100,73.4375,75,100,100,64.0625,100,98.4375,68.75,100,100,100,68.75,100,100,93.75,100,53.125,100,100,100,100,100,85.9375,100,100,100,95.3125,98.4375,100,100,100,84.375,85.9375,71.875,100,100,70.3125,71.875,100,100,100,76.5625,62.5,76.5625,100,100,81.25,100,100,100,40.625,100,100,90.625,65.625,76.5625,100,100,53.125,100,100,100,100,100,100,100,68.75,35.9375,73.4375,100,96.875,100,100,100,100,100,100,100,100,100,89.0625,95.3125,100,84.375,100,100,100,100,93.75,100,100,100,95.3125,100,60.9375,100,93.75,100,100,100,90.625,76.5625,95.3125,96.875,39.0625,53.125,43.75,100,100,100,75,48.4375,78.125,100,100,100,100,59.375,100,81.25,100,100,100,73.4375,100,100,100,100,43.75,95.3125,100,90.625,73.4375,89.0625,100,100,100,100,95.3125,100,60.9375,46.875,78.125,100,79.6875,85.9375,73.4375,73.4375,100,100,100,100,89.0625,100,87.5,82.8125,65.625,90.625,100,93.75,84.375,100,100,75,100,100,100,100,84.375,26.5625,100,100,75,100,20.3125,84.375,100,92.1875,100,100,96.875,76.5625,100,100,100,100,90.625,89.0625,100,100,100,79.6875,100,98.4375,100,100,100,100,100,39.0625,100,100,96.875,82.8125,65.625,100,100,100,87.5,71.875,84.375,71.875,100,100,76.5625,31.25,100,92.1875,71.875,100,67.1875,100,25,100,100,100,73.4375,54.6875,100,78.125,100,100,89.0625,100,18.75,84.375,73.4375,62.5,100,100,93.75,100,100,100,100,100,87.5,62.5,100,25,51.5625,100,95.3125,71.875,100,85.9375,87.5,100,100,100,95.3125,100,40.625,20.3125,100,100,100,100,100,100,100,100,100,100,93.75,59.375,100,100,100,81.25,84.375,100,100,100,100,81.25,100,68.75,53.125,100,100,23.4375,68.75,92.1875,100,100,100,100,35.9375,50,100,100,100,60.9375,76.5625,100,60.9375,100,100,26.5625,59.375,62.5,96.875,84.375,100,100,100,100,100,76.5625,84.375,96.875,100,100,100,85.9375,100,100,100,100,100,100,46.875,100,20.3125,84.375,100,100,100,100,100,81.25,84.375,31.25,56.25,100,100,62.5,87.5,100,100,100,100,43.75,75,54.6875,81.25,100,32.8125,100,70.3125,82.8125,100,100,100,100,85.9375,100,71.875,100,96.875,23.4375,68.75,100,17.1875,100,85.9375,100,100,75,100,100,100,68.75,71.875,79.6875,82.8125,100,100,87.5,14.0625,100,64.0625,65.625,82.8125,75,100,62.5,32.8125,93.75,42.1875,100,100,100,100,100,100,70.3125,79.6875,100,100,100,100,76.5625,100,100,90.625,100,85.9375,65.625,100,56.25,93.75,95.3125,100,73.4375,96.875,100,75,100,100,100,81.25,100,50,100,100,100,100,95.3125,96.875,48.4375,100,100,54.6875,100,92.1875,100,100,100,82.8125,100,76.5625,100,100,15.625,100,84.375,35.9375,92.1875,100,90.625,45.3125,100,82.8125,100,39.0625,35.9375,100,68.75,79.6875,100,31.25,100,100,100,62.5,87.5,87.5,48.4375,100,98.4375,100,90.625,60.9375,39.0625,98.4375,70.3125,100,100,89.0625,65.625,100,54.6875,34.375,100,100,96.875,60.9375,89.0625,100,76.5625,79.6875,93.75,100,40.625,100,100,100,100,68.75,18.75,100,100,100,89.0625,42.1875,100,100,100,100,92.1875,100,100,100,100,100,93.75,100,57.8125,70.3125,100,100,62.5,100,40.625,100,23.4375,84.375,100,95.3125,100,87.5,79.6875,82.8125,26.5625,84.375,100,100,100,100,100,79.6875,59.375,54.6875,92.1875,100,100,100,100,100,100,35.9375,100,93.75,96.875,100,89.0625,87.5,78.125,100,100,76.5625,71.875,100,100,100,100,100,100,76.5625,73.4375,100,100,98.4375,84.375,100,100,100,67.1875,56.25,100,96.875,100,100,53.125,93.75,79.6875,85.9375,100,68.75,65.625,59.375,64.0625,100,93.75,100,62.5,93.75,37.5,100,93.75,100,100,93.75,100,98.4375,54.6875,31.25,82.8125,100,100,23.4375,100,90.625,4.6875,37.5,48.4375,9.375,100,100,100,100,85.9375,87.5,93.75,100,89.0625,78.125,100,100,42.1875,100,100,100,71.875,100,100,96.875,100,100,82.8125,100,100,100,90.625,100,100,98.4375,81.25,100,100,82.8125,100,100,100,100,85.9375,100,68.75,100,50,57.8125,100,70.3125,100,78.125,75,71.875,75,100,100,100,100,100,76.5625,84.375,100,96.875,76.5625,50,23.4375,100,100,90.625,100,62.5,82.8125,100,87.5,60.9375,100,92.1875,96.875,78.125,50,100,92.1875,100,29.6875,40.625,87.5,100,100,100,32.8125,65.625,75,100,68.75,100,100,60.9375,100,100,65.625,4.6875,100,95.3125,78.125,92.1875,78.125,100,92.1875,100,100,89.0625,96.875,21.875,57.8125,73.4375,70.3125,39.0625,100,85.9375,100,100,54.6875,100,100,67.1875,100,87.5,75,87.5,23.4375,87.5,100,17.1875,100,100,71.875,100,84.375,76.5625,100,100,46.875,46.875,98.4375,100,96.875,100,100,95.3125,54.6875,62.5,100,100,100,100,93.75,100,100,92.1875,73.4375,64.0625,95.3125,100,100,100,100,76.5625,87.5,100,53.125,100,100,31.25,100,98.4375,100,100,100,65.625,87.5,56.25,100,100,57.8125,40.625,100,81.25,100,21.875,73.4375,78.125,100,70.3125,51.5625,100,67.1875,39.0625,78.125,100,100,100,100,100,62.5,82.8125,85.9375,100,100,84.375,76.5625,53.125,26.5625,100,71.875,56.25,40.625,79.6875,65.625,82.8125,100,25,95.3125,54.6875,85.9375,85.9375,100,60.9375,64.0625,100,100,81.25,100,100,100,100,100,98.4375,95.3125,67.1875,100,100,100,100,78.125,71.875,60.9375,65.625,100,100,100,100,100,100,64.0625,42.1875,85.9375,100,100,100,100,100,100,100,87.5,56.25,100,100,73.4375,100,85.9375,100,39.0625,100,45.3125,100,100,79.6875,100,100,90.625,95.3125,85.9375,100,100,92.1875,100,81.25,92.1875,100,100,100,68.75,100,50,98.4375,100,100,37.5,76.5625,100,100,57.8125,100,100,100,100,62.5,28.125,100,82.8125,100,100,100,98.4375,96.875,65.625,87.5,100,100,90.625,90.625,15.625,100,71.875,82.8125,21.875,70.3125,100,100,100,100,100,100,100,100,100,100,100,67.1875,75,65.625,100,25,100,28.125,54.6875,54.6875,100,92.1875,50,100,78.125,90.625,100,100,100,95.3125,87.5,71.875,100,87.5,100,42.1875,100,100,14.0625,62.5,68.75,100,100,100,98.4375,100,100,84.375,62.5,100,7.8125,57.8125,100,100,79.6875,100,100,100,54.6875,100,100,100,100,100,100,100,71.875,92.1875,98.4375,59.375,100,100,64.0625,100,90.625,60.9375,100,100,73.4375,100,100,84.375,100,56.25,67.1875,31.25,100,29.6875,76.5625,50,100,59.375,56.25,100,87.5,90.625,100,100,76.5625,100,85.9375,100,64.0625,100,100,98.4375,46.875,100,100,46.875,82.8125,100,100,79.6875,100,84.375,100,78.125,100,100,100,100,100,100,60.9375,37.5,100,100,100,92.1875,100,26.5625,100,100,70.3125,57.8125,100,100,100,100,95.3125,84.375,100,100,67.1875,100,100,51.5625,100,56.25,100,100,100,100,79.6875,100,54.6875,100,100,73.4375,54.6875,93.75,87.5,100,62.5,100,90.625,79.6875,70.3125,93.75,100,48.4375,100,100,39.0625,31.25,100,53.125,100,100,100,73.4375,90.625,68.75,100,93.75,100,100,32.8125,100,100,98.4375,75,79.6875,95.3125,100,35.9375,100,64.0625,64.0625,100,100,90.625,79.6875,100,100,100,64.0625,87.5,100,89.0625,100,73.4375,90.625,93.75,100,89.0625,96.875,89.0625,100,85.9375,65.625,100,78.125,100,100,100,96.875,100,100,45.3125,68.75,84.375,87.5,29.6875,51.5625,100,100,100,46.875,90.625,79.6875,100,89.0625,100,85.9375,79.6875,96.875,89.0625,100,100,100,68.75,100,100,82.8125,51.5625,100,57.8125,100,54.6875,76.5625,81.25,100,65.625,54.6875,100,100,100,100,73.4375,100,100,100,50,100,100,90.625,46.875,100,100,57.8125,92.1875,78.125,100,96.875,70.3125,85.9375,100,100,100,100,31.25,100,73.4375,100,100,100,62.5,100,100,95.3125,100,100,100,87.5,100,93.75,93.75,100,100,100,71.875,56.25,100,59.375,100,90.625,100,45.3125,87.5,100,100,82.8125,100,35.9375,54.6875,50,84.375,75,100,100,73.4375,100,100,100,100,57.8125,56.25,35.9375,100,96.875,100,100,100,79.6875,100,7.8125,100,81.25,84.375,65.625,100,76.5625,68.75,84.375,71.875,89.0625,18.75,96.875,79.6875,100,29.6875,42.1875,100,100,100,100,26.5625,90.625,100,59.375,67.1875,100,100,81.25,96.875,81.25,87.5,35.9375,100,92.1875,100,65.625,100,100,89.0625,100,95.3125,71.875,84.375,100,100,18.75,100,40.625,100,100,68.75,100,46.875,100,78.125,46.875,31.25,46.875,56.25,82.8125,100,28.125,85.9375,100,100,32.8125,90.625,79.6875,95.3125,43.75,100,59.375,100,84.375,100,79.6875,100,28.125,100,98.4375,35.9375,68.75,100,100,100,100,100,25,100,64.0625,100,100,100,84.375,100,56.25,95.3125,100,93.75,87.5,71.875,81.25,51.5625,100,100,100,100,100,85.9375,100,67.1875,100,100,100,98.4375,100,100,60.9375,100,95.3125,100,100,100,100,100,51.5625,85.9375,100,26.5625,100,100,100,100,100,64.0625,1.5625,100,39.0625,31.25,100,78.125,100,57.8125,100,100,100,100,100,85.9375,100,100,100,100,100,95.3125,100,100,100,21.875,57.8125,100,67.1875,100,100,98.4375,76.5625,100,43.75,64.0625,100,100,51.5625,100,100,62.5,100,100,89.0625,100,100,100,100,100,64.0625,28.125,100,76.5625,100,100,35.9375,100,62.5,100,73.4375,64.0625,18.75,54.6875,100,100,71.875,100,85.9375,100,87.5,57.8125,68.75,73.4375,65.625,100,84.375,100,100,59.375,100,100,96.875,73.4375,100,100,31.25,68.75,95.3125,53.125,64.0625,100,100,68.75,85.9375,100,79.6875,39.0625,68.75,100,100,100,14.0625,51.5625,100,59.375,39.0625,100,73.4375,100,100,100,100,60.9375,100,54.6875,89.0625,100,67.1875,100,62.5,87.5,76.5625,84.375,100,98.4375,9.375,57.8125,100,84.375,100,100,93.75,100
"6093",89.0625,100,50,100,100,82.8125,90.625,93.75,21.875,95.3125,57.8125,100,100,100,75,76.5625,82.8125,76.5625,100,100,96.875,100,100,100,12.5,100,100,87.5,82.8125,100,100,100,100,100,100,93.75,78.125,100,100,95.3125,90.625,60.9375,93.75,100,100,100,100,100,65.625,89.0625,75,100,100,70.3125,84.375,100,12.5,100,100,42.1875,89.0625,53.125,98.4375,100,100,100,60.9375,100,59.375,100,59.375,70.3125,100,100,59.375,84.375,100,59.375,53.125,100,71.875,100,84.375,75,100,100,100,35.9375,100,100,59.375,82.8125,100,46.875,93.75,96.875,100,56.25,100,100,76.5625,100,100,92.1875,71.875,39.0625,95.3125,62.5,43.75,100,76.5625,68.75,100,100,26.5625,100,100,100,95.3125,100,89.0625,100,100,71.875,89.0625,43.75,100,18.75,100,100,100,100,100,100,100,65.625,59.375,76.5625,100,100,98.4375,100,50,60.9375,100,100,89.0625,100,59.375,84.375,25,37.5,78.125,92.1875,98.4375,98.4375,75,100,100,100,100,100,79.6875,100,89.0625,71.875,100,92.1875,57.8125,100,100,70.3125,100,89.0625,100,100,87.5,100,100,73.4375,100,87.5,100,85.9375,95.3125,100,29.6875,100,100,82.8125,100,100,87.5,100,100,100,96.875,60.9375,100,100,21.875,92.1875,96.875,100,100,100,100,100,84.375,100,39.0625,84.375,100,100,76.5625,78.125,98.4375,73.4375,100,48.4375,100,73.4375,35.9375,78.125,100,53.125,54.6875,100,100,100,82.8125,78.125,31.25,100,100,100,92.1875,62.5,82.8125,100,100,100,100,82.8125,100,56.25,100,50,100,50,100,76.5625,32.8125,93.75,100,56.25,100,60.9375,100,100,100,98.4375,37.5,98.4375,21.875,98.4375,100,100,100,100,56.25,64.0625,100,75,100,78.125,46.875,100,68.75,100,89.0625,100,60.9375,100,100,100,29.6875,98.4375,100,92.1875,84.375,100,70.3125,40.625,100,100,100,87.5,67.1875,75,34.375,100,68.75,85.9375,100,85.9375,76.5625,12.5,90.625,100,100,54.6875,29.6875,100,67.1875,95.3125,100,100,85.9375,45.3125,87.5,100,50,100,82.8125,67.1875,95.3125,92.1875,100,70.3125,85.9375,100,76.5625,100,100,34.375,100,87.5,90.625,100,100,82.8125,39.0625,35.9375,68.75,68.75,40.625,100,100,71.875,100,76.5625,100,65.625,70.3125,100,95.3125,78.125,40.625,54.6875,87.5,82.8125,100,32.8125,82.8125,64.0625,31.25,100,98.4375,100,100,100,93.75,75,85.9375,100,93.75,100,100,92.1875,76.5625,84.375,100,100,100,67.1875,100,100,67.1875,93.75,100,70.3125,100,100,100,75,100,51.5625,100,15.625,100,100,100,100,100,18.75,40.625,100,70.3125,84.375,70.3125,93.75,100,82.8125,100,92.1875,39.0625,54.6875,100,75,53.125,100,100,100,100,26.5625,100,100,95.3125,100,82.8125,100,85.9375,89.0625,71.875,65.625,70.3125,100,100,100,100,93.75,95.3125,85.9375,100,100,100,100,81.25,93.75,95.3125,100,100,100,82.8125,71.875,100,70.3125,100,100,73.4375,68.75,84.375,100,81.25,64.0625,100,100,100,100,79.6875,37.5,71.875,100,100,14.0625,100,100,100,100,71.875,100,100,64.0625,82.8125,100,56.25,100,48.4375,75,100,78.125,79.6875,100,64.0625,100,98.4375,100,73.4375,100,73.4375,100,100,100,85.9375,81.25,100,82.8125,100,100,64.0625,78.125,68.75,100,100,100,100,100,100,100,92.1875,75,76.5625,71.875,50,100,100,100,43.75,100,51.5625,100,93.75,100,85.9375,71.875,100,81.25,84.375,100,89.0625,100,100,34.375,75,100,82.8125,93.75,100,70.3125,100,100,100,100,100,46.875,62.5,100,100,100,64.0625,71.875,100,100,100,100,100,100,100,100,62.5,100,84.375,100,42.1875,76.5625,100,64.0625,100,100,100,100,100,100,100,98.4375,100,81.25,100,64.0625,100,59.375,100,76.5625,100,100,82.8125,100,70.3125,96.875,100,100,100,82.8125,100,100,56.25,25,100,73.4375,100,100,79.6875,100,70.3125,100,100,100,100,81.25,100,100,100,85.9375,100,48.4375,89.0625,85.9375,100,75,79.6875,100,100,100,100,100,100,100,100,96.875,100,100,26.5625,96.875,71.875,42.1875,65.625,84.375,100,100,100,93.75,90.625,100,46.875,4.6875,89.0625,56.25,29.6875,100,100,100,100,100,100,29.6875,100,82.8125,54.6875,59.375,79.6875,65.625,73.4375,98.4375,78.125,85.9375,92.1875,73.4375,79.6875,81.25,40.625,87.5,95.3125,45.3125,82.8125,100,100,100,100,59.375,100,31.25,100,43.75,68.75,100,100,68.75,59.375,67.1875,46.875,100,48.4375,100,100,100,100,100,100,59.375,100,75,90.625,79.6875,100,100,75,100,100,100,67.1875,100,100,100,82.8125,100,90.625,100,100,100,92.1875,71.875,100,100,100,87.5,100,100,100,96.875,100,100,70.3125,100,100,100,64.0625,87.5,100,35.9375,85.9375,100,93.75,42.1875,60.9375,95.3125,100,87.5,84.375,100,100,100,76.5625,54.6875,29.6875,92.1875,100,100,87.5,48.4375,45.3125,84.375,68.75,6.25,100,100,100,43.75,46.875,42.1875,84.375,100,100,75,100,100,81.25,100,100,100,100,100,57.8125,43.75,100,100,71.875,100,100,100,100,56.25,96.875,98.4375,100,40.625,89.0625,42.1875,100,81.25,43.75,85.9375,100,87.5,65.625,100,39.0625,95.3125,100,100,54.6875,100,51.5625,100,100,100,100,93.75,62.5,100,100,78.125,92.1875,100,25,40.625,100,68.75,82.8125,78.125,42.1875,100,100,100,70.3125,100,100,87.5,84.375,67.1875,100,100,100,70.3125,100,76.5625,10.9375,100,100,100,76.5625,100,96.875,100,90.625,100,96.875,100,100,100,100,100,100,100,100,67.1875,56.25,100,68.75,95.3125,67.1875,100,59.375,70.3125,100,26.5625,100,100,54.6875,100,67.1875,100,23.4375,75,73.4375,98.4375,100,59.375,100,100,73.4375,53.125,100,100,85.9375,98.4375,100,73.4375,96.875,100,100,100,100,100,100,21.875,100,79.6875,100,92.1875,100,100,67.1875,56.25,93.75,100,35.9375,100,82.8125,51.5625,89.0625,96.875,70.3125,100,100,100,67.1875,89.0625,100,100,100,81.25,84.375,100,98.4375,100,100,57.8125,35.9375,100,34.375,65.625,100,100,100,67.1875,100,100,92.1875,100,100,100,93.75,100,68.75,100,100,100,90.625,100,100,57.8125,65.625,100,100,59.375,25,100,89.0625,100,100,100,85.9375,100,29.6875,100,23.4375,85.9375,70.3125,73.4375,100,12.5,84.375,100,100,100,100,96.875,100,100,100,100,59.375,87.5,100,95.3125,95.3125,100,95.3125,100,54.6875,100,100,100,56.25,84.375,100,78.125,100,42.1875,100,100,100,67.1875,100,100,89.0625,46.875,100,100,87.5,100,81.25,100,93.75,100,100,100,51.5625,100,81.25,100,100,100,76.5625,65.625,65.625,100,100,17.1875,100,50,100,100,87.5,100,84.375,82.8125,100,100,100,100,100,6.25,100,95.3125,100,93.75,100,100,98.4375,100,65.625,98.4375,100,81.25,25,100,100,76.5625,78.125,100,81.25,92.1875,100,35.9375,100,75,100,100,68.75,100,100,40.625,100,100,95.3125,92.1875,100,59.375,75,100,100,35.9375,73.4375,17.1875,100,100,100,70.3125,100,100,100,100,100,78.125,93.75,62.5,87.5,90.625,82.8125,100,89.0625,100,87.5,100,100,62.5,100,100,71.875,89.0625,100,93.75,79.6875,100,82.8125,65.625,100,65.625,100,54.6875,100,100,100,100,100,53.125,100,79.6875,100,100,100,43.75,100,100,57.8125,65.625,100,93.75,100,89.0625,100,100,50,78.125,98.4375,100,100,100,100,100,100,100,40.625,48.4375,96.875,100,100,100,100,100,89.0625,70.3125,90.625,100,100,57.8125,100,96.875,100,84.375,75,100,100,100,85.9375,95.3125,100,75,75,100,98.4375,100,100,89.0625,62.5,100,43.75,51.5625,40.625,100,68.75,79.6875,100,100,100,87.5,50,100,93.75,39.0625,100,100,100,100,100,100,100,100,100,100,78.125,78.125,100,56.25,100,75,100,100,100,62.5,95.3125,81.25,100,100,50,100,100,87.5,100,76.5625,100,100,100,32.8125,46.875,46.875,56.25,100,100,67.1875,100,37.5,68.75,100,100,100,89.0625,45.3125,100,35.9375,100,100,100,100,59.375,25,100,73.4375,100,100,100,100,100,85.9375,70.3125,51.5625,89.0625,68.75,100,100,76.5625,71.875,92.1875,67.1875,62.5,51.5625,100,81.25,65.625,87.5,100,67.1875,60.9375,100,42.1875,95.3125,100,93.75,100,100,100,95.3125,98.4375,73.4375,100,100,100,81.25,100,96.875,100,85.9375,87.5,100,100,67.1875,100,81.25,100,57.8125,100,100,60.9375,60.9375,100,100,70.3125,100,100,89.0625,100,100,100,100,93.75,60.9375,100,100,100,75,100,81.25,96.875,100,73.4375,31.25,85.9375,20.3125,100,100,92.1875,70.3125,78.125,39.0625,43.75,100,100,76.5625,60.9375,60.9375,21.875,78.125,92.1875,95.3125,96.875,90.625,100,57.8125,78.125,73.4375,51.5625,100,100,90.625,90.625,70.3125,100,84.375,93.75,68.75,90.625,92.1875,100,100,100,73.4375,39.0625,31.25,28.125,95.3125,100,100,100,100,100,73.4375,64.0625,100,65.625,100,100,100,100,39.0625,90.625,56.25,50,79.6875,65.625,93.75,100,100,100,85.9375,100,100,62.5,43.75,89.0625,100,76.5625,75,100,92.1875,67.1875,100,46.875,100,100,100,100,71.875,100,100,93.75,100,43.75,100,90.625,100,100,100,90.625,100,100,100,37.5,71.875,100,100,100,82.8125,87.5,70.3125,100,100,73.4375,78.125,100,100,100,67.1875,45.3125,78.125,100,98.4375,79.6875,100,100,100,39.0625,100,100,92.1875,82.8125,78.125,96.875,100,64.0625,100,82.8125,100,100,100,100,100,73.4375,37.5,73.4375,100,89.0625,100,100,100,100,100,100,100,100,100,89.0625,92.1875,100,95.3125,100,100,100,100,100,100,100,100,82.8125,100,54.6875,100,92.1875,100,98.4375,100,93.75,75,96.875,95.3125,37.5,35.9375,46.875,100,100,100,100,51.5625,76.5625,100,100,100,100,56.25,96.875,78.125,100,100,100,76.5625,100,100,100,68.75,43.75,96.875,100,100,73.4375,93.75,100,100,96.875,100,95.3125,100,70.3125,53.125,79.6875,76.5625,81.25,26.5625,82.8125,73.4375,100,100,100,48.4375,89.0625,100,87.5,95.3125,75,68.75,100,100,85.9375,100,100,50,100,100,95.3125,100,100,26.5625,100,100,78.125,100,20.3125,82.8125,100,98.4375,51.5625,100,100,84.375,100,100,100,98.4375,89.0625,90.625,100,100,100,100,100,70.3125,100,100,100,100,100,59.375,100,100,96.875,76.5625,71.875,100,100,100,89.0625,71.875,100,62.5,100,100,75,37.5,100,90.625,68.75,100,78.125,100,43.75,100,100,100,62.5,56.25,100,87.5,100,100,70.3125,100,18.75,79.6875,82.8125,60.9375,100,100,95.3125,100,100,82.8125,100,100,92.1875,59.375,100,23.4375,29.6875,100,95.3125,75,100,85.9375,87.5,100,100,100,90.625,100,40.625,18.75,100,100,100,100,100,100,100,100,100,100,89.0625,59.375,87.5,100,100,82.8125,90.625,100,98.4375,100,100,85.9375,90.625,65.625,51.5625,100,100,18.75,100,93.75,100,100,100,100,18.75,45.3125,100,100,100,56.25,76.5625,100,68.75,100,100,26.5625,60.9375,62.5,98.4375,67.1875,100,100,100,100,100,79.6875,90.625,96.875,100,100,100,81.25,98.4375,100,100,100,100,100,46.875,100,26.5625,84.375,100,100,100,100,100,85.9375,100,28.125,48.4375,98.4375,100,57.8125,89.0625,100,100,100,100,26.5625,79.6875,46.875,81.25,100,50,100,70.3125,87.5,100,100,85.9375,100,84.375,100,71.875,100,95.3125,25,68.75,100,20.3125,100,60.9375,100,100,75,100,100,100,68.75,79.6875,100,82.8125,100,100,85.9375,54.6875,40.625,70.3125,67.1875,82.8125,73.4375,100,60.9375,84.375,93.75,32.8125,100,71.875,100,39.0625,100,100,68.75,84.375,100,100,100,35.9375,84.375,98.4375,100,50,100,82.8125,65.625,100,57.8125,100,98.4375,100,75,100,89.0625,15.625,100,100,100,79.6875,100,59.375,100,100,100,100,95.3125,98.4375,45.3125,100,100,75,100,100,100,93.75,100,82.8125,100,84.375,100,100,73.4375,100,76.5625,42.1875,93.75,90.625,100,43.75,100,56.25,100,25,35.9375,100,78.125,75,100,32.8125,100,100,100,56.25,90.625,56.25,54.6875,100,100,100,93.75,68.75,39.0625,100,73.4375,100,100,90.625,70.3125,100,54.6875,32.8125,10.9375,100,73.4375,60.9375,87.5,100,75,85.9375,95.3125,100,42.1875,100,39.0625,100,100,65.625,32.8125,82.8125,100,100,89.0625,45.3125,100,100,100,100,92.1875,100,100,87.5,100,100,100,100,57.8125,59.375,100,100,65.625,100,43.75,100,50,79.6875,100,100,100,95.3125,79.6875,79.6875,100,89.0625,100,100,100,100,100,75,48.4375,51.5625,76.5625,100,100,100,100,100,100,35.9375,100,100,21.875,100,87.5,84.375,71.875,100,100,78.125,73.4375,96.875,100,100,100,67.1875,100,76.5625,75,100,100,100,90.625,100,100,100,67.1875,100,95.3125,92.1875,100,100,35.9375,95.3125,79.6875,87.5,100,65.625,67.1875,59.375,67.1875,100,100,100,100,100,43.75,100,84.375,100,10.9375,90.625,100,89.0625,54.6875,93.75,98.4375,100,100,21.875,100,96.875,4.6875,43.75,93.75,56.25,100,100,100,100,90.625,85.9375,100,100,89.0625,100,100,100,39.0625,100,100,100,73.4375,100,98.4375,100,100,100,79.6875,100,100,100,90.625,100,100,100,79.6875,100,100,81.25,100,100,100,100,92.1875,100,56.25,100,100,56.25,100,68.75,100,76.5625,68.75,70.3125,75,100,100,100,89.0625,100,79.6875,82.8125,100,100,53.125,59.375,23.4375,92.1875,100,90.625,100,62.5,95.3125,100,87.5,59.375,100,100,100,73.4375,50,100,89.0625,100,100,40.625,87.5,100,100,100,35.9375,60.9375,100,100,95.3125,100,100,59.375,100,100,65.625,4.6875,100,93.75,79.6875,98.4375,76.5625,100,90.625,100,100,92.1875,96.875,20.3125,59.375,65.625,68.75,39.0625,100,85.9375,100,100,54.6875,100,100,71.875,100,87.5,75,85.9375,62.5,95.3125,100,100,100,87.5,71.875,96.875,84.375,76.5625,100,100,42.1875,51.5625,92.1875,100,79.6875,100,100,93.75,57.8125,57.8125,100,100,70.3125,100,95.3125,100,100,89.0625,82.8125,65.625,87.5,75,81.25,100,100,76.5625,87.5,100,100,98.4375,100,32.8125,100,100,100,100,100,54.6875,87.5,53.125,100,100,40.625,40.625,57.8125,81.25,100,82.8125,68.75,70.3125,100,87.5,67.1875,100,67.1875,68.75,78.125,100,100,100,95.3125,100,51.5625,95.3125,100,100,100,82.8125,78.125,50,10.9375,100,75,46.875,100,79.6875,57.8125,75,100,25,93.75,100,85.9375,100,100,100,100,100,89.0625,81.25,100,100,100,100,100,100,95.3125,76.5625,100,87.5,84.375,100,70.3125,79.6875,65.625,64.0625,100,100,100,100,100,98.4375,70.3125,42.1875,90.625,100,100,100,100,100,100,100,62.5,100,100,100,90.625,100,87.5,100,39.0625,100,56.25,100,100,100,100,100,90.625,96.875,78.125,100,100,92.1875,100,34.375,100,100,100,100,65.625,56.25,84.375,98.4375,100,100,35.9375,71.875,100,100,100,100,100,100,100,53.125,26.5625,100,90.625,100,100,100,100,89.0625,68.75,84.375,100,100,76.5625,90.625,89.0625,100,67.1875,81.25,21.875,70.3125,100,100,100,100,100,100,100,100,100,100,93.75,68.75,54.6875,65.625,100,26.5625,100,100,100,54.6875,100,100,50,100,79.6875,92.1875,39.0625,100,100,100,87.5,73.4375,100,90.625,100,42.1875,100,100,81.25,68.75,82.8125,100,34.375,100,98.4375,100,100,81.25,65.625,100,59.375,68.75,100,100,78.125,100,100,100,56.25,87.5,100,100,90.625,100,100,89.0625,70.3125,100,100,59.375,100,100,64.0625,100,100,62.5,100,100,70.3125,100,100,92.1875,100,56.25,68.75,56.25,100,26.5625,78.125,60.9375,100,56.25,79.6875,100,90.625,92.1875,100,100,79.6875,100,92.1875,100,70.3125,100,100,100,46.875,100,100,54.6875,89.0625,100,100,85.9375,100,84.375,100,100,100,100,100,100,100,100,67.1875,100,100,100,100,92.1875,100,29.6875,100,100,45.3125,60.9375,100,100,100,100,100,68.75,100,100,64.0625,100,100,76.5625,100,56.25,100,100,100,100,95.3125,100,51.5625,100,100,100,46.875,100,90.625,92.1875,62.5,100,100,82.8125,100,84.375,82.8125,54.6875,100,100,40.625,31.25,100,53.125,75,100,81.25,73.4375,100,100,100,100,100,100,34.375,100,100,96.875,70.3125,100,89.0625,93.75,29.6875,82.8125,64.0625,51.5625,100,100,93.75,79.6875,100,100,100,62.5,79.6875,100,92.1875,42.1875,70.3125,90.625,100,100,95.3125,90.625,85.9375,100,81.25,64.0625,100,78.125,100,100,100,96.875,100,100,42.1875,70.3125,98.4375,87.5,20.3125,45.3125,100,100,100,46.875,100,82.8125,100,89.0625,100,89.0625,79.6875,96.875,85.9375,100,100,100,64.0625,100,100,82.8125,50,100,62.5,100,59.375,76.5625,79.6875,100,73.4375,54.6875,100,100,100,100,73.4375,100,100,100,50,100,100,93.75,37.5,100,100,59.375,90.625,75,100,100,96.875,89.0625,100,100,100,100,34.375,100,75,100,100,100,62.5,100,100,98.4375,100,100,100,100,100,98.4375,100,100,100,100,79.6875,64.0625,100,60.9375,100,89.0625,100,45.3125,90.625,100,100,92.1875,100,35.9375,76.5625,51.5625,78.125,70.3125,100,100,62.5,95.3125,100,95.3125,100,56.25,65.625,100,100,100,100,100,100,79.6875,100,12.5,100,81.25,87.5,64.0625,100,82.8125,67.1875,56.25,71.875,98.4375,18.75,96.875,67.1875,100,28.125,39.0625,100,100,82.8125,100,26.5625,64.0625,100,59.375,70.3125,71.875,100,71.875,73.4375,81.25,85.9375,34.375,100,100,100,59.375,100,100,89.0625,100,100,93.75,85.9375,100,100,18.75,100,45.3125,100,100,78.125,100,46.875,100,84.375,42.1875,100,50,35.9375,82.8125,73.4375,29.6875,85.9375,96.875,100,100,100,78.125,100,45.3125,100,62.5,100,81.25,100,75,92.1875,28.125,100,98.4375,46.875,68.75,100,100,100,100,100,23.4375,100,67.1875,100,100,100,85.9375,100,51.5625,78.125,100,95.3125,92.1875,48.4375,85.9375,53.125,100,100,100,100,100,92.1875,100,65.625,100,100,100,100,100,100,51.5625,100,100,100,100,100,100,100,62.5,82.8125,100,26.5625,100,100,100,100,100,68.75,1.5625,100,100,26.5625,100,93.75,100,100,100,100,100,100,54.6875,82.8125,100,100,100,100,100,90.625,100,95.3125,100,9.375,59.375,100,65.625,100,100,90.625,75,100,43.75,64.0625,100,100,50,100,100,100,100,100,73.4375,100,100,9.375,100,100,81.25,28.125,85.9375,100,100,100,59.375,100,62.5,100,75,73.4375,18.75,65.625,100,100,70.3125,100,98.4375,100,100,59.375,70.3125,62.5,68.75,100,90.625,100,100,54.6875,100,100,96.875,92.1875,100,100,31.25,65.625,95.3125,100,64.0625,100,100,67.1875,79.6875,100,79.6875,39.0625,60.9375,20.3125,100,100,100,37.5,100,59.375,39.0625,100,73.4375,100,100,100,100,65.625,100,54.6875,100,100,71.875,100,54.6875,81.25,79.6875,78.125,89.0625,100,21.875,60.9375,100,79.6875,100,100,100,100
"6094",89.0625,100,43.75,100,100,85.9375,90.625,100,23.4375,96.875,51.5625,100,100,100,78.125,76.5625,82.8125,75,100,100,96.875,100,100,100,18.75,100,100,85.9375,82.8125,100,100,100,100,100,100,95.3125,82.8125,100,100,92.1875,81.25,64.0625,84.375,100,100,96.875,100,100,68.75,89.0625,75,100,100,78.125,82.8125,100,9.375,100,100,42.1875,87.5,51.5625,98.4375,100,100,100,67.1875,100,68.75,100,59.375,78.125,100,89.0625,59.375,78.125,100,100,56.25,100,68.75,100,87.5,73.4375,100,100,100,45.3125,100,100,56.25,82.8125,100,46.875,78.125,100,100,60.9375,100,100,78.125,100,100,89.0625,39.0625,43.75,93.75,56.25,79.6875,100,67.1875,78.125,84.375,100,26.5625,100,100,100,100,100,67.1875,100,100,82.8125,96.875,43.75,100,18.75,100,15.625,100,100,100,100,100,65.625,57.8125,78.125,100,100,100,89.0625,50,59.375,100,100,96.875,100,60.9375,81.25,56.25,34.375,79.6875,92.1875,100,98.4375,76.5625,100,65.625,100,100,100,82.8125,100,89.0625,71.875,100,92.1875,62.5,45.3125,82.8125,70.3125,100,100,100,100,89.0625,100,100,100,100,92.1875,100,84.375,100,100,29.6875,100,100,87.5,100,100,87.5,100,100,100,93.75,54.6875,100,96.875,18.75,98.4375,96.875,100,100,100,100,100,84.375,100,31.25,100,100,100,81.25,78.125,67.1875,93.75,100,45.3125,100,75,96.875,100,100,53.125,81.25,100,56.25,100,81.25,78.125,25,100,100,100,90.625,60.9375,93.75,100,100,100,100,100,100,64.0625,100,100,100,51.5625,35.9375,79.6875,45.3125,100,100,56.25,100,60.9375,100,100,87.5,98.4375,35.9375,93.75,81.25,100,100,100,100,100,65.625,65.625,100,100,84.375,43.75,48.4375,100,70.3125,100,87.5,100,14.0625,100,100,100,29.6875,96.875,100,93.75,79.6875,100,71.875,32.8125,100,100,100,96.875,64.0625,75,34.375,100,71.875,71.875,100,85.9375,92.1875,18.75,89.0625,100,100,54.6875,31.25,100,51.5625,95.3125,100,100,65.625,42.1875,89.0625,100,56.25,100,75,64.0625,95.3125,95.3125,100,70.3125,96.875,100,76.5625,98.4375,100,34.375,100,87.5,100,100,90.625,84.375,40.625,39.0625,68.75,68.75,37.5,100,100,73.4375,100,78.125,100,51.5625,68.75,100,100,76.5625,50,78.125,85.9375,81.25,100,100,84.375,85.9375,31.25,100,98.4375,100,100,100,92.1875,60.9375,78.125,100,98.4375,100,92.1875,100,87.5,76.5625,100,100,100,28.125,96.875,100,79.6875,93.75,100,75,100,81.25,100,73.4375,100,67.1875,90.625,54.6875,100,100,100,62.5,100,10.9375,40.625,100,71.875,95.3125,70.3125,100,87.5,87.5,100,100,39.0625,50,100,76.5625,65.625,100,100,100,100,59.375,100,100,100,100,82.8125,100,89.0625,100,75,65.625,62.5,100,100,100,100,93.75,79.6875,84.375,100,100,100,100,96.875,93.75,95.3125,100,100,100,84.375,70.3125,100,71.875,100,100,76.5625,64.0625,84.375,100,23.4375,70.3125,100,100,100,82.8125,78.125,34.375,59.375,98.4375,100,14.0625,100,100,100,100,76.5625,100,100,62.5,82.8125,100,53.125,100,46.875,75,100,78.125,79.6875,100,64.0625,100,100,100,73.4375,100,76.5625,100,100,100,85.9375,57.8125,100,84.375,100,100,64.0625,78.125,68.75,100,100,62.5,100,100,100,100,76.5625,81.25,100,67.1875,53.125,93.75,100,100,43.75,100,51.5625,100,90.625,100,84.375,68.75,100,81.25,79.6875,92.1875,96.875,100,100,34.375,50,100,84.375,93.75,100,70.3125,100,100,100,100,100,43.75,68.75,100,100,100,100,71.875,90.625,100,100,54.6875,100,100,100,100,67.1875,100,92.1875,100,42.1875,73.4375,100,76.5625,100,100,100,100,100,100,100,96.875,100,84.375,100,67.1875,100,65.625,100,100,100,100,81.25,100,78.125,98.4375,100,87.5,100,100,100,90.625,62.5,14.0625,100,60.9375,100,100,76.5625,100,60.9375,100,100,98.4375,100,100,100,100,100,85.9375,100,65.625,100,93.75,100,81.25,78.125,100,62.5,100,100,100,100,100,100,96.875,100,100,26.5625,96.875,68.75,82.8125,75,93.75,100,100,100,89.0625,90.625,100,46.875,6.25,78.125,59.375,29.6875,100,100,100,100,100,100,29.6875,100,85.9375,54.6875,59.375,56.25,71.875,70.3125,98.4375,78.125,95.3125,92.1875,57.8125,78.125,65.625,40.625,85.9375,95.3125,45.3125,75,100,100,100,100,100,100,76.5625,100,45.3125,68.75,100,100,70.3125,59.375,67.1875,46.875,100,50,100,82.8125,100,100,100,100,60.9375,100,73.4375,89.0625,79.6875,100,100,75,100,100,100,68.75,100,100,100,84.375,100,67.1875,100,100,100,92.1875,100,100,100,100,84.375,100,100,100,90.625,100,100,70.3125,100,96.875,100,64.0625,100,100,35.9375,89.0625,100,65.625,40.625,68.75,96.875,100,60.9375,81.25,100,100,100,71.875,32.8125,32.8125,87.5,100,100,100,48.4375,59.375,71.875,75,7.8125,100,100,53.125,43.75,60.9375,48.4375,82.8125,100,100,92.1875,100,100,81.25,100,100,100,100,100,65.625,45.3125,100,100,67.1875,100,100,100,100,56.25,89.0625,100,100,65.625,100,100,100,81.25,100,92.1875,100,85.9375,62.5,100,39.0625,93.75,100,100,53.125,100,81.25,100,100,100,100,93.75,62.5,54.6875,100,81.25,100,100,100,29.6875,100,70.3125,76.5625,78.125,45.3125,100,100,100,54.6875,100,100,93.75,82.8125,65.625,100,100,100,67.1875,100,76.5625,56.25,100,100,100,93.75,100,100,100,96.875,100,96.875,100,100,100,100,95.3125,100,100,100,64.0625,54.6875,100,68.75,93.75,68.75,100,60.9375,70.3125,100,48.4375,100,100,57.8125,100,65.625,68.75,54.6875,76.5625,100,100,98.4375,75,100,100,73.4375,67.1875,100,100,100,98.4375,96.875,71.875,90.625,100,100,100,100,71.875,100,20.3125,100,79.6875,100,81.25,100,100,64.0625,57.8125,93.75,100,35.9375,100,82.8125,100,87.5,96.875,70.3125,100,100,100,68.75,68.75,100,100,100,81.25,81.25,100,100,100,100,51.5625,10.9375,100,34.375,70.3125,100,100,100,57.8125,100,100,85.9375,100,100,100,93.75,96.875,100,100,70.3125,100,95.3125,100,100,62.5,65.625,100,100,57.8125,42.1875,100,92.1875,100,67.1875,100,87.5,100,29.6875,100,25,100,70.3125,73.4375,100,21.875,84.375,100,90.625,100,100,100,100,100,100,100,59.375,89.0625,23.4375,100,92.1875,59.375,95.3125,100,67.1875,100,100,95.3125,100,84.375,100,42.1875,100,100,100,100,100,54.6875,100,100,81.25,48.4375,100,100,82.8125,100,65.625,100,96.875,96.875,100,100,100,100,82.8125,81.25,100,98.4375,76.5625,70.3125,67.1875,100,100,100,100,100,100,100,84.375,100,82.8125,100,98.4375,84.375,100,100,100,78.125,96.875,100,98.4375,92.1875,100,100,100,100,64.0625,100,100,76.5625,67.1875,100,100,71.875,81.25,100,81.25,100,100,40.625,100,85.9375,100,100,70.3125,100,100,40.625,100,100,82.8125,100,100,51.5625,84.375,100,100,48.4375,75,17.1875,100,100,100,92.1875,100,100,100,100,100,79.6875,100,64.0625,87.5,90.625,98.4375,100,90.625,100,87.5,100,100,73.4375,100,100,71.875,73.4375,100,93.75,92.1875,100,82.8125,65.625,100,82.8125,100,53.125,100,100,100,100,100,60.9375,20.3125,90.625,100,100,100,59.375,100,100,57.8125,65.625,100,93.75,100,89.0625,100,98.4375,51.5625,76.5625,95.3125,100,100,100,100,100,100,100,40.625,65.625,100,100,100,100,59.375,100,75,75,93.75,100,100,57.8125,100,92.1875,100,78.125,75,100,70.3125,100,85.9375,95.3125,87.5,73.4375,73.4375,100,95.3125,100,100,100,71.875,100,60.9375,51.5625,71.875,100,67.1875,92.1875,100,100,100,89.0625,50,100,93.75,37.5,100,100,100,100,100,100,43.75,100,100,100,65.625,76.5625,100,57.8125,48.4375,37.5,100,100,100,100,95.3125,81.25,100,85.9375,50,100,100,87.5,100,95.3125,100,100,100,31.25,100,59.375,48.4375,100,100,100,100,37.5,75,100,67.1875,100,89.0625,48.4375,100,25,100,100,100,100,60.9375,62.5,100,71.875,100,98.4375,100,100,100,82.8125,68.75,51.5625,89.0625,67.1875,100,100,81.25,84.375,92.1875,67.1875,62.5,50,100,90.625,64.0625,92.1875,100,81.25,57.8125,100,56.25,100,100,96.875,100,100,100,92.1875,100,73.4375,100,100,100,93.75,100,96.875,100,85.9375,59.375,100,100,62.5,100,98.4375,100,70.3125,100,100,62.5,60.9375,100,100,65.625,100,100,89.0625,100,100,82.8125,100,92.1875,67.1875,100,100,100,78.125,100,53.125,90.625,100,64.0625,29.6875,85.9375,32.8125,100,100,87.5,71.875,78.125,60.9375,43.75,100,100,76.5625,60.9375,78.125,21.875,79.6875,92.1875,93.75,100,90.625,100,53.125,100,68.75,56.25,100,100,87.5,90.625,100,100,82.8125,85.9375,67.1875,89.0625,92.1875,100,100,100,73.4375,39.0625,31.25,28.125,100,100,100,100,100,89.0625,73.4375,78.125,100,67.1875,100,100,100,100,39.0625,82.8125,68.75,42.1875,81.25,67.1875,90.625,100,100,90.625,84.375,100,100,60.9375,43.75,87.5,90.625,75,75,100,95.3125,65.625,100,100,54.6875,93.75,100,100,75,100,100,93.75,100,32.8125,100,92.1875,100,100,100,93.75,100,100,100,23.4375,62.5,100,100,100,82.8125,100,71.875,100,100,71.875,71.875,100,100,100,75,64.0625,78.125,95.3125,98.4375,81.25,100,100,82.8125,39.0625,93.75,100,93.75,78.125,76.5625,100,100,100,100,100,100,100,100,56.25,100,76.5625,35.9375,71.875,100,81.25,100,100,100,100,100,100,100,100,100,100,87.5,100,95.3125,100,100,100,100,93.75,100,100,98.4375,90.625,100,51.5625,100,92.1875,100,100,100,95.3125,75,100,100,37.5,95.3125,48.4375,100,100,100,100,42.1875,75,100,100,100,100,54.6875,100,79.6875,100,100,100,70.3125,100,100,100,29.6875,57.8125,93.75,100,100,78.125,100,100,100,87.5,100,95.3125,100,59.375,42.1875,75,85.9375,79.6875,100,71.875,73.4375,100,100,100,48.4375,89.0625,100,87.5,82.8125,78.125,62.5,100,100,81.25,100,100,46.875,100,100,100,100,100,26.5625,100,100,92.1875,100,20.3125,82.8125,100,89.0625,100,100,100,79.6875,53.125,100,100,100,90.625,100,100,100,100,100,100,100,100,100,100,98.4375,82.8125,57.8125,100,100,100,82.8125,75,100,100,100,89.0625,71.875,60.9375,67.1875,100,100,70.3125,100,100,84.375,68.75,100,68.75,100,37.5,100,100,100,64.0625,56.25,100,78.125,100,100,85.9375,100,18.75,84.375,73.4375,53.125,100,100,92.1875,100,100,100,100,100,71.875,56.25,100,25,46.875,100,95.3125,76.5625,100,75,87.5,100,100,100,95.3125,100,40.625,20.3125,100,100,100,100,95.3125,100,100,100,100,100,90.625,59.375,100,100,100,81.25,87.5,100,100,100,100,90.625,96.875,70.3125,51.5625,100,100,14.0625,57.8125,90.625,100,100,100,100,48.4375,43.75,100,100,100,70.3125,76.5625,100,59.375,100,100,26.5625,59.375,62.5,96.875,85.9375,100,100,100,60.9375,100,79.6875,87.5,96.875,100,100,100,87.5,96.875,100,100,100,100,100,50,100,34.375,84.375,100,100,93.75,100,100,89.0625,100,29.6875,76.5625,100,100,57.8125,75,100,100,100,100,7.8125,79.6875,42.1875,78.125,100,35.9375,100,68.75,78.125,100,100,29.6875,100,85.9375,100,71.875,100,100,23.4375,68.75,100,21.875,100,56.25,100,100,75,100,100,100,68.75,75,100,84.375,100,100,89.0625,29.6875,42.1875,100,67.1875,82.8125,76.5625,100,65.625,84.375,93.75,29.6875,100,71.875,100,62.5,100,100,68.75,82.8125,100,87.5,100,100,84.375,96.875,100,100,100,85.9375,65.625,100,54.6875,98.4375,92.1875,100,73.4375,90.625,100,57.8125,100,100,73.4375,79.6875,100,50,100,100,100,100,93.75,98.4375,43.75,98.4375,100,85.9375,100,100,100,100,100,82.8125,100,82.8125,100,95.3125,100,100,87.5,48.4375,100,100,100,40.625,100,57.8125,100,46.875,35.9375,100,71.875,67.1875,100,31.25,100,100,100,68.75,100,98.4375,56.25,100,92.1875,100,87.5,59.375,39.0625,96.875,73.4375,100,100,89.0625,62.5,75,54.6875,35.9375,100,100,73.4375,60.9375,89.0625,100,75,84.375,95.3125,100,42.1875,100,37.5,100,100,65.625,82.8125,100,100,100,90.625,45.3125,100,100,100,100,87.5,100,100,92.1875,100,100,98.4375,100,59.375,71.875,100,100,65.625,100,43.75,100,100,87.5,100,100,100,100,87.5,76.5625,100,92.1875,100,100,96.875,100,100,75,53.125,51.5625,93.75,100,100,100,100,100,100,51.5625,100,100,23.4375,100,92.1875,93.75,84.375,100,100,73.4375,76.5625,100,100,100,100,100,100,76.5625,84.375,100,100,100,82.8125,100,100,100,67.1875,100,100,84.375,100,100,32.8125,90.625,79.6875,81.25,100,73.4375,68.75,59.375,67.1875,100,96.875,100,100,100,39.0625,100,93.75,100,100,85.9375,100,96.875,54.6875,42.1875,98.4375,100,98.4375,21.875,56.25,100,4.6875,46.875,100,9.375,100,100,100,95.3125,87.5,78.125,100,100,85.9375,81.25,100,100,100,100,100,100,71.875,100,100,90.625,100,100,85.9375,100,100,100,90.625,100,100,100,81.25,100,100,78.125,100,100,100,100,89.0625,100,50,98.4375,100,57.8125,100,68.75,100,79.6875,71.875,71.875,71.875,100,100,100,100,100,75,85.9375,100,95.3125,67.1875,56.25,23.4375,60.9375,100,92.1875,100,64.0625,79.6875,100,87.5,60.9375,100,96.875,100,71.875,50,100,93.75,100,90.625,79.6875,89.0625,100,100,100,35.9375,64.0625,100,100,76.5625,100,100,59.375,100,100,65.625,56.25,100,82.8125,75,85.9375,79.6875,100,90.625,100,100,93.75,96.875,20.3125,59.375,73.4375,70.3125,39.0625,100,82.8125,100,100,54.6875,100,100,75,100,89.0625,75,87.5,64.0625,89.0625,100,17.1875,100,84.375,67.1875,100,84.375,75,62.5,100,43.75,54.6875,95.3125,100,96.875,100,100,92.1875,56.25,59.375,100,100,87.5,100,93.75,100,100,81.25,84.375,64.0625,84.375,98.4375,62.5,100,100,78.125,81.25,100,75,100,100,35.9375,100,100,100,100,100,100,90.625,56.25,100,100,42.1875,40.625,100,81.25,100,100,68.75,76.5625,100,95.3125,71.875,100,67.1875,68.75,76.5625,100,100,100,100,100,65.625,73.4375,100,100,100,57.8125,75,53.125,21.875,100,73.4375,50,46.875,78.125,65.625,76.5625,70.3125,26.5625,93.75,68.75,87.5,59.375,100,100,100,100,100,82.8125,100,100,100,100,100,93.75,95.3125,75,100,92.1875,100,100,81.25,73.4375,56.25,65.625,100,100,100,100,100,98.4375,64.0625,42.1875,85.9375,81.25,100,100,89.0625,81.25,100,100,100,100,87.5,100,84.375,100,89.0625,100,40.625,100,46.875,100,100,100,100,100,96.875,100,85.9375,100,100,92.1875,100,75,93.75,100,100,100,70.3125,54.6875,89.0625,98.4375,100,100,35.9375,78.125,100,100,100,100,100,100,100,43.75,26.5625,100,92.1875,89.0625,100,100,100,100,70.3125,89.0625,100,100,90.625,93.75,100,100,78.125,60.9375,23.4375,71.875,100,100,100,25,100,100,100,100,100,48.4375,93.75,68.75,71.875,65.625,100,26.5625,100,100,14.0625,56.25,100,100,50,100,71.875,89.0625,100,100,100,100,76.5625,75,100,87.5,100,42.1875,100,100,17.1875,54.6875,78.125,100,100,100,98.4375,100,100,84.375,62.5,100,59.375,84.375,100,100,78.125,100,100,98.4375,57.8125,98.4375,100,100,90.625,100,100,100,71.875,100,92.1875,60.9375,100,60.9375,64.0625,100,100,62.5,100,100,90.625,100,100,100,100,56.25,68.75,84.375,100,26.5625,78.125,75,100,71.875,100,100,90.625,95.3125,82.8125,100,76.5625,100,92.1875,100,60.9375,100,100,98.4375,46.875,100,100,45.3125,89.0625,100,100,92.1875,100,85.9375,100,85.9375,100,100,98.4375,100,100,100,67.1875,100,100,100,100,92.1875,100,28.125,100,100,48.4375,60.9375,100,100,100,100,79.6875,75,100,100,71.875,100,100,54.6875,100,53.125,100,100,100,100,98.4375,100,60.9375,100,78.125,100,46.875,100,84.375,50,62.5,100,93.75,81.25,62.5,84.375,84.375,57.8125,100,100,37.5,31.25,100,50,100,100,100,73.4375,93.75,71.875,100,17.1875,100,100,34.375,100,95.3125,92.1875,76.5625,96.875,98.4375,100,28.125,92.1875,64.0625,54.6875,100,100,92.1875,79.6875,100,100,100,64.0625,82.8125,95.3125,62.5,100,71.875,90.625,100,100,90.625,100,100,100,87.5,64.0625,98.4375,78.125,100,100,100,96.875,100,100,40.625,70.3125,51.5625,87.5,64.0625,51.5625,100,100,100,42.1875,96.875,79.6875,100,100,100,73.4375,79.6875,96.875,87.5,100,100,100,65.625,100,93.75,82.8125,46.875,100,57.8125,100,59.375,78.125,81.25,100,93.75,54.6875,100,100,100,100,75,100,100,100,50,100,92.1875,65.625,46.875,100,100,57.8125,93.75,75,100,100,87.5,95.3125,100,100,89.0625,100,32.8125,100,73.4375,100,100,100,78.125,100,100,98.4375,100,100,100,98.4375,100,96.875,100,100,100,100,85.9375,65.625,100,59.375,100,92.1875,100,70.3125,87.5,100,100,84.375,100,35.9375,64.0625,51.5625,79.6875,67.1875,100,100,100,100,89.0625,93.75,100,54.6875,56.25,100,100,70.3125,100,100,100,68.75,100,25,100,64.0625,92.1875,65.625,100,82.8125,68.75,90.625,78.125,98.4375,18.75,95.3125,67.1875,95.3125,28.125,34.375,100,100,50,100,25,100,100,59.375,65.625,67.1875,100,54.6875,90.625,76.5625,71.875,40.625,100,100,100,75,93.75,100,89.0625,100,100,81.25,85.9375,100,100,17.1875,100,32.8125,100,100,90.625,100,46.875,100,81.25,42.1875,100,53.125,48.4375,100,100,31.25,85.9375,100,100,73.4375,100,76.5625,90.625,48.4375,100,78.125,100,100,100,100,85.9375,28.125,100,98.4375,46.875,60.9375,100,100,81.25,100,100,21.875,100,78.125,100,100,100,85.9375,100,43.75,87.5,100,93.75,90.625,67.1875,85.9375,53.125,100,100,100,92.1875,100,92.1875,100,60.9375,100,100,100,100,100,100,43.75,100,95.3125,100,60.9375,100,98.4375,100,62.5,85.9375,100,26.5625,100,100,100,28.125,100,67.1875,1.5625,100,68.75,28.125,100,92.1875,100,100,100,100,100,100,100,82.8125,100,100,100,100,100,84.375,100,100,100,62.5,59.375,100,65.625,100,100,78.125,73.4375,100,45.3125,64.0625,100,100,53.125,100,100,100,100,100,73.4375,100,100,18.75,100,14.0625,53.125,34.375,100,95.3125,100,100,37.5,100,62.5,100,62.5,70.3125,25,53.125,100,100,73.4375,100,100,100,93.75,57.8125,100,65.625,60.9375,100,92.1875,100,65.625,57.8125,100,100,96.875,82.8125,100,100,31.25,70.3125,98.4375,54.6875,64.0625,100,100,65.625,82.8125,100,79.6875,37.5,64.0625,37.5,100,100,100,60.9375,100,59.375,39.0625,100,79.6875,100,100,100,43.75,78.125,100,54.6875,98.4375,100,71.875,100,62.5,84.375,78.125,82.8125,100,100,98.4375,70.3125,100,82.8125,100,100,92.1875,100
"6095",89.0625,100,37.5,100,100,89.0625,90.625,100,21.875,96.875,73.4375,100,100,100,100,76.5625,82.8125,84.375,100,100,96.875,100,100,100,31.25,100,100,71.875,84.375,100,56.25,100,100,93.75,100,87.5,84.375,100,93.75,95.3125,89.0625,64.0625,95.3125,100,100,100,100,100,68.75,84.375,75,100,100,71.875,81.25,100,20.3125,100,100,43.75,89.0625,56.25,98.4375,100,100,100,82.8125,100,79.6875,100,59.375,75,100,100,59.375,81.25,100,34.375,48.4375,100,64.0625,100,84.375,70.3125,100,100,100,42.1875,100,100,70.3125,84.375,100,46.875,67.1875,98.4375,100,60.9375,100,93.75,79.6875,100,100,92.1875,100,48.4375,100,54.6875,85.9375,100,73.4375,73.4375,100,92.1875,28.125,100,100,100,100,100,64.0625,100,100,98.4375,100,40.625,100,18.75,100,57.8125,100,100,100,100,89.0625,65.625,60.9375,79.6875,100,100,100,100,48.4375,59.375,100,93.75,100,100,60.9375,82.8125,54.6875,34.375,78.125,93.75,96.875,96.875,76.5625,100,100,100,100,100,84.375,100,89.0625,71.875,25,89.0625,65.625,100,81.25,70.3125,100,100,100,100,89.0625,100,100,100,100,84.375,100,82.8125,98.4375,62.5,31.25,100,100,87.5,100,100,87.5,100,100,100,82.8125,53.125,100,100,18.75,75,96.875,100,100,100,100,100,73.4375,100,34.375,100,100,100,76.5625,78.125,37.5,85.9375,100,45.3125,100,73.4375,35.9375,100,100,53.125,48.4375,100,62.5,100,81.25,89.0625,98.4375,100,100,100,90.625,60.9375,100,100,100,100,100,96.875,100,62.5,100,92.1875,100,53.125,100,76.5625,40.625,100,100,67.1875,100,67.1875,100,100,100,98.4375,35.9375,96.875,84.375,89.0625,100,100,100,100,59.375,62.5,100,100,96.875,81.25,46.875,100,70.3125,100,92.1875,100,18.75,100,100,100,29.6875,98.4375,100,90.625,85.9375,100,78.125,28.125,100,100,100,89.0625,65.625,75,34.375,100,95.3125,78.125,100,85.9375,76.5625,14.0625,90.625,100,100,46.875,31.25,100,78.125,95.3125,100,100,70.3125,40.625,89.0625,100,50,100,82.8125,65.625,95.3125,93.75,100,67.1875,85.9375,100,75,68.75,100,35.9375,81.25,90.625,100,100,100,84.375,39.0625,37.5,65.625,68.75,39.0625,100,100,75,100,50,100,51.5625,68.75,100,96.875,70.3125,45.3125,100,87.5,92.1875,100,100,81.25,100,21.875,95.3125,98.4375,100,100,100,92.1875,79.6875,76.5625,100,98.4375,100,93.75,100,75,100,70.3125,100,100,100,100,100,54.6875,93.75,100,73.4375,100,100,100,75,100,57.8125,100,39.0625,100,100,100,73.4375,100,15.625,59.375,100,70.3125,75,70.3125,81.25,100,92.1875,100,90.625,39.0625,56.25,100,76.5625,60.9375,100,100,100,100,26.5625,100,100,100,100,82.8125,100,89.0625,100,65.625,71.875,57.8125,100,100,100,100,93.75,100,85.9375,84.375,100,100,100,85.9375,93.75,95.3125,100,100,100,82.8125,68.75,100,62.5,87.5,100,76.5625,67.1875,93.75,100,48.4375,71.875,100,100,100,82.8125,75,35.9375,57.8125,100,100,14.0625,100,100,100,100,76.5625,100,79.6875,76.5625,82.8125,100,48.4375,100,46.875,75,100,75,81.25,100,64.0625,100,100,100,71.875,100,75,100,100,100,85.9375,57.8125,100,82.8125,100,100,64.0625,78.125,68.75,100,100,100,100,100,100,67.1875,100,79.6875,85.9375,64.0625,48.4375,95.3125,100,92.1875,45.3125,100,51.5625,100,90.625,100,85.9375,70.3125,100,81.25,67.1875,100,100,100,100,35.9375,48.4375,100,85.9375,93.75,100,68.75,98.4375,100,100,100,89.0625,48.4375,71.875,100,100,93.75,100,71.875,90.625,100,100,50,62.5,79.6875,100,100,78.125,100,85.9375,100,45.3125,73.4375,100,70.3125,100,100,100,100,100,100,100,100,100,93.75,100,65.625,100,67.1875,100,100,100,100,81.25,100,84.375,96.875,100,100,100,100,100,100,71.875,35.9375,100,64.0625,100,100,78.125,100,70.3125,100,100,90.625,100,100,100,100,90.625,84.375,100,60.9375,84.375,57.8125,100,87.5,78.125,100,84.375,62.5,100,100,100,96.875,100,100,100,100,28.125,96.875,71.875,81.25,70.3125,100,100,100,100,90.625,90.625,100,46.875,6.25,54.6875,50,29.6875,100,100,100,96.875,100,100,28.125,100,85.9375,54.6875,59.375,92.1875,76.5625,68.75,98.4375,76.5625,89.0625,90.625,21.875,81.25,73.4375,40.625,85.9375,95.3125,51.5625,79.6875,100,65.625,100,100,100,100,76.5625,100,43.75,68.75,28.125,100,71.875,65.625,62.5,46.875,100,50,100,81.25,100,100,100,100,62.5,100,75,87.5,75,100,100,75,100,100,100,68.75,100,100,100,90.625,100,79.6875,100,100,100,82.8125,70.3125,100,100,100,82.8125,100,100,100,93.75,100,100,70.3125,100,100,100,64.0625,100,100,35.9375,89.0625,100,89.0625,39.0625,73.4375,100,100,68.75,79.6875,100,100,100,64.0625,31.25,29.6875,78.125,100,100,100,48.4375,75,75,68.75,6.25,100,100,53.125,43.75,76.5625,48.4375,84.375,100,100,65.625,100,100,79.6875,100,100,100,100,100,76.5625,48.4375,95.3125,100,67.1875,100,100,100,85.9375,57.8125,96.875,100,100,67.1875,93.75,100,100,81.25,14.0625,87.5,100,87.5,64.0625,100,39.0625,89.0625,100,100,57.8125,100,85.9375,100,100,100,100,93.75,62.5,71.875,100,85.9375,81.25,100,100,32.8125,100,70.3125,82.8125,79.6875,43.75,100,56.25,100,53.125,100,100,92.1875,82.8125,67.1875,100,100,100,70.3125,100,76.5625,57.8125,18.75,100,100,82.8125,96.875,84.375,100,92.1875,100,100,100,100,100,70.3125,100,100,100,100,64.0625,59.375,100,68.75,100,67.1875,100,60.9375,59.375,100,9.375,100,100,54.6875,100,60.9375,95.3125,29.6875,75,100,96.875,98.4375,54.6875,100,100,73.4375,67.1875,100,100,100,96.875,46.875,73.4375,100,100,100,100,100,73.4375,100,20.3125,100,78.125,100,100,48.4375,100,75,57.8125,93.75,100,35.9375,100,82.8125,100,81.25,96.875,70.3125,100,100,100,68.75,100,100,100,81.25,82.8125,89.0625,100,100,100,100,54.6875,48.4375,100,34.375,100,100,100,100,65.625,100,100,100,100,100,100,93.75,100,100,100,81.25,100,100,100,100,70.3125,59.375,100,100,59.375,53.125,100,90.625,100,100,100,90.625,100,31.25,100,25,87.5,71.875,71.875,100,35.9375,87.5,100,100,100,100,100,100,100,100,98.4375,67.1875,89.0625,100,100,93.75,75,93.75,100,76.5625,100,100,96.875,100,84.375,100,82.8125,100,100,100,100,100,54.6875,100,100,84.375,43.75,100,100,84.375,100,78.125,100,96.875,100,100,100,100,100,81.25,96.875,100,84.375,76.5625,71.875,65.625,100,100,100,100,100,100,100,75,100,82.8125,100,100,100,100,100,100,70.3125,95.3125,100,100,96.875,100,100,87.5,100,67.1875,39.0625,100,82.8125,37.5,100,100,73.4375,100,100,81.25,93.75,100,42.1875,100,75,100,100,65.625,100,100,40.625,100,100,84.375,71.875,100,51.5625,84.375,100,100,56.25,84.375,20.3125,100,100,100,81.25,100,100,100,100,100,100,96.875,62.5,64.0625,90.625,100,100,81.25,100,71.875,100,100,82.8125,100,100,73.4375,68.75,100,93.75,78.125,100,79.6875,62.5,100,82.8125,100,53.125,62.5,100,100,100,100,42.1875,100,87.5,100,100,100,46.875,100,100,57.8125,65.625,100,93.75,100,87.5,100,100,56.25,79.6875,92.1875,89.0625,100,100,100,100,100,100,40.625,57.8125,100,100,100,100,100,100,85.9375,56.25,93.75,100,100,60.9375,100,96.875,100,81.25,75,100,100,100,81.25,98.4375,95.3125,71.875,76.5625,100,98.4375,100,100,100,42.1875,100,56.25,51.5625,34.375,100,65.625,87.5,100,100,100,87.5,43.75,100,100,35.9375,100,75,100,100,100,100,100,100,100,100,37.5,64.0625,100,56.25,25,50,100,100,95.3125,100,95.3125,81.25,100,62.5,48.4375,100,100,81.25,100,79.6875,100,100,100,29.6875,60.9375,59.375,54.6875,100,100,100,100,37.5,73.4375,100,100,100,89.0625,37.5,100,23.4375,100,100,100,100,67.1875,43.75,100,73.4375,100,85.9375,100,100,100,90.625,68.75,53.125,89.0625,68.75,100,100,78.125,68.75,75,67.1875,100,50,100,82.8125,64.0625,56.25,100,81.25,60.9375,100,42.1875,95.3125,100,93.75,100,100,100,100,100,75,100,100,96.875,85.9375,100,92.1875,100,85.9375,85.9375,78.125,100,68.75,100,89.0625,100,87.5,100,100,59.375,62.5,100,54.6875,70.3125,100,100,89.0625,100,100,100,100,93.75,59.375,100,100,100,70.3125,100,43.75,92.1875,100,64.0625,29.6875,85.9375,70.3125,100,100,96.875,78.125,76.5625,45.3125,42.1875,100,100,75,60.9375,60.9375,20.3125,81.25,82.8125,95.3125,100,90.625,100,54.6875,78.125,71.875,57.8125,100,100,92.1875,90.625,100,100,84.375,95.3125,56.25,95.3125,93.75,100,100,100,73.4375,39.0625,31.25,100,100,100,100,100,100,100,82.8125,79.6875,100,87.5,100,100,51.5625,100,76.5625,85.9375,64.0625,50,78.125,64.0625,90.625,100,100,100,81.25,100,100,65.625,42.1875,87.5,100,76.5625,73.4375,100,100,64.0625,100,100,70.3125,100,100,100,70.3125,100,82.8125,93.75,100,26.5625,100,100,100,100,100,92.1875,100,100,100,35.9375,23.4375,78.125,100,100,87.5,100,71.875,100,100,70.3125,73.4375,100,100,100,73.4375,82.8125,78.125,100,100,79.6875,100,100,100,43.75,100,100,89.0625,75,76.5625,100,100,46.875,100,67.1875,100,100,100,100,100,70.3125,34.375,70.3125,100,84.375,100,100,100,100,100,100,100,100,100,92.1875,95.3125,100,87.5,100,100,100,100,96.875,100,100,100,73.4375,100,56.25,100,93.75,100,100,100,85.9375,100,98.4375,100,37.5,59.375,50,100,100,100,100,45.3125,78.125,100,100,100,100,54.6875,100,78.125,100,100,100,78.125,100,100,100,100,71.875,100,100,100,76.5625,100,100,73.4375,92.1875,100,95.3125,100,75,56.25,82.8125,73.4375,81.25,53.125,82.8125,73.4375,100,100,100,100,89.0625,100,87.5,82.8125,81.25,64.0625,100,70.3125,85.9375,100,100,90.625,100,100,100,100,85.9375,28.125,100,100,84.375,100,21.875,82.8125,100,89.0625,100,100,100,100,100,96.875,100,100,87.5,82.8125,100,100,100,92.1875,100,100,100,100,100,100,100,59.375,100,32.8125,98.4375,81.25,100,100,84.375,100,90.625,71.875,98.4375,71.875,100,100,71.875,43.75,100,90.625,79.6875,100,70.3125,100,100,100,100,100,67.1875,54.6875,100,92.1875,100,100,89.0625,100,20.3125,78.125,76.5625,40.625,100,100,87.5,100,100,100,100,100,92.1875,56.25,100,25,50,100,95.3125,20.3125,100,71.875,87.5,100,100,100,95.3125,100,40.625,18.75,100,100,100,89.0625,100,100,100,100,100,100,87.5,59.375,96.875,100,100,87.5,92.1875,100,100,100,100,100,100,65.625,51.5625,100,100,17.1875,89.0625,92.1875,100,100,100,100,29.6875,40.625,100,100,100,73.4375,75,100,60.9375,100,100,26.5625,59.375,62.5,93.75,79.6875,100,100,100,79.6875,100,76.5625,92.1875,96.875,100,100,100,84.375,98.4375,100,100,100,100,100,48.4375,100,25,87.5,100,100,100,100,100,90.625,100,28.125,50,100,100,67.1875,90.625,100,100,100,100,9.375,87.5,56.25,76.5625,100,37.5,100,68.75,85.9375,100,100,25,100,87.5,100,75,100,95.3125,25,68.75,100,23.4375,100,51.5625,100,100,73.4375,100,100,100,68.75,89.0625,100,85.9375,100,100,89.0625,59.375,40.625,37.5,67.1875,82.8125,75,100,68.75,84.375,93.75,32.8125,100,76.5625,100,100,100,100,68.75,82.8125,100,85.9375,100,100,87.5,100,95.3125,100,100,87.5,65.625,100,54.6875,100,84.375,100,73.4375,100,100,43.75,100,100,90.625,70.3125,100,60.9375,100,100,100,100,95.3125,92.1875,35.9375,100,100,85.9375,100,100,93.75,78.125,100,82.8125,100,84.375,100,100,89.0625,100,59.375,50,100,100,100,42.1875,100,54.6875,100,40.625,35.9375,100,75,64.0625,100,31.25,95.3125,100,100,70.3125,96.875,98.4375,51.5625,100,98.4375,100,93.75,68.75,39.0625,100,75,100,100,89.0625,73.4375,53.125,54.6875,35.9375,100,100,70.3125,62.5,89.0625,100,75,79.6875,95.3125,100,42.1875,100,48.4375,100,100,64.0625,43.75,89.0625,100,96.875,89.0625,48.4375,100,100,100,100,84.375,100,100,31.25,100,100,100,100,57.8125,57.8125,100,100,84.375,100,43.75,100,87.5,82.8125,100,100,100,100,89.0625,75,100,90.625,100,100,100,100,100,78.125,56.25,65.625,90.625,100,100,100,100,100,100,34.375,90.625,100,45.3125,100,92.1875,90.625,68.75,100,32.8125,78.125,78.125,100,100,85.9375,100,93.75,100,76.5625,81.25,100,100,46.875,100,100,100,100,67.1875,100,87.5,81.25,100,100,39.0625,85.9375,79.6875,87.5,100,71.875,71.875,59.375,67.1875,100,100,100,100,98.4375,42.1875,100,92.1875,43.75,100,79.6875,100,96.875,54.6875,84.375,100,100,100,21.875,100,100,4.6875,46.875,100,56.25,100,100,100,100,89.0625,76.5625,100,100,90.625,81.25,100,100,12.5,100,100,87.5,71.875,100,100,96.875,100,100,84.375,100,100,100,93.75,100,100,95.3125,81.25,100,65.625,82.8125,100,100,93.75,100,90.625,100,57.8125,85.9375,100,59.375,100,67.1875,100,78.125,75,70.3125,65.625,100,100,100,100,96.875,78.125,85.9375,100,100,73.4375,54.6875,23.4375,90.625,100,90.625,100,59.375,90.625,100,87.5,62.5,92.1875,65.625,93.75,73.4375,21.875,100,93.75,100,100,78.125,92.1875,100,100,100,31.25,60.9375,100,100,43.75,100,100,59.375,100,100,65.625,59.375,100,82.8125,79.6875,75,73.4375,100,92.1875,100,100,89.0625,96.875,20.3125,60.9375,73.4375,70.3125,39.0625,100,82.8125,100,100,54.6875,100,100,68.75,100,87.5,75,87.5,65.625,92.1875,100,17.1875,100,93.75,25,81.25,93.75,78.125,100,100,45.3125,53.125,96.875,100,100,100,70.3125,95.3125,54.6875,64.0625,100,100,100,100,95.3125,76.5625,100,75,81.25,64.0625,81.25,98.4375,62.5,100,96.875,84.375,100,89.0625,100,93.75,90.625,35.9375,100,90.625,100,100,89.0625,100,28.125,53.125,100,100,57.8125,40.625,100,81.25,100,100,75,79.6875,100,79.6875,60.9375,100,67.1875,68.75,76.5625,100,100,100,100,100,59.375,73.4375,100,100,100,85.9375,67.1875,40.625,10.9375,100,71.875,46.875,10.9375,79.6875,62.5,78.125,100,23.4375,93.75,54.6875,85.9375,100,100,100,46.875,100,100,84.375,100,100,100,100,100,100,95.3125,84.375,100,93.75,100,100,78.125,93.75,70.3125,54.6875,95.3125,100,100,100,100,100,65.625,42.1875,90.625,100,100,100,92.1875,28.125,100,100,92.1875,64.0625,100,100,100,100,73.4375,100,40.625,100,48.4375,100,100,100,100,100,92.1875,93.75,87.5,100,100,92.1875,100,70.3125,95.3125,100,100,100,71.875,51.5625,62.5,98.4375,100,100,34.375,81.25,100,100,100,100,31.25,100,100,65.625,26.5625,100,82.8125,70.3125,100,100,100,100,70.3125,87.5,100,100,84.375,96.875,100,100,73.4375,68.75,21.875,79.6875,100,100,100,100,100,100,100,100,89.0625,54.6875,95.3125,54.6875,90.625,67.1875,100,25,100,68.75,35.9375,56.25,100,100,50,93.75,70.3125,89.0625,73.4375,100,100,100,85.9375,70.3125,100,90.625,100,42.1875,100,100,76.5625,71.875,79.6875,100,100,100,98.4375,100,100,82.8125,64.0625,100,7.8125,82.8125,100,100,76.5625,100,100,100,50,90.625,100,100,100,100,100,100,70.3125,100,79.6875,59.375,100,100,64.0625,100,100,60.9375,100,100,90.625,100,100,96.875,100,56.25,70.3125,85.9375,100,26.5625,76.5625,56.25,100,48.4375,81.25,100,90.625,93.75,100,100,76.5625,100,90.625,100,65.625,100,100,78.125,48.4375,96.875,100,50,87.5,100,100,82.8125,100,87.5,100,76.5625,100,89.0625,100,100,100,100,68.75,100,100,100,100,92.1875,100,26.5625,100,100,31.25,57.8125,100,100,100,100,100,70.3125,100,100,82.8125,100,100,40.625,100,57.8125,100,100,100,100,93.75,100,56.25,100,98.4375,100,46.875,35.9375,85.9375,98.4375,59.375,100,89.0625,85.9375,100,82.8125,93.75,64.0625,100,100,39.0625,31.25,100,53.125,100,100,100,73.4375,96.875,75,100,100,90.625,100,34.375,100,100,100,76.5625,96.875,93.75,100,25,100,64.0625,62.5,100,100,95.3125,85.9375,100,100,100,59.375,85.9375,100,39.0625,56.25,70.3125,92.1875,100,98.4375,89.0625,100,46.875,100,89.0625,71.875,100,79.6875,100,100,100,96.875,100,100,39.0625,100,62.5,87.5,17.1875,46.875,100,100,100,46.875,71.875,84.375,100,100,96.875,70.3125,79.6875,96.875,87.5,100,90.625,100,68.75,100,100,81.25,51.5625,100,59.375,93.75,48.4375,79.6875,81.25,100,79.6875,54.6875,100,100,100,100,73.4375,100,100,100,50,100,100,62.5,45.3125,100,100,59.375,92.1875,71.875,100,100,53.125,78.125,100,98.4375,100,100,34.375,100,75,90.625,100,100,62.5,100,100,93.75,100,100,100,95.3125,100,93.75,100,100,100,100,64.0625,65.625,100,59.375,100,92.1875,100,54.6875,87.5,100,100,85.9375,100,35.9375,50,46.875,84.375,67.1875,100,100,70.3125,100,90.625,95.3125,100,67.1875,56.25,35.9375,100,90.625,100,100,100,81.25,100,28.125,100,82.8125,100,70.3125,100,85.9375,62.5,62.5,68.75,84.375,18.75,95.3125,82.8125,84.375,28.125,39.0625,100,100,70.3125,100,25,82.8125,100,59.375,79.6875,100,75,93.75,95.3125,76.5625,73.4375,37.5,100,100,100,57.8125,100,100,90.625,100,100,81.25,85.9375,96.875,100,18.75,100,40.625,100,100,100,100,45.3125,100,79.6875,57.8125,100,57.8125,51.5625,87.5,100,29.6875,85.9375,100,100,59.375,100,78.125,92.1875,51.5625,100,67.1875,100,71.875,100,100,84.375,28.125,100,98.4375,48.4375,60.9375,100,100,60.9375,100,100,21.875,100,70.3125,100,100,100,82.8125,100,67.1875,71.875,100,95.3125,92.1875,54.6875,79.6875,53.125,100,100,100,100,100,90.625,100,70.3125,100,100,100,100,100,100,46.875,100,100,100,100,100,100,82.8125,60.9375,100,100,26.5625,93.75,100,100,100,100,67.1875,1.5625,100,32.8125,34.375,100,79.6875,100,100,100,100,100,100,100,85.9375,71.875,100,100,100,100,85.9375,100,78.125,100,62.5,57.8125,100,68.75,100,100,54.6875,73.4375,100,43.75,64.0625,100,100,53.125,100,100,100,100,100,90.625,100,100,100,100,17.1875,98.4375,28.125,100,90.625,100,48.4375,18.75,34.375,62.5,100,76.5625,62.5,25,54.6875,100,100,82.8125,100,92.1875,100,90.625,59.375,48.4375,65.625,65.625,100,90.625,53.125,53.125,60.9375,100,100,96.875,90.625,100,98.4375,29.6875,67.1875,96.875,43.75,64.0625,100,100,54.6875,81.25,100,79.6875,37.5,56.25,73.4375,100,100,100,76.5625,100,59.375,39.0625,100,73.4375,100,100,100,100,60.9375,100,54.6875,90.625,100,76.5625,100,56.25,100,100,82.8125,100,73.4375,100,56.25,100,85.9375,100,100,100,100
"6096",87.5,100,42.1875,100,100,85.9375,92.1875,100,23.4375,98.4375,60.9375,100,100,100,67.1875,76.5625,82.8125,84.375,100,100,96.875,100,100,100,37.5,100,100,100,89.0625,100,100,100,100,90.625,100,82.8125,84.375,100,100,90.625,87.5,64.0625,89.0625,100,100,100,100,100,68.75,85.9375,75,100,100,73.4375,78.125,100,15.625,100,100,45.3125,85.9375,54.6875,98.4375,20.3125,100,100,68.75,100,70.3125,100,59.375,68.75,100,100,59.375,81.25,100,53.125,50,100,48.4375,100,85.9375,70.3125,100,100,100,29.6875,100,100,56.25,82.8125,100,46.875,73.4375,84.375,100,60.9375,100,100,90.625,98.4375,100,92.1875,100,46.875,100,54.6875,82.8125,100,57.8125,79.6875,100,100,26.5625,90.625,100,100,100,100,68.75,100,100,96.875,100,26.5625,100,18.75,100,100,100,100,100,68.75,85.9375,65.625,59.375,78.125,100,100,100,100,42.1875,59.375,100,100,98.4375,100,57.8125,84.375,53.125,34.375,79.6875,92.1875,100,95.3125,75,100,100,100,100,100,100,100,89.0625,71.875,82.8125,90.625,64.0625,43.75,84.375,70.3125,100,100,100,100,84.375,100,100,100,100,82.8125,100,84.375,100,100,28.125,48.4375,100,98.4375,100,100,87.5,100,100,100,90.625,51.5625,100,100,18.75,100,96.875,100,100,100,100,100,81.25,100,39.0625,100,100,100,81.25,78.125,100,62.5,100,54.6875,78.125,82.8125,100,81.25,100,53.125,40.625,96.875,100,100,82.8125,78.125,67.1875,100,100,100,92.1875,60.9375,100,100,100,67.1875,100,100,100,59.375,100,89.0625,100,57.8125,100,76.5625,100,93.75,100,59.375,100,65.625,100,82.8125,100,96.875,35.9375,98.4375,45.3125,100,100,100,100,100,68.75,54.6875,100,100,100,64.0625,45.3125,100,68.75,100,100,100,48.4375,100,100,100,29.6875,98.4375,100,90.625,85.9375,100,92.1875,45.3125,100,12.5,100,95.3125,65.625,75,39.0625,100,68.75,73.4375,100,82.8125,78.125,14.0625,90.625,100,90.625,100,29.6875,100,62.5,95.3125,100,100,76.5625,37.5,89.0625,100,50,100,81.25,59.375,100,93.75,100,64.0625,100,100,75,93.75,93.75,35.9375,42.1875,87.5,100,100,100,79.6875,40.625,39.0625,64.0625,68.75,40.625,100,100,71.875,100,78.125,76.5625,45.3125,70.3125,100,100,75,51.5625,100,89.0625,92.1875,100,70.3125,85.9375,100,21.875,100,98.4375,100,100,100,95.3125,79.6875,78.125,100,90.625,100,89.0625,100,85.9375,100,100,100,100,28.125,96.875,100,62.5,92.1875,100,73.4375,100,100,100,76.5625,100,75,98.4375,32.8125,100,100,100,78.125,100,37.5,59.375,98.4375,70.3125,98.4375,70.3125,93.75,100,95.3125,100,100,39.0625,50,100,76.5625,17.1875,95.3125,100,100,100,48.4375,42.1875,100,96.875,100,82.8125,100,81.25,100,93.75,56.25,59.375,100,100,100,100,93.75,100,95.3125,100,100,100,100,81.25,93.75,95.3125,100,100,100,82.8125,50,100,75,100,100,76.5625,64.0625,98.4375,100,39.0625,73.4375,100,100,100,87.5,62.5,34.375,43.75,100,100,17.1875,100,100,100,100,90.625,100,78.125,64.0625,82.8125,100,48.4375,100,100,75,100,78.125,79.6875,100,65.625,100,100,100,73.4375,70.3125,82.8125,100,100,100,85.9375,65.625,90.625,84.375,100,100,79.6875,79.6875,68.75,100,100,100,100,100,100,96.875,100,89.0625,100,65.625,48.4375,96.875,100,98.4375,45.3125,100,51.5625,100,95.3125,100,84.375,70.3125,100,79.6875,84.375,67.1875,100,100,100,35.9375,46.875,100,82.8125,93.75,100,68.75,75,62.5,100,100,100,46.875,71.875,100,100,100,100,71.875,100,100,100,20.3125,71.875,89.0625,100,100,71.875,100,90.625,100,40.625,76.5625,100,71.875,100,100,100,100,100,100,100,96.875,14.0625,78.125,100,64.0625,100,71.875,100,100,100,51.5625,82.8125,85.9375,100,95.3125,59.375,100,100,100,100,100,57.8125,56.25,100,65.625,100,100,100,100,70.3125,100,100,100,100,100,100,100,100,87.5,70.3125,53.125,100,100,42.1875,100,79.6875,100,100,100,100,100,100,79.6875,100,96.875,100,100,28.125,96.875,73.4375,26.5625,76.5625,100,100,100,100,95.3125,92.1875,100,46.875,6.25,81.25,56.25,29.6875,100,100,100,100,100,100,31.25,100,85.9375,54.6875,59.375,50,76.5625,70.3125,98.4375,78.125,100,100,100,78.125,85.9375,40.625,92.1875,95.3125,54.6875,100,100,100,100,100,100,100,75,100,45.3125,68.75,100,100,67.1875,60.9375,62.5,46.875,100,48.4375,100,84.375,100,100,100,100,57.8125,100,78.125,89.0625,75,100,50,70.3125,100,100,100,70.3125,100,100,100,90.625,100,100,100,100,100,84.375,78.125,100,100,100,90.625,100,100,100,82.8125,100,100,70.3125,100,100,100,64.0625,100,100,35.9375,87.5,100,100,39.0625,75,100,100,65.625,100,100,100,100,65.625,39.0625,31.25,87.5,100,100,100,48.4375,39.0625,67.1875,68.75,6.25,100,100,28.125,43.75,100,48.4375,82.8125,100,100,79.6875,100,100,82.8125,100,46.875,84.375,76.5625,100,100,43.75,100,100,76.5625,100,100,100,100,56.25,100,90.625,100,48.4375,90.625,100,100,57.8125,53.125,93.75,100,87.5,67.1875,100,37.5,92.1875,100,100,54.6875,100,68.75,85.9375,100,100,100,93.75,62.5,73.4375,100,79.6875,95.3125,100,100,54.6875,100,70.3125,76.5625,78.125,43.75,100,57.8125,100,51.5625,100,100,93.75,79.6875,68.75,100,100,100,70.3125,100,76.5625,10.9375,57.8125,100,64.0625,84.375,85.9375,100,100,76.5625,100,100,100,100,100,100,96.875,100,100,100,65.625,53.125,100,70.3125,95.3125,67.1875,100,60.9375,42.1875,100,35.9375,100,95.3125,57.8125,100,67.1875,81.25,64.0625,76.5625,100,98.4375,96.875,57.8125,100,100,73.4375,67.1875,100,100,100,98.4375,75,73.4375,100,100,100,100,100,81.25,100,21.875,100,78.125,100,100,100,89.0625,54.6875,56.25,96.875,100,35.9375,100,92.1875,100,89.0625,100,70.3125,100,73.4375,100,70.3125,54.6875,90.625,100,100,82.8125,57.8125,100,90.625,100,100,54.6875,71.875,100,37.5,68.75,100,100,100,60.9375,100,100,100,100,100,100,93.75,100,100,100,79.6875,100,65.625,100,100,62.5,68.75,100,100,57.8125,43.75,100,93.75,100,40.625,71.875,87.5,100,29.6875,100,25,92.1875,71.875,75,100,57.8125,89.0625,100,100,100,98.4375,100,100,100,100,100,59.375,87.5,67.1875,100,93.75,84.375,93.75,100,46.875,98.4375,34.375,96.875,20.3125,84.375,100,73.4375,100,31.25,95.3125,100,100,60.9375,100,100,87.5,42.1875,100,100,84.375,100,75,100,14.0625,100,100,100,100,100,81.25,100,84.375,100,76.5625,73.4375,68.75,100,100,67.1875,100,100,100,100,89.0625,100,46.875,93.75,100,100,100,100,100,92.1875,82.8125,100,92.1875,100,100,100,100,100,64.0625,95.3125,100,76.5625,23.4375,100,100,76.5625,100,100,78.125,98.4375,100,48.4375,100,82.8125,100,100,79.6875,100,100,39.0625,96.875,100,81.25,73.4375,100,54.6875,81.25,100,100,100,70.3125,18.75,100,100,100,100,100,100,100,100,100,100,87.5,65.625,100,92.1875,100,100,89.0625,100,75,100,100,65.625,100,100,67.1875,100,100,93.75,90.625,100,82.8125,51.5625,100,82.8125,100,54.6875,76.5625,42.1875,17.1875,100,100,48.4375,100,79.6875,100,100,100,53.125,100,100,56.25,65.625,100,93.75,100,89.0625,100,90.625,54.6875,79.6875,96.875,100,100,100,100,100,100,100,42.1875,62.5,100,100,100,100,100,82.8125,78.125,67.1875,95.3125,75,100,57.8125,100,98.4375,100,81.25,75,100,100,100,85.9375,96.875,100,82.8125,76.5625,71.875,96.875,100,100,70.3125,46.875,100,51.5625,51.5625,46.875,100,43.75,93.75,100,100,73.4375,85.9375,51.5625,100,93.75,34.375,100,100,100,100,100,100,100,100,100,100,78.125,76.5625,98.4375,53.125,100,73.4375,100,100,100,67.1875,95.3125,79.6875,100,78.125,45.3125,100,100,82.8125,100,100,100,100,100,31.25,100,56.25,100,100,100,100,100,37.5,73.4375,100,100,100,89.0625,43.75,100,25,100,100,100,100,67.1875,68.75,100,70.3125,100,100,100,100,100,85.9375,82.8125,57.8125,89.0625,67.1875,100,100,76.5625,71.875,92.1875,67.1875,60.9375,51.5625,100,79.6875,64.0625,85.9375,100,76.5625,57.8125,100,42.1875,60.9375,100,95.3125,100,100,100,100,100,73.4375,100,100,96.875,100,100,90.625,100,87.5,82.8125,100,100,82.8125,100,100,100,70.3125,79.6875,100,67.1875,60.9375,100,43.75,87.5,100,100,89.0625,100,100,100,60.9375,90.625,78.125,100,100,100,70.3125,100,43.75,85.9375,100,65.625,28.125,90.625,79.6875,100,85.9375,90.625,73.4375,79.6875,42.1875,45.3125,100,100,76.5625,59.375,62.5,21.875,81.25,84.375,95.3125,100,90.625,100,56.25,89.0625,85.9375,48.4375,64.0625,100,95.3125,90.625,100,100,84.375,96.875,79.6875,85.9375,93.75,100,100,100,73.4375,37.5,75,100,100,100,100,75,100,100,81.25,70.3125,100,76.5625,100,100,100,100,92.1875,96.875,54.6875,50,78.125,60.9375,90.625,100,100,100,87.5,100,100,62.5,42.1875,90.625,100,71.875,76.5625,100,100,67.1875,35.9375,100,68.75,100,46.875,100,68.75,100,100,93.75,67.1875,25,100,93.75,100,100,100,95.3125,100,100,100,93.75,95.3125,71.875,100,100,85.9375,100,68.75,100,100,71.875,71.875,100,100,100,67.1875,90.625,76.5625,100,100,89.0625,100,100,93.75,37.5,90.625,100,100,76.5625,78.125,100,100,45.3125,100,100,100,100,100,100,100,75,35.9375,71.875,100,81.25,100,100,100,100,100,100,90.625,100,100,90.625,85.9375,100,100,100,100,100,100,100,100,100,100,57.8125,100,54.6875,100,93.75,100,100,100,95.3125,76.5625,100,96.875,39.0625,39.0625,56.25,100,100,100,100,48.4375,100,100,100,100,100,48.4375,100,85.9375,100,100,100,98.4375,100,100,100,100,54.6875,90.625,100,100,81.25,93.75,100,100,93.75,100,95.3125,100,64.0625,45.3125,78.125,98.4375,82.8125,54.6875,71.875,73.4375,100,100,100,100,89.0625,100,87.5,95.3125,62.5,64.0625,100,100,85.9375,92.1875,100,45.3125,85.9375,100,100,100,89.0625,26.5625,100,100,100,100,20.3125,82.8125,100,96.875,100,100,100,85.9375,100,98.4375,100,100,89.0625,92.1875,100,100,100,82.8125,79.6875,100,100,100,100,57.8125,100,59.375,100,100,100,73.4375,65.625,100,96.875,100,89.0625,71.875,57.8125,67.1875,100,100,73.4375,53.125,100,90.625,76.5625,98.4375,78.125,100,32.8125,100,100,100,65.625,54.6875,100,90.625,100,100,89.0625,100,18.75,82.8125,76.5625,42.1875,100,100,87.5,100,95.3125,100,100,100,90.625,60.9375,100,25,34.375,100,95.3125,60.9375,100,51.5625,87.5,100,98.4375,100,92.1875,100,40.625,20.3125,100,100,100,100,100,100,100,100,100,100,92.1875,57.8125,100,100,100,85.9375,90.625,100,100,100,100,92.1875,100,67.1875,60.9375,100,100,17.1875,84.375,100,100,100,100,100,15.625,43.75,100,100,100,65.625,73.4375,100,57.8125,100,100,26.5625,59.375,62.5,84.375,81.25,100,100,100,100,100,100,89.0625,100,100,100,100,92.1875,98.4375,100,100,100,100,100,48.4375,100,31.25,84.375,100,100,100,100,100,82.8125,100,29.6875,73.4375,100,100,64.0625,82.8125,100,100,100,100,10.9375,92.1875,79.6875,79.6875,100,40.625,42.1875,68.75,79.6875,100,100,100,100,87.5,20.3125,73.4375,60.9375,100,26.5625,68.75,100,18.75,100,73.4375,100,100,75,100,100,100,68.75,100,100,78.125,100,100,90.625,6.25,42.1875,42.1875,68.75,82.8125,75,100,64.0625,82.8125,93.75,10.9375,100,68.75,100,100,100,100,70.3125,82.8125,100,57.8125,100,100,87.5,100,100,100,100,82.8125,65.625,100,56.25,100,84.375,100,75,100,21.875,54.6875,100,100,43.75,81.25,100,62.5,100,100,100,100,93.75,96.875,35.9375,100,100,85.9375,100,100,100,96.875,100,81.25,100,82.8125,100,100,100,100,79.6875,51.5625,95.3125,100,100,50,100,67.1875,100,42.1875,35.9375,100,75,78.125,100,31.25,100,100,100,62.5,100,96.875,56.25,100,95.3125,100,53.125,59.375,37.5,100,68.75,100,100,90.625,78.125,65.625,56.25,37.5,100,100,71.875,60.9375,89.0625,100,75,85.9375,93.75,100,45.3125,100,39.0625,100,100,75,87.5,100,100,100,73.4375,43.75,100,100,100,100,100,100,100,100,100,100,100,100,60.9375,84.375,100,100,64.0625,100,45.3125,100,100,45.3125,100,100,100,100,85.9375,100,100,89.0625,100,100,100,100,100,79.6875,62.5,53.125,100,100,100,100,100,93.75,100,35.9375,100,100,95.3125,100,96.875,100,78.125,100,62.5,95.3125,85.9375,100,100,92.1875,100,87.5,100,76.5625,89.0625,100,100,100,87.5,78.125,100,100,67.1875,100,100,81.25,100,100,32.8125,89.0625,81.25,81.25,100,71.875,70.3125,59.375,67.1875,100,100,100,100,100,39.0625,100,92.1875,71.875,100,76.5625,100,93.75,54.6875,39.0625,100,100,98.4375,21.875,100,93.75,6.25,48.4375,100,9.375,100,100,100,70.3125,65.625,78.125,100,100,98.4375,81.25,100,100,70.3125,100,100,100,71.875,100,100,100,100,100,85.9375,100,100,100,98.4375,100,100,100,81.25,100,100,82.8125,100,100,100,100,93.75,100,56.25,100,100,59.375,100,62.5,100,82.8125,75,70.3125,68.75,100,100,100,100,100,73.4375,85.9375,100,100,71.875,60.9375,23.4375,92.1875,100,90.625,100,57.8125,79.6875,100,87.5,60.9375,100,100,100,71.875,100,100,89.0625,100,100,78.125,84.375,100,100,100,34.375,65.625,100,100,100,100,100,59.375,100,100,65.625,59.375,100,96.875,79.6875,87.5,87.5,100,92.1875,100,100,93.75,96.875,21.875,60.9375,79.6875,67.1875,39.0625,100,79.6875,100,100,57.8125,100,96.875,73.4375,100,90.625,75,89.0625,65.625,96.875,100,17.1875,100,92.1875,67.1875,100,90.625,73.4375,100,100,31.25,53.125,95.3125,100,82.8125,100,100,95.3125,57.8125,59.375,100,100,100,100,95.3125,100,100,95.3125,85.9375,64.0625,75,82.8125,62.5,100,100,98.4375,100,100,100,98.4375,100,35.9375,100,100,100,100,100,100,28.125,56.25,100,100,57.8125,40.625,100,81.25,100,100,70.3125,82.8125,100,67.1875,64.0625,100,67.1875,68.75,75,68.75,100,100,100,100,73.4375,73.4375,100,100,100,87.5,76.5625,50,10.9375,100,71.875,56.25,100,82.8125,67.1875,76.5625,65.625,23.4375,93.75,54.6875,85.9375,100,100,46.875,31.25,100,98.4375,85.9375,100,100,53.125,100,100,100,95.3125,76.5625,100,90.625,100,100,78.125,96.875,54.6875,15.625,100,100,78.125,100,100,100,60.9375,42.1875,81.25,100,100,100,79.6875,100,100,100,73.4375,62.5,100,100,98.4375,100,78.125,100,40.625,100,46.875,100,100,100,100,100,92.1875,100,78.125,100,100,92.1875,100,70.3125,90.625,100,100,100,73.4375,54.6875,70.3125,98.4375,100,100,34.375,85.9375,42.1875,100,100,100,57.8125,100,100,48.4375,32.8125,100,82.8125,81.25,100,100,100,100,70.3125,84.375,100,100,96.875,96.875,100,100,64.0625,73.4375,21.875,71.875,100,100,100,100,100,100,100,100,100,54.6875,93.75,92.1875,85.9375,67.1875,100,25,100,37.5,40.625,54.6875,100,93.75,50,100,73.4375,90.625,100,100,100,100,87.5,81.25,90.625,89.0625,100,42.1875,100,14.0625,79.6875,57.8125,82.8125,100,64.0625,100,98.4375,100,100,84.375,64.0625,100,7.8125,92.1875,100,100,75,100,100,100,56.25,100,100,100,96.875,100,76.5625,100,70.3125,100,85.9375,60.9375,100,100,64.0625,100,100,59.375,100,100,92.1875,100,100,100,100,57.8125,65.625,81.25,100,26.5625,76.5625,62.5,100,53.125,82.8125,100,90.625,92.1875,100,100,75,100,93.75,100,70.3125,100,100,100,46.875,100,100,56.25,90.625,26.5625,100,85.9375,100,96.875,100,71.875,100,100,100,100,100,100,53.125,37.5,100,100,100,92.1875,100,28.125,100,100,39.0625,57.8125,93.75,100,100,100,100,68.75,100,100,95.3125,100,100,76.5625,100,62.5,100,100,100,100,96.875,100,65.625,100,100,100,43.75,79.6875,89.0625,100,54.6875,100,76.5625,87.5,87.5,82.8125,100,100,100,100,39.0625,31.25,100,53.125,100,100,100,73.4375,100,100,100,100,100,100,34.375,100,100,100,89.0625,96.875,100,100,32.8125,68.75,64.0625,54.6875,100,100,85.9375,76.5625,100,100,57.8125,76.5625,87.5,100,46.875,100,75,92.1875,98.4375,100,92.1875,100,84.375,100,100,70.3125,100,78.125,100,100,100,96.875,100,100,37.5,17.1875,48.4375,89.0625,34.375,50,100,100,32.8125,45.3125,100,78.125,100,100,100,84.375,79.6875,96.875,87.5,100,100,100,65.625,100,100,82.8125,53.125,100,57.8125,100,53.125,79.6875,81.25,100,76.5625,54.6875,100,100,100,100,73.4375,100,100,100,48.4375,100,100,65.625,48.4375,100,100,57.8125,90.625,54.6875,100,100,92.1875,100,100,100,96.875,100,31.25,40.625,78.125,90.625,100,100,60.9375,100,56.25,51.5625,100,100,100,100,100,100,100,100,100,100,68.75,64.0625,100,59.375,100,84.375,100,65.625,87.5,100,100,93.75,100,35.9375,82.8125,51.5625,96.875,65.625,100,98.4375,53.125,96.875,59.375,96.875,100,59.375,56.25,37.5,100,100,100,100,100,100,82.8125,25,100,73.4375,73.4375,57.8125,100,85.9375,48.4375,57.8125,70.3125,87.5,18.75,96.875,84.375,57.8125,28.125,40.625,100,100,100,100,25,84.375,100,59.375,78.125,90.625,29.6875,54.6875,98.4375,79.6875,85.9375,50,100,90.625,100,62.5,100,100,90.625,100,100,81.25,87.5,100,100,18.75,100,53.125,100,100,85.9375,100,45.3125,100,93.75,45.3125,12.5,53.125,43.75,92.1875,100,29.6875,84.375,100,100,64.0625,100,79.6875,100,45.3125,100,64.0625,100,100,100,84.375,90.625,28.125,100,98.4375,48.4375,60.9375,100,100,76.5625,100,100,25,100,65.625,100,100,100,60.9375,100,64.0625,100,100,93.75,92.1875,46.875,75,53.125,100,100,100,100,100,87.5,100,65.625,100,100,100,100,100,100,45.3125,100,95.3125,100,100,100,100,100,62.5,78.125,100,26.5625,100,100,100,100,100,64.0625,1.5625,100,6.25,35.9375,100,78.125,100,100,100,100,100,100,100,82.8125,100,100,100,100,100,93.75,100,100,100,43.75,59.375,100,65.625,100,57.8125,100,73.4375,100,45.3125,64.0625,100,100,67.1875,100,100,100,100,100,93.75,100,100,100,100,100,67.1875,28.125,100,90.625,100,89.0625,76.5625,92.1875,62.5,100,68.75,73.4375,89.0625,42.1875,100,100,73.4375,100,96.875,100,98.4375,57.8125,75,65.625,65.625,100,93.75,100,56.25,54.6875,100,100,96.875,78.125,100,100,31.25,71.875,90.625,100,64.0625,100,100,59.375,85.9375,100,79.6875,37.5,62.5,100,100,100,100,100,100,59.375,39.0625,100,65.625,100,100,100,92.1875,62.5,100,54.6875,89.0625,100,65.625,21.875,59.375,100,71.875,78.125,100,100,45.3125,65.625,100,100,100,100,100,100
"6097",90.625,100,39.0625,100,100,87.5,95.3125,100,21.875,98.4375,56.25,100,100,100,100,73.4375,92.1875,87.5,100,100,96.875,100,100,100,31.25,100,100,92.1875,85.9375,100,84.375,100,100,100,100,96.875,82.8125,100,100,96.875,62.5,64.0625,79.6875,100,100,100,100,100,67.1875,100,75,100,100,73.4375,76.5625,100,14.0625,100,100,42.1875,85.9375,50,98.4375,100,100,100,68.75,100,79.6875,100,57.8125,75,100,98.4375,62.5,75,100,40.625,51.5625,100,71.875,100,82.8125,70.3125,100,100,100,42.1875,100,100,56.25,84.375,100,46.875,85.9375,87.5,100,64.0625,100,100,89.0625,100,100,92.1875,100,45.3125,100,57.8125,84.375,100,73.4375,71.875,100,100,34.375,100,100,100,100,100,67.1875,100,100,85.9375,100,28.125,100,18.75,100,100,100,100,100,100,100,64.0625,60.9375,76.5625,100,100,100,100,43.75,76.5625,100,100,93.75,100,60.9375,82.8125,57.8125,35.9375,78.125,92.1875,95.3125,93.75,76.5625,100,100,100,100,100,87.5,100,89.0625,70.3125,28.125,89.0625,64.0625,100,82.8125,75,96.875,100,100,98.4375,89.0625,100,100,89.0625,93.75,87.5,100,81.25,95.3125,100,34.375,100,100,85.9375,100,100,87.5,100,100,100,84.375,46.875,100,100,21.875,100,100,100,100,100,100,100,82.8125,100,39.0625,100,100,100,73.4375,78.125,100,48.4375,100,42.1875,56.25,70.3125,82.8125,96.875,100,53.125,100,100,62.5,100,82.8125,78.125,57.8125,100,100,100,90.625,60.9375,89.0625,100,100,100,100,100,100,51.5625,100,87.5,100,70.3125,100,76.5625,100,100,82.8125,56.25,100,62.5,100,100,100,98.4375,34.375,100,68.75,90.625,100,100,100,100,68.75,64.0625,100,95.3125,100,65.625,46.875,100,68.75,100,100,100,81.25,100,100,100,29.6875,98.4375,100,95.3125,79.6875,100,40.625,54.6875,100,100,100,85.9375,64.0625,75,35.9375,100,65.625,78.125,100,84.375,81.25,39.0625,90.625,100,76.5625,67.1875,29.6875,100,75,93.75,100,100,75,39.0625,89.0625,76.5625,50,100,75,59.375,93.75,93.75,100,62.5,85.9375,100,76.5625,93.75,100,35.9375,100,87.5,100,100,100,81.25,40.625,39.0625,68.75,68.75,39.0625,100,70.3125,73.4375,68.75,73.4375,100,48.4375,70.3125,100,100,70.3125,51.5625,93.75,85.9375,92.1875,100,100,85.9375,68.75,17.1875,98.4375,98.4375,100,100,100,93.75,81.25,100,100,82.8125,100,100,100,85.9375,92.1875,28.125,100,100,32.8125,100,100,60.9375,93.75,100,78.125,100,100,100,75,100,68.75,100,46.875,100,98.4375,100,78.125,100,18.75,59.375,100,76.5625,98.4375,70.3125,98.4375,100,78.125,100,93.75,39.0625,51.5625,100,76.5625,32.8125,89.0625,100,100,100,45.3125,39.0625,100,98.4375,100,82.8125,100,89.0625,100,92.1875,67.1875,64.0625,100,100,100,100,93.75,98.4375,100,84.375,100,100,100,92.1875,93.75,96.875,100,100,100,84.375,53.125,100,100,100,100,75,73.4375,100,100,100,68.75,100,100,100,100,73.4375,35.9375,64.0625,100,100,14.0625,100,100,100,73.4375,76.5625,100,70.3125,64.0625,82.8125,100,51.5625,100,100,75,100,79.6875,78.125,100,64.0625,100,100,100,71.875,71.875,70.3125,100,100,100,85.9375,71.875,81.25,82.8125,100,100,79.6875,78.125,68.75,100,100,100,100,100,100,100,100,82.8125,81.25,64.0625,46.875,92.1875,100,93.75,45.3125,100,51.5625,100,90.625,100,84.375,71.875,100,81.25,78.125,100,100,100,100,35.9375,50,100,85.9375,93.75,100,70.3125,100,100,100,100,75,43.75,100,100,100,96.875,100,71.875,65.625,100,100,78.125,100,95.3125,100,100,78.125,100,92.1875,100,42.1875,96.875,100,68.75,100,100,100,100,100,100,100,100,100,79.6875,100,71.875,100,53.125,100,56.25,100,78.125,82.8125,100,98.4375,100,100,40.625,100,100,100,100,56.25,59.375,100,65.625,100,100,76.5625,100,73.4375,100,100,100,100,100,100,100,100,87.5,100,68.75,98.4375,82.8125,57.8125,71.875,78.125,73.4375,100,100,100,100,100,100,100,98.4375,100,100,26.5625,96.875,71.875,82.8125,76.5625,81.25,100,100,100,92.1875,90.625,100,46.875,6.25,82.8125,59.375,29.6875,100,100,100,100,100,100,31.25,100,90.625,54.6875,59.375,42.1875,76.5625,73.4375,98.4375,76.5625,89.0625,93.75,46.875,79.6875,92.1875,40.625,82.8125,95.3125,45.3125,81.25,100,100,100,100,100,100,75,100,45.3125,68.75,100,100,70.3125,60.9375,67.1875,46.875,100,48.4375,100,84.375,100,100,100,100,65.625,100,96.875,89.0625,60.9375,100,100,71.875,100,100,100,67.1875,10.9375,100,100,90.625,100,100,100,100,100,84.375,73.4375,100,100,100,85.9375,100,100,100,71.875,100,100,70.3125,100,96.875,100,64.0625,100,100,35.9375,87.5,100,85.9375,40.625,71.875,100,100,65.625,95.3125,100,93.75,100,75,34.375,37.5,92.1875,100,100,100,48.4375,71.875,71.875,70.3125,23.4375,100,100,100,43.75,53.125,28.125,84.375,100,100,76.5625,100,100,87.5,100,81.25,98.4375,96.875,100,60.9375,43.75,100,100,67.1875,100,100,100,100,53.125,100,100,100,100,93.75,100,100,75,39.0625,92.1875,100,89.0625,62.5,100,39.0625,92.1875,100,100,57.8125,100,59.375,100,100,100,100,95.3125,62.5,95.3125,100,75,79.6875,87.5,100,46.875,100,70.3125,92.1875,78.125,45.3125,100,100,100,51.5625,100,100,100,82.8125,67.1875,50,100,100,67.1875,57.8125,76.5625,34.375,67.1875,100,100,81.25,100,93.75,100,90.625,100,95.3125,100,100,100,100,100,100,100,100,65.625,59.375,100,70.3125,98.4375,67.1875,100,60.9375,70.3125,100,35.9375,100,100,59.375,100,68.75,85.9375,35.9375,76.5625,82.8125,98.4375,98.4375,64.0625,100,75,73.4375,67.1875,100,100,100,98.4375,92.1875,71.875,100,100,100,100,100,76.5625,100,21.875,100,78.125,93.75,100,100,100,100,56.25,100,100,35.9375,100,84.375,100,89.0625,53.125,70.3125,50,100,100,70.3125,67.1875,85.9375,65.625,100,84.375,46.875,100,82.8125,100,68.75,25,54.6875,100,34.375,84.375,100,100,100,56.25,100,100,100,100,100,65.625,93.75,100,100,100,56.25,100,92.1875,100,100,70.3125,67.1875,100,100,59.375,23.4375,100,95.3125,100,100,100,100,56.25,29.6875,100,25,100,82.8125,75,100,100,76.5625,100,100,100,100,100,100,100,100,100,59.375,87.5,51.5625,100,93.75,67.1875,93.75,100,62.5,100,57.8125,95.3125,100,84.375,100,79.6875,100,100,100,100,100,48.4375,100,100,82.8125,40.625,100,100,79.6875,100,75,40.625,20.3125,100,100,100,100,96.875,81.25,96.875,100,60.9375,76.5625,82.8125,70.3125,100,100,48.4375,100,100,100,100,92.1875,100,50,100,100,98.4375,100,100,100,79.6875,87.5,98.4375,59.375,90.625,100,100,100,100,67.1875,17.1875,100,78.125,35.9375,100,100,78.125,68.75,100,89.0625,79.6875,29.6875,43.75,100,73.4375,100,100,81.25,100,100,40.625,89.0625,100,95.3125,100,87.5,68.75,76.5625,100,100,40.625,87.5,17.1875,100,100,100,54.6875,100,100,100,100,100,100,92.1875,62.5,56.25,90.625,100,100,90.625,100,79.6875,100,100,89.0625,100,100,68.75,81.25,100,93.75,82.8125,100,82.8125,70.3125,100,82.8125,100,51.5625,100,89.0625,100,100,100,59.375,71.875,76.5625,100,100,100,59.375,100,100,73.4375,65.625,100,96.875,100,87.5,100,100,57.8125,79.6875,100,100,100,100,100,100,100,100,42.1875,64.0625,100,100,100,100,100,100,100,78.125,89.0625,100,100,59.375,100,96.875,100,42.1875,75,100,100,100,85.9375,100,79.6875,87.5,90.625,93.75,95.3125,100,100,87.5,59.375,100,48.4375,51.5625,26.5625,100,68.75,17.1875,100,100,95.3125,82.8125,50,100,100,32.8125,100,100,100,100,100,100,100,100,100,100,46.875,64.0625,100,54.6875,28.125,76.5625,100,100,100,64.0625,95.3125,79.6875,100,65.625,37.5,100,100,81.25,100,82.8125,100,100,100,32.8125,90.625,54.6875,100,100,100,15.625,100,37.5,75,100,100,100,90.625,48.4375,100,29.6875,100,100,100,100,60.9375,68.75,100,70.3125,100,85.9375,100,100,100,78.125,71.875,51.5625,89.0625,65.625,100,100,79.6875,84.375,92.1875,67.1875,62.5,51.5625,100,85.9375,64.0625,87.5,100,82.8125,59.375,100,37.5,12.5,100,92.1875,100,100,100,100,100,75,100,100,100,67.1875,100,93.75,100,85.9375,40.625,85.9375,100,67.1875,100,100,100,87.5,100,100,62.5,62.5,100,100,92.1875,100,67.1875,89.0625,100,100,100,100,89.0625,60.9375,100,100,100,87.5,100,43.75,92.1875,100,65.625,29.6875,85.9375,89.0625,100,92.1875,96.875,68.75,76.5625,68.75,45.3125,100,100,76.5625,60.9375,60.9375,21.875,81.25,90.625,96.875,100,90.625,100,56.25,87.5,68.75,95.3125,92.1875,100,100,90.625,100,100,85.9375,95.3125,67.1875,100,93.75,100,100,100,73.4375,39.0625,100,100,100,100,29.6875,100,100,79.6875,84.375,75,100,85.9375,100,100,100,100,76.5625,98.4375,64.0625,35.9375,78.125,57.8125,90.625,100,100,100,87.5,100,100,65.625,42.1875,90.625,100,71.875,73.4375,100,100,65.625,87.5,100,100,100,100,100,70.3125,100,100,100,100,37.5,100,92.1875,100,100,100,93.75,100,100,100,90.625,100,67.1875,100,100,84.375,100,82.8125,100,100,73.4375,73.4375,100,100,100,67.1875,87.5,76.5625,100,100,90.625,100,100,70.3125,48.4375,89.0625,100,90.625,76.5625,76.5625,100,100,76.5625,100,100,100,54.6875,100,100,100,76.5625,35.9375,76.5625,100,76.5625,100,100,100,100,100,100,100,100,75,89.0625,96.875,100,78.125,100,100,100,100,100,100,100,100,56.25,100,62.5,100,93.75,100,100,100,95.3125,100,100,100,37.5,50,46.875,100,100,100,100,54.6875,79.6875,59.375,100,100,100,57.8125,100,85.9375,100,100,100,68.75,100,100,100,100,42.1875,84.375,100,100,67.1875,15.625,100,100,92.1875,100,95.3125,100,78.125,70.3125,84.375,100,81.25,54.6875,81.25,73.4375,100,100,100,100,89.0625,100,85.9375,84.375,64.0625,73.4375,100,85.9375,85.9375,100,100,39.0625,100,100,100,100,92.1875,28.125,100,100,100,100,20.3125,82.8125,100,96.875,100,100,100,78.125,100,96.875,100,100,95.3125,78.125,100,100,100,76.5625,95.3125,100,100,100,100,98.4375,100,59.375,100,34.375,98.4375,79.6875,64.0625,100,96.875,100,100,71.875,48.4375,71.875,100,100,82.8125,100,98.4375,87.5,70.3125,100,84.375,100,18.75,100,100,100,73.4375,56.25,100,96.875,100,100,89.0625,100,28.125,79.6875,76.5625,42.1875,100,100,90.625,100,100,100,100,100,87.5,67.1875,100,23.4375,48.4375,100,95.3125,54.6875,100,37.5,87.5,100,100,100,95.3125,100,40.625,20.3125,100,100,100,79.6875,100,100,100,100,100,100,93.75,54.6875,100,100,100,79.6875,87.5,100,100,100,100,87.5,98.4375,68.75,51.5625,100,100,100,100,92.1875,98.4375,100,98.4375,100,29.6875,42.1875,100,100,100,67.1875,70.3125,45.3125,65.625,100,100,29.6875,57.8125,62.5,85.9375,81.25,100,100,100,100,100,79.6875,82.8125,100,100,100,100,84.375,100,100,100,100,100,100,46.875,100,32.8125,84.375,75,100,98.4375,100,100,78.125,100,28.125,53.125,100,100,62.5,98.4375,100,100,100,100,26.5625,79.6875,60.9375,78.125,100,35.9375,96.875,71.875,81.25,100,100,100,100,100,100,70.3125,100,89.0625,25,68.75,100,26.5625,100,56.25,100,100,75,100,100,100,67.1875,100,100,85.9375,100,100,89.0625,3.125,51.5625,35.9375,84.375,82.8125,76.5625,100,68.75,84.375,93.75,42.1875,100,71.875,100,100,100,100,70.3125,37.5,100,98.4375,100,100,89.0625,87.5,100,100,100,85.9375,65.625,100,60.9375,100,84.375,100,73.4375,90.625,100,60.9375,100,100,89.0625,79.6875,100,62.5,100,100,100,100,89.0625,93.75,26.5625,100,100,84.375,100,100,100,92.1875,100,82.8125,100,82.8125,100,100,15.625,100,79.6875,51.5625,93.75,45.3125,100,43.75,100,62.5,100,40.625,35.9375,100,68.75,75,100,31.25,100,100,100,64.0625,90.625,89.0625,51.5625,100,84.375,100,89.0625,65.625,37.5,39.0625,73.4375,100,100,90.625,90.625,75,54.6875,35.9375,51.5625,100,73.4375,62.5,89.0625,100,67.1875,84.375,93.75,100,43.75,100,42.1875,100,100,64.0625,32.8125,100,100,100,82.8125,42.1875,100,100,100,100,89.0625,100,100,100,100,100,100,100,57.8125,60.9375,100,100,73.4375,100,45.3125,100,100,28.125,100,96.875,100,100,85.9375,64.0625,93.75,89.0625,100,100,100,100,100,79.6875,59.375,54.6875,100,100,100,100,100,48.4375,100,37.5,100,93.75,96.875,100,92.1875,96.875,45.3125,100,100,78.125,100,100,100,100,100,87.5,100,76.5625,100,100,100,92.1875,95.3125,100,100,100,67.1875,100,100,75,100,96.875,75,57.8125,81.25,90.625,100,71.875,68.75,59.375,64.0625,100,100,100,100,81.25,34.375,100,87.5,100,100,89.0625,100,93.75,57.8125,75,100,100,93.75,21.875,100,71.875,6.25,48.4375,100,56.25,100,100,100,56.25,87.5,78.125,100,100,100,81.25,100,100,21.875,100,100,100,73.4375,100,100,100,100,100,40.625,100,100,100,92.1875,100,100,100,81.25,100,96.875,100,100,100,100,100,92.1875,100,53.125,100,100,54.6875,100,65.625,100,78.125,76.5625,70.3125,73.4375,100,100,100,100,98.4375,100,85.9375,100,100,29.6875,53.125,23.4375,87.5,100,92.1875,100,64.0625,87.5,100,87.5,60.9375,100,100,100,73.4375,56.25,100,92.1875,100,34.375,40.625,100,100,100,35.9375,34.375,65.625,100,100,98.4375,100,100,59.375,100,100,65.625,56.25,100,96.875,79.6875,87.5,78.125,100,92.1875,100,100,92.1875,96.875,21.875,62.5,81.25,68.75,39.0625,100,82.8125,100,100,54.6875,100,100,82.8125,100,85.9375,75,90.625,65.625,79.6875,100,100,100,81.25,68.75,100,85.9375,73.4375,100,100,43.75,57.8125,93.75,100,82.8125,100,92.1875,96.875,56.25,60.9375,100,100,100,100,95.3125,100,100,84.375,78.125,64.0625,64.0625,100,62.5,100,100,76.5625,100,100,90.625,93.75,100,34.375,100,37.5,100,100,100,84.375,29.6875,51.5625,100,100,34.375,40.625,100,81.25,100,100,75,82.8125,100,93.75,60.9375,43.75,67.1875,68.75,78.125,100,100,100,87.5,100,100,73.4375,100,100,100,87.5,79.6875,51.5625,14.0625,100,73.4375,62.5,100,78.125,64.0625,84.375,100,23.4375,93.75,54.6875,85.9375,75,100,100,84.375,100,100,84.375,100,100,95.3125,42.1875,100,100,95.3125,73.4375,100,79.6875,100,100,79.6875,64.0625,53.125,21.875,100,100,100,100,100,100,67.1875,42.1875,90.625,100,100,100,100,100,100,100,100,59.375,50,96.875,57.8125,100,78.125,100,40.625,100,82.8125,100,100,100,100,100,92.1875,100,84.375,100,100,92.1875,100,67.1875,84.375,100,100,100,100,53.125,100,98.4375,100,100,35.9375,84.375,100,100,100,100,100,100,100,53.125,28.125,100,85.9375,75,100,100,100,100,29.6875,87.5,100,100,100,98.4375,100,100,100,64.0625,21.875,75,100,100,100,100,100,100,100,100,89.0625,53.125,93.75,76.5625,81.25,65.625,100,26.5625,100,100,81.25,54.6875,100,100,50,98.4375,90.625,90.625,98.4375,100,100,100,87.5,82.8125,100,87.5,100,42.1875,100,100,81.25,70.3125,78.125,100,75,100,98.4375,100,100,84.375,34.375,100,7.8125,87.5,100,100,73.4375,100,100,95.3125,59.375,100,100,100,98.4375,100,100,45.3125,70.3125,100,100,62.5,100,100,65.625,100,100,60.9375,100,100,82.8125,100,100,96.875,100,56.25,67.1875,78.125,100,28.125,78.125,73.4375,100,67.1875,68.75,100,75,90.625,100,100,78.125,100,90.625,100,68.75,100,100,96.875,50,92.1875,45.3125,70.3125,87.5,100,100,82.8125,100,95.3125,100,100,100,100,100,100,100,100,57.8125,98.4375,100,15.625,100,92.1875,100,28.125,100,100,100,59.375,100,100,100,100,53.125,68.75,100,100,56.25,100,100,81.25,100,60.9375,100,100,100,100,92.1875,100,65.625,100,100,84.375,48.4375,100,90.625,93.75,57.8125,100,87.5,89.0625,100,82.8125,100,54.6875,100,100,35.9375,31.25,100,54.6875,100,100,100,73.4375,100,71.875,100,100,100,100,37.5,100,100,100,78.125,93.75,95.3125,100,31.25,100,64.0625,50,100,100,85.9375,96.875,100,100,100,64.0625,82.8125,98.4375,92.1875,100,79.6875,90.625,100,100,96.875,90.625,82.8125,100,90.625,68.75,100,79.6875,100,100,100,96.875,53.125,100,37.5,70.3125,71.875,87.5,17.1875,45.3125,100,100,100,48.4375,79.6875,81.25,100,93.75,100,68.75,79.6875,98.4375,89.0625,100,100,100,68.75,100,89.0625,100,53.125,100,57.8125,100,59.375,79.6875,81.25,100,89.0625,54.6875,100,100,100,100,75,100,100,100,50,100,100,65.625,42.1875,100,100,60.9375,93.75,67.1875,100,100,81.25,90.625,100,100,100,100,39.0625,100,73.4375,31.25,100,100,64.0625,100,15.625,64.0625,46.875,100,100,100,100,87.5,100,100,100,100,68.75,62.5,100,64.0625,100,92.1875,100,50,85.9375,100,100,92.1875,100,35.9375,100,51.5625,100,62.5,100,100,57.8125,95.3125,100,85.9375,100,46.875,57.8125,100,100,100,100,100,100,65.625,56.25,12.5,100,73.4375,93.75,60.9375,100,87.5,68.75,60.9375,68.75,90.625,18.75,96.875,82.8125,100,28.125,39.0625,100,100,100,100,29.6875,100,100,59.375,76.5625,100,68.75,100,100,75,85.9375,51.5625,100,100,100,60.9375,100,100,89.0625,100,93.75,79.6875,85.9375,100,100,18.75,100,50,100,100,85.9375,100,45.3125,100,81.25,67.1875,100,53.125,17.1875,89.0625,62.5,29.6875,85.9375,100,100,100,87.5,79.6875,98.4375,46.875,100,68.75,100,100,100,92.1875,53.125,28.125,100,98.4375,48.4375,62.5,100,100,100,100,100,25,100,75,100,100,100,82.8125,100,50,34.375,100,93.75,93.75,70.3125,75,53.125,100,100,100,100,100,92.1875,100,60.9375,100,100,100,100,100,100,46.875,100,95.3125,100,100,100,100,29.6875,60.9375,71.875,100,26.5625,100,100,100,100,100,64.0625,1.5625,82.8125,14.0625,29.6875,100,73.4375,100,100,100,100,100,100,14.0625,85.9375,100,100,25,100,100,100,100,100,100,15.625,59.375,100,59.375,100,100,100,73.4375,100,43.75,64.0625,100,100,54.6875,100,100,100,100,100,73.4375,100,100,76.5625,100,100,57.8125,29.6875,100,93.75,100,100,48.4375,100,62.5,100,90.625,62.5,100,43.75,100,100,76.5625,100,96.875,100,100,59.375,100,65.625,64.0625,100,75,100,48.4375,59.375,100,100,96.875,100,100,100,32.8125,81.25,100,45.3125,64.0625,100,100,62.5,79.6875,100,95.3125,35.9375,54.6875,100,100,100,100,25,100,59.375,39.0625,100,73.4375,100,100,100,53.125,87.5,100,54.6875,100,100,62.5,100,51.5625,100,87.5,76.5625,100,100,18.75,62.5,100,100,95.3125,100,100,100
"6098",87.5,100,100,100,100,85.9375,81.25,100,21.875,98.4375,57.8125,100,100,100,96.875,76.5625,89.0625,79.6875,100,100,96.875,100,100,100,12.5,100,100,76.5625,84.375,100,100,100,100,90.625,100,93.75,84.375,100,90.625,100,57.8125,64.0625,84.375,100,100,100,96.875,100,60.9375,100,75,100,100,85.9375,76.5625,100,14.0625,100,100,42.1875,90.625,56.25,98.4375,100,100,100,95.3125,100,67.1875,100,59.375,70.3125,62.5,100,59.375,67.1875,100,35.9375,50,100,67.1875,100,85.9375,70.3125,100,100,100,56.25,100,100,59.375,84.375,100,46.875,87.5,96.875,100,62.5,100,100,78.125,96.875,100,92.1875,100,43.75,100,46.875,85.9375,100,56.25,82.8125,100,100,31.25,100,100,100,100,100,100,100,100,92.1875,100,35.9375,100,18.75,100,95.3125,100,100,100,100,100,64.0625,75,78.125,100,100,100,100,45.3125,60.9375,100,100,96.875,100,57.8125,84.375,60.9375,35.9375,81.25,93.75,95.3125,92.1875,76.5625,100,100,100,100,100,84.375,100,89.0625,71.875,100,87.5,60.9375,100,95.3125,71.875,100,51.5625,100,100,85.9375,100,100,48.4375,100,84.375,100,100,98.4375,100,28.125,100,100,85.9375,100,100,87.5,100,100,100,100,48.4375,100,100,20.3125,100,96.875,100,100,100,100,100,81.25,100,32.8125,100,100,100,89.0625,78.125,59.375,46.875,100,48.4375,95.3125,78.125,100,71.875,100,53.125,48.4375,100,79.6875,100,42.1875,71.875,100,100,100,100,85.9375,60.9375,92.1875,100,100,100,100,98.4375,100,45.3125,100,87.5,100,51.5625,100,78.125,78.125,100,92.1875,56.25,100,70.3125,100,100,25,98.4375,34.375,100,81.25,98.4375,100,100,100,100,65.625,60.9375,100,81.25,87.5,65.625,42.1875,100,68.75,100,100,100,100,100,100,100,29.6875,100,100,95.3125,81.25,100,29.6875,56.25,100,21.875,96.875,82.8125,65.625,75,35.9375,100,68.75,100,100,85.9375,96.875,48.4375,89.0625,71.875,100,59.375,31.25,100,73.4375,95.3125,100,100,71.875,45.3125,85.9375,100,50,100,73.4375,62.5,100,90.625,100,65.625,90.625,100,76.5625,100,100,37.5,64.0625,87.5,100,100,100,81.25,40.625,39.0625,65.625,68.75,42.1875,100,100,70.3125,100,78.125,100,51.5625,70.3125,100,79.6875,76.5625,53.125,82.8125,89.0625,85.9375,100,100,82.8125,54.6875,21.875,100,98.4375,100,100,100,100,79.6875,100,100,90.625,100,95.3125,75,85.9375,75,100,100,100,100,100,100,60.9375,90.625,100,79.6875,100,100,100,73.4375,100,60.9375,90.625,37.5,100,98.4375,100,100,100,17.1875,57.8125,100,78.125,96.875,70.3125,96.875,92.1875,62.5,100,93.75,39.0625,54.6875,100,76.5625,57.8125,87.5,100,100,100,34.375,37.5,100,95.3125,100,82.8125,100,79.6875,100,79.6875,67.1875,59.375,100,100,100,100,93.75,100,84.375,100,100,100,100,100,93.75,93.75,100,100,100,87.5,54.6875,100,64.0625,100,100,76.5625,73.4375,82.8125,100,54.6875,67.1875,100,100,100,73.4375,76.5625,35.9375,73.4375,100,100,14.0625,100,100,100,75,79.6875,100,100,64.0625,82.8125,100,54.6875,100,100,71.875,100,73.4375,78.125,100,65.625,100,100,100,34.375,100,75,100,100,100,85.9375,56.25,100,82.8125,82.8125,100,68.75,76.5625,68.75,100,100,96.875,59.375,100,100,100,89.0625,100,100,64.0625,45.3125,95.3125,100,100,48.4375,100,51.5625,100,95.3125,100,84.375,71.875,100,81.25,84.375,100,100,100,100,35.9375,48.4375,100,85.9375,95.3125,100,70.3125,100,100,100,100,100,53.125,100,100,90.625,100,79.6875,71.875,100,100,100,67.1875,100,100,100,100,68.75,100,92.1875,100,37.5,78.125,100,75,100,100,100,98.4375,100,100,100,98.4375,100,70.3125,100,64.0625,100,62.5,100,100,100,42.1875,81.25,100,93.75,96.875,100,60.9375,100,100,100,100,57.8125,37.5,100,59.375,100,100,76.5625,100,57.8125,100,100,100,100,100,100,100,100,87.5,100,67.1875,15.625,100,100,82.8125,79.6875,100,100,100,100,100,100,85.9375,100,95.3125,100,100,28.125,96.875,75,79.6875,81.25,100,98.4375,100,100,92.1875,92.1875,100,46.875,6.25,89.0625,53.125,29.6875,100,100,100,92.1875,100,100,32.8125,100,84.375,53.125,59.375,64.0625,50,75,98.4375,76.5625,100,93.75,100,81.25,90.625,40.625,92.1875,95.3125,50,100,100,82.8125,100,100,60.9375,100,76.5625,100,43.75,68.75,100,100,67.1875,56.25,76.5625,46.875,100,46.875,100,87.5,100,100,100,100,76.5625,100,75,73.4375,59.375,100,100,75,37.5,100,100,65.625,100,100,100,89.0625,100,100,100,100,100,84.375,85.9375,100,51.5625,100,95.3125,100,100,100,87.5,100,100,70.3125,100,100,100,62.5,100,100,35.9375,89.0625,26.5625,76.5625,39.0625,76.5625,100,100,71.875,84.375,100,100,100,79.6875,32.8125,29.6875,92.1875,100,100,96.875,50,100,71.875,71.875,12.5,100,100,100,43.75,45.3125,48.4375,82.8125,100,98.4375,92.1875,100,100,84.375,100,100,87.5,100,100,57.8125,45.3125,100,100,81.25,100,100,100,100,56.25,100,100,100,90.625,92.1875,100,100,75,70.3125,89.0625,100,85.9375,70.3125,100,42.1875,92.1875,100,100,59.375,100,54.6875,100,100,100,100,95.3125,62.5,100,100,87.5,92.1875,92.1875,100,64.0625,100,70.3125,84.375,78.125,40.625,100,54.6875,100,50,100,100,79.6875,81.25,67.1875,98.4375,100,100,70.3125,26.5625,76.5625,26.5625,17.1875,100,100,82.8125,100,100,100,90.625,92.1875,100,100,100,100,100,96.875,100,100,100,65.625,54.6875,100,70.3125,98.4375,67.1875,100,60.9375,71.875,100,14.0625,100,98.4375,53.125,95.3125,57.8125,71.875,68.75,76.5625,82.8125,96.875,98.4375,59.375,100,100,73.4375,67.1875,100,100,100,96.875,92.1875,73.4375,100,100,100,100,100,65.625,100,20.3125,100,78.125,100,100,100,100,100,54.6875,100,100,35.9375,100,82.8125,100,82.8125,75,70.3125,57.8125,100,100,70.3125,84.375,95.3125,43.75,100,79.6875,78.125,100,70.3125,100,100,53.125,31.25,100,34.375,100,100,100,100,64.0625,100,100,100,100,100,100,93.75,95.3125,100,100,79.6875,100,79.6875,100,100,62.5,65.625,100,100,59.375,15.625,100,96.875,100,85.9375,100,98.4375,100,31.25,100,23.4375,100,73.4375,73.4375,100,100,84.375,100,100,100,100,100,100,100,81.25,100,64.0625,82.8125,89.0625,100,92.1875,67.1875,95.3125,100,59.375,100,100,100,50,84.375,100,81.25,100,100,100,100,100,75,100,100,85.9375,39.0625,100,100,75,100,73.4375,100,20.3125,100,100,100,100,100,82.8125,100,100,100,76.5625,71.875,62.5,100,100,40.625,100,100,100,100,100,100,50,100,100,89.0625,100,100,100,48.4375,98.4375,100,100,95.3125,100,100,96.875,100,68.75,93.75,100,84.375,45.3125,100,100,79.6875,67.1875,100,79.6875,98.4375,18.75,40.625,100,67.1875,100,100,89.0625,100,100,39.0625,98.4375,100,79.6875,100,100,46.875,76.5625,100,100,15.625,67.1875,17.1875,100,100,100,60.9375,100,100,100,100,93.75,100,100,62.5,96.875,90.625,100,100,89.0625,100,85.9375,100,100,100,100,100,70.3125,62.5,100,93.75,100,100,82.8125,62.5,100,73.4375,100,51.5625,96.875,60.9375,100,100,100,50,100,79.6875,100,100,100,46.875,100,100,57.8125,65.625,100,93.75,100,87.5,100,96.875,51.5625,76.5625,100,100,100,100,100,100,100,100,42.1875,64.0625,100,100,100,100,100,100,78.125,100,100,100,100,56.25,100,98.4375,100,73.4375,75,100,100,100,84.375,95.3125,93.75,76.5625,75,100,90.625,100,100,85.9375,71.875,100,48.4375,51.5625,100,100,95.3125,81.25,100,100,100,84.375,45.3125,100,100,31.25,100,100,100,100,100,100,100,100,100,100,54.6875,64.0625,100,57.8125,100,73.4375,100,100,100,65.625,95.3125,81.25,100,46.875,46.875,100,100,78.125,100,100,100,100,100,31.25,100,64.0625,100,100,100,100,100,37.5,70.3125,100,100,100,89.0625,46.875,100,85.9375,100,100,100,100,60.9375,68.75,100,73.4375,100,100,64.0625,100,100,87.5,100,53.125,89.0625,67.1875,100,100,76.5625,70.3125,90.625,67.1875,60.9375,50,100,89.0625,64.0625,71.875,100,73.4375,60.9375,100,42.1875,98.4375,100,92.1875,100,100,100,98.4375,85.9375,75,100,100,100,76.5625,100,100,100,87.5,82.8125,100,100,53.125,100,95.3125,100,67.1875,100,100,71.875,62.5,100,39.0625,100,100,93.75,89.0625,100,100,100,100,90.625,62.5,100,100,100,89.0625,100,45.3125,87.5,100,67.1875,29.6875,87.5,76.5625,100,100,92.1875,70.3125,46.875,62.5,42.1875,100,100,76.5625,59.375,60.9375,20.3125,78.125,92.1875,95.3125,100,90.625,100,54.6875,79.6875,64.0625,82.8125,100,100,100,73.4375,100,100,85.9375,100,89.0625,100,93.75,100,100,100,73.4375,37.5,100,100,100,75,100,78.125,100,75,78.125,62.5,100,65.625,100,100,100,100,76.5625,93.75,53.125,50,81.25,56.25,90.625,100,100,100,82.8125,100,100,70.3125,40.625,92.1875,100,73.4375,75,100,100,65.625,100,100,67.1875,100,100,100,79.6875,100,100,93.75,100,40.625,100,95.3125,100,100,100,93.75,100,100,100,4.6875,100,79.6875,100,100,90.625,81.25,71.875,100,100,78.125,71.875,100,93.75,100,71.875,92.1875,75,100,98.4375,81.25,100,100,93.75,54.6875,96.875,100,98.4375,79.6875,76.5625,100,100,100,100,100,100,100,100,100,100,64.0625,34.375,70.3125,100,84.375,100,100,100,100,100,100,98.4375,100,100,90.625,60.9375,100,90.625,100,100,100,100,100,100,100,100,32.8125,100,62.5,100,92.1875,100,100,100,84.375,75,98.4375,98.4375,37.5,71.875,46.875,100,100,100,100,57.8125,81.25,100,100,100,100,57.8125,100,82.8125,100,100,100,67.1875,100,100,98.4375,100,43.75,96.875,100,100,25,17.1875,100,100,90.625,100,95.3125,100,76.5625,51.5625,75,57.8125,35.9375,40.625,70.3125,73.4375,100,93.75,100,100,89.0625,95.3125,89.0625,79.6875,90.625,71.875,100,100,81.25,100,100,40.625,100,100,100,100,100,26.5625,100,100,96.875,100,20.3125,89.0625,100,92.1875,100,100,100,96.875,100,93.75,100,100,95.3125,85.9375,100,100,100,95.3125,100,85.9375,100,100,100,100,100,59.375,100,100,98.4375,79.6875,67.1875,100,78.125,100,96.875,71.875,57.8125,65.625,100,100,70.3125,100,100,90.625,71.875,100,84.375,100,78.125,100,100,100,73.4375,56.25,100,92.1875,100,100,89.0625,100,59.375,81.25,76.5625,53.125,100,100,85.9375,100,100,85.9375,100,100,96.875,57.8125,43.75,25,46.875,100,95.3125,31.25,100,32.8125,87.5,100,100,100,95.3125,100,39.0625,20.3125,100,100,100,100,98.4375,100,100,100,100,100,100,39.0625,100,100,100,82.8125,100,100,100,100,100,100,81.25,60.9375,59.375,100,100,21.875,100,92.1875,100,100,100,100,100,45.3125,100,100,100,100,75,62.5,62.5,100,100,26.5625,59.375,62.5,75,78.125,100,100,100,46.875,100,73.4375,87.5,100,100,100,100,93.75,100,100,100,100,100,100,46.875,100,7.8125,84.375,92.1875,100,95.3125,100,100,67.1875,100,28.125,48.4375,100,100,90.625,100,100,100,100,100,14.0625,82.8125,65.625,79.6875,100,34.375,98.4375,76.5625,82.8125,100,100,100,100,89.0625,100,75,84.375,92.1875,25,68.75,100,17.1875,100,57.8125,100,59.375,75,100,100,100,67.1875,100,89.0625,85.9375,100,100,90.625,6.25,42.1875,60.9375,85.9375,81.25,75,100,65.625,84.375,93.75,25,100,71.875,100,81.25,100,100,68.75,78.125,100,87.5,100,100,89.0625,90.625,100,100,100,79.6875,65.625,100,57.8125,100,87.5,100,73.4375,93.75,100,75,100,100,100,81.25,100,62.5,100,100,100,100,89.0625,96.875,23.4375,100,100,85.9375,100,100,100,75,100,81.25,100,82.8125,100,100,46.875,100,78.125,50,100,100,100,46.875,100,100,100,21.875,35.9375,100,68.75,78.125,100,31.25,100,100,100,100,87.5,53.125,60.9375,100,96.875,100,90.625,62.5,35.9375,46.875,70.3125,100,100,89.0625,100,100,54.6875,35.9375,100,100,68.75,62.5,89.0625,100,76.5625,84.375,93.75,100,67.1875,100,21.875,100,100,62.5,100,100,100,100,84.375,43.75,100,100,100,100,89.0625,100,100,95.3125,100,100,100,100,57.8125,67.1875,100,100,62.5,100,46.875,100,100,87.5,100,89.0625,100,100,90.625,78.125,98.4375,82.8125,100,100,100,100,100,79.6875,59.375,51.5625,92.1875,64.0625,100,100,100,73.4375,100,45.3125,100,100,92.1875,100,93.75,95.3125,31.25,100,100,85.9375,81.25,100,100,100,100,100,100,76.5625,81.25,100,100,95.3125,85.9375,87.5,100,100,67.1875,100,100,71.875,100,100,35.9375,90.625,81.25,81.25,100,62.5,71.875,59.375,68.75,100,96.875,20.3125,100,100,35.9375,100,92.1875,100,100,87.5,100,93.75,54.6875,57.8125,96.875,100,100,21.875,100,92.1875,4.6875,46.875,100,9.375,100,100,100,39.0625,90.625,76.5625,100,100,100,81.25,100,100,100,100,100,100,73.4375,100,100,98.4375,100,100,25,100,100,100,100,100,100,100,81.25,100,100,81.25,100,100,73.4375,100,90.625,100,60.9375,100,100,54.6875,100,67.1875,100,78.125,75,70.3125,73.4375,100,100,100,100,100,76.5625,85.9375,100,100,15.625,45.3125,23.4375,100,100,92.1875,100,75,96.875,100,87.5,65.625,100,93.75,100,75,71.875,100,100,100,100,78.125,98.4375,100,100,100,32.8125,60.9375,100,100,42.1875,100,100,59.375,100,100,65.625,59.375,100,96.875,76.5625,76.5625,76.5625,100,92.1875,100,100,93.75,96.875,21.875,56.25,75,68.75,39.0625,100,87.5,100,100,54.6875,100,100,73.4375,100,87.5,75,85.9375,64.0625,95.3125,100,17.1875,100,100,70.3125,100,78.125,78.125,100,100,46.875,56.25,92.1875,100,82.8125,100,100,95.3125,57.8125,85.9375,100,100,100,100,93.75,100,100,78.125,76.5625,64.0625,67.1875,100,62.5,100,100,85.9375,100,100,100,98.4375,100,32.8125,100,100,100,81.25,100,81.25,26.5625,48.4375,92.1875,100,17.1875,40.625,56.25,81.25,100,100,75,84.375,100,78.125,54.6875,100,67.1875,67.1875,78.125,65.625,100,100,100,100,100,95.3125,100,100,100,84.375,100,51.5625,10.9375,100,73.4375,64.0625,68.75,82.8125,98.4375,84.375,100,20.3125,93.75,54.6875,85.9375,32.8125,100,100,100,100,93.75,82.8125,100,100,100,100,100,100,95.3125,100,100,95.3125,100,100,79.6875,71.875,54.6875,28.125,100,100,100,100,100,98.4375,100,42.1875,92.1875,70.3125,100,100,96.875,100,100,100,71.875,59.375,100,100,53.125,100,76.5625,100,40.625,100,87.5,100,100,100,100,100,85.9375,93.75,89.0625,100,100,92.1875,100,71.875,100,100,100,100,100,54.6875,100,98.4375,100,100,34.375,85.9375,81.25,100,100,100,90.625,100,100,68.75,28.125,100,82.8125,100,100,100,90.625,100,70.3125,84.375,100,100,100,100,100,100,73.4375,64.0625,21.875,82.8125,100,100,100,100,100,100,100,100,95.3125,48.4375,93.75,64.0625,87.5,65.625,100,32.8125,100,100,34.375,54.6875,100,100,59.375,100,70.3125,96.875,100,100,100,100,79.6875,82.8125,100,87.5,100,42.1875,100,100,79.6875,60.9375,81.25,100,100,100,98.4375,100,100,82.8125,64.0625,100,7.8125,84.375,100,100,79.6875,100,100,95.3125,56.25,100,100,100,98.4375,100,100,100,68.75,89.0625,76.5625,59.375,100,100,64.0625,100,100,59.375,100,100,73.4375,100,92.1875,96.875,100,56.25,68.75,57.8125,100,26.5625,78.125,56.25,100,71.875,85.9375,100,85.9375,98.4375,100,100,75,100,90.625,100,71.875,100,100,100,46.875,100,100,70.3125,87.5,100,100,78.125,84.375,92.1875,100,20.3125,68.75,100,100,71.875,100,100,60.9375,100,100,100,100,92.1875,100,28.125,100,100,95.3125,57.8125,45.3125,100,100,100,100,67.1875,100,100,65.625,100,100,50,100,60.9375,100,100,100,100,95.3125,100,65.625,75,71.875,100,48.4375,100,87.5,75,59.375,100,79.6875,87.5,79.6875,89.0625,100,53.125,100,100,39.0625,31.25,100,64.0625,100,100,100,73.4375,87.5,62.5,100,100,100,100,37.5,100,100,85.9375,76.5625,64.0625,100,100,32.8125,100,64.0625,46.875,100,100,87.5,79.6875,100,100,96.875,62.5,82.8125,100,93.75,100,76.5625,92.1875,100,100,81.25,90.625,87.5,100,85.9375,71.875,95.3125,79.6875,100,100,100,96.875,100,100,39.0625,67.1875,76.5625,89.0625,26.5625,51.5625,100,100,100,43.75,42.1875,100,100,100,100,71.875,78.125,98.4375,89.0625,89.0625,100,100,67.1875,100,100,81.25,87.5,89.0625,57.8125,100,73.4375,79.6875,81.25,100,76.5625,54.6875,100,100,100,100,73.4375,100,100,100,48.4375,100,90.625,65.625,42.1875,100,100,57.8125,85.9375,70.3125,100,98.4375,70.3125,84.375,100,100,100,100,32.8125,100,75,40.625,100,100,59.375,100,100,100,93.75,100,100,89.0625,100,90.625,100,84.375,100,100,100,65.625,100,67.1875,100,90.625,100,68.75,95.3125,100,100,87.5,100,35.9375,56.25,54.6875,100,62.5,100,100,46.875,100,100,100,100,54.6875,56.25,35.9375,100,100,100,100,100,46.875,100,14.0625,100,71.875,79.6875,60.9375,100,81.25,68.75,71.875,68.75,98.4375,18.75,96.875,84.375,100,28.125,39.0625,100,100,100,100,25,98.4375,100,56.25,100,93.75,39.0625,51.5625,92.1875,79.6875,85.9375,32.8125,100,95.3125,100,64.0625,100,100,89.0625,100,100,100,84.375,100,100,17.1875,100,51.5625,100,100,75,100,45.3125,100,84.375,48.4375,100,56.25,20.3125,87.5,71.875,29.6875,81.25,100,100,43.75,100,79.6875,100,43.75,100,85.9375,100,96.875,100,81.25,67.1875,28.125,100,100,50,60.9375,100,100,100,100,100,21.875,100,75,100,100,100,85.9375,100,53.125,100,100,93.75,92.1875,59.375,75,53.125,51.5625,100,100,100,100,95.3125,100,93.75,100,100,100,100,100,100,46.875,100,93.75,100,100,100,98.4375,60.9375,65.625,79.6875,100,31.25,100,100,100,100,100,65.625,1.5625,100,40.625,48.4375,100,84.375,100,100,100,96.875,100,100,100,82.8125,51.5625,100,100,100,100,100,100,93.75,100,10.9375,59.375,100,67.1875,100,100,100,75,100,45.3125,64.0625,100,100,51.5625,100,100,100,100,100,73.4375,100,100,100,100,100,73.4375,29.6875,100,89.0625,100,100,100,100,62.5,100,89.0625,100,100,56.25,100,100,71.875,100,95.3125,100,90.625,59.375,100,64.0625,65.625,100,85.9375,81.25,64.0625,57.8125,100,100,96.875,100,100,100,31.25,68.75,100,100,64.0625,100,100,71.875,78.125,100,84.375,35.9375,62.5,90.625,100,100,100,76.5625,100,59.375,37.5,100,70.3125,100,100,100,100,67.1875,100,54.6875,92.1875,100,62.5,100,57.8125,81.25,76.5625,73.4375,100,100,100,81.25,100,100,100,100,100,100
"6099",90.625,100,46.875,100,100,84.375,81.25,100,21.875,98.4375,51.5625,100,100,100,100,67.1875,82.8125,82.8125,100,100,96.875,100,100,100,25,100,100,93.75,89.0625,100,89.0625,100,100,85.9375,100,95.3125,82.8125,100,100,90.625,71.875,64.0625,93.75,100,100,100,100,100,67.1875,100,75,100,100,71.875,79.6875,100,18.75,100,100,43.75,85.9375,59.375,98.4375,100,100,100,62.5,100,57.8125,100,57.8125,70.3125,100,100,64.0625,96.875,100,42.1875,51.5625,100,76.5625,100,85.9375,70.3125,100,100,100,57.8125,100,100,56.25,82.8125,100,46.875,81.25,98.4375,100,64.0625,100,100,75,100,100,90.625,100,42.1875,92.1875,53.125,85.9375,100,56.25,67.1875,100,100,29.6875,100,68.75,100,100,100,100,100,100,87.5,100,45.3125,100,18.75,100,100,100,100,70.3125,100,100,57.8125,60.9375,78.125,100,100,100,100,45.3125,54.6875,100,100,93.75,100,60.9375,82.8125,26.5625,37.5,79.6875,93.75,96.875,95.3125,75,100,100,100,100,100,78.125,100,87.5,70.3125,100,89.0625,59.375,34.375,82.8125,70.3125,85.9375,67.1875,100,89.0625,84.375,100,100,100,100,85.9375,100,100,100,98.4375,29.6875,98.4375,100,85.9375,100,100,87.5,100,100,100,81.25,48.4375,100,100,100,100,96.875,100,100,100,100,57.8125,95.3125,100,34.375,92.1875,100,100,85.9375,78.125,87.5,85.9375,100,45.3125,100,75,95.3125,100,81.25,53.125,92.1875,100,100,100,82.8125,78.125,14.0625,100,100,100,90.625,60.9375,81.25,100,100,100,100,85.9375,100,39.0625,100,48.4375,100,59.375,100,76.5625,81.25,92.1875,100,53.125,100,78.125,100,100,100,98.4375,34.375,93.75,92.1875,96.875,100,100,100,100,78.125,60.9375,100,43.75,95.3125,65.625,40.625,70.3125,64.0625,100,100,100,100,100,100,100,29.6875,100,100,62.5,81.25,100,28.125,56.25,100,100,100,89.0625,62.5,75,40.625,98.4375,76.5625,76.5625,100,87.5,85.9375,9.375,89.0625,100,100,59.375,32.8125,100,62.5,93.75,100,100,76.5625,54.6875,89.0625,100,50,96.875,81.25,62.5,100,95.3125,100,60.9375,85.9375,100,76.5625,100,100,39.0625,46.875,85.9375,100,100,100,81.25,39.0625,51.5625,75,68.75,40.625,100,100,68.75,100,78.125,100,56.25,71.875,100,96.875,75,42.1875,100,79.6875,90.625,100,100,84.375,40.625,21.875,100,98.4375,100,79.6875,100,93.75,79.6875,84.375,100,90.625,100,85.9375,100,75,90.625,84.375,100,100,56.25,100,100,60.9375,93.75,100,89.0625,100,60.9375,100,73.4375,100,53.125,100,35.9375,100,100,100,100,100,7.8125,59.375,100,68.75,93.75,100,87.5,100,50,100,87.5,39.0625,53.125,100,76.5625,64.0625,87.5,100,100,100,59.375,35.9375,100,100,100,82.8125,100,89.0625,26.5625,75,73.4375,62.5,100,100,100,100,67.1875,95.3125,90.625,100,100,100,100,100,93.75,95.3125,100,100,100,84.375,67.1875,100,79.6875,100,100,76.5625,70.3125,85.9375,100,29.6875,73.4375,100,100,100,100,78.125,65.625,81.25,100,60.9375,14.0625,100,100,100,28.125,81.25,100,100,64.0625,82.8125,100,50,100,100,68.75,100,78.125,79.6875,100,65.625,100,100,100,34.375,75,79.6875,100,100,100,85.9375,56.25,100,85.9375,87.5,100,59.375,78.125,68.75,100,100,56.25,100,100,100,100,79.6875,78.125,59.375,62.5,39.0625,92.1875,100,93.75,51.5625,100,51.5625,100,95.3125,100,84.375,68.75,100,81.25,84.375,100,93.75,100,100,34.375,48.4375,100,85.9375,100,100,70.3125,100,100,100,100,100,46.875,100,100,96.875,100,100,71.875,100,100,100,100,100,100,100,100,60.9375,100,90.625,100,35.9375,75,100,76.5625,100,100,62.5,100,89.0625,100,75,100,28.125,64.0625,100,67.1875,100,60.9375,100,100,100,68.75,87.5,100,93.75,98.4375,37.5,84.375,100,100,92.1875,100,68.75,35.9375,98.4375,100,100,100,76.5625,100,79.6875,12.5,100,100,100,100,100,100,100,87.5,79.6875,96.875,21.875,100,100,81.25,76.5625,100,100,100,100,100,59.375,100,100,93.75,100,100,29.6875,96.875,71.875,78.125,82.8125,98.4375,100,100,100,93.75,90.625,100,46.875,28.125,82.8125,57.8125,29.6875,100,100,100,100,45.3125,100,100,100,90.625,54.6875,59.375,35.9375,46.875,76.5625,98.4375,78.125,87.5,92.1875,100,78.125,89.0625,40.625,81.25,95.3125,51.5625,87.5,100,75,100,100,100,100,76.5625,100,43.75,68.75,100,100,65.625,57.8125,68.75,46.875,100,50,100,67.1875,100,100,100,100,82.8125,100,73.4375,75,57.8125,100,100,75,100,100,100,64.0625,100,48.4375,100,81.25,100,100,100,100,100,84.375,73.4375,100,100,100,100,100,100,100,67.1875,35.9375,100,70.3125,100,100,54.6875,100,100,100,35.9375,85.9375,96.875,70.3125,39.0625,75,100,100,65.625,79.6875,100,100,100,65.625,31.25,68.75,89.0625,100,100,90.625,48.4375,65.625,70.3125,79.6875,7.8125,100,100,100,43.75,85.9375,40.625,82.8125,100,90.625,81.25,100,100,84.375,100,100,89.0625,100,100,54.6875,43.75,100,100,67.1875,100,100,100,100,57.8125,95.3125,96.875,100,51.5625,90.625,100,100,79.6875,100,100,100,85.9375,57.8125,100,39.0625,92.1875,100,100,54.6875,100,59.375,100,100,100,100,96.875,62.5,100,100,87.5,95.3125,100,100,60.9375,100,70.3125,79.6875,79.6875,40.625,100,100,100,51.5625,100,100,85.9375,82.8125,67.1875,96.875,100,100,92.1875,100,76.5625,43.75,67.1875,100,100,82.8125,100,96.875,100,92.1875,100,62.5,100,100,100,89.0625,96.875,100,100,100,65.625,54.6875,100,68.75,93.75,67.1875,100,60.9375,71.875,100,21.875,100,100,56.25,100,57.8125,76.5625,85.9375,79.6875,71.875,96.875,100,57.8125,100,100,73.4375,67.1875,100,100,100,98.4375,100,73.4375,92.1875,100,100,100,100,64.0625,100,20.3125,100,78.125,100,100,56.25,100,79.6875,48.4375,92.1875,100,35.9375,100,85.9375,100,89.0625,100,70.3125,57.8125,92.1875,100,71.875,76.5625,78.125,100,100,81.25,67.1875,100,75,100,100,56.25,7.8125,92.1875,32.8125,71.875,100,100,100,62.5,100,100,100,100,100,100,93.75,100,100,100,95.3125,100,26.5625,100,100,59.375,65.625,100,100,59.375,28.125,100,93.75,100,100,100,85.9375,90.625,29.6875,100,25,100,100,73.4375,100,100,59.375,100,100,100,64.0625,100,100,100,100,100,59.375,87.5,4.6875,100,92.1875,64.0625,95.3125,100,54.6875,100,100,100,96.875,84.375,100,20.3125,100,100,100,92.1875,100,54.6875,100,100,84.375,37.5,100,100,81.25,100,73.4375,100,17.1875,98.4375,100,100,100,100,82.8125,100,100,100,76.5625,76.5625,65.625,100,100,75,100,100,100,100,100,100,54.6875,100,100,81.25,100,100,100,84.375,100,100,100,93.75,100,100,93.75,100,68.75,100,100,78.125,73.4375,100,95.3125,81.25,64.0625,100,82.8125,100,100,39.0625,100,76.5625,100,100,100,100,100,39.0625,89.0625,100,85.9375,100,78.125,48.4375,78.125,100,100,98.4375,75,18.75,100,100,100,50,100,100,100,100,87.5,100,89.0625,65.625,100,90.625,100,100,90.625,100,87.5,100,100,100,100,100,71.875,76.5625,100,95.3125,79.6875,100,82.8125,51.5625,100,82.8125,100,60.9375,100,71.875,100,100,100,45.3125,100,84.375,100,100,100,100,100,100,64.0625,65.625,100,93.75,100,87.5,100,100,51.5625,78.125,100,100,100,100,100,100,100,100,40.625,65.625,98.4375,100,67.1875,100,100,100,100,95.3125,100,100,100,54.6875,100,98.4375,100,78.125,75,100,100,100,84.375,93.75,100,82.8125,71.875,100,100,100,100,85.9375,60.9375,100,43.75,51.5625,32.8125,100,56.25,87.5,100,98.4375,100,84.375,51.5625,100,100,29.6875,100,100,100,100,100,100,100,100,100,100,84.375,78.125,100,59.375,100,73.4375,100,100,100,71.875,95.3125,81.25,100,90.625,51.5625,100,89.0625,76.5625,95.3125,78.125,100,100,100,35.9375,87.5,53.125,81.25,100,100,100,100,37.5,75,21.875,85.9375,100,89.0625,50,100,35.9375,100,100,100,100,65.625,68.75,100,73.4375,100,100,100,100,100,87.5,68.75,53.125,87.5,67.1875,100,100,79.6875,78.125,92.1875,67.1875,62.5,51.5625,100,87.5,62.5,87.5,100,82.8125,60.9375,100,40.625,92.1875,100,96.875,100,100,100,96.875,100,76.5625,100,100,100,85.9375,100,96.875,100,85.9375,95.3125,100,100,64.0625,100,85.9375,100,57.8125,100,100,59.375,62.5,100,100,100,100,100,89.0625,100,100,100,100,93.75,53.125,100,100,100,78.125,100,43.75,92.1875,100,65.625,31.25,84.375,82.8125,100,100,96.875,65.625,56.25,40.625,45.3125,100,100,75,59.375,62.5,21.875,75,89.0625,98.4375,100,90.625,100,50,92.1875,79.6875,100,85.9375,100,90.625,100,100,100,85.9375,84.375,73.4375,87.5,93.75,100,100,100,73.4375,37.5,100,100,93.75,100,100,78.125,100,95.3125,79.6875,62.5,100,70.3125,100,100,96.875,100,76.5625,100,51.5625,50,78.125,56.25,90.625,100,100,100,87.5,100,100,62.5,40.625,85.9375,90.625,73.4375,76.5625,100,100,46.875,100,100,67.1875,100,100,100,92.1875,100,100,93.75,100,42.1875,100,93.75,100,100,100,90.625,100,100,100,50,100,75,10.9375,100,84.375,85.9375,71.875,100,100,70.3125,71.875,100,93.75,100,75,90.625,73.4375,100,100,82.8125,100,100,98.4375,37.5,95.3125,100,89.0625,76.5625,76.5625,100,100,78.125,100,100,100,100,100,100,100,70.3125,34.375,70.3125,100,71.875,100,100,100,100,100,100,100,100,100,89.0625,95.3125,100,79.6875,100,100,100,100,92.1875,100,100,100,71.875,100,67.1875,100,93.75,100,100,100,92.1875,90.625,100,96.875,39.0625,98.4375,46.875,100,100,100,100,57.8125,82.8125,100,100,100,100,56.25,100,82.8125,100,100,100,89.0625,100,100,100,100,40.625,93.75,100,87.5,20.3125,98.4375,100,100,89.0625,100,95.3125,54.6875,81.25,46.875,79.6875,51.5625,82.8125,100,62.5,73.4375,100,96.875,100,100,87.5,100,85.9375,70.3125,73.4375,60.9375,100,100,85.9375,100,100,65.625,100,100,100,100,79.6875,26.5625,100,100,100,100,21.875,79.6875,100,90.625,100,100,100,81.25,100,100,100,100,95.3125,73.4375,100,68.75,100,100,100,87.5,100,100,100,87.5,100,57.8125,100,100,100,82.8125,100,100,90.625,100,93.75,71.875,64.0625,65.625,92.1875,51.5625,89.0625,100,100,81.25,73.4375,96.875,78.125,100,40.625,100,100,100,56.25,56.25,100,85.9375,100,100,87.5,100,18.75,32.8125,71.875,57.8125,100,100,87.5,100,100,100,100,100,87.5,59.375,78.125,23.4375,20.3125,100,95.3125,70.3125,100,28.125,87.5,100,100,100,93.75,100,37.5,20.3125,100,100,100,100,89.0625,100,100,100,100,100,90.625,100,100,100,100,84.375,95.3125,100,96.875,100,100,100,100,68.75,57.8125,100,100,18.75,65.625,95.3125,100,100,100,100,23.4375,48.4375,100,100,100,51.5625,76.5625,53.125,68.75,100,100,26.5625,59.375,62.5,70.3125,78.125,100,100,100,92.1875,100,70.3125,81.25,100,100,100,100,89.0625,100,100,100,100,100,100,46.875,100,32.8125,85.9375,100,100,100,100,100,79.6875,56.25,28.125,51.5625,100,100,65.625,100,100,100,100,100,39.0625,76.5625,62.5,81.25,100,35.9375,100,68.75,89.0625,100,100,100,100,85.9375,100,73.4375,96.875,98.4375,23.4375,70.3125,100,29.6875,100,53.125,93.75,100,73.4375,100,100,100,100,100,62.5,100,100,100,92.1875,3.125,64.0625,60.9375,73.4375,78.125,75,100,46.875,82.8125,93.75,29.6875,100,76.5625,100,95.3125,100,100,68.75,82.8125,100,100,100,100,84.375,100,98.4375,100,100,87.5,65.625,100,54.6875,100,98.4375,100,75,100,51.5625,67.1875,100,18.75,100,81.25,100,62.5,100,100,100,100,100,96.875,20.3125,100,100,84.375,100,100,100,100,100,82.8125,100,82.8125,100,18.75,85.9375,100,90.625,48.4375,96.875,100,100,46.875,100,100,100,39.0625,35.9375,100,62.5,78.125,100,34.375,100,100,100,50,90.625,90.625,51.5625,100,100,100,93.75,32.8125,35.9375,100,71.875,100,100,90.625,100,100,56.25,34.375,18.75,100,76.5625,60.9375,89.0625,100,76.5625,85.9375,95.3125,100,100,100,20.3125,100,100,62.5,29.6875,100,100,100,89.0625,40.625,100,100,100,95.3125,90.625,100,100,67.1875,100,100,100,100,57.8125,70.3125,100,100,62.5,100,50,100,100,82.8125,100,81.25,100,100,81.25,79.6875,35.9375,87.5,100,100,100,100,100,82.8125,56.25,53.125,98.4375,62.5,100,100,100,81.25,98.4375,39.0625,100,92.1875,96.875,100,90.625,93.75,73.4375,100,100,85.9375,100,100,100,100,100,89.0625,100,76.5625,82.8125,100,100,100,90.625,100,100,100,67.1875,100,100,82.8125,100,98.4375,35.9375,90.625,81.25,87.5,100,62.5,73.4375,59.375,87.5,100,100,100,100,100,35.9375,100,87.5,100,100,93.75,100,34.375,54.6875,90.625,100,100,12.5,21.875,93.75,95.3125,6.25,46.875,100,56.25,100,100,100,60.9375,92.1875,78.125,100,100,100,82.8125,100,100,100,100,100,100,73.4375,100,100,82.8125,100,100,100,100,100,1.5625,95.3125,100,100,100,81.25,100,98.4375,81.25,100,98.4375,100,100,90.625,100,57.8125,79.6875,100,60.9375,100,68.75,100,78.125,100,73.4375,75,100,100,100,100,100,81.25,84.375,100,100,100,53.125,23.4375,100,100,90.625,100,79.6875,81.25,100,87.5,60.9375,100,100,100,73.4375,50,100,98.4375,90.625,43.75,76.5625,89.0625,100,100,96.875,64.0625,81.25,100,100,98.4375,100,100,59.375,100,54.6875,65.625,59.375,100,95.3125,81.25,92.1875,79.6875,100,92.1875,100,100,90.625,96.875,20.3125,60.9375,73.4375,68.75,39.0625,100,87.5,100,100,54.6875,100,93.75,76.5625,100,90.625,75,87.5,65.625,81.25,100,18.75,100,84.375,65.625,100,84.375,79.6875,53.125,100,43.75,60.9375,93.75,100,92.1875,100,100,100,57.8125,100,100,100,100,100,95.3125,100,100,78.125,78.125,64.0625,76.5625,100,62.5,100,100,75,100,100,92.1875,98.4375,100,32.8125,100,100,100,100,100,96.875,26.5625,48.4375,82.8125,100,57.8125,40.625,96.875,81.25,100,100,75,75,100,92.1875,43.75,100,67.1875,68.75,78.125,100,100,100,93.75,100,59.375,93.75,100,100,100,87.5,93.75,51.5625,25,100,73.4375,64.0625,87.5,76.5625,57.8125,75,100,21.875,93.75,54.6875,85.9375,100,100,100,81.25,100,100,85.9375,100,100,100,100,100,100,95.3125,76.5625,100,87.5,84.375,100,81.25,70.3125,79.6875,78.125,100,100,100,100,100,95.3125,100,51.5625,92.1875,100,100,100,100,100,100,100,95.3125,64.0625,98.4375,100,54.6875,100,84.375,100,39.0625,100,45.3125,100,100,100,90.625,100,90.625,92.1875,100,100,100,92.1875,100,60.9375,98.4375,100,100,95.3125,67.1875,56.25,56.25,98.4375,100,100,32.8125,84.375,100,100,100,100,100,100,100,56.25,28.125,100,90.625,100,100,93.75,93.75,100,67.1875,79.6875,100,100,90.625,96.875,21.875,100,68.75,100,23.4375,87.5,100,100,100,100,100,100,98.4375,100,100,100,92.1875,73.4375,73.4375,65.625,100,25,100,100,100,54.6875,100,100,50,100,90.625,90.625,100,100,100,100,84.375,100,100,82.8125,100,42.1875,100,100,81.25,62.5,78.125,100,84.375,100,98.4375,100,100,84.375,48.4375,100,60.9375,82.8125,100,100,79.6875,100,100,96.875,57.8125,100,100,100,98.4375,100,100,100,71.875,78.125,75,60.9375,100,100,64.0625,100,100,62.5,100,100,73.4375,100,100,89.0625,100,56.25,67.1875,93.75,100,26.5625,59.375,60.9375,100,53.125,70.3125,100,90.625,100,100,100,75,29.6875,82.8125,100,67.1875,100,100,100,46.875,100,100,50,59.375,100,100,76.5625,100,100,100,100,100,100,95.3125,100,100,100,62.5,100,100,23.4375,100,92.1875,100,28.125,100,100,100,59.375,23.4375,84.375,100,100,100,68.75,100,100,54.6875,100,100,79.6875,100,65.625,100,100,100,90.625,93.75,100,65.625,100,42.1875,100,54.6875,100,87.5,81.25,60.9375,100,78.125,89.0625,78.125,96.875,100,56.25,100,100,37.5,31.25,100,53.125,100,100,71.875,75,96.875,73.4375,100,100,100,100,34.375,100,89.0625,98.4375,76.5625,95.3125,90.625,100,28.125,81.25,64.0625,57.8125,100,100,100,81.25,100,100,100,100,84.375,100,92.1875,100,82.8125,92.1875,96.875,100,75,93.75,68.75,100,100,71.875,84.375,79.6875,100,100,100,96.875,100,100,39.0625,68.75,90.625,89.0625,18.75,48.4375,100,100,100,46.875,64.0625,100,100,98.4375,92.1875,70.3125,79.6875,96.875,90.625,100,100,100,62.5,100,79.6875,79.6875,100,100,57.8125,100,51.5625,79.6875,81.25,100,71.875,54.6875,100,100,98.4375,100,75,100,100,100,50,100,100,65.625,37.5,100,100,57.8125,92.1875,76.5625,100,98.4375,82.8125,100,100,100,100,100,43.75,100,73.4375,64.0625,100,100,100,100,100,89.0625,100,100,100,100,100,96.875,100,32.8125,100,100,70.3125,65.625,100,67.1875,100,92.1875,100,65.625,90.625,100,100,87.5,81.25,40.625,26.5625,53.125,64.0625,65.625,100,100,60.9375,93.75,92.1875,85.9375,100,53.125,56.25,37.5,100,100,100,100,100,75,100,25,100,76.5625,81.25,64.0625,70.3125,87.5,100,100,70.3125,98.4375,20.3125,96.875,84.375,100,28.125,35.9375,100,100,90.625,100,25,100,100,59.375,100,100,100,100,84.375,76.5625,84.375,23.4375,100,100,100,81.25,100,100,89.0625,100,100,81.25,84.375,100,100,18.75,100,48.4375,100,100,68.75,100,43.75,100,79.6875,45.3125,100,48.4375,42.1875,87.5,59.375,29.6875,68.75,93.75,100,100,100,79.6875,93.75,43.75,100,100,100,87.5,100,100,54.6875,28.125,100,100,48.4375,68.75,100,100,100,100,100,39.0625,100,79.6875,100,100,100,85.9375,100,100,93.75,100,95.3125,92.1875,51.5625,71.875,53.125,15.625,100,100,90.625,100,89.0625,100,64.0625,100,51.5625,100,100,100,100,50,100,95.3125,100,100,100,100,15.625,65.625,81.25,100,28.125,100,100,100,53.125,100,65.625,1.5625,100,59.375,28.125,100,85.9375,100,37.5,100,100,100,100,100,84.375,100,100,43.75,100,100,95.3125,100,100,100,60.9375,57.8125,100,59.375,100,100,90.625,75,100,50,65.625,100,100,82.8125,100,100,100,100,100,78.125,100,100,100,100,100,82.8125,28.125,100,87.5,100,100,42.1875,100,62.5,100,78.125,73.4375,100,46.875,100,100,100,100,100,100,73.4375,59.375,100,78.125,67.1875,100,75,100,60.9375,50,100,100,96.875,100,100,100,31.25,76.5625,100,46.875,64.0625,100,100,68.75,79.6875,100,78.125,34.375,42.1875,26.5625,100,100,100,67.1875,100,59.375,37.5,100,76.5625,100,100,100,100,100,100,54.6875,85.9375,100,56.25,100,23.4375,100,68.75,79.6875,100,98.4375,28.125,59.375,100,100,100,100,100,100
"6100",87.5,100,37.5,100,100,82.8125,79.6875,100,21.875,98.4375,57.8125,100,100,100,100,76.5625,82.8125,85.9375,100,100,96.875,95.3125,100,100,9.375,100,100,75,85.9375,100,100,100,100,87.5,100,84.375,84.375,100,100,90.625,75,62.5,84.375,100,100,90.625,100,100,68.75,81.25,75,100,100,70.3125,79.6875,100,31.25,100,100,40.625,89.0625,65.625,98.4375,100,100,100,62.5,100,78.125,100,57.8125,76.5625,100,89.0625,62.5,100,100,48.4375,50,100,78.125,100,87.5,73.4375,96.875,100,100,23.4375,100,100,54.6875,82.8125,100,48.4375,75,14.0625,100,54.6875,100,100,78.125,100,100,92.1875,100,43.75,85.9375,53.125,85.9375,100,65.625,70.3125,100,100,29.6875,100,100,100,100,100,100,100,100,90.625,75,23.4375,100,18.75,100,100,100,100,100,100,87.5,64.0625,59.375,78.125,100,100,100,78.125,57.8125,57.8125,100,100,93.75,100,59.375,79.6875,60.9375,43.75,79.6875,92.1875,95.3125,90.625,76.5625,100,100,100,100,100,75,100,89.0625,71.875,21.875,92.1875,57.8125,100,100,100,100,68.75,100,100,84.375,100,100,100,100,85.9375,100,100,93.75,100,29.6875,100,100,87.5,100,100,87.5,100,100,100,89.0625,82.8125,100,100,78.125,100,96.875,100,100,100,100,12.5,92.1875,100,32.8125,100,100,100,76.5625,78.125,100,46.875,100,48.4375,100,78.125,60.9375,100,100,53.125,64.0625,100,78.125,100,82.8125,75,57.8125,100,100,100,92.1875,60.9375,89.0625,100,100,75,100,100,100,39.0625,100,89.0625,100,100,100,81.25,100,100,100,82.8125,100,62.5,100,100,37.5,98.4375,34.375,90.625,96.875,100,100,100,100,100,100,82.8125,100,100,100,32.8125,39.0625,100,68.75,100,100,100,100,100,100,100,29.6875,100,100,90.625,84.375,100,26.5625,56.25,100,100,100,89.0625,76.5625,75,39.0625,100,78.125,82.8125,100,82.8125,76.5625,40.625,92.1875,100,100,53.125,29.6875,100,65.625,95.3125,100,100,78.125,73.4375,54.6875,100,50,100,73.4375,60.9375,95.3125,95.3125,100,67.1875,87.5,100,75,89.0625,100,40.625,67.1875,89.0625,100,100,96.875,81.25,39.0625,37.5,71.875,67.1875,40.625,100,100,73.4375,100,84.375,100,46.875,70.3125,100,100,73.4375,56.25,95.3125,100,90.625,100,100,79.6875,35.9375,21.875,100,98.4375,100,100,100,100,76.5625,100,100,96.875,100,89.0625,100,85.9375,84.375,100,100,100,68.75,95.3125,100,100,92.1875,100,95.3125,100,100,100,79.6875,100,64.0625,90.625,48.4375,100,100,100,100,100,7.8125,59.375,100,79.6875,96.875,96.875,81.25,82.8125,87.5,100,93.75,39.0625,54.6875,100,76.5625,18.75,87.5,100,100,100,46.875,39.0625,100,100,100,82.8125,100,92.1875,100,71.875,71.875,59.375,100,100,100,100,93.75,95.3125,78.125,100,100,100,100,100,93.75,95.3125,100,100,100,84.375,64.0625,100,100,100,100,76.5625,73.4375,84.375,100,62.5,60.9375,100,100,100,100,96.875,70.3125,87.5,100,98.4375,12.5,100,100,100,26.5625,85.9375,100,100,62.5,82.8125,100,48.4375,100,100,62.5,100,79.6875,79.6875,100,64.0625,100,100,100,37.5,68.75,73.4375,100,100,100,84.375,59.375,100,82.8125,100,100,60.9375,67.1875,68.75,100,100,100,100,100,100,100,100,82.8125,100,67.1875,37.5,92.1875,100,100,53.125,100,51.5625,100,90.625,100,84.375,68.75,100,81.25,71.875,100,98.4375,100,100,35.9375,45.3125,100,85.9375,100,100,70.3125,100,100,100,100,100,51.5625,82.8125,100,79.6875,100,100,71.875,100,100,100,100,48.4375,100,100,100,78.125,100,92.1875,100,34.375,73.4375,100,78.125,81.25,100,84.375,100,100,100,68.75,100,100,71.875,100,68.75,100,62.5,100,100,100,92.1875,81.25,100,65.625,100,15.625,78.125,100,100,93.75,100,81.25,12.5,100,100,100,100,78.125,100,59.375,100,100,81.25,100,100,100,100,100,87.5,100,79.6875,40.625,100,100,82.8125,79.6875,100,100,100,100,100,100,100,100,84.375,100,100,29.6875,96.875,59.375,82.8125,85.9375,82.8125,100,82.8125,100,90.625,90.625,100,46.875,6.25,90.625,59.375,29.6875,100,100,100,100,100,100,100,100,84.375,54.6875,59.375,50,35.9375,76.5625,98.4375,76.5625,92.1875,100,82.8125,84.375,90.625,40.625,92.1875,95.3125,43.75,90.625,100,90.625,100,100,100,100,76.5625,100,45.3125,68.75,100,100,71.875,56.25,73.4375,46.875,100,45.3125,100,81.25,100,100,100,100,60.9375,100,71.875,81.25,60.9375,100,100,64.0625,100,100,100,64.0625,100,100,100,100,100,100,100,100,100,84.375,67.1875,100,100,100,84.375,100,100,100,92.1875,100,100,68.75,100,90.625,95.3125,59.375,100,100,35.9375,89.0625,100,76.5625,40.625,60.9375,96.875,100,64.0625,79.6875,100,100,100,73.4375,34.375,65.625,87.5,100,100,100,48.4375,89.0625,75,79.6875,15.625,100,100,28.125,45.3125,100,48.4375,84.375,100,54.6875,100,100,100,78.125,100,100,100,100,100,53.125,45.3125,100,100,84.375,100,100,100,100,56.25,100,90.625,100,34.375,95.3125,100,100,82.8125,71.875,89.0625,100,85.9375,60.9375,100,40.625,92.1875,100,100,51.5625,100,71.875,100,100,100,100,95.3125,62.5,98.4375,100,65.625,84.375,100,100,35.9375,100,70.3125,85.9375,79.6875,43.75,100,26.5625,100,51.5625,100,100,100,82.8125,71.875,87.5,100,100,73.4375,100,76.5625,12.5,65.625,100,100,79.6875,100,100,100,95.3125,92.1875,56.25,100,100,100,100,100,100,100,100,65.625,53.125,100,68.75,95.3125,67.1875,100,60.9375,76.5625,100,14.0625,100,84.375,59.375,100,100,54.6875,60.9375,81.25,100,98.4375,100,65.625,100,100,71.875,67.1875,100,100,100,96.875,100,73.4375,100,100,100,100,100,73.4375,100,20.3125,100,79.6875,100,79.6875,50,100,76.5625,39.0625,90.625,100,35.9375,100,84.375,100,100,100,70.3125,60.9375,46.875,100,70.3125,82.8125,100,100,64.0625,82.8125,76.5625,100,100,100,100,50,31.25,100,34.375,70.3125,100,100,100,62.5,100,100,100,100,100,100,93.75,100,100,100,82.8125,100,100,100,100,70.3125,65.625,100,100,57.8125,31.25,100,93.75,100,100,100,78.125,100,29.6875,100,25,92.1875,100,73.4375,100,75,45.3125,100,100,100,100,100,71.875,100,100,100,59.375,87.5,73.4375,100,92.1875,64.0625,95.3125,100,64.0625,100,100,100,62.5,84.375,100,35.9375,100,100,100,76.5625,100,59.375,100,100,92.1875,35.9375,100,100,84.375,100,79.6875,82.8125,79.6875,100,100,100,100,100,82.8125,100,100,100,76.5625,75,68.75,100,100,21.875,100,100,100,100,100,100,48.4375,100,100,100,100,100,100,100,100,96.875,98.4375,92.1875,100,100,100,100,65.625,100,100,82.8125,75,100,98.4375,79.6875,65.625,100,79.6875,92.1875,100,45.3125,100,81.25,100,100,100,100,100,37.5,100,100,79.6875,71.875,89.0625,46.875,76.5625,100,100,100,64.0625,17.1875,100,100,100,93.75,100,100,100,100,100,100,79.6875,64.0625,87.5,89.0625,100,100,89.0625,100,87.5,100,53.125,100,100,100,71.875,65.625,100,93.75,90.625,100,82.8125,54.6875,100,81.25,100,53.125,100,100,100,100,100,62.5,100,79.6875,100,100,100,96.875,100,100,57.8125,65.625,100,93.75,100,87.5,100,98.4375,51.5625,76.5625,100,100,100,100,100,100,35.9375,100,40.625,64.0625,100,100,81.25,100,100,100,90.625,68.75,95.3125,100,100,62.5,100,98.4375,100,81.25,75,100,100,100,85.9375,96.875,82.8125,82.8125,75,100,23.4375,100,100,95.3125,53.125,100,78.125,51.5625,21.875,100,70.3125,90.625,100,100,90.625,68.75,46.875,100,93.75,28.125,100,100,100,100,100,100,100,100,100,100,67.1875,65.625,100,59.375,100,76.5625,100,100,64.0625,70.3125,95.3125,81.25,100,75,51.5625,100,100,71.875,100,100,100,100,100,31.25,100,57.8125,42.1875,100,100,100,100,37.5,75,100,100,100,89.0625,51.5625,100,35.9375,100,100,100,100,62.5,67.1875,100,73.4375,93.75,85.9375,78.125,100,100,64.0625,68.75,53.125,89.0625,71.875,100,100,81.25,70.3125,100,67.1875,60.9375,51.5625,100,84.375,65.625,85.9375,100,82.8125,60.9375,100,37.5,100,100,92.1875,100,100,100,100,100,75,100,100,100,82.8125,100,95.3125,100,85.9375,82.8125,98.4375,100,100,100,100,100,87.5,100,95.3125,65.625,62.5,100,56.25,100,100,100,89.0625,100,100,100,100,90.625,60.9375,100,100,100,65.625,100,43.75,100,100,100,35.9375,84.375,85.9375,100,100,87.5,62.5,67.1875,54.6875,45.3125,100,100,76.5625,59.375,60.9375,20.3125,71.875,81.25,93.75,100,90.625,100,45.3125,65.625,62.5,62.5,100,100,95.3125,100,100,100,85.9375,100,65.625,89.0625,93.75,100,100,98.4375,73.4375,35.9375,28.125,100,100,85.9375,100,71.875,68.75,53.125,90.625,65.625,100,79.6875,100,100,100,100,78.125,90.625,50,48.4375,79.6875,64.0625,90.625,100,100,96.875,87.5,100,100,62.5,39.0625,90.625,100,71.875,76.5625,100,100,48.4375,100,100,100,100,35.9375,100,96.875,100,92.1875,93.75,100,81.25,70.3125,98.4375,100,100,100,93.75,100,100,100,100,100,100,100,100,82.8125,87.5,76.5625,100,100,70.3125,68.75,100,98.4375,100,75,93.75,75,100,98.4375,81.25,100,100,100,37.5,100,100,93.75,81.25,78.125,100,100,82.8125,100,51.5625,100,100,100,100,100,79.6875,34.375,71.875,100,84.375,100,100,100,100,100,100,100,100,100,90.625,90.625,100,96.875,100,100,100,100,100,89.0625,100,100,39.0625,100,68.75,100,92.1875,100,100,100,92.1875,76.5625,100,100,37.5,85.9375,45.3125,100,100,100,100,43.75,84.375,100,100,100,100,57.8125,100,84.375,100,100,90.625,100,100,100,100,100,53.125,100,100,100,92.1875,93.75,100,100,100,100,95.3125,100,78.125,48.4375,78.125,56.25,54.6875,42.1875,68.75,73.4375,100,78.125,100,100,89.0625,100,85.9375,79.6875,73.4375,100,100,95.3125,81.25,100,100,78.125,96.875,100,100,100,87.5,28.125,85.9375,100,100,100,20.3125,98.4375,100,90.625,100,100,100,84.375,100,100,100,100,95.3125,100,100,100,100,100,100,93.75,100,100,100,100,100,59.375,100,100,100,82.8125,95.3125,100,100,100,85.9375,71.875,64.0625,71.875,100,100,73.4375,100,100,92.1875,68.75,100,85.9375,100,34.375,100,100,100,73.4375,56.25,100,75,100,100,89.0625,100,18.75,32.8125,79.6875,62.5,100,100,87.5,100,100,100,100,100,84.375,89.0625,100,26.5625,23.4375,100,95.3125,71.875,100,43.75,87.5,100,100,100,79.6875,100,37.5,20.3125,100,100,100,100,100,100,100,100,100,100,100,18.75,100,100,100,82.8125,90.625,100,100,100,100,100,100,59.375,60.9375,100,100,20.3125,100,85.9375,92.1875,100,100,100,42.1875,56.25,100,100,100,70.3125,76.5625,42.1875,65.625,100,100,26.5625,57.8125,62.5,67.1875,84.375,100,100,100,92.1875,100,87.5,89.0625,92.1875,100,100,100,89.0625,98.4375,100,100,100,100,100,46.875,100,32.8125,84.375,100,100,100,100,100,59.375,100,29.6875,68.75,100,100,65.625,90.625,100,100,100,100,18.75,75,56.25,82.8125,100,37.5,100,68.75,73.4375,100,59.375,23.4375,100,85.9375,100,76.5625,100,89.0625,23.4375,68.75,100,29.6875,28.125,56.25,100,100,75,100,100,100,100,96.875,96.875,79.6875,100,100,60.9375,6.25,46.875,59.375,68.75,75,75,100,53.125,84.375,93.75,42.1875,100,75,100,100,100,100,68.75,84.375,93.75,100,100,100,79.6875,100,100,100,100,92.1875,65.625,57.8125,56.25,100,100,100,73.4375,75,100,40.625,100,100,100,81.25,100,62.5,100,100,100,100,90.625,96.875,39.0625,73.4375,100,82.8125,100,100,100,100,100,82.8125,100,84.375,100,100,90.625,100,95.3125,48.4375,100,100,100,56.25,100,100,100,40.625,35.9375,100,68.75,78.125,100,31.25,100,100,100,85.9375,100,93.75,46.875,100,96.875,100,67.1875,59.375,35.9375,100,71.875,100,100,90.625,100,45.3125,56.25,34.375,100,100,100,62.5,89.0625,100,75,75,87.5,100,40.625,100,25,100,100,62.5,100,100,100,100,100,40.625,100,100,100,100,95.3125,100,100,100,93.75,100,100,81.25,57.8125,70.3125,100,100,67.1875,100,50,100,100,87.5,100,70.3125,100,100,82.8125,81.25,57.8125,92.1875,100,100,100,100,100,82.8125,46.875,53.125,85.9375,59.375,100,87.5,100,68.75,100,34.375,100,82.8125,96.875,100,89.0625,93.75,60.9375,100,100,79.6875,93.75,100,100,100,100,76.5625,100,76.5625,78.125,100,100,100,100,39.0625,100,100,67.1875,100,70.3125,64.0625,100,100,35.9375,90.625,81.25,79.6875,100,65.625,73.4375,59.375,67.1875,100,82.8125,100,100,100,34.375,100,89.0625,100,100,93.75,100,98.4375,54.6875,29.6875,100,100,100,21.875,93.75,100,4.6875,45.3125,73.4375,9.375,100,100,100,42.1875,90.625,78.125,100,100,75,81.25,100,100,100,100,100,100,71.875,100,100,100,100,100,18.75,100,100,1.5625,100,100,100,100,76.5625,100,100,79.6875,100,85.9375,64.0625,100,81.25,100,60.9375,100,100,60.9375,100,70.3125,100,78.125,100,70.3125,75,100,100,100,34.375,100,78.125,82.8125,100,98.4375,100,54.6875,23.4375,100,100,90.625,100,100,82.8125,100,84.375,60.9375,100,85.9375,100,71.875,28.125,100,93.75,100,78.125,76.5625,98.4375,100,100,100,65.625,65.625,100,100,95.3125,100,100,59.375,100,100,65.625,57.8125,100,93.75,82.8125,90.625,81.25,100,92.1875,100,100,93.75,96.875,21.875,59.375,73.4375,70.3125,39.0625,100,84.375,100,100,53.125,100,100,75,100,87.5,75,92.1875,64.0625,100,100,17.1875,100,84.375,46.875,100,87.5,76.5625,100,100,35.9375,45.3125,93.75,100,79.6875,100,100,95.3125,57.8125,60.9375,100,100,100,100,95.3125,100,100,79.6875,70.3125,65.625,68.75,100,62.5,100,100,79.6875,100,100,92.1875,100,100,31.25,100,100,100,100,100,37.5,26.5625,45.3125,100,100,56.25,40.625,51.5625,81.25,100,100,75,81.25,100,93.75,73.4375,100,67.1875,68.75,78.125,100,100,100,82.8125,100,56.25,81.25,68.75,100,100,87.5,78.125,48.4375,9.375,100,71.875,51.5625,100,79.6875,100,73.4375,100,21.875,93.75,54.6875,87.5,100,100,95.3125,100,100,100,85.9375,100,100,100,100,100,100,95.3125,78.125,100,92.1875,100,100,79.6875,70.3125,82.8125,65.625,98.4375,100,100,100,100,100,100,42.1875,89.0625,100,100,100,100,26.5625,100,100,100,25,100,95.3125,51.5625,64.0625,76.5625,100,37.5,100,90.625,100,100,100,95.3125,100,89.0625,96.875,90.625,100,100,92.1875,100,54.6875,100,100,100,100,70.3125,57.8125,51.5625,98.4375,100,100,32.8125,85.9375,100,100,100,100,98.4375,100,100,50,31.25,100,84.375,29.6875,100,87.5,93.75,100,65.625,85.9375,100,100,82.8125,96.875,100,100,100,85.9375,21.875,81.25,100,100,100,100,100,100,98.4375,100,90.625,100,93.75,100,35.9375,67.1875,100,25,100,100,20.3125,100,100,100,50,95.3125,78.125,89.0625,100,100,100,100,79.6875,78.125,100,76.5625,100,40.625,100,100,81.25,75,76.5625,100,100,100,98.4375,100,100,84.375,64.0625,100,62.5,84.375,100,100,79.6875,100,100,100,59.375,100,100,100,100,100,100,100,70.3125,59.375,100,59.375,100,100,64.0625,100,100,64.0625,100,100,89.0625,100,100,82.8125,100,57.8125,67.1875,100,100,28.125,78.125,71.875,100,67.1875,64.0625,100,89.0625,93.75,100,100,75,100,81.25,100,62.5,100,100,100,100,100,87.5,46.875,100,100,100,85.9375,73.4375,98.4375,100,37.5,100,100,100,100,100,100,64.0625,100,100,39.0625,100,92.1875,100,28.125,100,100,39.0625,59.375,100,100,100,100,100,73.4375,100,100,100,100,100,53.125,100,67.1875,100,100,100,100,89.0625,100,60.9375,100,100,100,50,59.375,89.0625,100,59.375,100,76.5625,87.5,100,90.625,15.625,54.6875,100,100,39.0625,31.25,100,50,100,100,100,75,92.1875,76.5625,100,81.25,100,100,34.375,100,100,96.875,76.5625,96.875,95.3125,100,40.625,79.6875,64.0625,71.875,100,100,93.75,71.875,100,100,100,67.1875,81.25,100,64.0625,100,84.375,90.625,89.0625,100,95.3125,95.3125,84.375,100,93.75,71.875,90.625,78.125,100,100,100,96.875,100,100,37.5,68.75,50,87.5,14.0625,45.3125,100,100,100,46.875,100,100,100,100,81.25,76.5625,78.125,96.875,81.25,100,100,100,68.75,100,100,82.8125,67.1875,100,57.8125,100,56.25,79.6875,79.6875,100,75,54.6875,100,100,100,100,73.4375,100,100,100,50,100,60.9375,68.75,39.0625,100,100,54.6875,90.625,78.125,100,98.4375,73.4375,100,100,100,100,100,40.625,100,73.4375,10.9375,100,100,100,100,100,85.9375,100,100,46.875,95.3125,100,92.1875,100,18.75,100,100,75,100,100,57.8125,100,92.1875,100,54.6875,87.5,100,100,85.9375,100,35.9375,45.3125,54.6875,100,59.375,100,100,87.5,98.4375,81.25,95.3125,100,53.125,54.6875,100,100,100,100,100,100,73.4375,100,14.0625,100,71.875,90.625,65.625,17.1875,84.375,100,75,71.875,87.5,18.75,95.3125,84.375,100,28.125,37.5,100,100,100,100,25,81.25,100,59.375,100,100,100,51.5625,82.8125,73.4375,84.375,32.8125,100,100,100,64.0625,100,100,89.0625,100,87.5,93.75,87.5,100,100,17.1875,100,53.125,100,100,100,100,43.75,100,79.6875,56.25,100,46.875,34.375,85.9375,60.9375,29.6875,70.3125,100,100,10.9375,100,81.25,95.3125,40.625,100,100,100,100,100,76.5625,50,28.125,100,100,18.75,64.0625,100,100,100,100,100,32.8125,100,64.0625,100,100,100,82.8125,100,100,46.875,100,92.1875,92.1875,56.25,62.5,53.125,17.1875,100,100,73.4375,100,87.5,100,64.0625,100,100,100,100,100,100,35.9375,100,100,100,100,100,79.6875,15.625,67.1875,100,100,26.5625,82.8125,100,100,100,100,21.875,1.5625,100,100,29.6875,100,71.875,100,100,100,71.875,100,67.1875,100,84.375,100,100,100,100,100,82.8125,100,100,100,40.625,59.375,100,64.0625,100,64.0625,100,75,100,45.3125,64.0625,100,100,53.125,100,100,85.9375,100,100,100,100,100,100,100,98.4375,62.5,28.125,100,89.0625,100,48.4375,25,100,62.5,100,76.5625,67.1875,28.125,54.6875,100,100,70.3125,100,96.875,100,96.875,59.375,100,65.625,56.25,100,93.75,93.75,64.0625,56.25,100,100,96.875,100,100,100,31.25,75,100,87.5,73.4375,100,100,65.625,75,100,79.6875,32.8125,59.375,20.3125,100,100,87.5,26.5625,100,59.375,34.375,100,78.125,100,100,100,100,100,100,54.6875,82.8125,100,57.8125,73.4375,28.125,85.9375,78.125,100,92.1875,100,68.75,62.5,100,100,100,100,100,100
"6101",90.625,100,40.625,100,100,81.25,82.8125,100,21.875,98.4375,87.5,100,100,100,100,75,82.8125,79.6875,100,100,96.875,100,100,100,7.8125,100,100,95.3125,82.8125,100,100,100,100,92.1875,100,96.875,84.375,100,100,90.625,51.5625,9.375,93.75,100,100,100,100,100,65.625,67.1875,75,100,100,67.1875,81.25,100,7.8125,100,100,42.1875,87.5,54.6875,98.4375,76.5625,100,100,64.0625,100,57.8125,100,56.25,68.75,100,98.4375,67.1875,82.8125,100,51.5625,54.6875,100,78.125,100,82.8125,76.5625,84.375,100,100,75,100,100,56.25,82.8125,100,48.4375,79.6875,85.9375,100,54.6875,100,100,93.75,100,100,92.1875,100,37.5,92.1875,100,85.9375,100,75,71.875,100,100,26.5625,100,100,100,95.3125,100,67.1875,100,100,89.0625,98.4375,25,100,18.75,100,100,100,100,100,100,100,62.5,59.375,78.125,100,100,100,100,85.9375,89.0625,100,100,92.1875,65.625,40.625,82.8125,62.5,37.5,78.125,93.75,98.4375,89.0625,76.5625,100,100,100,100,100,82.8125,100,89.0625,71.875,100,89.0625,59.375,100,84.375,100,100,71.875,70.3125,96.875,85.9375,100,100,100,100,87.5,100,100,100,98.4375,28.125,68.75,100,85.9375,100,100,87.5,100,100,100,87.5,76.5625,100,100,32.8125,100,96.875,100,100,100,100,51.5625,89.0625,100,45.3125,100,100,100,79.6875,78.125,100,64.0625,100,62.5,84.375,76.5625,35.9375,100,100,53.125,25,100,64.0625,100,82.8125,78.125,68.75,100,100,100,87.5,59.375,75,100,100,100,100,89.0625,100,37.5,100,89.0625,100,50,100,76.5625,31.25,100,100,90.625,100,60.9375,100,100,100,98.4375,34.375,96.875,79.6875,82.8125,100,100,100,100,100,67.1875,100,100,87.5,70.3125,35.9375,100,59.375,100,89.0625,100,100,100,100,100,32.8125,100,100,90.625,81.25,100,29.6875,56.25,100,37.5,100,90.625,68.75,75,34.375,100,78.125,71.875,100,89.0625,95.3125,23.4375,90.625,100,100,67.1875,39.0625,100,71.875,95.3125,100,100,82.8125,85.9375,87.5,100,50,100,76.5625,71.875,92.1875,95.3125,31.25,65.625,98.4375,100,76.5625,89.0625,100,40.625,89.0625,89.0625,100,100,100,79.6875,37.5,34.375,100,68.75,37.5,100,59.375,68.75,100,73.4375,100,56.25,70.3125,100,71.875,65.625,51.5625,96.875,95.3125,90.625,100,79.6875,81.25,42.1875,20.3125,98.4375,98.4375,100,100,100,89.0625,73.4375,100,100,87.5,100,87.5,100,75,64.0625,85.9375,100,100,34.375,100,100,67.1875,93.75,100,73.4375,100,100,100,68.75,100,79.6875,98.4375,43.75,100,100,100,100,100,12.5,59.375,100,68.75,98.4375,98.4375,95.3125,100,90.625,100,84.375,39.0625,54.6875,100,76.5625,67.1875,87.5,100,100,100,92.1875,42.1875,100,95.3125,100,82.8125,100,100,100,100,73.4375,62.5,100,100,100,100,93.75,100,89.0625,100,100,100,100,82.8125,93.75,92.1875,100,100,100,85.9375,71.875,100,100,100,100,71.875,73.4375,82.8125,100,100,57.8125,100,100,100,100,71.875,67.1875,100,100,100,14.0625,100,100,100,100,76.5625,100,82.8125,62.5,82.8125,100,48.4375,100,100,62.5,100,15.625,78.125,100,65.625,100,100,100,35.9375,75,81.25,100,100,100,85.9375,60.9375,100,82.8125,100,100,60.9375,78.125,68.75,100,100,84.375,100,100,100,82.8125,79.6875,76.5625,71.875,64.0625,34.375,92.1875,100,93.75,48.4375,100,51.5625,100,89.0625,100,84.375,71.875,100,81.25,82.8125,100,100,100,100,35.9375,79.6875,100,85.9375,100,100,70.3125,100,100,100,100,100,46.875,79.6875,100,81.25,96.875,100,71.875,100,100,100,100,35.9375,75,100,100,60.9375,100,87.5,93.75,29.6875,75,100,78.125,92.1875,100,65.625,98.4375,100,100,65.625,93.75,100,62.5,100,65.625,100,71.875,100,100,100,100,81.25,100,71.875,100,100,64.0625,100,100,79.6875,100,56.25,34.375,100,100,100,85.9375,79.6875,100,67.1875,100,100,90.625,100,100,100,100,93.75,87.5,21.875,100,14.0625,100,100,89.0625,78.125,100,35.9375,100,100,100,100,100,100,100,100,100,26.5625,96.875,75,84.375,78.125,100,100,100,100,87.5,90.625,100,48.4375,6.25,100,56.25,29.6875,100,100,100,100,100,100,100,100,84.375,54.6875,59.375,48.4375,54.6875,75,98.4375,78.125,100,100,68.75,79.6875,92.1875,42.1875,82.8125,95.3125,45.3125,78.125,100,100,100,100,100,100,76.5625,100,45.3125,68.75,100,100,73.4375,68.75,64.0625,46.875,100,53.125,100,100,100,100,100,100,57.8125,100,81.25,90.625,71.875,100,100,70.3125,23.4375,100,100,64.0625,100,42.1875,100,100,100,100,100,100,100,87.5,68.75,100,23.4375,100,92.1875,100,100,100,100,100,100,68.75,100,100,100,64.0625,100,100,35.9375,89.0625,70.3125,67.1875,39.0625,59.375,100,100,93.75,100,100,100,100,100,45.3125,67.1875,84.375,18.75,100,50,48.4375,65.625,68.75,68.75,6.25,100,100,96.875,45.3125,90.625,28.125,84.375,100,39.0625,79.6875,100,100,79.6875,100,76.5625,100,100,100,56.25,43.75,98.4375,100,76.5625,100,100,100,100,60.9375,84.375,90.625,100,37.5,87.5,100,64.0625,37.5,100,87.5,100,59.375,57.8125,100,39.0625,92.1875,100,100,54.6875,100,84.375,98.4375,100,100,100,93.75,62.5,100,78.125,87.5,100,100,100,43.75,100,70.3125,82.8125,79.6875,42.1875,100,62.5,100,59.375,100,100,76.5625,82.8125,64.0625,100,100,100,75,100,76.5625,46.875,67.1875,100,100,79.6875,100,100,100,90.625,93.75,59.375,100,100,100,95.3125,96.875,100,100,100,67.1875,50,100,70.3125,93.75,67.1875,14.0625,60.9375,73.4375,100,26.5625,100,100,57.8125,100,75,100,76.5625,84.375,100,96.875,81.25,67.1875,100,100,73.4375,67.1875,100,100,100,96.875,65.625,73.4375,100,100,100,100,100,100,100,20.3125,100,79.6875,100,89.0625,50,100,62.5,40.625,100,100,35.9375,100,85.9375,98.4375,87.5,96.875,70.3125,67.1875,100,100,71.875,81.25,95.3125,100,100,81.25,89.0625,100,100,100,85.9375,64.0625,28.125,100,34.375,100,100,100,100,59.375,100,100,100,100,100,100,93.75,100,100,100,100,100,100,100,65.625,57.8125,67.1875,100,100,57.8125,53.125,100,98.4375,100,100,95.3125,84.375,95.3125,29.6875,100,25,95.3125,68.75,73.4375,100,32.8125,85.9375,100,100,100,100,100,100,100,100,100,65.625,89.0625,100,100,92.1875,85.9375,93.75,57.8125,62.5,100,98.4375,98.4375,100,84.375,92.1875,70.3125,100,62.5,100,100,100,53.125,90.625,100,79.6875,32.8125,100,100,87.5,100,82.8125,100,40.625,82.8125,100,100,100,100,82.8125,100,100,100,76.5625,70.3125,70.3125,100,100,93.75,100,100,100,100,71.875,100,54.6875,100,95.3125,100,100,100,18.75,100,84.375,82.8125,84.375,90.625,100,100,89.0625,100,68.75,100,100,82.8125,21.875,100,100,81.25,68.75,100,81.25,100,100,35.9375,100,65.625,100,100,100,100,100,37.5,100,100,87.5,100,100,45.3125,84.375,100,100,100,100,17.1875,100,100,100,35.9375,100,100,100,100,100,100,79.6875,64.0625,71.875,81.25,89.0625,100,90.625,100,87.5,68.75,100,12.5,100,100,71.875,100,100,93.75,98.4375,100,79.6875,51.5625,100,75,100,51.5625,100,75,100,100,100,51.5625,100,100,100,100,100,48.4375,100,100,65.625,65.625,100,93.75,100,87.5,100,98.4375,78.125,76.5625,100,100,100,100,100,100,100,100,40.625,85.9375,98.4375,100,100,100,100,100,79.6875,100,100,100,100,60.9375,100,96.875,100,82.8125,75,100,100,100,76.5625,96.875,96.875,85.9375,78.125,81.25,76.5625,100,100,100,67.1875,100,48.4375,51.5625,35.9375,100,70.3125,79.6875,100,100,100,78.125,50,100,90.625,28.125,98.4375,100,100,100,100,100,100,100,100,100,51.5625,65.625,98.4375,59.375,100,76.5625,100,100,100,67.1875,95.3125,81.25,100,67.1875,51.5625,100,100,73.4375,100,90.625,100,100,100,32.8125,87.5,56.25,100,100,100,100,100,37.5,71.875,100,100,82.8125,89.0625,51.5625,100,39.0625,100,100,100,100,60.9375,67.1875,100,73.4375,100,100,100,87.5,100,85.9375,70.3125,62.5,87.5,70.3125,100,100,78.125,79.6875,92.1875,67.1875,64.0625,51.5625,100,96.875,62.5,81.25,100,78.125,60.9375,100,73.4375,84.375,100,95.3125,100,100,100,100,93.75,75,100,100,100,87.5,100,96.875,100,85.9375,92.1875,93.75,100,68.75,100,82.8125,100,59.375,100,100,93.75,62.5,100,71.875,68.75,100,100,89.0625,100,100,100,100,95.3125,59.375,100,100,100,67.1875,100,45.3125,100,59.375,100,31.25,85.9375,14.0625,100,100,87.5,59.375,70.3125,56.25,42.1875,100,100,75,59.375,62.5,21.875,81.25,90.625,95.3125,98.4375,90.625,100,57.8125,100,81.25,62.5,100,100,90.625,87.5,76.5625,100,82.8125,87.5,67.1875,87.5,93.75,100,100,100,73.4375,32.8125,28.125,100,100,100,100,75,82.8125,100,71.875,65.625,100,51.5625,100,100,53.125,100,76.5625,100,48.4375,48.4375,79.6875,62.5,90.625,100,100,100,85.9375,100,68.75,71.875,37.5,90.625,90.625,75,76.5625,100,100,46.875,100,100,65.625,100,100,100,14.0625,100,100,93.75,100,84.375,100,100,100,100,100,92.1875,100,100,100,79.6875,100,98.4375,100,100,82.8125,100,70.3125,100,100,71.875,75,100,96.875,100,70.3125,93.75,76.5625,100,98.4375,79.6875,100,100,93.75,35.9375,100,100,92.1875,60.9375,73.4375,100,100,57.8125,100,73.4375,100,100,100,100,100,81.25,39.0625,70.3125,100,81.25,100,95.3125,100,100,100,100,100,100,39.0625,93.75,95.3125,100,100,100,100,100,100,100,85.9375,100,100,39.0625,100,71.875,100,93.75,100,100,100,87.5,81.25,90.625,100,37.5,73.4375,45.3125,100,100,100,100,46.875,84.375,100,100,100,100,53.125,100,82.8125,100,100,90.625,79.6875,100,100,100,100,43.75,93.75,100,100,92.1875,98.4375,100,100,90.625,100,95.3125,68.75,81.25,53.125,78.125,53.125,76.5625,35.9375,81.25,71.875,100,100,100,68.75,89.0625,100,87.5,46.875,73.4375,60.9375,100,73.4375,85.9375,100,100,73.4375,100,100,100,100,87.5,31.25,92.1875,100,89.0625,100,20.3125,92.1875,100,89.0625,100,100,100,96.875,100,98.4375,100,100,95.3125,81.25,100,100,100,100,100,12.5,100,100,100,100,100,59.375,100,54.6875,96.875,82.8125,100,100,100,100,84.375,71.875,68.75,60.9375,100,100,89.0625,100,100,85.9375,70.3125,100,90.625,100,82.8125,100,100,100,65.625,54.6875,67.1875,84.375,100,100,89.0625,100,23.4375,85.9375,79.6875,65.625,100,100,85.9375,100,90.625,85.9375,100,90.625,78.125,53.125,100,25,42.1875,100,95.3125,73.4375,100,50,87.5,100,34.375,100,95.3125,100,37.5,20.3125,100,100,100,100,96.875,100,100,100,100,100,96.875,100,100,100,100,89.0625,87.5,100,96.875,100,100,96.875,100,68.75,51.5625,100,100,18.75,81.25,95.3125,100,100,75,100,21.875,43.75,100,71.875,100,60.9375,76.5625,54.6875,68.75,100,100,29.6875,59.375,62.5,60.9375,81.25,100,100,100,100,100,84.375,76.5625,100,100,100,100,93.75,100,100,100,100,100,100,46.875,100,62.5,84.375,100,100,93.75,100,100,76.5625,92.1875,29.6875,53.125,93.75,100,60.9375,89.0625,100,100,100,100,10.9375,76.5625,53.125,82.8125,100,35.9375,100,68.75,81.25,100,100,73.4375,100,87.5,100,76.5625,100,96.875,28.125,68.75,100,18.75,100,54.6875,100,100,73.4375,100,100,100,100,100,100,79.6875,100,100,85.9375,20.3125,50,79.6875,71.875,71.875,75,100,17.1875,79.6875,93.75,39.0625,100,75,100,100,100,100,68.75,84.375,89.0625,100,100,84.375,79.6875,100,100,100,100,100,65.625,100,57.8125,100,100,100,73.4375,100,67.1875,84.375,100,78.125,100,79.6875,100,62.5,100,100,100,100,93.75,96.875,28.125,100,100,62.5,37.5,100,100,90.625,100,82.8125,100,82.8125,100,85.9375,93.75,100,90.625,48.4375,100,100,100,48.4375,100,75,100,21.875,35.9375,100,53.125,79.6875,100,31.25,100,100,100,82.8125,100,40.625,54.6875,95.3125,93.75,100,81.25,59.375,34.375,100,73.4375,100,100,92.1875,98.4375,100,54.6875,34.375,9.375,100,43.75,60.9375,98.4375,100,76.5625,84.375,93.75,100,43.75,100,20.3125,100,100,60.9375,100,100,100,100,75,45.3125,100,100,100,100,95.3125,100,100,100,100,100,100,100,57.8125,65.625,100,100,64.0625,100,50,100,34.375,84.375,100,64.0625,100,100,79.6875,81.25,100,89.0625,100,100,100,100,100,82.8125,57.8125,54.6875,75,100,100,100,100,93.75,100,40.625,100,100,96.875,100,85.9375,100,67.1875,100,100,75,100,100,87.5,100,100,100,100,76.5625,78.125,100,100,100,100,100,100,100,67.1875,100,100,64.0625,100,100,100,92.1875,81.25,89.0625,100,65.625,45.3125,59.375,64.0625,100,100,100,100,100,40.625,100,90.625,100,100,93.75,100,98.4375,54.6875,82.8125,93.75,100,100,26.5625,100,100,6.25,45.3125,45.3125,56.25,100,100,100,34.375,90.625,78.125,100,100,93.75,76.5625,100,100,85.9375,100,100,100,71.875,100,100,96.875,100,100,90.625,100,100,4.6875,100,100,100,87.5,81.25,100,100,81.25,100,100,98.4375,100,92.1875,100,54.6875,100,100,60.9375,100,70.3125,100,78.125,87.5,71.875,76.5625,100,100,100,100,100,84.375,82.8125,100,100,60.9375,46.875,23.4375,100,100,90.625,100,64.0625,81.25,100,89.0625,59.375,100,90.625,100,73.4375,79.6875,100,92.1875,100,32.8125,78.125,93.75,100,100,100,65.625,65.625,32.8125,100,71.875,100,100,59.375,100,100,65.625,59.375,100,98.4375,79.6875,82.8125,75,100,92.1875,100,100,89.0625,96.875,20.3125,54.6875,64.0625,70.3125,35.9375,100,85.9375,100,100,57.8125,100,90.625,62.5,100,89.0625,75,90.625,65.625,100,100,100,100,82.8125,70.3125,82.8125,100,73.4375,100,100,40.625,53.125,95.3125,100,79.6875,100,100,92.1875,57.8125,59.375,100,100,100,100,95.3125,100,100,78.125,78.125,64.0625,93.75,100,62.5,100,100,76.5625,100,100,90.625,100,100,28.125,89.0625,100,100,60.9375,100,100,29.6875,42.1875,93.75,100,43.75,40.625,100,81.25,100,100,73.4375,82.8125,96.875,78.125,46.875,100,65.625,68.75,78.125,100,100,100,100,100,51.5625,75,100,95.3125,100,78.125,79.6875,50,17.1875,100,71.875,51.5625,100,62.5,62.5,73.4375,100,32.8125,93.75,54.6875,85.9375,100,100,82.8125,100,92.1875,100,81.25,100,100,100,100,100,90.625,93.75,73.4375,98.4375,85.9375,100,100,79.6875,79.6875,84.375,65.625,100,79.6875,100,100,100,100,53.125,42.1875,90.625,100,100,100,82.8125,100,100,100,100,31.25,87.5,100,54.6875,35.9375,75,100,39.0625,100,87.5,100,100,100,100,100,93.75,93.75,89.0625,100,100,92.1875,100,82.8125,98.4375,100,100,100,65.625,53.125,100,98.4375,100,100,31.25,73.4375,100,100,100,100,100,100,100,60.9375,32.8125,100,98.4375,100,100,100,93.75,98.4375,68.75,89.0625,100,100,100,100,32.8125,100,67.1875,84.375,21.875,78.125,100,100,100,100,100,100,100,100,87.5,54.6875,100,100,54.6875,67.1875,100,25,100,100,45.3125,56.25,100,100,50,100,100,89.0625,100,100,96.875,100,84.375,100,100,78.125,100,39.0625,100,100,81.25,57.8125,81.25,100,100,100,98.4375,100,100,84.375,45.3125,100,59.375,76.5625,100,100,79.6875,100,100,98.4375,60.9375,100,100,100,98.4375,100,31.25,51.5625,70.3125,64.0625,85.9375,59.375,100,100,64.0625,100,100,64.0625,100,100,98.4375,100,100,85.9375,100,56.25,68.75,100,100,29.6875,76.5625,31.25,100,100,87.5,100,90.625,93.75,100,100,73.4375,100,78.125,57.8125,65.625,100,100,100,100,100,100,46.875,84.375,100,100,76.5625,100,96.875,100,92.1875,100,100,100,100,100,100,70.3125,100,100,64.0625,100,92.1875,100,32.8125,100,100,64.0625,57.8125,100,100,100,100,100,67.1875,100,100,64.0625,100,100,71.875,100,70.3125,100,100,100,100,92.1875,100,65.625,100,100,100,50,100,87.5,90.625,62.5,100,81.25,87.5,100,85.9375,100,51.5625,100,100,37.5,31.25,100,54.6875,100,100,100,75,96.875,70.3125,100,98.4375,100,100,34.375,100,100,93.75,92.1875,95.3125,100,100,45.3125,81.25,64.0625,54.6875,100,100,92.1875,78.125,100,100,100,65.625,82.8125,100,43.75,100,81.25,92.1875,89.0625,98.4375,92.1875,100,62.5,100,89.0625,71.875,89.0625,79.6875,100,100,100,96.875,100,100,40.625,68.75,54.6875,90.625,20.3125,46.875,100,100,90.625,45.3125,21.875,100,100,100,87.5,79.6875,78.125,98.4375,79.6875,100,98.4375,100,62.5,100,100,60.9375,46.875,100,59.375,100,54.6875,79.6875,79.6875,100,79.6875,54.6875,100,100,100,100,65.625,82.8125,100,100,50,100,100,81.25,32.8125,100,100,57.8125,93.75,78.125,100,98.4375,85.9375,100,100,100,100,100,35.9375,100,73.4375,20.3125,100,100,76.5625,100,100,96.875,100,100,100,100,100,98.4375,96.875,100,100,100,60.9375,59.375,100,51.5625,100,92.1875,100,65.625,85.9375,100,100,90.625,100,35.9375,73.4375,56.25,79.6875,60.9375,100,100,68.75,96.875,93.75,90.625,100,54.6875,56.25,56.25,100,29.6875,100,100,100,68.75,100,7.8125,100,81.25,82.8125,68.75,100,84.375,100,54.6875,71.875,98.4375,18.75,95.3125,65.625,100,28.125,39.0625,100,100,46.875,100,40.625,100,100,59.375,100,92.1875,100,56.25,54.6875,73.4375,82.8125,29.6875,100,100,100,60.9375,100,100,90.625,100,100,84.375,87.5,100,100,17.1875,100,51.5625,100,100,42.1875,100,40.625,100,81.25,59.375,100,54.6875,35.9375,89.0625,60.9375,29.6875,85.9375,100,100,67.1875,100,71.875,100,39.0625,100,100,100,100,100,90.625,34.375,28.125,100,100,48.4375,62.5,100,100,100,100,100,35.9375,100,81.25,100,100,100,85.9375,71.875,64.0625,98.4375,100,92.1875,90.625,46.875,53.125,53.125,10.9375,100,100,78.125,100,89.0625,100,81.25,100,100,100,100,100,100,46.875,100,96.875,100,100,100,68.75,20.3125,67.1875,90.625,100,28.125,84.375,100,100,62.5,100,64.0625,1.5625,100,98.4375,37.5,100,70.3125,100,100,100,71.875,100,100,100,85.9375,39.0625,100,100,100,100,96.875,81.25,100,100,73.4375,59.375,100,56.25,100,100,100,75,100,56.25,64.0625,100,100,70.3125,100,100,65.625,100,100,95.3125,95.3125,100,100,100,100,64.0625,28.125,100,100,100,85.9375,43.75,100,62.5,100,76.5625,70.3125,23.4375,51.5625,100,100,71.875,100,93.75,100,98.4375,59.375,100,70.3125,57.8125,100,92.1875,100,53.125,54.6875,100,100,96.875,100,100,96.875,34.375,67.1875,96.875,54.6875,67.1875,100,100,65.625,82.8125,100,90.625,34.375,62.5,92.1875,100,100,100,17.1875,100,60.9375,34.375,100,71.875,100,100,100,100,76.5625,100,54.6875,100,100,54.6875,100,56.25,100,65.625,81.25,90.625,100,73.4375,60.9375,100,100,100,92.1875,100,100
"6102",87.5,100,40.625,100,56.25,82.8125,92.1875,100,25,98.4375,56.25,100,100,100,98.4375,65.625,84.375,75,100,100,96.875,100,100,100,25,100,100,95.3125,85.9375,100,100,100,100,85.9375,100,96.875,84.375,100,100,96.875,70.3125,9.375,85.9375,100,100,100,100,100,90.625,78.125,73.4375,100,100,68.75,78.125,100,7.8125,100,100,42.1875,96.875,53.125,98.4375,100,100,100,62.5,100,79.6875,100,56.25,71.875,100,85.9375,59.375,79.6875,100,100,53.125,100,73.4375,96.875,87.5,73.4375,73.4375,100,100,40.625,100,100,56.25,82.8125,100,48.4375,90.625,98.4375,100,60.9375,100,100,95.3125,100,100,92.1875,100,37.5,100,51.5625,85.9375,100,85.9375,68.75,100,100,29.6875,100,100,100,100,100,70.3125,100,100,85.9375,82.8125,59.375,100,18.75,100,100,100,100,100,100,95.3125,64.0625,57.8125,79.6875,70.3125,100,100,81.25,100,59.375,100,93.75,100,100,60.9375,81.25,57.8125,32.8125,79.6875,90.625,95.3125,90.625,75,100,100,100,100,100,79.6875,100,87.5,71.875,100,87.5,53.125,100,100,100,100,53.125,100,98.4375,90.625,100,100,68.75,100,100,100,100,96.875,50,50,100,100,87.5,100,100,87.5,100,100,100,93.75,85.9375,100,100,37.5,100,96.875,100,100,100,100,18.75,95.3125,100,34.375,57.8125,68.75,29.6875,75,78.125,37.5,75,100,42.1875,100,82.8125,100,100,100,53.125,78.125,45.3125,100,100,79.6875,78.125,57.8125,100,100,100,87.5,78.125,93.75,100,100,100,100,85.9375,100,32.8125,100,87.5,100,60.9375,100,76.5625,14.0625,82.8125,100,87.5,100,65.625,100,100,100,98.4375,34.375,96.875,89.0625,85.9375,100,100,100,100,70.3125,84.375,100,100,100,67.1875,35.9375,100,70.3125,100,46.875,100,67.1875,100,100,100,29.6875,100,100,100,81.25,100,25,53.125,100,100,87.5,92.1875,67.1875,75,48.4375,100,21.875,84.375,100,84.375,100,21.875,81.25,100,100,59.375,48.4375,100,100,93.75,100,100,85.9375,40.625,89.0625,100,53.125,100,81.25,71.875,90.625,96.875,100,87.5,87.5,100,73.4375,84.375,96.875,40.625,51.5625,90.625,90.625,100,73.4375,79.6875,35.9375,37.5,73.4375,68.75,35.9375,100,100,71.875,100,78.125,100,62.5,70.3125,100,100,100,46.875,93.75,95.3125,90.625,100,71.875,51.5625,42.1875,15.625,93.75,98.4375,100,100,100,96.875,81.25,100,100,96.875,100,100,100,60.9375,92.1875,79.6875,100,100,68.75,100,100,62.5,92.1875,100,76.5625,100,42.1875,100,79.6875,100,70.3125,87.5,35.9375,100,100,100,100,100,17.1875,57.8125,100,67.1875,95.3125,100,96.875,92.1875,67.1875,100,90.625,39.0625,48.4375,100,76.5625,26.5625,87.5,100,100,100,45.3125,48.4375,100,96.875,100,82.8125,100,81.25,100,96.875,73.4375,68.75,100,100,100,100,92.1875,100,79.6875,64.0625,100,100,100,87.5,93.75,82.8125,100,100,100,82.8125,67.1875,100,100,100,100,75,73.4375,78.125,100,100,60.9375,100,100,100,100,73.4375,68.75,85.9375,100,100,78.125,100,100,100,100,76.5625,100,100,76.5625,82.8125,100,54.6875,100,100,65.625,100,15.625,78.125,100,64.0625,100,100,100,35.9375,79.6875,76.5625,100,100,100,85.9375,85.9375,100,82.8125,100,100,60.9375,78.125,68.75,100,95.3125,100,100,100,100,93.75,84.375,76.5625,100,62.5,39.0625,92.1875,100,100,48.4375,100,42.1875,100,96.875,100,84.375,71.875,100,81.25,82.8125,100,34.375,100,100,35.9375,45.3125,100,84.375,100,100,70.3125,87.5,100,100,100,100,48.4375,76.5625,100,75,96.875,100,71.875,100,100,100,100,81.25,93.75,100,100,78.125,100,90.625,100,29.6875,64.0625,100,70.3125,64.0625,100,79.6875,95.3125,100,100,89.0625,100,100,78.125,100,65.625,100,60.9375,100,100,100,100,81.25,100,78.125,98.4375,57.8125,48.4375,100,100,68.75,100,57.8125,59.375,100,100,100,100,75,100,62.5,100,95.3125,100,100,100,100,100,100,85.9375,60.9375,100,42.1875,100,100,75,87.5,100,46.875,100,100,100,100,93.75,100,100,100,100,32.8125,96.875,75,81.25,75,89.0625,100,37.5,100,85.9375,90.625,100,45.3125,6.25,100,50,29.6875,100,100,100,100,100,100,100,100,89.0625,50,59.375,84.375,56.25,71.875,98.4375,76.5625,85.9375,95.3125,53.125,81.25,92.1875,40.625,76.5625,95.3125,43.75,82.8125,100,100,100,100,100,100,75,100,45.3125,68.75,100,26.5625,71.875,60.9375,68.75,46.875,100,50,100,100,100,100,100,100,48.4375,100,82.8125,87.5,76.5625,100,82.8125,75,100,100,100,65.625,96.875,100,100,100,100,100,100,100,100,98.4375,73.4375,100,100,100,84.375,100,100,100,100,100,100,68.75,100,100,100,64.0625,100,100,35.9375,89.0625,100,79.6875,37.5,59.375,98.4375,100,68.75,79.6875,100,100,100,73.4375,32.8125,68.75,85.9375,78.125,100,100,48.4375,45.3125,71.875,78.125,12.5,100,100,17.1875,45.3125,100,12.5,84.375,100,100,100,100,100,78.125,100,100,100,73.4375,100,53.125,53.125,71.875,100,100,100,100,100,100,57.8125,85.9375,100,100,48.4375,98.4375,100,100,81.25,100,85.9375,100,89.0625,59.375,100,37.5,93.75,100,100,54.6875,100,73.4375,100,100,100,100,95.3125,62.5,100,100,87.5,93.75,100,100,28.125,100,68.75,90.625,87.5,45.3125,100,57.8125,100,51.5625,100,100,89.0625,84.375,85.9375,100,100,100,70.3125,100,76.5625,53.125,67.1875,100,100,79.6875,59.375,82.8125,100,92.1875,100,59.375,100,100,100,100,92.1875,100,100,100,67.1875,100,100,65.625,98.4375,67.1875,100,57.8125,65.625,100,43.75,100,100,57.8125,100,60.9375,81.25,76.5625,81.25,100,98.4375,68.75,57.8125,100,100,73.4375,59.375,100,100,100,96.875,100,73.4375,93.75,100,100,100,100,100,100,28.125,100,78.125,100,100,51.5625,100,62.5,45.3125,93.75,100,35.9375,100,82.8125,100,87.5,100,71.875,62.5,90.625,100,70.3125,100,79.6875,100,82.8125,81.25,100,100,95.3125,100,100,64.0625,54.6875,100,34.375,68.75,100,100,100,64.0625,100,100,100,100,100,100,92.1875,100,42.1875,100,64.0625,100,100,100,82.8125,70.3125,67.1875,100,100,59.375,45.3125,100,98.4375,100,39.0625,75,81.25,59.375,29.6875,100,42.1875,100,71.875,71.875,100,12.5,90.625,100,100,100,89.0625,100,100,100,100,100,57.8125,87.5,4.6875,100,92.1875,81.25,93.75,15.625,64.0625,98.4375,100,100,43.75,84.375,100,62.5,100,81.25,100,100,100,59.375,100,100,84.375,31.25,100,100,87.5,100,73.4375,100,25,93.75,100,100,100,100,82.8125,100,100,100,76.5625,73.4375,15.625,100,100,28.125,100,100,100,100,73.4375,100,84.375,100,98.4375,100,100,100,34.375,85.9375,100,81.25,100,90.625,100,100,100,100,67.1875,100,100,82.8125,37.5,100,95.3125,71.875,65.625,100,79.6875,73.4375,100,35.9375,100,71.875,100,100,100,100,100,35.9375,100,100,85.9375,73.4375,100,48.4375,75,100,100,39.0625,87.5,17.1875,100,100,100,85.9375,100,100,100,100,100,100,75,62.5,68.75,90.625,100,100,81.25,100,87.5,100,100,100,100,100,71.875,51.5625,100,93.75,100,100,84.375,46.875,100,81.25,100,53.125,100,100,100,100,100,39.0625,100,100,100,100,100,57.8125,100,100,64.0625,65.625,100,93.75,100,84.375,100,100,54.6875,75,93.75,100,100,100,100,100,100,100,40.625,64.0625,98.4375,100,100,100,100,100,64.0625,100,87.5,100,100,64.0625,100,96.875,100,70.3125,75,100,100,100,85.9375,98.4375,100,84.375,76.5625,100,100,100,100,87.5,51.5625,100,60.9375,51.5625,31.25,100,70.3125,84.375,100,100,100,85.9375,51.5625,100,93.75,28.125,79.6875,100,100,100,100,100,100,100,100,100,43.75,75,98.4375,59.375,100,76.5625,100,100,100,75,95.3125,81.25,100,100,53.125,100,100,65.625,85.9375,87.5,100,100,100,34.375,100,64.0625,76.5625,100,100,100,100,35.9375,71.875,100,100,100,89.0625,20.3125,100,39.0625,100,100,100,79.6875,60.9375,67.1875,100,71.875,100,100,100,98.4375,100,84.375,71.875,56.25,89.0625,78.125,100,100,81.25,71.875,92.1875,67.1875,60.9375,51.5625,100,84.375,64.0625,81.25,100,78.125,62.5,100,43.75,100,100,95.3125,100,100,100,100,85.9375,73.4375,100,100,100,78.125,100,96.875,100,87.5,20.3125,73.4375,100,100,100,100,100,87.5,100,100,59.375,62.5,100,35.9375,89.0625,100,96.875,89.0625,100,100,100,100,90.625,54.6875,100,100,100,75,100,45.3125,92.1875,65.625,54.6875,40.625,89.0625,89.0625,100,100,85.9375,51.5625,75,54.6875,43.75,100,100,75,59.375,60.9375,100,79.6875,92.1875,93.75,100,89.0625,100,40.625,81.25,82.8125,56.25,78.125,100,92.1875,90.625,100,100,85.9375,100,67.1875,96.875,93.75,100,100,100,73.4375,32.8125,28.125,100,100,89.0625,100,76.5625,85.9375,100,73.4375,62.5,89.0625,34.375,100,100,100,100,78.125,100,50,50,85.9375,60.9375,90.625,100,100,100,87.5,100,100,70.3125,35.9375,92.1875,100,73.4375,73.4375,100,100,48.4375,100,100,59.375,100,100,100,67.1875,100,100,93.75,65.625,85.9375,100,95.3125,100,100,100,89.0625,100,100,100,10.9375,100,100,82.8125,100,84.375,90.625,71.875,100,100,73.4375,71.875,100,95.3125,100,76.5625,93.75,76.5625,100,98.4375,78.125,100,100,93.75,46.875,100,100,98.4375,81.25,78.125,100,100,100,100,100,100,93.75,90.625,40.625,100,78.125,34.375,73.4375,100,75,100,100,100,100,100,100,100,100,100,90.625,95.3125,100,93.75,100,100,100,100,100,31.25,100,100,62.5,100,71.875,100,93.75,100,100,100,87.5,76.5625,84.375,100,37.5,54.6875,45.3125,100,84.375,100,100,60.9375,81.25,100,100,100,100,59.375,100,85.9375,100,100,93.75,70.3125,100,100,100,100,48.4375,89.0625,100,100,92.1875,96.875,100,100,100,100,95.3125,100,78.125,53.125,82.8125,89.0625,59.375,56.25,70.3125,71.875,100,89.0625,100,100,81.25,100,87.5,76.5625,68.75,65.625,100,89.0625,79.6875,100,100,53.125,100,100,100,100,100,26.5625,89.0625,100,90.625,100,25,89.0625,100,75,100,100,100,81.25,100,100,100,100,95.3125,98.4375,100,100,100,87.5,100,100,100,100,100,100,100,59.375,100,87.5,100,82.8125,100,100,100,100,93.75,71.875,56.25,73.4375,100,100,90.625,100,100,92.1875,87.5,100,90.625,100,57.8125,100,100,100,71.875,54.6875,100,89.0625,100,100,85.9375,100,51.5625,82.8125,84.375,65.625,100,100,85.9375,100,90.625,98.4375,100,100,64.0625,59.375,100,50,28.125,100,95.3125,78.125,29.6875,35.9375,87.5,100,100,100,95.3125,100,37.5,18.75,100,100,100,100,93.75,100,100,100,100,100,92.1875,59.375,100,100,100,84.375,93.75,100,100,100,100,81.25,100,68.75,60.9375,100,100,100,100,85.9375,100,100,100,100,40.625,45.3125,100,95.3125,100,62.5,76.5625,64.0625,70.3125,100,100,26.5625,54.6875,62.5,64.0625,78.125,100,100,100,100,100,78.125,89.0625,98.4375,100,100,100,85.9375,100,100,100,100,100,100,48.4375,100,25,85.9375,100,100,100,100,100,70.3125,100,31.25,51.5625,100,100,85.9375,78.125,100,100,100,100,37.5,79.6875,59.375,84.375,100,34.375,100,76.5625,89.0625,100,100,42.1875,100,90.625,100,76.5625,100,93.75,29.6875,68.75,100,26.5625,100,53.125,100,100,75,100,100,100,34.375,78.125,98.4375,81.25,100,100,87.5,6.25,40.625,31.25,84.375,71.875,73.4375,100,14.0625,81.25,93.75,45.3125,100,70.3125,100,100,100,100,68.75,84.375,100,87.5,100,100,82.8125,81.25,17.1875,100,96.875,98.4375,65.625,100,56.25,98.4375,90.625,100,73.4375,89.0625,51.5625,57.8125,100,100,87.5,81.25,100,50,100,90.625,100,100,89.0625,87.5,25,100,100,84.375,100,100,100,100,100,82.8125,100,84.375,100,100,90.625,100,73.4375,48.4375,100,100,100,64.0625,100,68.75,100,45.3125,35.9375,100,65.625,79.6875,100,31.25,100,100,100,75,40.625,95.3125,57.8125,95.3125,92.1875,100,92.1875,60.9375,34.375,60.9375,73.4375,100,100,93.75,93.75,100,54.6875,32.8125,100,100,73.4375,60.9375,89.0625,100,67.1875,85.9375,95.3125,100,37.5,100,100,100,100,64.0625,100,100,100,100,85.9375,45.3125,100,100,100,79.6875,100,100,37.5,100,100,64.0625,100,100,62.5,71.875,100,100,78.125,100,48.4375,100,23.4375,64.0625,100,68.75,100,100,78.125,73.4375,100,90.625,100,100,100,100,100,84.375,54.6875,53.125,95.3125,43.75,100,100,100,92.1875,100,50,100,100,90.625,100,98.4375,100,53.125,100,100,76.5625,62.5,100,79.6875,100,100,95.3125,100,76.5625,78.125,100,100,100,100,42.1875,100,100,67.1875,100,100,82.8125,100,100,100,93.75,81.25,100,100,68.75,42.1875,59.375,64.0625,100,96.875,100,100,100,35.9375,100,87.5,100,100,90.625,100,100,59.375,31.25,89.0625,100,100,23.4375,100,100,4.6875,45.3125,100,10.9375,100,100,73.4375,60.9375,92.1875,87.5,100,100,96.875,100,100,100,34.375,100,100,100,71.875,100,100,100,100,100,51.5625,100,90.625,7.8125,100,100,100,75,81.25,95.3125,100,100,100,100,100,100,93.75,82.8125,59.375,100,100,60.9375,100,70.3125,100,76.5625,89.0625,70.3125,75,100,31.25,100,98.4375,100,76.5625,82.8125,100,100,100,46.875,54.6875,100,100,84.375,100,100,84.375,100,87.5,59.375,95.3125,100,100,100,43.75,100,90.625,100,100,40.625,71.875,100,100,100,64.0625,65.625,25,100,90.625,100,100,60.9375,100,100,73.4375,59.375,100,100,78.125,95.3125,82.8125,100,43.75,100,100,87.5,96.875,23.4375,51.5625,65.625,70.3125,39.0625,100,87.5,100,100,57.8125,100,100,64.0625,100,84.375,75,92.1875,67.1875,84.375,100,17.1875,100,100,65.625,100,100,79.6875,100,100,43.75,59.375,92.1875,100,84.375,100,100,92.1875,65.625,59.375,100,100,100,100,95.3125,100,100,100,78.125,64.0625,90.625,100,62.5,100,100,100,100,100,90.625,100,100,17.1875,100,34.375,100,90.625,100,100,29.6875,40.625,75,100,12.5,40.625,100,81.25,100,100,75,65.625,100,100,75,100,65.625,68.75,78.125,29.6875,100,100,90.625,100,56.25,100,100,28.125,100,84.375,100,53.125,10.9375,100,78.125,54.6875,100,78.125,78.125,79.6875,95.3125,21.875,93.75,54.6875,87.5,100,100,71.875,85.9375,96.875,100,93.75,100,100,100,100,100,100,95.3125,71.875,100,90.625,100,100,73.4375,70.3125,90.625,67.1875,100,100,100,100,100,100,57.8125,42.1875,98.4375,100,100,100,65.625,100,100,100,100,53.125,57.8125,100,54.6875,87.5,78.125,100,34.375,100,56.25,100,100,100,78.125,100,96.875,96.875,92.1875,100,100,92.1875,100,85.9375,98.4375,100,100,100,65.625,53.125,53.125,98.4375,100,100,29.6875,82.8125,100,100,100,100,100,100,100,56.25,26.5625,100,96.875,100,100,100,65.625,100,21.875,76.5625,100,100,90.625,100,64.0625,100,73.4375,87.5,25,79.6875,100,100,100,100,100,100,100,100,48.4375,51.5625,100,84.375,96.875,35.9375,100,28.125,100,100,14.0625,54.6875,100,100,50,100,76.5625,89.0625,81.25,100,100,100,79.6875,81.25,100,84.375,100,37.5,100,100,81.25,45.3125,65.625,100,100,100,98.4375,100,100,82.8125,65.625,100,59.375,70.3125,89.0625,100,78.125,100,100,98.4375,60.9375,100,90.625,93.75,100,100,100,100,73.4375,54.6875,70.3125,59.375,100,100,64.0625,100,100,57.8125,100,100,96.875,100,100,92.1875,100,60.9375,64.0625,39.0625,100,50,46.875,54.6875,100,59.375,100,100,90.625,93.75,85.9375,100,78.125,100,81.25,100,95.3125,100,100,100,48.4375,100,100,67.1875,90.625,40.625,100,76.5625,9.375,95.3125,100,100,100,98.4375,100,100,100,100,56.25,37.5,100,48.4375,100,92.1875,100,45.3125,100,100,96.875,60.9375,20.3125,100,100,100,100,73.4375,100,100,54.6875,100,100,57.8125,100,73.4375,100,100,100,100,90.625,100,65.625,100,14.0625,89.0625,50,100,85.9375,100,62.5,100,81.25,85.9375,100,84.375,100,53.125,100,100,37.5,31.25,100,54.6875,100,100,100,75,96.875,81.25,100,100,100,100,51.5625,100,100,96.875,79.6875,93.75,100,100,29.6875,92.1875,64.0625,56.25,100,100,98.4375,81.25,93.75,100,100,65.625,84.375,100,85.9375,71.875,78.125,92.1875,81.25,100,95.3125,90.625,87.5,100,84.375,65.625,93.75,79.6875,100,100,100,96.875,100,100,42.1875,68.75,87.5,89.0625,25,45.3125,100,100,100,46.875,100,100,100,100,100,89.0625,75,98.4375,78.125,100,90.625,100,68.75,100,100,76.5625,85.9375,100,59.375,100,51.5625,79.6875,81.25,100,67.1875,56.25,100,100,100,100,70.3125,50,100,100,50,100,100,68.75,65.625,100,100,64.0625,90.625,76.5625,100,100,76.5625,93.75,100,100,100,100,43.75,100,79.6875,43.75,100,100,60.9375,100,100,85.9375,100,100,100,87.5,100,90.625,92.1875,100,100,100,85.9375,64.0625,100,39.0625,100,71.875,100,100,87.5,100,100,84.375,100,35.9375,37.5,56.25,95.3125,62.5,100,100,98.4375,100,95.3125,100,100,84.375,56.25,45.3125,100,100,100,100,100,81.25,100,14.0625,100,84.375,85.9375,59.375,100,85.9375,100,95.3125,73.4375,100,21.875,96.875,78.125,51.5625,48.4375,34.375,100,100,100,100,54.6875,85.9375,70.3125,59.375,71.875,100,100,53.125,96.875,81.25,87.5,100,100,100,100,59.375,100,100,90.625,100,100,100,84.375,100,100,17.1875,100,56.25,100,100,42.1875,100,40.625,100,84.375,81.25,100,50,48.4375,93.75,100,29.6875,85.9375,100,100,100,100,70.3125,92.1875,28.125,100,100,100,90.625,100,79.6875,60.9375,31.25,100,100,48.4375,67.1875,100,100,42.1875,100,100,37.5,100,68.75,100,100,100,85.9375,84.375,62.5,100,100,95.3125,90.625,46.875,48.4375,53.125,31.25,89.0625,48.4375,100,100,70.3125,100,64.0625,100,100,100,100,100,100,51.5625,100,98.4375,100,100,100,100,100,65.625,78.125,100,26.5625,100,100,100,100,100,60.9375,1.5625,100,10.9375,32.8125,100,73.4375,100,100,100,65.625,100,100,100,82.8125,100,100,100,100,100,82.8125,100,98.4375,100,65.625,59.375,100,53.125,100,100,100,73.4375,100,59.375,64.0625,100,100,53.125,100,100,98.4375,100,100,92.1875,100,100,100,100,100,57.8125,26.5625,100,85.9375,100,100,100,100,62.5,100,90.625,64.0625,31.25,46.875,100,100,70.3125,100,93.75,100,92.1875,59.375,100,70.3125,62.5,100,90.625,100,100,51.5625,100,100,96.875,78.125,100,100,32.8125,71.875,96.875,50,64.0625,100,100,73.4375,84.375,95.3125,79.6875,31.25,60.9375,25,100,90.625,100,26.5625,100,59.375,32.8125,100,100,100,100,100,100,64.0625,100,56.25,100,100,53.125,100,56.25,100,62.5,84.375,100,100,100,59.375,100,100,100,65.625,100,100
"6103",89.0625,100,48.4375,100,100,71.875,95.3125,100,21.875,98.4375,59.375,100,100,100,100,76.5625,85.9375,78.125,25,100,96.875,100,100,100,65.625,100,100,93.75,81.25,100,100,100,100,87.5,100,98.4375,82.8125,100,100,100,100,9.375,96.875,100,100,100,100,100,68.75,81.25,45.3125,100,100,70.3125,84.375,100,10.9375,100,100,42.1875,90.625,54.6875,85.9375,100,100,100,60.9375,100,78.125,100,56.25,65.625,100,93.75,90.625,82.8125,100,82.8125,51.5625,100,78.125,100,84.375,68.75,71.875,100,100,28.125,100,100,56.25,82.8125,100,48.4375,87.5,100,100,64.0625,100,100,100,100,100,92.1875,100,42.1875,100,62.5,85.9375,100,87.5,84.375,100,100,40.625,100,100,100,100,100,79.6875,100,100,82.8125,92.1875,60.9375,100,18.75,100,100,100,100,100,100,100,62.5,65.625,78.125,100,100,100,73.4375,100,54.6875,100,100,100,26.5625,51.5625,79.6875,60.9375,21.875,79.6875,89.0625,98.4375,89.0625,76.5625,100,100,100,100,100,78.125,100,89.0625,71.875,100,87.5,48.4375,100,100,71.875,100,100,100,100,84.375,100,100,100,65.625,98.4375,100,100,96.875,100,48.4375,73.4375,100,84.375,100,100,85.9375,100,100,100,87.5,87.5,100,100,35.9375,100,96.875,100,100,100,100,14.0625,73.4375,100,68.75,100,57.8125,100,82.8125,78.125,48.4375,85.9375,75,50,85.9375,84.375,100,85.9375,100,53.125,96.875,60.9375,100,100,73.4375,78.125,100,85.9375,100,100,89.0625,100,79.6875,100,100,100,100,85.9375,100,34.375,100,84.375,100,62.5,100,53.125,15.625,95.3125,100,90.625,100,71.875,100,100,98.4375,98.4375,35.9375,93.75,90.625,90.625,100,100,100,100,40.625,54.6875,100,39.0625,100,67.1875,31.25,90.625,60.9375,82.8125,90.625,100,26.5625,100,100,68.75,50,98.4375,100,100,82.8125,100,26.5625,50,100,100,100,82.8125,64.0625,75,56.25,100,71.875,84.375,100,84.375,100,21.875,89.0625,100,100,60.9375,50,100,65.625,100,100,100,68.75,40.625,90.625,100,51.5625,100,78.125,71.875,92.1875,100,100,65.625,85.9375,100,62.5,100,100,40.625,100,87.5,100,100,100,82.8125,35.9375,37.5,70.3125,67.1875,37.5,100,62.5,76.5625,100,42.1875,100,70.3125,70.3125,100,100,75,46.875,100,85.9375,92.1875,100,96.875,85.9375,50,15.625,89.0625,98.4375,100,96.875,100,93.75,79.6875,76.5625,100,95.3125,100,100,100,84.375,81.25,95.3125,100,100,100,100,100,60.9375,90.625,100,95.3125,100,100,100,78.125,100,62.5,100,29.6875,100,100,100,100,100,32.8125,59.375,100,79.6875,96.875,92.1875,96.875,100,90.625,100,96.875,32.8125,50,100,75,64.0625,100,100,100,100,40.625,43.75,100,96.875,100,82.8125,100,82.8125,100,100,70.3125,59.375,100,98.4375,100,100,93.75,100,81.25,96.875,51.5625,100,100,87.5,93.75,95.3125,100,100,100,85.9375,68.75,100,100,100,100,76.5625,73.4375,75,100,45.3125,53.125,100,100,100,100,73.4375,62.5,75,100,100,68.75,100,100,100,95.3125,70.3125,100,87.5,64.0625,100,100,59.375,100,100,59.375,100,15.625,79.6875,100,64.0625,100,100,100,35.9375,100,75,100,100,100,85.9375,100,93.75,84.375,100,100,60.9375,75,100,100,100,100,100,100,100,100,89.0625,81.25,62.5,64.0625,35.9375,93.75,100,100,53.125,100,34.375,100,89.0625,100,84.375,71.875,100,79.6875,82.8125,100,100,100,100,35.9375,48.4375,100,81.25,100,100,76.5625,84.375,100,100,100,93.75,48.4375,100,100,73.4375,100,100,71.875,100,100,96.875,100,81.25,76.5625,100,100,76.5625,100,92.1875,100,34.375,71.875,100,70.3125,78.125,100,84.375,100,100,100,92.1875,100,56.25,68.75,100,62.5,100,71.875,100,100,100,84.375,79.6875,75,76.5625,96.875,100,100,100,100,73.4375,100,60.9375,60.9375,100,76.5625,100,100,76.5625,100,60.9375,100,71.875,100,100,100,100,100,100,87.5,100,100,100,100,100,89.0625,78.125,100,79.6875,100,100,100,100,98.4375,100,100,100,100,56.25,96.875,70.3125,78.125,87.5,62.5,100,92.1875,100,87.5,92.1875,100,42.1875,6.25,87.5,57.8125,29.6875,100,100,100,100,100,100,81.25,100,85.9375,46.875,59.375,48.4375,62.5,67.1875,98.4375,59.375,71.875,100,40.625,82.8125,73.4375,40.625,81.25,95.3125,54.6875,85.9375,100,100,100,100,100,100,75,67.1875,43.75,68.75,100,31.25,79.6875,73.4375,81.25,46.875,100,56.25,100,100,100,100,100,100,59.375,100,75,89.0625,70.3125,100,100,62.5,70.3125,100,84.375,65.625,100,100,100,73.4375,15.625,100,100,100,67.1875,100,70.3125,100,100,100,87.5,100,100,100,100,100,14.0625,68.75,100,100,100,59.375,100,100,35.9375,87.5,92.1875,78.125,40.625,68.75,78.125,100,62.5,79.6875,100,100,100,75,100,67.1875,92.1875,100,100,100,48.4375,67.1875,87.5,75,6.25,100,100,68.75,45.3125,100,42.1875,84.375,100,95.3125,93.75,100,100,84.375,100,100,100,100,100,51.5625,46.875,100,100,79.6875,100,39.0625,100,100,59.375,82.8125,100,100,39.0625,100,100,100,78.125,100,90.625,100,89.0625,57.8125,100,37.5,70.3125,100,100,60.9375,100,87.5,100,100,100,100,95.3125,60.9375,100,100,76.5625,100,35.9375,100,29.6875,100,70.3125,81.25,93.75,42.1875,67.1875,59.375,100,60.9375,100,100,100,84.375,70.3125,100,100,100,68.75,98.4375,76.5625,48.4375,64.0625,100,100,82.8125,100,73.4375,100,89.0625,100,56.25,100,100,100,100,100,100,100,100,60.9375,46.875,100,42.1875,95.3125,67.1875,100,59.375,76.5625,100,29.6875,100,100,57.8125,100,70.3125,89.0625,85.9375,78.125,100,98.4375,98.4375,82.8125,100,100,73.4375,67.1875,100,100,26.5625,98.4375,60.9375,62.5,100,100,100,100,100,81.25,100,90.625,100,78.125,100,100,48.4375,100,67.1875,60.9375,100,40.625,35.9375,100,90.625,100,100,20.3125,98.4375,92.1875,85.9375,100,70.3125,100,100,100,65.625,81.25,79.6875,100,95.3125,100,100,64.0625,96.875,100,34.375,68.75,100,100,100,67.1875,100,100,92.1875,100,100,100,93.75,93.75,100,100,100,100,100,100,67.1875,68.75,64.0625,100,100,60.9375,34.375,100,95.3125,100,100,100,84.375,48.4375,29.6875,100,46.875,78.125,70.3125,73.4375,100,10.9375,100,100,100,100,100,100,100,100,100,100,59.375,87.5,100,100,92.1875,76.5625,93.75,14.0625,51.5625,100,67.1875,100,51.5625,84.375,100,59.375,100,79.6875,100,100,100,68.75,100,100,84.375,32.8125,56.25,75,87.5,100,78.125,32.8125,95.3125,100,100,100,100,100,82.8125,100,100,64.0625,76.5625,71.875,70.3125,100,100,100,100,100,100,100,71.875,100,78.125,100,98.4375,100,100,100,100,85.9375,100,90.625,100,92.1875,100,100,100,100,67.1875,95.3125,100,82.8125,73.4375,87.5,100,76.5625,82.8125,100,81.25,100,100,62.5,100,65.625,100,100,100,100,100,37.5,100,100,89.0625,95.3125,93.75,48.4375,76.5625,100,100,98.4375,75,17.1875,100,100,100,95.3125,100,100,100,100,100,85.9375,82.8125,65.625,75,90.625,96.875,100,90.625,100,87.5,100,100,100,100,75,70.3125,85.9375,59.375,93.75,87.5,100,84.375,50,100,82.8125,100,53.125,100,100,100,100,100,39.0625,100,84.375,100,100,100,57.8125,100,100,56.25,65.625,100,93.75,100,85.9375,100,81.25,54.6875,82.8125,100,100,100,100,100,100,100,100,42.1875,34.375,100,100,100,100,100,100,57.8125,70.3125,93.75,100,100,62.5,100,43.75,100,82.8125,75,100,100,100,85.9375,96.875,100,85.9375,73.4375,100,96.875,100,100,85.9375,40.625,100,70.3125,51.5625,29.6875,100,70.3125,93.75,100,100,100,87.5,51.5625,100,92.1875,31.25,100,100,14.0625,100,100,100,100,100,100,100,100,67.1875,98.4375,59.375,31.25,60.9375,100,28.125,100,73.4375,95.3125,79.6875,100,96.875,54.6875,100,100,65.625,100,82.8125,100,100,100,43.75,100,54.6875,87.5,100,100,100,100,26.5625,65.625,100,100,84.375,89.0625,26.5625,100,48.4375,100,100,100,100,39.0625,67.1875,100,73.4375,100,85.9375,100,82.8125,100,98.4375,70.3125,53.125,87.5,71.875,100,100,79.6875,84.375,92.1875,67.1875,60.9375,56.25,100,84.375,67.1875,89.0625,100,82.8125,62.5,100,35.9375,92.1875,100,96.875,100,100,100,100,100,75,100,100,100,100,100,95.3125,100,92.1875,68.75,100,100,51.5625,100,90.625,100,84.375,100,100,59.375,65.625,100,100,70.3125,100,100,89.0625,100,100,100,100,89.0625,64.0625,95.3125,100,100,79.6875,100,43.75,100,51.5625,53.125,54.6875,84.375,89.0625,100,100,89.0625,51.5625,51.5625,56.25,45.3125,100,100,76.5625,59.375,100,43.75,81.25,82.8125,95.3125,100,90.625,100,56.25,79.6875,73.4375,54.6875,95.3125,100,84.375,78.125,18.75,100,85.9375,84.375,64.0625,98.4375,93.75,100,100,100,73.4375,35.9375,29.6875,100,87.5,96.875,100,81.25,73.4375,100,73.4375,87.5,100,40.625,100,100,54.6875,100,76.5625,100,57.8125,50,75,56.25,90.625,100,76.5625,100,78.125,100,100,71.875,37.5,90.625,100,76.5625,73.4375,100,100,50,90.625,100,67.1875,100,100,100,70.3125,100,100,100,100,85.9375,100,100,100,100,100,76.5625,100,100,100,64.0625,100,100,100,100,82.8125,85.9375,71.875,100,100,70.3125,71.875,100,90.625,100,76.5625,93.75,75,100,98.4375,82.8125,100,100,96.875,62.5,90.625,100,90.625,81.25,78.125,100,100,87.5,100,43.75,100,10.9375,100,100,100,68.75,50,68.75,100,68.75,100,100,100,100,100,100,100,100,100,90.625,92.1875,100,100,100,100,100,100,100,100,100,100,65.625,100,71.875,100,92.1875,90.625,100,100,95.3125,75,85.9375,98.4375,35.9375,92.1875,45.3125,100,100,100,100,100,85.9375,100,100,100,100,59.375,100,59.375,100,100,100,64.0625,100,100,100,100,48.4375,100,100,100,93.75,100,100,95.3125,100,100,95.3125,100,75,40.625,82.8125,56.25,54.6875,100,81.25,71.875,100,100,100,100,29.6875,100,87.5,87.5,73.4375,67.1875,100,100,68.75,100,100,71.875,100,100,100,100,82.8125,46.875,93.75,100,89.0625,100,20.3125,81.25,100,89.0625,100,100,100,100,100,92.1875,100,100,89.0625,100,100,100,84.375,100,100,92.1875,100,100,100,54.6875,100,37.5,100,100,100,82.8125,100,100,100,100,7.8125,71.875,65.625,71.875,100,100,87.5,100,100,90.625,100,100,92.1875,100,21.875,100,100,100,73.4375,57.8125,100,79.6875,100,100,29.6875,100,59.375,81.25,75,65.625,100,100,87.5,100,100,100,100,100,59.375,85.9375,100,51.5625,45.3125,100,95.3125,100,100,39.0625,87.5,100,100,100,95.3125,60.9375,37.5,20.3125,100,100,100,100,89.0625,100,100,100,100,100,100,57.8125,96.875,20.3125,100,90.625,87.5,100,98.4375,100,100,95.3125,79.6875,68.75,48.4375,100,100,100,100,95.3125,100,100,100,100,23.4375,39.0625,100,100,100,68.75,75,79.6875,62.5,75,100,43.75,45.3125,62.5,76.5625,82.8125,100,100,100,100,100,85.9375,93.75,100,100,100,100,82.8125,100,100,100,100,100,100,48.4375,100,32.8125,85.9375,100,100,79.6875,100,100,54.6875,100,48.4375,50,100,100,54.6875,84.375,100,100,100,100,45.3125,75,65.625,84.375,100,35.9375,92.1875,73.4375,84.375,100,10.9375,100,79.6875,84.375,100,76.5625,100,100,51.5625,68.75,100,18.75,100,56.25,95.3125,100,76.5625,100,100,100,62.5,100,100,79.6875,100,100,90.625,7.8125,40.625,50,73.4375,70.3125,78.125,100,100,84.375,93.75,45.3125,100,70.3125,100,100,100,100,70.3125,84.375,100,87.5,100,64.0625,82.8125,100,100,100,37.5,82.8125,65.625,81.25,59.375,100,100,100,73.4375,92.1875,14.0625,79.6875,50,100,67.1875,79.6875,100,64.0625,100,100,100,100,93.75,98.4375,18.75,100,100,75,100,100,100,95.3125,89.0625,82.8125,100,82.8125,100,100,93.75,100,89.0625,45.3125,95.3125,96.875,100,62.5,100,90.625,100,43.75,35.9375,100,71.875,79.6875,100,31.25,93.75,100,100,90.625,82.8125,100,70.3125,100,87.5,100,18.75,59.375,34.375,31.25,73.4375,100,100,93.75,73.4375,100,100,31.25,25,100,78.125,35.9375,89.0625,100,70.3125,85.9375,92.1875,62.5,37.5,100,32.8125,100,100,64.0625,65.625,100,100,100,100,45.3125,100,100,100,100,84.375,100,100,89.0625,95.3125,100,100,100,57.8125,68.75,100,100,64.0625,100,48.4375,100,100,82.8125,100,75,100,100,87.5,75,100,89.0625,100,100,100,100,100,82.8125,59.375,100,100,78.125,100,100,100,100,100,100,100,53.125,96.875,100,89.0625,25,62.5,100,92.1875,100,60.9375,100,84.375,100,100,65.625,100,76.5625,85.9375,100,100,100,57.8125,81.25,100,100,67.1875,100,100,70.3125,100,100,40.625,93.75,73.4375,85.9375,100,71.875,34.375,59.375,81.25,100,100,100,100,100,35.9375,100,93.75,100,100,93.75,100,100,67.1875,79.6875,82.8125,100,100,48.4375,100,59.375,6.25,42.1875,100,56.25,100,100,100,81.25,92.1875,81.25,100,100,93.75,70.3125,100,100,9.375,100,100,100,71.875,100,73.4375,100,100,100,39.0625,100,100,12.5,100,100,100,59.375,81.25,100,92.1875,98.4375,100,100,100,100,87.5,100,64.0625,82.8125,100,57.8125,100,68.75,100,79.6875,85.9375,70.3125,75,100,100,100,100,100,100,85.9375,100,96.875,68.75,51.5625,53.125,100,100,59.375,100,100,79.6875,100,84.375,60.9375,100,100,100,100,50,100,100,100,100,40.625,95.3125,100,100,100,62.5,70.3125,28.125,87.5,78.125,100,100,39.0625,100,100,25,59.375,100,84.375,64.0625,87.5,76.5625,100,42.1875,100,100,87.5,96.875,20.3125,56.25,75,67.1875,39.0625,100,84.375,100,100,53.125,100,100,64.0625,100,89.0625,75,92.1875,64.0625,95.3125,100,17.1875,100,84.375,67.1875,100,87.5,100,100,100,48.4375,60.9375,89.0625,100,78.125,100,100,98.4375,57.8125,59.375,100,98.4375,100,100,100,100,100,73.4375,73.4375,68.75,98.4375,96.875,62.5,100,100,79.6875,100,100,78.125,100,100,23.4375,100,82.8125,100,100,84.375,59.375,26.5625,48.4375,68.75,100,57.8125,40.625,100,81.25,100,29.6875,73.4375,62.5,89.0625,100,79.6875,100,65.625,68.75,78.125,100,100,100,100,100,48.4375,84.375,100,68.75,100,84.375,87.5,40.625,10.9375,100,40.625,53.125,100,82.8125,70.3125,79.6875,92.1875,23.4375,95.3125,54.6875,85.9375,100,100,71.875,18.75,100,100,89.0625,100,100,93.75,100,100,82.8125,95.3125,73.4375,92.1875,90.625,100,100,81.25,98.4375,89.0625,67.1875,100,100,100,100,100,95.3125,62.5,42.1875,93.75,100,100,100,85.9375,50,100,100,100,60.9375,100,100,54.6875,40.625,75,100,35.9375,100,75,100,100,90.625,100,100,98.4375,95.3125,85.9375,100,100,79.6875,100,92.1875,89.0625,100,100,100,67.1875,56.25,50,98.4375,100,100,29.6875,82.8125,100,100,100,100,67.1875,100,100,62.5,62.5,100,100,100,100,100,96.875,100,68.75,87.5,100,100,100,100,100,100,70.3125,84.375,21.875,73.4375,100,100,100,100,100,100,98.4375,100,100,51.5625,96.875,64.0625,87.5,54.6875,100,26.5625,100,100,85.9375,54.6875,100,100,54.6875,100,71.875,89.0625,100,100,100,96.875,87.5,100,100,87.5,100,39.0625,100,100,81.25,67.1875,48.4375,100,20.3125,100,98.4375,100,100,82.8125,60.9375,100,59.375,62.5,100,100,78.125,100,100,98.4375,50,100,100,100,96.875,100,100,100,70.3125,50,81.25,59.375,100,100,64.0625,100,100,62.5,100,100,81.25,100,100,84.375,100,56.25,68.75,37.5,100,51.5625,76.5625,71.875,100,56.25,62.5,82.8125,90.625,92.1875,87.5,100,100,100,87.5,100,68.75,100,100,100,53.125,100,100,48.4375,46.875,100,100,98.4375,100,93.75,100,23.4375,31.25,100,100,100,100,100,67.1875,40.625,100,26.5625,100,90.625,100,48.4375,100,100,100,57.8125,100,90.625,100,100,100,67.1875,100,100,100,100,100,71.875,100,73.4375,100,100,100,100,92.1875,100,65.625,100,100,76.5625,68.75,100,76.5625,59.375,62.5,100,73.4375,81.25,100,90.625,100,51.5625,100,100,39.0625,31.25,100,53.125,100,100,100,75,96.875,71.875,100,100,100,100,50,100,100,98.4375,75,93.75,100,100,17.1875,82.8125,64.0625,75,100,100,84.375,75,100,100,100,64.0625,81.25,100,93.75,25,73.4375,92.1875,96.875,100,100,73.4375,100,100,100,71.875,100,78.125,100,100,100,96.875,54.6875,100,76.5625,68.75,100,87.5,18.75,46.875,100,100,100,46.875,64.0625,100,100,100,100,78.125,75,98.4375,82.8125,100,98.4375,100,68.75,100,87.5,82.8125,51.5625,100,67.1875,100,43.75,79.6875,81.25,100,70.3125,54.6875,100,100,100,100,70.3125,73.4375,100,100,100,100,100,71.875,37.5,100,100,60.9375,93.75,78.125,100,100,84.375,84.375,100,100,100,100,40.625,100,73.4375,50,100,100,67.1875,100,100,96.875,37.5,100,100,100,100,92.1875,92.1875,87.5,100,100,68.75,53.125,82.8125,67.1875,100,87.5,100,100,89.0625,100,100,75,100,35.9375,25,53.125,25,64.0625,20.3125,100,100,100,87.5,98.4375,100,53.125,54.6875,43.75,100,100,100,100,100,79.6875,100,28.125,100,71.875,100,64.0625,100,85.9375,100,59.375,71.875,98.4375,18.75,96.875,85.9375,64.0625,48.4375,25,100,100,42.1875,100,54.6875,79.6875,100,59.375,67.1875,76.5625,100,50,96.875,75,73.4375,12.5,100,100,100,70.3125,100,100,90.625,100,100,100,84.375,100,100,26.5625,100,53.125,100,100,45.3125,100,45.3125,100,84.375,64.0625,100,50,42.1875,87.5,100,28.125,84.375,96.875,100,95.3125,100,78.125,100,29.6875,100,100,100,100,100,81.25,34.375,45.3125,100,100,50,64.0625,100,100,85.9375,100,100,39.0625,100,59.375,100,100,100,82.8125,100,75,100,100,90.625,89.0625,56.25,50,53.125,15.625,46.875,100,100,100,90.625,100,73.4375,100,100,100,100,100,100,81.25,100,100,100,100,100,100,100,65.625,100,100,26.5625,37.5,100,100,100,100,100,1.5625,98.4375,18.75,28.125,100,81.25,100,85.9375,100,71.875,100,100,100,98.4375,53.125,100,100,100,75,82.8125,100,95.3125,100,17.1875,59.375,100,56.25,100,100,18.75,76.5625,100,40.625,64.0625,100,100,50,100,100,89.0625,100,100,79.6875,100,100,100,89.0625,100,60.9375,29.6875,100,100,100,100,18.75,100,62.5,100,90.625,70.3125,31.25,57.8125,100,100,70.3125,100,90.625,100,100,59.375,100,67.1875,60.9375,84.375,90.625,98.4375,100,59.375,100,100,96.875,93.75,100,100,51.5625,70.3125,100,40.625,64.0625,100,100,67.1875,84.375,100,79.6875,31.25,48.4375,57.8125,100,100,100,54.6875,100,60.9375,34.375,100,62.5,100,100,100,100,67.1875,100,48.4375,90.625,100,53.125,100,57.8125,100,43.75,89.0625,100,98.4375,100,57.8125,100,100,100,73.4375,100,100
"6104",89.0625,100,50,100,100,75,95.3125,100,21.875,98.4375,78.125,96.875,100,100,100,76.5625,82.8125,85.9375,100,100,96.875,100,100,100,75,100,100,90.625,82.8125,100,64.0625,100,100,95.3125,100,89.0625,82.8125,100,100,98.4375,79.6875,56.25,85.9375,100,100,100,100,100,70.3125,81.25,42.1875,100,100,87.5,76.5625,100,32.8125,100,100,42.1875,84.375,59.375,85.9375,100,100,100,59.375,100,79.6875,100,56.25,73.4375,100,98.4375,59.375,100,100,100,53.125,100,73.4375,100,85.9375,70.3125,93.75,100,100,37.5,100,100,56.25,82.8125,100,45.3125,68.75,76.5625,100,62.5,100,100,90.625,100,100,90.625,100,51.5625,100,82.8125,85.9375,100,85.9375,73.4375,100,100,40.625,100,100,100,100,100,85.9375,100,100,82.8125,92.1875,60.9375,100,18.75,100,50,100,100,100,100,100,62.5,56.25,78.125,100,100,100,70.3125,100,96.875,100,100,89.0625,100,60.9375,81.25,59.375,17.1875,79.6875,92.1875,87.5,89.0625,76.5625,100,100,100,100,100,76.5625,100,89.0625,71.875,28.125,89.0625,45.3125,100,100,70.3125,100,100,100,100,84.375,100,100,100,100,40.625,100,100,100,100,46.875,34.375,53.125,95.3125,93.75,100,76.5625,100,100,100,100,87.5,100,100,37.5,100,95.3125,100,100,100,100,12.5,82.8125,100,67.1875,100,20.3125,45.3125,87.5,78.125,42.1875,67.1875,45.3125,60.9375,100,82.8125,100,100,100,53.125,100,100,84.375,100,82.8125,78.125,100,100,100,100,92.1875,100,100,100,100,100,100,100,100,34.375,100,85.9375,100,50,100,76.5625,60.9375,100,100,92.1875,100,60.9375,100,100,98.4375,98.4375,34.375,100,39.0625,100,100,100,81.25,100,40.625,56.25,100,100,75,65.625,42.1875,100,59.375,100,90.625,100,42.1875,100,100,73.4375,50,98.4375,100,100,79.6875,100,25,53.125,100,100,100,87.5,64.0625,75,40.625,100,70.3125,75,100,85.9375,76.5625,20.3125,87.5,100,100,100,48.4375,100,100,100,100,100,71.875,40.625,87.5,100,51.5625,32.8125,73.4375,71.875,93.75,59.375,100,100,100,100,71.875,93.75,100,40.625,100,87.5,100,100,84.375,81.25,35.9375,37.5,65.625,64.0625,39.0625,100,100,73.4375,100,78.125,100,100,68.75,100,73.4375,68.75,57.8125,100,87.5,95.3125,100,100,81.25,51.5625,18.75,98.4375,98.4375,100,100,100,96.875,81.25,100,100,100,100,92.1875,100,87.5,100,100,100,100,14.0625,100,100,79.6875,32.8125,100,73.4375,100,100,100,81.25,100,100,92.1875,57.8125,100,100,100,100,100,100,59.375,100,79.6875,82.8125,100,92.1875,100,100,100,100,34.375,50,100,76.5625,60.9375,100,100,100,100,65.625,42.1875,100,92.1875,100,82.8125,100,81.25,100,100,62.5,56.25,100,100,100,67.1875,93.75,100,100,89.0625,100,100,100,87.5,93.75,92.1875,100,100,100,82.8125,71.875,100,100,100,100,76.5625,73.4375,70.3125,100,89.0625,54.6875,100,100,100,100,100,59.375,65.625,100,100,68.75,35.9375,59.375,100,98.4375,100,100,87.5,67.1875,100,100,57.8125,100,100,71.875,100,78.125,79.6875,100,65.625,100,100,100,34.375,73.4375,73.4375,93.75,100,100,90.625,57.8125,100,84.375,100,100,62.5,79.6875,100,100,35.9375,100,100,100,100,100,96.875,93.75,100,60.9375,37.5,92.1875,100,100,50,100,34.375,100,98.4375,100,84.375,68.75,100,81.25,84.375,79.6875,95.3125,100,100,34.375,46.875,100,85.9375,100,100,100,100,100,100,100,100,50,79.6875,100,71.875,95.3125,100,71.875,100,68.75,59.375,100,85.9375,93.75,100,100,76.5625,100,92.1875,100,46.875,76.5625,100,68.75,100,100,79.6875,100,100,37.5,100,100,100,65.625,100,65.625,100,62.5,100,100,100,100,90.625,100,79.6875,96.875,100,100,100,100,65.625,100,62.5,51.5625,100,100,100,100,78.125,100,76.5625,100,100,100,100,100,100,100,100,84.375,100,82.8125,96.875,100,100,100,79.6875,100,100,100,100,100,100,89.0625,100,98.4375,100,100,56.25,96.875,62.5,100,92.1875,100,100,100,100,90.625,90.625,100,43.75,28.125,82.8125,82.8125,29.6875,100,100,100,100,100,100,68.75,100,85.9375,48.4375,21.875,81.25,65.625,64.0625,98.4375,56.25,100,100,87.5,79.6875,71.875,40.625,90.625,95.3125,54.6875,85.9375,100,100,100,100,100,100,76.5625,57.8125,45.3125,68.75,100,31.25,60.9375,67.1875,73.4375,46.875,100,65.625,100,100,100,100,100,100,75,100,75,85.9375,68.75,100,34.375,70.3125,79.6875,100,100,62.5,14.0625,100,100,78.125,100,100,100,100,100,100,71.875,100,100,100,89.0625,100,100,100,100,100,100,68.75,100,100,100,64.0625,100,100,35.9375,89.0625,68.75,98.4375,57.8125,64.0625,100,100,68.75,81.25,100,100,100,56.25,37.5,62.5,81.25,100,100,100,48.4375,100,71.875,76.5625,6.25,100,100,100,43.75,100,43.75,84.375,100,100,87.5,100,100,79.6875,100,68.75,98.4375,100,100,59.375,46.875,100,100,92.1875,100,100,100,100,57.8125,95.3125,100,100,48.4375,100,85.9375,100,50,100,87.5,100,89.0625,56.25,100,39.0625,96.875,100,100,56.25,100,100,100,100,100,100,96.875,46.875,98.4375,100,87.5,100,100,90.625,34.375,100,70.3125,75,92.1875,43.75,100,100,100,60.9375,100,100,87.5,84.375,78.125,100,100,100,73.4375,100,76.5625,12.5,62.5,100,100,81.25,100,84.375,100,90.625,100,54.6875,100,100,100,81.25,100,100,100,100,65.625,46.875,100,40.625,93.75,73.4375,100,59.375,70.3125,100,10.9375,100,100,57.8125,81.25,65.625,79.6875,48.4375,76.5625,100,98.4375,100,85.9375,100,100,71.875,67.1875,100,100,100,98.4375,78.125,34.375,100,100,100,100,100,100,100,92.1875,100,79.6875,100,84.375,51.5625,100,60.9375,67.1875,93.75,100,35.9375,100,87.5,96.875,92.1875,100,100,57.8125,100,100,70.3125,71.875,100,100,92.1875,81.25,84.375,100,100,100,100,62.5,100,100,34.375,100,100,100,100,67.1875,100,100,96.875,100,100,100,93.75,100,100,100,75,93.75,100,100,56.25,70.3125,70.3125,100,100,60.9375,28.125,100,100,100,100,100,84.375,85.9375,29.6875,100,46.875,100,71.875,71.875,100,84.375,57.8125,100,100,100,100,100,100,100,100,100,59.375,87.5,26.5625,100,92.1875,67.1875,93.75,75,62.5,100,100,100,100,84.375,100,53.125,100,54.6875,100,100,100,73.4375,100,100,67.1875,35.9375,100,100,85.9375,100,59.375,100,95.3125,100,100,100,100,100,82.8125,78.125,100,100,76.5625,71.875,64.0625,100,100,28.125,100,100,100,100,81.25,100,81.25,100,93.75,100,100,100,100,87.5,98.4375,87.5,79.6875,100,100,100,100,100,68.75,96.875,100,84.375,73.4375,100,100,79.6875,71.875,100,81.25,100,100,67.1875,40.625,59.375,100,100,79.6875,100,84.375,39.0625,96.875,100,87.5,100,84.375,53.125,78.125,100,100,39.0625,76.5625,17.1875,100,100,100,85.9375,100,100,100,100,78.125,89.0625,71.875,62.5,59.375,90.625,93.75,100,82.8125,100,87.5,100,100,100,100,70.3125,73.4375,100,100,93.75,71.875,100,82.8125,50,100,82.8125,100,53.125,100,100,100,100,100,45.3125,46.875,90.625,100,100,100,45.3125,100,35.9375,62.5,65.625,100,96.875,98.4375,82.8125,100,96.875,51.5625,65.625,95.3125,60.9375,100,100,100,100,100,100,40.625,56.25,95.3125,100,100,100,48.4375,100,82.8125,100,93.75,100,100,100,100,43.75,100,71.875,75,100,100,100,87.5,95.3125,64.0625,82.8125,75,100,90.625,100,100,90.625,67.1875,100,50,51.5625,14.0625,100,70.3125,98.4375,100,100,100,84.375,51.5625,100,89.0625,32.8125,98.4375,100,100,100,100,100,100,100,100,100,98.4375,65.625,100,57.8125,100,76.5625,100,100,100,100,95.3125,82.8125,100,54.6875,54.6875,100,100,60.9375,100,92.1875,100,100,100,43.75,100,60.9375,100,100,100,100,100,28.125,73.4375,100,100,85.9375,89.0625,37.5,100,42.1875,100,100,100,100,34.375,68.75,100,73.4375,50,84.375,100,90.625,100,43.75,68.75,53.125,87.5,71.875,100,100,79.6875,71.875,90.625,67.1875,62.5,51.5625,100,100,64.0625,17.1875,100,64.0625,60.9375,100,34.375,85.9375,100,92.1875,100,100,100,100,100,75,95.3125,100,76.5625,100,100,96.875,100,34.375,78.125,100,100,68.75,100,100,100,89.0625,100,89.0625,62.5,48.4375,100,29.6875,100,100,100,89.0625,100,100,100,100,87.5,85.9375,100,100,100,75,100,43.75,98.4375,71.875,54.6875,54.6875,87.5,89.0625,100,100,87.5,53.125,53.125,57.8125,45.3125,100,87.5,76.5625,70.3125,100,82.8125,78.125,92.1875,95.3125,100,90.625,100,35.9375,70.3125,81.25,100,100,100,81.25,76.5625,12.5,100,82.8125,78.125,76.5625,98.4375,93.75,100,100,100,73.4375,39.0625,90.625,100,32.8125,100,100,76.5625,100,48.4375,81.25,87.5,100,100,100,100,100,100,78.125,95.3125,57.8125,50,73.4375,53.125,92.1875,100,100,100,87.5,100,100,87.5,37.5,84.375,100,73.4375,73.4375,100,100,64.0625,100,100,100,67.1875,34.375,100,65.625,100,100,93.75,100,87.5,100,96.875,100,100,100,71.875,100,100,100,100,67.1875,100,100,100,84.375,81.25,71.875,100,100,71.875,73.4375,100,100,100,100,92.1875,68.75,100,100,84.375,100,100,96.875,42.1875,100,100,100,81.25,75,100,100,64.0625,100,100,82.8125,100,100,100,100,65.625,50,70.3125,100,73.4375,100,100,100,100,100,100,100,100,100,92.1875,100,100,100,100,100,100,100,100,100,100,100,65.625,100,71.875,100,90.625,100,100,100,93.75,73.4375,98.4375,51.5625,37.5,76.5625,46.875,100,100,100,100,100,85.9375,100,100,100,100,56.25,100,84.375,100,78.125,100,100,100,100,100,100,43.75,90.625,100,100,53.125,100,100,100,96.875,100,95.3125,100,78.125,54.6875,81.25,100,25,54.6875,68.75,73.4375,100,76.5625,100,100,32.8125,100,90.625,85.9375,82.8125,64.0625,100,100,82.8125,100,100,56.25,78.125,100,100,100,87.5,45.3125,89.0625,67.1875,100,100,21.875,85.9375,100,85.9375,100,100,100,100,100,93.75,100,100,85.9375,70.3125,100,100,100,78.125,100,100,100,98.4375,100,100,100,37.5,100,62.5,84.375,81.25,100,85.9375,100,100,84.375,71.875,62.5,71.875,100,100,71.875,100,100,92.1875,100,100,90.625,100,45.3125,100,100,100,70.3125,60.9375,100,92.1875,100,100,17.1875,100,60.9375,46.875,75,65.625,100,100,87.5,100,100,100,100,98.4375,68.75,92.1875,100,50,40.625,100,95.3125,10.9375,100,35.9375,67.1875,100,100,100,95.3125,100,40.625,18.75,100,100,100,100,100,100,100,100,100,100,100,35.9375,100,100,100,81.25,90.625,100,100,100,100,82.8125,100,70.3125,100,100,100,100,70.3125,89.0625,100,100,96.875,100,25,42.1875,100,100,100,67.1875,73.4375,43.75,67.1875,56.25,100,46.875,60.9375,62.5,82.8125,85.9375,100,100,100,100,100,81.25,85.9375,100,100,100,100,87.5,98.4375,100,100,100,100,100,81.25,100,7.8125,84.375,100,100,100,100,100,48.4375,100,50,48.4375,100,100,50,73.4375,100,100,100,100,100,76.5625,68.75,84.375,100,37.5,100,43.75,84.375,100,62.5,68.75,82.8125,100,92.1875,75,100,100,54.6875,98.4375,100,21.875,100,87.5,92.1875,100,75,100,100,100,57.8125,100,100,82.8125,100,100,90.625,4.6875,40.625,81.25,78.125,75,79.6875,100,60.9375,40.625,93.75,45.3125,100,75,100,9.375,100,100,68.75,78.125,100,28.125,100,43.75,85.9375,96.875,100,67.1875,100,79.6875,65.625,100,56.25,89.0625,82.8125,100,73.4375,89.0625,50,70.3125,100,100,26.5625,20.3125,100,64.0625,100,100,100,100,92.1875,96.875,26.5625,100,100,62.5,100,100,100,100,100,81.25,12.5,81.25,100,100,60.9375,100,100,40.625,95.3125,100,100,65.625,100,56.25,100,100,35.9375,100,64.0625,78.125,100,31.25,100,100,100,75,96.875,90.625,56.25,100,92.1875,100,71.875,81.25,35.9375,100,73.4375,100,100,93.75,62.5,100,100,29.6875,100,100,15.625,34.375,89.0625,100,73.4375,84.375,89.0625,100,51.5625,100,12.5,100,100,100,75,100,100,100,67.1875,43.75,100,100,100,100,96.875,100,93.75,100,31.25,68.75,100,100,56.25,71.875,100,100,59.375,100,50,100,75,85.9375,100,53.125,100,78.125,79.6875,81.25,100,89.0625,100,100,100,100,100,84.375,100,65.625,100,100,100,100,100,62.5,100,96.875,100,100,96.875,100,89.0625,92.1875,50,100,87.5,96.875,51.5625,100,92.1875,100,100,84.375,100,76.5625,100,100,100,100,100,65.625,100,100,67.1875,100,100,81.25,100,100,32.8125,95.3125,70.3125,75,100,75,37.5,59.375,64.0625,100,96.875,100,100,100,34.375,100,93.75,100,100,93.75,100,93.75,67.1875,65.625,81.25,100,100,48.4375,100,100,6.25,42.1875,100,9.375,100,100,100,96.875,37.5,95.3125,100,100,100,78.125,100,100,53.125,100,100,100,76.5625,100,100,100,100,100,71.875,100,100,14.0625,100,100,100,56.25,90.625,100,100,93.75,100,100,100,100,89.0625,100,65.625,100,100,57.8125,100,68.75,100,84.375,87.5,71.875,75,100,100,100,95.3125,100,87.5,78.125,100,98.4375,84.375,59.375,57.8125,100,100,56.25,100,100,78.125,100,62.5,59.375,98.4375,100,100,100,100,100,100,100,48.4375,40.625,87.5,100,100,100,60.9375,65.625,40.625,87.5,84.375,100,100,40.625,100,100,23.4375,59.375,100,84.375,81.25,48.4375,89.0625,100,92.1875,100,100,81.25,96.875,20.3125,56.25,76.5625,71.875,39.0625,100,85.9375,100,100,54.6875,100,100,70.3125,100,89.0625,75,92.1875,65.625,79.6875,100,17.1875,100,100,68.75,100,93.75,75,100,100,21.875,56.25,98.4375,100,85.9375,100,100,93.75,59.375,60.9375,100,100,100,100,96.875,100,100,92.1875,84.375,64.0625,100,98.4375,62.5,100,100,95.3125,100,100,98.4375,96.875,100,31.25,100,82.8125,100,73.4375,100,70.3125,43.75,42.1875,82.8125,100,56.25,40.625,100,81.25,100,100,71.875,59.375,100,76.5625,100,100,65.625,68.75,76.5625,100,100,100,100,100,53.125,84.375,100,92.1875,100,81.25,76.5625,50,17.1875,100,37.5,53.125,95.3125,82.8125,100,90.625,84.375,20.3125,95.3125,54.6875,85.9375,100,100,84.375,76.5625,100,85.9375,82.8125,100,100,71.875,100,100,100,95.3125,84.375,67.1875,95.3125,100,100,65.625,75,92.1875,67.1875,100,100,100,100,100,96.875,71.875,43.75,98.4375,100,100,100,84.375,43.75,100,100,100,56.25,18.75,42.1875,56.25,100,71.875,100,37.5,100,89.0625,100,100,100,100,100,84.375,93.75,87.5,100,87.5,76.5625,100,85.9375,100,100,100,100,90.625,56.25,60.9375,98.4375,100,100,32.8125,46.875,100,100,100,100,100,100,100,65.625,62.5,100,100,14.0625,100,100,100,96.875,67.1875,78.125,100,100,84.375,100,100,60.9375,100,75,21.875,81.25,100,100,100,100,100,100,100,100,100,57.8125,100,79.6875,89.0625,65.625,100,26.5625,100,100,100,54.6875,100,100,75,100,71.875,89.0625,100,100,100,82.8125,98.4375,82.8125,100,85.9375,100,42.1875,23.4375,31.25,64.0625,59.375,78.125,100,100,100,98.4375,100,100,84.375,62.5,100,60.9375,67.1875,73.4375,100,79.6875,100,100,100,57.8125,100,100,100,96.875,100,100,62.5,75,53.125,100,59.375,100,100,65.625,100,100,62.5,100,100,84.375,100,100,92.1875,100,56.25,70.3125,98.4375,100,50,42.1875,60.9375,100,100,100,100,87.5,93.75,100,100,82.8125,100,78.125,100,92.1875,100,100,73.4375,48.4375,100,100,46.875,62.5,100,100,90.625,48.4375,89.0625,100,75,100,14.0625,100,100,100,100,71.875,42.1875,100,6.25,100,89.0625,100,48.4375,100,100,93.75,59.375,100,100,100,100,100,68.75,100,100,67.1875,100,100,100,100,75,100,100,100,100,95.3125,100,53.125,100,100,93.75,45.3125,28.125,87.5,100,62.5,100,81.25,81.25,100,87.5,100,54.6875,100,100,40.625,31.25,100,56.25,100,100,100,75,98.4375,71.875,100,100,100,100,50,100,100,96.875,71.875,93.75,96.875,100,32.8125,100,64.0625,59.375,100,100,95.3125,65.625,92.1875,100,100,82.8125,85.9375,100,14.0625,23.4375,68.75,17.1875,100,98.4375,100,96.875,100,100,90.625,71.875,100,79.6875,100,100,100,98.4375,100,100,82.8125,70.3125,59.375,89.0625,14.0625,45.3125,100,100,12.5,45.3125,71.875,100,100,100,100,76.5625,78.125,54.6875,84.375,100,100,100,68.75,20.3125,100,76.5625,100,100,57.8125,96.875,51.5625,78.125,81.25,100,75,54.6875,100,100,100,100,73.4375,51.5625,100,100,100,100,100,64.0625,37.5,100,100,50,93.75,78.125,100,96.875,98.4375,53.125,100,100,100,100,50,100,73.4375,100,76.5625,100,60.9375,100,100,89.0625,100,100,100,100,100,100,92.1875,100,100,100,67.1875,60.9375,100,60.9375,100,92.1875,100,82.8125,85.9375,100,100,79.6875,100,35.9375,59.375,54.6875,73.4375,64.0625,100,100,96.875,93.75,100,92.1875,100,53.125,56.25,43.75,100,100,100,100,100,67.1875,48.4375,85.9375,100,62.5,84.375,70.3125,81.25,68.75,82.8125,51.5625,75,100,18.75,98.4375,65.625,100,45.3125,12.5,100,96.875,100,100,51.5625,100,100,59.375,100,71.875,100,71.875,93.75,81.25,87.5,42.1875,100,100,100,67.1875,100,96.875,84.375,100,100,89.0625,84.375,100,100,23.4375,100,57.8125,100,100,43.75,100,43.75,100,100,51.5625,100,53.125,31.25,82.8125,100,29.6875,84.375,100,100,95.3125,100,79.6875,100,100,100,100,100,89.0625,100,100,100,45.3125,100,100,51.5625,65.625,100,82.8125,51.5625,79.6875,100,29.6875,100,60.9375,100,100,100,85.9375,76.5625,68.75,100,100,93.75,84.375,59.375,50,53.125,100,100,92.1875,100,100,75,100,78.125,100,100,100,96.875,100,82.8125,82.8125,100,96.875,100,100,100,84.375,100,100,75,100,26.5625,100,100,100,100,100,93.75,1.5625,96.875,87.5,28.125,100,76.5625,100,100,100,67.1875,100,100,100,100,100,100,100,100,100,82.8125,100,100,100,18.75,57.8125,100,62.5,100,100,17.1875,75,100,32.8125,64.0625,100,100,48.4375,100,100,98.4375,100,100,82.8125,100,100,100,89.0625,100,54.6875,28.125,100,81.25,100,100,64.0625,100,65.625,100,84.375,93.75,26.5625,59.375,100,62.5,70.3125,100,100,100,100,57.8125,100,68.75,65.625,100,92.1875,100,89.0625,57.8125,98.4375,100,96.875,73.4375,100,37.5,50,67.1875,95.3125,75,65.625,100,100,68.75,75,100,82.8125,32.8125,57.8125,29.6875,100,100,100,43.75,100,60.9375,42.1875,100,73.4375,100,100,100,100,82.8125,100,50,89.0625,100,53.125,100,56.25,78.125,50,71.875,100,100,57.8125,56.25,100,81.25,100,100,100,100
"6105",89.0625,100,43.75,100,100,68.75,93.75,100,21.875,92.1875,59.375,100,100,100,100,76.5625,82.8125,75,100,100,96.875,100,100,100,73.4375,100,100,90.625,87.5,100,100,100,100,100,100,98.4375,84.375,100,40.625,96.875,60.9375,62.5,71.875,100,100,100,100,100,89.0625,87.5,75,100,100,68.75,67.1875,100,14.0625,100,35.9375,42.1875,89.0625,59.375,98.4375,100,100,100,59.375,100,60.9375,100,54.6875,79.6875,95.3125,96.875,57.8125,92.1875,100,70.3125,50,100,78.125,100,87.5,75,65.625,100,100,100,100,100,56.25,85.9375,100,50,70.3125,92.1875,100,64.0625,100,100,98.4375,100,100,92.1875,100,48.4375,100,68.75,85.9375,100,87.5,90.625,100,100,45.3125,100,100,100,95.3125,100,76.5625,100,100,87.5,100,56.25,100,18.75,100,90.625,100,100,37.5,100,100,64.0625,60.9375,79.6875,100,100,100,76.5625,100,68.75,100,100,100,100,60.9375,71.875,57.8125,14.0625,82.8125,89.0625,95.3125,85.9375,75,100,100,100,100,100,70.3125,100,82.8125,71.875,25,85.9375,43.75,100,100,68.75,100,100,100,100,85.9375,100,100,100,82.8125,37.5,100,100,100,93.75,48.4375,100,100,90.625,100,100,78.125,100,100,100,90.625,87.5,100,100,34.375,100,100,100,100,100,100,59.375,73.4375,100,68.75,100,100,100,84.375,79.6875,100,48.4375,100,42.1875,100,100,100,100,100,53.125,100,100,89.0625,100,75,62.5,100,100,100,100,93.75,64.0625,82.8125,100,100,100,100,100,100,29.6875,98.4375,85.9375,100,43.75,81.25,76.5625,65.625,100,100,90.625,100,59.375,100,100,100,98.4375,32.8125,100,71.875,100,100,100,26.5625,100,40.625,59.375,100,75,100,65.625,43.75,100,57.8125,100,10.9375,100,53.125,100,100,100,48.4375,98.4375,100,96.875,84.375,100,23.4375,56.25,100,100,100,93.75,64.0625,75,35.9375,100,68.75,87.5,100,90.625,82.8125,17.1875,89.0625,100,100,87.5,48.4375,100,65.625,92.1875,100,100,67.1875,39.0625,90.625,100,50,81.25,73.4375,70.3125,90.625,62.5,100,73.4375,87.5,90.625,75,100,100,35.9375,100,87.5,100,100,100,82.8125,34.375,37.5,65.625,67.1875,32.8125,100,20.3125,76.5625,100,78.125,100,100,70.3125,100,100,76.5625,54.6875,96.875,85.9375,92.1875,81.25,100,70.3125,51.5625,15.625,95.3125,98.4375,100,100,100,95.3125,70.3125,75,100,85.9375,93.75,100,100,81.25,93.75,95.3125,100,100,56.25,100,100,62.5,32.8125,100,79.6875,100,67.1875,100,78.125,100,93.75,100,43.75,100,100,100,100,100,100,59.375,85.9375,81.25,85.9375,98.4375,95.3125,100,65.625,100,82.8125,35.9375,50,100,75,23.4375,100,100,100,100,40.625,50,100,98.4375,100,82.8125,100,84.375,100,100,65.625,57.8125,100,100,100,100,93.75,90.625,100,98.4375,100,100,100,78.125,93.75,92.1875,100,100,100,85.9375,71.875,100,100,100,100,71.875,71.875,75,100,23.4375,56.25,100,100,100,60.9375,100,56.25,65.625,100,100,81.25,100,90.625,100,100,96.875,100,100,62.5,82.8125,100,51.5625,100,100,73.4375,59.375,76.5625,79.6875,100,65.625,100,100,100,35.9375,100,70.3125,100,100,100,84.375,62.5,75,82.8125,100,100,60.9375,78.125,68.75,100,100,100,100,100,100,100,90.625,82.8125,100,62.5,32.8125,93.75,100,87.5,50,100,35.9375,100,96.875,100,84.375,71.875,100,79.6875,82.8125,87.5,100,100,100,35.9375,51.5625,100,84.375,100,100,70.3125,60.9375,100,100,100,96.875,40.625,85.9375,100,73.4375,100,100,71.875,89.0625,100,59.375,100,82.8125,73.4375,100,100,57.8125,100,92.1875,100,46.875,95.3125,100,65.625,81.25,100,64.0625,100,100,48.4375,50,100,100,65.625,100,65.625,100,65.625,100,100,100,100,81.25,100,82.8125,96.875,100,100,100,62.5,64.0625,100,56.25,34.375,100,100,100,100,75,100,57.8125,100,100,95.3125,100,100,100,100,100,85.9375,100,84.375,14.0625,48.4375,100,79.6875,79.6875,100,100,100,100,100,100,100,100,98.4375,100,100,54.6875,96.875,75,81.25,89.0625,73.4375,100,54.6875,100,87.5,100,100,43.75,6.25,100,50,29.6875,100,100,100,96.875,100,100,65.625,100,87.5,45.3125,21.875,62.5,64.0625,59.375,98.4375,76.5625,84.375,95.3125,92.1875,78.125,68.75,40.625,85.9375,95.3125,45.3125,84.375,100,100,100,100,100,78.125,76.5625,64.0625,45.3125,68.75,100,100,78.125,65.625,70.3125,48.4375,100,54.6875,100,100,100,100,100,100,64.0625,100,82.8125,87.5,78.125,100,100,68.75,67.1875,100,100,62.5,100,100,100,76.5625,100,100,53.125,100,98.4375,87.5,84.375,100,100,100,87.5,100,100,100,100,100,67.1875,68.75,100,100,100,64.0625,100,100,35.9375,89.0625,100,75,40.625,57.8125,100,26.5625,65.625,79.6875,100,100,100,73.4375,31.25,64.0625,73.4375,100,100,100,48.4375,100,70.3125,73.4375,25,100,100,100,45.3125,100,42.1875,82.8125,100,100,73.4375,100,100,79.6875,98.4375,100,100,100,100,50,46.875,87.5,100,85.9375,100,92.1875,100,64.0625,57.8125,96.875,82.8125,100,40.625,95.3125,100,100,76.5625,26.5625,89.0625,100,78.125,56.25,100,37.5,92.1875,29.6875,100,53.125,100,39.0625,100,100,100,100,93.75,46.875,96.875,100,75,100,100,100,32.8125,100,70.3125,79.6875,79.6875,43.75,92.1875,98.4375,87.5,56.25,100,100,100,78.125,65.625,100,100,100,70.3125,100,76.5625,37.5,64.0625,100,100,75,100,85.9375,100,90.625,98.4375,56.25,100,100,100,100,100,100,100,100,68.75,45.3125,100,70.3125,93.75,70.3125,100,60.9375,78.125,100,28.125,100,100,54.6875,100,60.9375,82.8125,79.6875,79.6875,100,98.4375,48.4375,89.0625,100,100,70.3125,60.9375,100,100,100,96.875,100,50,100,100,100,100,100,96.875,100,92.1875,100,79.6875,81.25,100,53.125,92.1875,82.8125,70.3125,95.3125,100,35.9375,100,81.25,100,100,100,100,64.0625,100,100,68.75,100,100,100,100,85.9375,100,96.875,100,100,100,60.9375,100,100,34.375,67.1875,100,100,100,68.75,100,100,96.875,100,100,79.6875,93.75,100,100,100,100,100,100,100,100,59.375,65.625,12.5,100,60.9375,9.375,100,98.4375,100,62.5,100,100,100,29.6875,100,46.875,96.875,73.4375,71.875,100,85.9375,90.625,100,100,100,100,100,100,100,100,68.75,59.375,87.5,100,100,92.1875,62.5,95.3125,68.75,62.5,100,100,100,17.1875,84.375,100,82.8125,100,64.0625,100,100,100,81.25,68.75,100,75,28.125,100,100,82.8125,100,73.4375,100,96.875,100,100,100,100,15.625,81.25,89.0625,100,100,76.5625,85.9375,50,100,100,100,81.25,100,100,100,70.3125,78.125,76.5625,100,100,81.25,100,100,100,100,71.875,85.9375,100,95.3125,100,100,92.1875,100,67.1875,25,100,81.25,73.4375,100,100,71.875,71.875,100,89.0625,100,100,59.375,39.0625,51.5625,100,100,82.8125,100,100,37.5,70.3125,100,96.875,100,79.6875,76.5625,79.6875,100,100,60.9375,75,17.1875,100,100,78.125,98.4375,100,100,100,100,98.4375,90.625,89.0625,64.0625,90.625,92.1875,90.625,100,85.9375,100,78.125,100,100,100,100,68.75,73.4375,70.3125,100,93.75,78.125,100,82.8125,34.375,100,79.6875,100,53.125,87.5,100,100,100,100,42.1875,100,73.4375,100,100,100,62.5,100,100,57.8125,65.625,100,93.75,100,82.8125,100,96.875,51.5625,64.0625,100,62.5,100,100,100,100,100,100,40.625,64.0625,100,100,100,100,100,100,98.4375,79.6875,98.4375,100,100,59.375,100,98.4375,100,84.375,75,100,100,100,85.9375,100,81.25,89.0625,100,95.3125,95.3125,100,100,100,48.4375,100,46.875,51.5625,79.6875,100,70.3125,15.625,100,100,100,87.5,51.5625,100,92.1875,29.6875,100,100,100,100,100,100,100,100,100,100,100,67.1875,100,57.8125,96.875,76.5625,100,100,100,100,95.3125,82.8125,100,68.75,54.6875,100,100,59.375,100,95.3125,100,100,100,43.75,100,48.4375,100,100,100,100,100,29.6875,73.4375,100,79.6875,85.9375,89.0625,43.75,100,35.9375,100,100,100,100,34.375,64.0625,100,73.4375,100,100,100,75,100,93.75,78.125,54.6875,87.5,71.875,100,100,70.3125,84.375,54.6875,67.1875,62.5,62.5,100,100,62.5,90.625,100,82.8125,60.9375,100,42.1875,92.1875,100,90.625,100,100,100,100,100,75,100,100,100,89.0625,100,96.875,100,37.5,93.75,100,100,100,100,100,100,57.8125,100,82.8125,59.375,48.4375,100,48.4375,100,92.1875,100,89.0625,100,100,100,100,87.5,67.1875,100,100,100,84.375,100,43.75,82.8125,73.4375,54.6875,54.6875,93.75,89.0625,100,100,95.3125,48.4375,53.125,59.375,50,100,84.375,96.875,65.625,100,100,76.5625,92.1875,95.3125,100,90.625,100,56.25,100,68.75,100,100,100,79.6875,100,100,100,82.8125,92.1875,71.875,89.0625,92.1875,100,100,100,68.75,32.8125,100,100,39.0625,100,100,100,82.8125,100,79.6875,89.0625,100,54.6875,100,100,100,100,42.1875,89.0625,59.375,42.1875,78.125,59.375,90.625,100,100,100,87.5,100,100,75,37.5,89.0625,26.5625,73.4375,73.4375,92.1875,100,46.875,100,100,67.1875,100,100,100,71.875,100,87.5,93.75,100,87.5,100,93.75,100,100,100,73.4375,100,100,100,60.9375,64.0625,67.1875,100,100,82.8125,90.625,100,100,100,73.4375,70.3125,100,92.1875,100,73.4375,92.1875,71.875,100,100,79.6875,100,100,100,60.9375,89.0625,100,93.75,73.4375,78.125,95.3125,100,60.9375,100,100,100,100,100,100,100,54.6875,50,68.75,100,70.3125,100,100,100,100,100,100,100,100,100,90.625,21.875,100,96.875,100,100,100,100,100,100,100,98.4375,87.5,100,67.1875,100,90.625,100,100,100,95.3125,76.5625,89.0625,96.875,37.5,59.375,43.75,100,67.1875,100,100,100,100,100,100,100,100,59.375,100,81.25,100,71.875,100,70.3125,100,100,100,100,56.25,92.1875,100,100,71.875,98.4375,100,100,100,100,95.3125,100,76.5625,68.75,79.6875,82.8125,37.5,12.5,82.8125,73.4375,100,100,100,100,87.5,100,100,95.3125,85.9375,62.5,100,100,85.9375,100,100,76.5625,100,100,92.1875,100,81.25,45.3125,100,100,96.875,100,20.3125,84.375,100,96.875,100,100,100,78.125,100,92.1875,100,64.0625,87.5,76.5625,100,100,100,90.625,100,17.1875,100,100,100,100,100,59.375,100,34.375,78.125,78.125,87.5,100,100,100,84.375,71.875,100,62.5,100,100,70.3125,100,67.1875,92.1875,70.3125,100,89.0625,100,21.875,100,100,100,76.5625,56.25,100,67.1875,100,100,17.1875,100,60.9375,85.9375,75,65.625,100,50,90.625,100,100,100,100,100,89.0625,54.6875,100,48.4375,20.3125,100,95.3125,60.9375,100,53.125,50,100,100,100,93.75,100,40.625,18.75,100,100,100,100,100,100,100,100,100,100,95.3125,56.25,87.5,100,100,81.25,92.1875,100,100,100,100,85.9375,98.4375,64.0625,56.25,100,100,100,100,100,100,100,100,100,34.375,39.0625,100,100,100,73.4375,75,100,60.9375,53.125,100,48.4375,60.9375,62.5,75,78.125,100,100,100,96.875,100,100,92.1875,95.3125,100,100,100,81.25,100,100,100,100,100,100,85.9375,100,28.125,85.9375,100,100,100,100,100,51.5625,100,48.4375,56.25,100,100,53.125,85.9375,100,100,100,100,100,73.4375,65.625,84.375,100,34.375,100,39.0625,89.0625,100,79.6875,100,90.625,87.5,100,75,100,100,56.25,100,100,14.0625,100,53.125,100,100,71.875,100,100,100,50,100,79.6875,78.125,100,100,93.75,4.6875,40.625,81.25,76.5625,68.75,78.125,100,100,43.75,93.75,46.875,100,75,100,100,100,100,68.75,73.4375,100,100,56.25,100,82.8125,54.6875,100,64.0625,100,82.8125,64.0625,100,51.5625,100,45.3125,100,73.4375,89.0625,100,85.9375,100,100,100,26.5625,100,62.5,100,100,100,100,89.0625,96.875,40.625,100,100,56.25,100,100,100,89.0625,100,82.8125,100,81.25,98.4375,100,92.1875,100,100,39.0625,95.3125,98.4375,89.0625,70.3125,100,53.125,100,100,35.9375,100,65.625,68.75,100,31.25,100,100,100,89.0625,95.3125,100,53.125,100,87.5,100,98.4375,62.5,34.375,100,73.4375,100,100,93.75,100,100,56.25,31.25,34.375,100,85.9375,34.375,89.0625,100,75,85.9375,84.375,98.4375,40.625,100,46.875,100,100,100,71.875,85.9375,100,100,84.375,39.0625,100,100,100,100,85.9375,100,100,100,60.9375,100,100,100,57.8125,71.875,100,100,75,100,50,100,100,85.9375,100,84.375,100,78.125,82.8125,82.8125,100,87.5,100,100,100,100,100,84.375,100,51.5625,25,100,100,100,100,82.8125,98.4375,56.25,100,100,96.875,100,92.1875,82.8125,67.1875,100,96.875,89.0625,65.625,100,93.75,100,100,100,100,76.5625,90.625,100,100,100,90.625,53.125,100,100,67.1875,100,100,70.3125,100,100,37.5,93.75,73.4375,90.625,100,100,40.625,59.375,85.9375,100,92.1875,100,100,100,42.1875,100,89.0625,100,100,93.75,100,96.875,67.1875,20.3125,79.6875,100,100,46.875,100,60.9375,4.6875,39.0625,100,56.25,100,100,100,100,90.625,89.0625,89.0625,100,92.1875,78.125,100,100,25,100,100,100,76.5625,100,100,100,100,100,45.3125,100,76.5625,18.75,95.3125,100,100,51.5625,81.25,100,100,90.625,100,100,57.8125,100,75,90.625,59.375,100,100,59.375,100,70.3125,100,78.125,89.0625,75,71.875,100,100,100,98.4375,100,100,85.9375,100,96.875,62.5,54.6875,53.125,100,100,92.1875,100,59.375,79.6875,100,34.375,59.375,100,100,98.4375,100,50,100,92.1875,100,45.3125,42.1875,92.1875,100,100,12.5,59.375,59.375,25,90.625,100,100,100,51.5625,100,100,67.1875,59.375,100,84.375,53.125,87.5,75,100,92.1875,100,100,79.6875,96.875,21.875,53.125,71.875,70.3125,39.0625,100,85.9375,100,100,54.6875,100,100,67.1875,100,87.5,75,89.0625,67.1875,95.3125,100,100,100,100,71.875,100,85.9375,76.5625,100,100,46.875,59.375,92.1875,100,81.25,100,100,100,56.25,59.375,100,100,100,100,93.75,100,100,81.25,81.25,46.875,100,100,62.5,100,100,100,100,100,73.4375,98.4375,98.4375,34.375,100,73.4375,100,100,100,68.75,48.4375,32.8125,75,100,45.3125,40.625,67.1875,81.25,100,100,71.875,70.3125,96.875,82.8125,93.75,100,65.625,68.75,76.5625,90.625,100,100,100,100,50,95.3125,100,100,100,81.25,100,51.5625,7.8125,100,73.4375,54.6875,100,81.25,67.1875,78.125,100,21.875,95.3125,54.6875,85.9375,89.0625,100,79.6875,100,100,92.1875,98.4375,90.625,100,18.75,100,100,100,95.3125,78.125,71.875,89.0625,100,100,81.25,75,90.625,67.1875,100,100,90.625,100,100,98.4375,67.1875,42.1875,100,76.5625,100,100,100,25,100,100,85.9375,39.0625,95.3125,100,54.6875,100,65.625,100,26.5625,100,81.25,100,100,100,100,100,85.9375,100,95.3125,100,87.5,82.8125,100,89.0625,95.3125,100,100,100,84.375,53.125,45.3125,98.4375,100,100,32.8125,79.6875,100,100,100,100,84.375,100,100,51.5625,62.5,100,82.8125,50,100,100,39.0625,92.1875,65.625,89.0625,100,100,87.5,93.75,100,85.9375,100,98.4375,23.4375,76.5625,100,100,100,100,100,98.4375,100,100,32.8125,78.125,98.4375,64.0625,78.125,67.1875,100,25,100,100,32.8125,54.6875,100,100,64.0625,84.375,71.875,89.0625,100,100,100,82.8125,82.8125,87.5,100,84.375,100,40.625,100,100,81.25,68.75,70.3125,100,100,100,98.4375,100,100,84.375,45.3125,100,59.375,68.75,100,93.75,73.4375,100,100,100,100,100,100,96.875,100,100,100,100,71.875,51.5625,85.9375,59.375,100,100,64.0625,100,92.1875,62.5,100,100,100,100,100,78.125,100,57.8125,68.75,100,100,46.875,76.5625,65.625,100,59.375,64.0625,100,89.0625,92.1875,100,100,73.4375,100,84.375,100,100,100,100,100,48.4375,100,100,46.875,92.1875,100,100,78.125,100,78.125,100,100,100,100,100,71.875,100,100,67.1875,56.25,100,45.3125,100,90.625,100,50,100,100,100,60.9375,18.75,82.8125,100,100,92.1875,64.0625,100,100,56.25,100,100,73.4375,100,75,100,100,100,100,85.9375,100,54.6875,78.125,54.6875,100,46.875,59.375,89.0625,53.125,60.9375,100,92.1875,87.5,100,85.9375,100,48.4375,100,100,40.625,31.25,100,54.6875,100,100,100,75,100,73.4375,100,100,100,100,51.5625,100,100,100,76.5625,53.125,100,100,39.0625,75,64.0625,75,100,100,100,95.3125,87.5,100,100,62.5,82.8125,100,92.1875,68.75,62.5,21.875,81.25,98.4375,98.4375,89.0625,85.9375,100,100,71.875,96.875,79.6875,100,100,100,96.875,100,89.0625,87.5,70.3125,50,87.5,20.3125,45.3125,100,100,100,46.875,64.0625,100,100,100,100,71.875,78.125,54.6875,85.9375,100,100,100,64.0625,100,100,100,100,100,59.375,100,51.5625,79.6875,79.6875,100,82.8125,54.6875,100,100,100,100,73.4375,48.4375,100,64.0625,100,100,100,67.1875,37.5,100,100,10.9375,89.0625,75,100,100,84.375,100,100,100,100,100,45.3125,100,75,20.3125,100,25,65.625,100,100,81.25,100,100,89.0625,92.1875,100,90.625,98.4375,96.875,100,100,76.5625,65.625,100,65.625,100,82.8125,100,46.875,87.5,100,100,70.3125,100,37.5,45.3125,46.875,82.8125,57.8125,100,100,64.0625,89.0625,87.5,100,100,54.6875,59.375,42.1875,100,100,100,100,98.4375,76.5625,100,85.9375,100,78.125,84.375,67.1875,100,85.9375,23.4375,89.0625,75,98.4375,18.75,95.3125,84.375,100,45.3125,29.6875,100,100,100,100,51.5625,100,100,59.375,79.6875,100,100,75,98.4375,75,85.9375,37.5,100,100,100,64.0625,100,100,89.0625,100,98.4375,81.25,85.9375,100,100,25,100,59.375,100,100,43.75,100,43.75,100,79.6875,84.375,100,51.5625,100,92.1875,98.4375,29.6875,81.25,100,100,100,100,76.5625,100,42.1875,100,81.25,100,100,100,89.0625,81.25,45.3125,100,100,51.5625,68.75,100,100,43.75,100,100,25,100,57.8125,100,100,100,78.125,100,78.125,81.25,100,50,85.9375,57.8125,46.875,51.5625,67.1875,100,100,100,100,100,100,67.1875,100,100,100,100,100,81.25,84.375,100,95.3125,100,100,100,98.4375,100,100,100,100,26.5625,79.6875,100,100,100,100,95.3125,1.5625,100,100,34.375,100,78.125,100,100,100,100,100,100,100,100,100,100,100,100,100,82.8125,100,100,100,28.125,57.8125,100,56.25,100,100,64.0625,76.5625,100,34.375,64.0625,100,100,48.4375,100,100,64.0625,100,100,73.4375,100,96.875,100,89.0625,95.3125,64.0625,32.8125,100,89.0625,100,100,42.1875,100,62.5,100,89.0625,100,60.9375,51.5625,100,100,71.875,100,84.375,100,85.9375,59.375,100,68.75,64.0625,50,28.125,96.875,29.6875,57.8125,96.875,100,96.875,100,100,56.25,48.4375,67.1875,96.875,60.9375,67.1875,100,100,68.75,85.9375,100,81.25,29.6875,53.125,84.375,100,100,96.875,46.875,100,59.375,37.5,100,79.6875,100,100,100,10.9375,65.625,100,54.6875,89.0625,100,53.125,100,53.125,85.9375,92.1875,81.25,100,100,100,100,100,100,100,70.3125,100,100
"6106",89.0625,100,39.0625,100,100,62.5,93.75,100,21.875,92.1875,56.25,100,100,100,100,78.125,90.625,76.5625,100,100,96.875,98.4375,100,100,76.5625,100,100,92.1875,87.5,100,100,100,100,95.3125,100,67.1875,84.375,100,45.3125,98.4375,87.5,68.75,85.9375,100,100,100,100,100,59.375,78.125,75,100,100,71.875,82.8125,100,32.8125,100,100,43.75,84.375,54.6875,98.4375,29.6875,100,100,60.9375,100,67.1875,100,53.125,75,100,95.3125,65.625,84.375,100,100,53.125,100,76.5625,100,84.375,70.3125,90.625,100,100,62.5,100,100,79.6875,82.8125,100,48.4375,28.125,95.3125,100,64.0625,100,100,89.0625,98.4375,100,92.1875,100,29.6875,100,68.75,85.9375,100,89.0625,67.1875,82.8125,100,46.875,100,100,100,82.8125,100,84.375,100,98.4375,84.375,100,54.6875,100,18.75,100,100,71.875,100,100,100,100,64.0625,73.4375,78.125,100,100,100,98.4375,51.5625,64.0625,100,100,100,53.125,60.9375,73.4375,60.9375,37.5,84.375,90.625,96.875,87.5,76.5625,100,100,100,100,100,71.875,100,89.0625,71.875,43.75,85.9375,40.625,100,87.5,92.1875,100,100,100,100,85.9375,100,100,100,100,34.375,100,100,100,100,45.3125,84.375,100,87.5,100,100,87.5,100,100,100,56.25,87.5,100,100,37.5,100,96.875,100,100,100,100,100,75,100,65.625,100,100,100,85.9375,78.125,82.8125,75,60.9375,75,100,100,73.4375,100,100,53.125,100,100,65.625,100,79.6875,81.25,100,100,100,100,92.1875,62.5,100,100,100,100,100,79.6875,100,28.125,100,87.5,100,57.8125,100,76.5625,75,87.5,100,96.875,100,60.9375,100,100,100,100,32.8125,98.4375,76.5625,100,100,100,100,100,42.1875,57.8125,100,100,100,67.1875,40.625,100,59.375,100,90.625,100,100,51.5625,100,100,48.4375,98.4375,100,92.1875,81.25,100,29.6875,54.6875,100,100,96.875,92.1875,65.625,75,39.0625,100,68.75,82.8125,100,82.8125,100,100,87.5,100,100,57.8125,46.875,100,60.9375,95.3125,100,60.9375,79.6875,100,89.0625,100,50,100,71.875,71.875,90.625,62.5,100,68.75,90.625,100,76.5625,100,100,35.9375,100,87.5,100,100,100,82.8125,35.9375,37.5,85.9375,65.625,31.25,100,100,68.75,89.0625,67.1875,100,100,64.0625,100,95.3125,76.5625,56.25,100,85.9375,92.1875,100,100,81.25,51.5625,20.3125,100,98.4375,100,81.25,100,100,81.25,50,100,95.3125,81.25,78.125,100,73.4375,78.125,93.75,100,100,100,93.75,100,62.5,89.0625,100,84.375,100,100,100,75,100,60.9375,100,40.625,100,81.25,100,93.75,100,100,59.375,79.6875,73.4375,96.875,75,100,100,98.4375,100,82.8125,32.8125,48.4375,100,75,67.1875,100,100,100,100,29.6875,48.4375,100,100,100,82.8125,100,79.6875,100,100,62.5,68.75,100,100,100,100,93.75,79.6875,79.6875,67.1875,100,100,100,93.75,93.75,89.0625,100,100,100,85.9375,73.4375,100,100,100,100,76.5625,71.875,70.3125,100,81.25,76.5625,100,100,100,75,100,56.25,59.375,100,100,67.1875,100,100,100,89.0625,71.875,100,100,64.0625,82.8125,100,48.4375,100,100,68.75,100,78.125,78.125,100,65.625,100,100,100,35.9375,100,79.6875,93.75,76.5625,100,90.625,57.8125,85.9375,84.375,100,100,60.9375,79.6875,68.75,100,100,43.75,100,100,100,100,95.3125,100,100,64.0625,32.8125,92.1875,62.5,96.875,50,100,39.0625,100,93.75,100,84.375,71.875,100,79.6875,82.8125,100,96.875,100,100,35.9375,40.625,100,81.25,100,100,70.3125,100,100,100,100,100,56.25,100,100,70.3125,100,100,71.875,100,100,60.9375,100,42.1875,93.75,100,96.875,67.1875,100,92.1875,100,45.3125,78.125,100,64.0625,85.9375,100,70.3125,100,100,100,100,100,100,65.625,100,65.625,100,53.125,100,100,100,100,81.25,100,75,100,100,100,100,90.625,56.25,37.5,56.25,35.9375,100,82.8125,100,100,78.125,100,50,100,100,100,100,100,100,100,100,79.6875,100,60.9375,70.3125,100,100,82.8125,78.125,100,100,100,100,100,100,100,100,87.5,90.625,100,54.6875,96.875,68.75,67.1875,100,100,62.5,56.25,100,93.75,100,100,43.75,6.25,81.25,54.6875,35.9375,100,100,100,84.375,100,100,64.0625,100,85.9375,43.75,21.875,68.75,65.625,56.25,98.4375,76.5625,100,96.875,73.4375,76.5625,76.5625,40.625,84.375,95.3125,46.875,73.4375,100,100,100,100,100,100,76.5625,64.0625,45.3125,68.75,100,100,79.6875,56.25,68.75,46.875,100,42.1875,100,100,100,100,100,100,70.3125,100,73.4375,89.0625,62.5,100,100,60.9375,37.5,100,100,65.625,100,100,100,76.5625,100,100,100,100,76.5625,87.5,100,100,100,100,89.0625,100,100,100,56.25,100,100,68.75,100,100,100,100,100,100,34.375,87.5,100,68.75,40.625,57.8125,100,100,60.9375,100,100,96.875,100,71.875,32.8125,59.375,85.9375,100,100,89.0625,50,65.625,71.875,70.3125,7.8125,100,100,100,43.75,100,39.0625,84.375,100,100,70.3125,100,100,87.5,100,100,89.0625,100,53.125,51.5625,46.875,100,100,75,100,100,100,60.9375,57.8125,87.5,100,100,39.0625,87.5,100,100,81.25,84.375,89.0625,100,89.0625,64.0625,89.0625,39.0625,93.75,100,100,62.5,39.0625,35.9375,100,100,100,100,93.75,54.6875,100,100,78.125,100,100,100,28.125,100,70.3125,85.9375,81.25,40.625,100,23.4375,89.0625,57.8125,100,100,100,82.8125,64.0625,100,100,100,67.1875,98.4375,76.5625,18.75,65.625,100,100,90.625,100,76.5625,100,92.1875,100,57.8125,100,100,100,100,100,100,100,100,68.75,45.3125,100,70.3125,95.3125,73.4375,100,60.9375,78.125,100,14.0625,100,100,56.25,100,60.9375,100,76.5625,90.625,100,98.4375,26.5625,100,100,100,70.3125,67.1875,100,100,100,98.4375,100,60.9375,85.9375,100,100,100,100,73.4375,100,23.4375,100,89.0625,100,100,50,98.4375,60.9375,71.875,100,100,35.9375,100,78.125,100,100,98.4375,70.3125,54.6875,100,100,71.875,71.875,92.1875,100,85.9375,82.8125,100,100,96.875,100,100,62.5,96.875,100,32.8125,67.1875,100,100,100,71.875,100,100,84.375,100,100,93.75,93.75,98.4375,100,100,79.6875,100,100,100,89.0625,62.5,64.0625,100,100,57.8125,68.75,100,98.4375,100,100,100,100,51.5625,29.6875,100,46.875,98.4375,68.75,71.875,100,87.5,85.9375,100,100,100,100,14.0625,100,100,100,100,59.375,87.5,10.9375,100,92.1875,65.625,95.3125,67.1875,85.9375,100,100,100,100,84.375,100,78.125,100,68.75,100,100,100,100,100,100,84.375,25,100,100,85.9375,96.875,79.6875,100,90.625,100,100,100,100,100,81.25,82.8125,100,100,76.5625,65.625,21.875,100,100,100,100,100,100,100,95.3125,100,64.0625,92.1875,100,71.875,100,100,100,85.9375,73.4375,87.5,100,93.75,100,100,100,100,67.1875,96.875,100,76.5625,75,100,96.875,73.4375,70.3125,100,82.8125,87.5,100,67.1875,40.625,100,100,100,90.625,100,100,37.5,100,100,84.375,87.5,100,50,79.6875,100,100,100,81.25,17.1875,100,100,100,98.4375,100,100,100,100,100,100,100,62.5,51.5625,90.625,98.4375,100,79.6875,100,85.9375,100,100,100,100,100,71.875,65.625,100,93.75,100,100,82.8125,53.125,93.75,82.8125,100,51.5625,96.875,81.25,100,100,100,40.625,100,71.875,100,100,100,68.75,100,100,59.375,65.625,100,93.75,100,85.9375,100,100,56.25,78.125,93.75,92.1875,100,100,100,100,100,100,40.625,60.9375,93.75,100,100,100,100,100,78.125,85.9375,100,100,100,56.25,100,96.875,100,40.625,75,100,100,100,85.9375,95.3125,87.5,79.6875,75,100,96.875,100,100,87.5,40.625,100,50,51.5625,100,100,70.3125,90.625,100,100,100,84.375,51.5625,100,100,28.125,100,34.375,100,100,100,100,100,100,100,100,92.1875,68.75,100,57.8125,100,76.5625,100,100,100,68.75,95.3125,81.25,100,100,54.6875,100,100,60.9375,100,96.875,100,100,100,43.75,100,53.125,100,100,100,100,100,28.125,70.3125,100,100,79.6875,89.0625,45.3125,100,46.875,100,100,100,67.1875,64.0625,68.75,100,73.4375,100,95.3125,98.4375,67.1875,100,73.4375,75,53.125,87.5,71.875,100,100,78.125,70.3125,92.1875,67.1875,62.5,51.5625,100,100,65.625,76.5625,100,82.8125,62.5,100,42.1875,92.1875,100,84.375,100,100,100,100,100,75,100,100,81.25,70.3125,100,75,100,85.9375,78.125,75,100,70.3125,100,100,100,71.875,100,82.8125,65.625,62.5,100,43.75,67.1875,100,71.875,89.0625,100,100,100,100,87.5,67.1875,100,100,100,87.5,100,43.75,95.3125,67.1875,54.6875,57.8125,82.8125,89.0625,100,100,100,48.4375,54.6875,54.6875,43.75,100,100,96.875,68.75,64.0625,75,81.25,89.0625,95.3125,100,90.625,100,51.5625,56.25,85.9375,62.5,100,100,76.5625,100,100,100,84.375,54.6875,96.875,100,93.75,100,100,100,73.4375,31.25,100,100,37.5,100,100,79.6875,100,100,73.4375,89.0625,100,85.9375,100,100,100,100,51.5625,93.75,48.4375,50,78.125,59.375,90.625,68.75,100,100,87.5,100,100,89.0625,37.5,90.625,100,71.875,71.875,100,100,50,100,100,51.5625,100,100,100,100,100,100,93.75,100,87.5,100,92.1875,100,100,100,89.0625,100,100,100,18.75,78.125,75,100,100,81.25,89.0625,70.3125,100,100,75,71.875,100,92.1875,100,75,95.3125,67.1875,100,100,78.125,100,100,100,39.0625,90.625,100,92.1875,82.8125,78.125,100,100,100,100,100,100,100,40.625,100,100,71.875,50,70.3125,100,70.3125,100,100,100,100,100,100,100,100,100,92.1875,40.625,100,96.875,100,100,100,100,100,100,100,100,87.5,100,62.5,100,48.4375,31.25,100,100,89.0625,95.3125,76.5625,93.75,39.0625,57.8125,42.1875,100,100,100,100,100,84.375,100,100,84.375,100,59.375,100,79.6875,100,71.875,100,67.1875,100,100,100,100,40.625,92.1875,100,100,76.5625,100,100,100,98.4375,100,95.3125,100,100,100,84.375,79.6875,100,100,68.75,73.4375,100,100,100,76.5625,89.0625,100,100,79.6875,95.3125,62.5,100,100,82.8125,100,100,81.25,100,100,100,100,70.3125,45.3125,90.625,100,100,100,20.3125,84.375,100,93.75,100,100,100,85.9375,100,100,100,100,87.5,100,100,100,100,100,100,37.5,100,100,100,81.25,100,59.375,100,93.75,98.4375,81.25,100,100,100,100,89.0625,71.875,53.125,65.625,100,100,78.125,100,100,92.1875,75,100,87.5,100,100,100,100,100,76.5625,56.25,100,89.0625,100,100,89.0625,100,59.375,85.9375,89.0625,65.625,100,100,87.5,100,93.75,87.5,100,100,98.4375,56.25,100,48.4375,45.3125,100,95.3125,67.1875,100,46.875,46.875,100,100,92.1875,95.3125,100,39.0625,18.75,100,100,100,98.4375,100,100,100,79.6875,100,100,100,100,100,100,100,76.5625,100,100,100,100,100,84.375,100,68.75,50,100,100,45.3125,56.25,96.875,100,100,100,100,100,42.1875,100,100,100,87.5,76.5625,100,64.0625,73.4375,100,45.3125,60.9375,62.5,75,85.9375,100,100,100,100,100,81.25,92.1875,100,100,100,100,84.375,100,100,100,96.875,100,100,79.6875,100,29.6875,87.5,100,100,79.6875,100,100,71.875,21.875,48.4375,65.625,100,100,71.875,82.8125,100,100,100,100,98.4375,76.5625,73.4375,81.25,100,37.5,100,28.125,76.5625,100,28.125,60.9375,84.375,78.125,100,73.4375,100,98.4375,53.125,68.75,100,18.75,100,56.25,100,100,75,100,100,100,100,68.75,100,82.8125,100,100,95.3125,3.125,40.625,82.8125,73.4375,65.625,73.4375,100,51.5625,70.3125,93.75,40.625,100,76.5625,100,100,100,100,68.75,71.875,100,100,100,100,81.25,100,100,76.5625,92.1875,90.625,64.0625,100,56.25,100,71.875,100,75,92.1875,67.1875,85.9375,100,100,100,26.5625,100,62.5,100,100,100,100,100,98.4375,39.0625,100,100,82.8125,100,100,100,100,100,82.8125,100,82.8125,100,100,43.75,100,100,37.5,100,100,87.5,67.1875,100,59.375,100,35.9375,35.9375,100,71.875,81.25,100,31.25,100,100,100,82.8125,79.6875,90.625,100,100,89.0625,100,78.125,62.5,32.8125,100,73.4375,100,100,93.75,71.875,100,56.25,31.25,100,100,100,62.5,89.0625,100,68.75,85.9375,95.3125,100,40.625,100,40.625,100,100,67.1875,62.5,100,100,100,100,50,100,100,100,100,82.8125,100,100,85.9375,62.5,100,100,100,56.25,68.75,100,100,64.0625,100,48.4375,100,100,87.5,100,95.3125,100,78.125,71.875,82.8125,100,89.0625,100,100,100,34.375,100,84.375,65.625,54.6875,100,100,100,100,100,57.8125,100,64.0625,100,100,96.875,100,89.0625,92.1875,100,100,100,93.75,70.3125,54.6875,79.6875,100,100,100,100,76.5625,76.5625,100,100,92.1875,84.375,39.0625,100,100,67.1875,100,100,65.625,100,100,39.0625,90.625,81.25,84.375,100,64.0625,45.3125,59.375,62.5,100,98.4375,100,100,100,34.375,100,92.1875,100,100,93.75,100,96.875,67.1875,100,78.125,100,100,45.3125,100,62.5,4.6875,37.5,100,9.375,100,100,100,100,90.625,89.0625,100,100,84.375,78.125,100,100,92.1875,100,100,42.1875,79.6875,100,100,92.1875,100,100,34.375,100,87.5,21.875,100,100,100,50,46.875,100,100,79.6875,100,98.4375,100,100,78.125,100,54.6875,100,42.1875,56.25,100,70.3125,100,100,85.9375,70.3125,75,100,85.9375,100,96.875,100,81.25,84.375,100,98.4375,78.125,56.25,57.8125,100,100,90.625,100,64.0625,81.25,100,34.375,59.375,100,93.75,100,100,50,100,87.5,100,26.5625,51.5625,82.8125,100,100,100,59.375,67.1875,23.4375,90.625,100,100,100,59.375,100,100,67.1875,59.375,100,84.375,81.25,82.8125,71.875,100,92.1875,100,100,81.25,96.875,21.875,53.125,100,70.3125,39.0625,100,85.9375,100,100,53.125,100,89.0625,62.5,100,89.0625,75,90.625,65.625,90.625,100,17.1875,100,98.4375,48.4375,100,75,75,100,100,46.875,59.375,87.5,100,87.5,100,100,96.875,57.8125,59.375,100,100,100,100,98.4375,100,100,82.8125,68.75,46.875,100,100,62.5,100,100,93.75,100,100,100,98.4375,18.75,35.9375,100,100,100,98.4375,100,21.875,35.9375,32.8125,81.25,100,35.9375,40.625,100,81.25,100,98.4375,75,73.4375,100,67.1875,95.3125,100,67.1875,60.9375,78.125,45.3125,100,100,100,100,53.125,85.9375,100,43.75,100,79.6875,92.1875,100,21.875,100,71.875,43.75,100,79.6875,62.5,71.875,87.5,21.875,93.75,54.6875,85.9375,68.75,100,65.625,37.5,100,65.625,92.1875,100,100,100,100,100,85.9375,93.75,100,92.1875,100,100,100,81.25,68.75,100,15.625,100,100,100,100,100,96.875,60.9375,42.1875,89.0625,98.4375,100,100,96.875,100,100,100,93.75,50,100,100,54.6875,100,79.6875,100,26.5625,100,82.8125,100,100,100,100,100,95.3125,96.875,84.375,100,100,92.1875,78.125,90.625,98.4375,100,100,96.875,67.1875,53.125,46.875,98.4375,70.3125,100,31.25,76.5625,100,100,100,100,90.625,100,100,54.6875,57.8125,100,78.125,56.25,100,84.375,95.3125,98.4375,70.3125,84.375,100,100,100,100,100,100,100,79.6875,21.875,76.5625,100,100,100,89.0625,100,100,100,100,85.9375,100,93.75,60.9375,71.875,64.0625,100,26.5625,100,100,70.3125,54.6875,100,100,51.5625,100,79.6875,100,100,100,90.625,84.375,71.875,100,100,85.9375,100,40.625,100,100,81.25,56.25,57.8125,100,93.75,100,98.4375,100,100,84.375,64.0625,100,59.375,71.875,100,100,78.125,100,100,100,53.125,100,100,100,98.4375,100,100,100,70.3125,48.4375,81.25,59.375,100,100,64.0625,100,100,60.9375,100,100,100,100,73.4375,84.375,100,56.25,68.75,100,100,48.4375,76.5625,70.3125,100,54.6875,64.0625,100,81.25,81.25,100,100,73.4375,100,82.8125,100,65.625,100,100,53.125,46.875,29.6875,100,56.25,78.125,100,100,100,100,76.5625,100,79.6875,100,100,100,100,100,100,65.625,39.0625,100,100,100,90.625,100,51.5625,100,100,100,57.8125,100,100,100,100,100,67.1875,100,100,73.4375,100,100,53.125,100,75,100,100,100,100,87.5,100,54.6875,100,100,79.6875,48.4375,100,90.625,100,62.5,100,73.4375,85.9375,100,96.875,28.125,48.4375,100,100,35.9375,31.25,100,60.9375,100,100,76.5625,75,100,84.375,100,100,100,100,51.5625,100,70.3125,100,90.625,95.3125,100,100,42.1875,90.625,64.0625,92.1875,100,100,95.3125,82.8125,100,100,100,62.5,84.375,100,75,93.75,60.9375,92.1875,98.4375,100,100,100,100,100,87.5,71.875,100,79.6875,100,100,100,96.875,100,100,92.1875,68.75,75,89.0625,7.8125,48.4375,54.6875,100,100,46.875,37.5,100,100,98.4375,100,82.8125,78.125,59.375,85.9375,100,100,100,65.625,100,53.125,76.5625,100,70.3125,57.8125,100,89.0625,78.125,81.25,100,79.6875,54.6875,100,100,100,100,68.75,75,100,100,50,100,100,67.1875,35.9375,100,100,64.0625,93.75,78.125,100,98.4375,73.4375,100,100,100,100,100,50,100,73.4375,37.5,100,100,64.0625,28.125,100,89.0625,100,100,100,96.875,100,100,90.625,100,100,100,100,62.5,100,65.625,100,87.5,100,40.625,84.375,100,100,71.875,100,35.9375,21.875,50,76.5625,59.375,100,100,100,100,100,100,100,50,54.6875,45.3125,34.375,100,100,100,100,78.125,100,89.0625,100,73.4375,100,67.1875,100,87.5,17.1875,25,76.5625,98.4375,18.75,95.3125,84.375,92.1875,45.3125,40.625,100,100,100,100,50,79.6875,100,57.8125,78.125,100,100,51.5625,65.625,78.125,87.5,34.375,100,93.75,100,57.8125,100,100,90.625,100,100,64.0625,85.9375,100,100,23.4375,100,59.375,100,100,43.75,100,43.75,100,85.9375,43.75,100,48.4375,45.3125,87.5,92.1875,28.125,85.9375,98.4375,100,75,100,75,100,25,100,84.375,100,100,100,78.125,64.0625,43.75,100,100,50,68.75,100,100,100,100,100,26.5625,100,100,100,100,100,75,100,93.75,100,100,20.3125,79.6875,54.6875,45.3125,51.5625,75,100,64.0625,100,100,100,100,93.75,100,100,100,100,100,87.5,79.6875,100,96.875,100,100,100,78.125,100,68.75,70.3125,100,26.5625,76.5625,100,65.625,100,100,93.75,1.5625,98.4375,100,34.375,45.3125,79.6875,100,100,100,68.75,100,96.875,100,85.9375,100,100,100,100,100,82.8125,100,95.3125,100,9.375,75,100,59.375,100,100,15.625,75,98.4375,46.875,64.0625,100,100,56.25,100,100,85.9375,100,100,75,100,100,100,89.0625,100,59.375,29.6875,100,73.4375,100,75,48.4375,100,62.5,100,75,100,31.25,90.625,100,100,71.875,100,82.8125,100,100,57.8125,100,71.875,59.375,65.625,87.5,100,53.125,81.25,96.875,100,96.875,76.5625,93.75,96.875,51.5625,76.5625,96.875,56.25,64.0625,100,100,67.1875,84.375,100,81.25,29.6875,67.1875,89.0625,100,100,100,75,100,59.375,35.9375,10.9375,98.4375,100,100,100,21.875,75,100,54.6875,78.125,100,54.6875,100,54.6875,82.8125,48.4375,78.125,100,100,100,60.9375,100,87.5,95.3125,90.625,100,100
"6107",87.5,100,35.9375,100,100,57.8125,95.3125,96.875,23.4375,95.3125,59.375,100,100,100,100,76.5625,82.8125,76.5625,100,100,96.875,100,100,100,75,100,100,85.9375,81.25,100,100,100,100,95.3125,100,96.875,81.25,100,100,89.0625,56.25,64.0625,82.8125,100,100,98.4375,100,100,68.75,81.25,75,100,100,70.3125,75,100,7.8125,100,100,43.75,93.75,53.125,98.4375,100,100,100,65.625,100,79.6875,100,54.6875,75,100,100,59.375,82.8125,100,100,50,100,75,100,45.3125,73.4375,65.625,100,100,70.3125,100,100,56.25,84.375,100,48.4375,93.75,100,100,62.5,100,100,82.8125,98.4375,100,90.625,100,29.6875,100,84.375,85.9375,100,87.5,65.625,100,100,46.875,100,100,100,100,100,76.5625,100,100,89.0625,25,56.25,100,18.75,100,100,96.875,100,100,59.375,100,14.0625,59.375,78.125,100,100,84.375,79.6875,50,59.375,100,100,87.5,93.75,60.9375,76.5625,54.6875,53.125,84.375,92.1875,96.875,90.625,76.5625,100,100,100,100,100,71.875,100,89.0625,70.3125,7.8125,90.625,35.9375,100,87.5,85.9375,93.75,100,100,100,84.375,100,100,100,100,43.75,100,100,100,100,46.875,100,100,85.9375,100,100,87.5,100,100,100,100,90.625,93.75,100,39.0625,100,43.75,100,100,100,100,100,73.4375,100,65.625,100,100,100,87.5,78.125,64.0625,95.3125,100,62.5,100,100,75,100,100,53.125,95.3125,98.4375,67.1875,68.75,82.8125,81.25,100,100,100,100,89.0625,60.9375,100,100,100,100,100,87.5,100,28.125,98.4375,90.625,100,51.5625,100,76.5625,76.5625,100,100,93.75,100,60.9375,100,100,95.3125,98.4375,31.25,93.75,92.1875,98.4375,100,100,100,100,78.125,57.8125,100,100,100,68.75,37.5,100,75,100,90.625,100,100,100,100,100,46.875,98.4375,100,100,84.375,100,51.5625,37.5,100,100,100,89.0625,60.9375,75,37.5,100,68.75,85.9375,100,82.8125,100,57.8125,89.0625,100,100,76.5625,46.875,100,62.5,95.3125,100,100,62.5,79.6875,89.0625,100,50,100,84.375,71.875,93.75,62.5,100,67.1875,85.9375,100,76.5625,98.4375,100,35.9375,75,87.5,100,100,100,84.375,32.8125,45.3125,71.875,62.5,29.6875,100,100,73.4375,21.875,78.125,100,100,68.75,100,100,71.875,46.875,89.0625,79.6875,87.5,100,100,85.9375,53.125,17.1875,96.875,98.4375,100,100,100,95.3125,79.6875,70.3125,100,96.875,60.9375,82.8125,100,84.375,100,100,100,100,26.5625,95.3125,100,92.1875,92.1875,100,100,100,100,100,73.4375,100,53.125,64.0625,20.3125,100,79.6875,100,100,100,100,59.375,92.1875,71.875,89.0625,78.125,96.875,100,100,100,100,37.5,51.5625,100,75,60.9375,100,100,100,100,26.5625,37.5,100,100,100,82.8125,100,82.8125,100,100,71.875,54.6875,100,100,100,100,100,75,85.9375,100,100,100,100,96.875,93.75,90.625,100,100,100,85.9375,71.875,100,95.3125,100,100,76.5625,73.4375,70.3125,100,31.25,53.125,100,100,100,89.0625,82.8125,56.25,64.0625,100,100,68.75,100,100,100,100,78.125,100,100,62.5,82.8125,100,48.4375,100,100,67.1875,100,78.125,79.6875,100,64.0625,100,100,35.9375,35.9375,59.375,78.125,93.75,100,100,84.375,57.8125,79.6875,82.8125,100,100,62.5,78.125,68.75,100,100,100,100,100,100,100,98.4375,78.125,79.6875,59.375,31.25,92.1875,100,92.1875,50,100,39.0625,100,87.5,100,85.9375,71.875,100,70.3125,84.375,100,93.75,100,100,35.9375,100,100,85.9375,100,100,70.3125,100,100,100,100,100,54.6875,78.125,100,73.4375,90.625,100,71.875,100,100,100,100,32.8125,100,100,100,78.125,100,90.625,100,43.75,68.75,100,67.1875,68.75,100,65.625,100,100,46.875,100,100,100,65.625,100,64.0625,100,62.5,100,100,100,100,92.1875,100,71.875,100,100,100,100,85.9375,60.9375,48.4375,62.5,50,100,51.5625,100,100,76.5625,100,51.5625,100,100,100,100,100,100,100,98.4375,81.25,100,76.5625,100,100,100,70.3125,76.5625,100,100,100,100,100,100,100,100,96.875,93.75,100,51.5625,96.875,70.3125,82.8125,100,100,76.5625,68.75,100,95.3125,93.75,100,42.1875,4.6875,85.9375,59.375,29.6875,100,100,100,100,100,100,65.625,100,89.0625,39.0625,59.375,56.25,64.0625,54.6875,98.4375,75,100,100,100,76.5625,85.9375,40.625,75,95.3125,50,84.375,100,100,100,100,100,100,76.5625,53.125,45.3125,68.75,100,100,87.5,54.6875,64.0625,46.875,100,51.5625,100,100,100,100,100,100,67.1875,100,75,89.0625,62.5,100,100,64.0625,73.4375,100,100,65.625,100,100,100,71.875,43.75,96.875,100,100,71.875,85.9375,67.1875,100,100,100,95.3125,100,100,100,100,100,100,68.75,100,100,100,100,100,100,34.375,87.5,100,79.6875,39.0625,57.8125,98.4375,100,85.9375,100,100,100,100,54.6875,32.8125,64.0625,85.9375,100,100,82.8125,48.4375,67.1875,75,68.75,4.6875,100,100,20.3125,43.75,100,20.3125,84.375,100,100,67.1875,100,100,78.125,92.1875,100,90.625,100,100,43.75,45.3125,79.6875,100,95.3125,100,100,100,100,57.8125,95.3125,100,100,45.3125,87.5,100,100,64.0625,100,85.9375,100,89.0625,60.9375,100,37.5,92.1875,100,100,56.25,100,59.375,100,100,100,100,96.875,62.5,98.4375,100,59.375,85.9375,100,100,28.125,100,70.3125,82.8125,79.6875,42.1875,100,31.25,100,56.25,100,40.625,100,84.375,62.5,54.6875,100,100,68.75,100,76.5625,28.125,65.625,100,89.0625,76.5625,100,89.0625,100,96.875,95.3125,56.25,100,100,100,100,100,100,100,100,65.625,43.75,100,68.75,93.75,70.3125,100,60.9375,78.125,100,34.375,100,100,59.375,59.375,65.625,89.0625,85.9375,85.9375,100,98.4375,100,67.1875,100,96.875,71.875,67.1875,100,100,100,98.4375,100,62.5,92.1875,100,100,100,100,51.5625,100,20.3125,100,87.5,100,100,59.375,89.0625,50,70.3125,89.0625,100,35.9375,54.6875,87.5,100,82.8125,84.375,70.3125,62.5,78.125,100,70.3125,100,92.1875,100,100,81.25,51.5625,81.25,100,100,100,60.9375,98.4375,87.5,34.375,100,100,100,100,71.875,100,100,95.3125,100,100,100,93.75,100,100,100,68.75,100,100,100,73.4375,70.3125,65.625,100,100,57.8125,26.5625,100,96.875,100,100,100,100,57.8125,29.6875,100,46.875,95.3125,100,71.875,100,89.0625,85.9375,100,100,100,93.75,100,100,100,100,100,59.375,87.5,100,100,92.1875,65.625,95.3125,65.625,56.25,100,100,96.875,39.0625,84.375,100,70.3125,100,46.875,100,81.25,100,46.875,100,100,84.375,23.4375,100,100,84.375,100,76.5625,100,96.875,98.4375,57.8125,100,70.3125,100,81.25,98.4375,100,100,76.5625,71.875,65.625,100,100,84.375,100,100,100,100,100,100,65.625,100,93.75,81.25,100,100,100,85.9375,100,89.0625,100,100,100,100,100,100,70.3125,95.3125,100,71.875,75,100,100,73.4375,68.75,100,81.25,100,100,70.3125,100,100,100,100,78.125,100,100,35.9375,100,100,78.125,71.875,92.1875,50,78.125,100,100,34.375,71.875,17.1875,100,100,71.875,82.8125,100,100,100,100,100,85.9375,93.75,65.625,65.625,82.8125,100,100,82.8125,100,87.5,100,100,100,100,100,73.4375,64.0625,100,93.75,100,100,82.8125,53.125,100,51.5625,100,60.9375,100,100,100,100,100,46.875,100,89.0625,100,100,100,100,100,100,59.375,65.625,100,93.75,100,82.8125,100,98.4375,54.6875,78.125,89.0625,85.9375,100,100,100,100,100,100,40.625,56.25,98.4375,100,100,100,100,100,79.6875,100,87.5,100,100,51.5625,100,96.875,100,82.8125,75,100,17.1875,100,85.9375,96.875,100,87.5,73.4375,100,98.4375,100,100,65.625,45.3125,100,67.1875,51.5625,64.0625,100,68.75,89.0625,100,100,100,84.375,48.4375,100,87.5,28.125,93.75,56.25,100,100,100,100,100,56.25,100,100,100,65.625,78.125,56.25,100,65.625,100,100,100,67.1875,95.3125,82.8125,100,100,54.6875,100,100,62.5,100,92.1875,100,100,100,43.75,100,68.75,100,100,100,100,100,28.125,71.875,100,100,100,89.0625,43.75,100,32.8125,100,100,100,100,65.625,67.1875,100,73.4375,100,89.0625,96.875,100,100,89.0625,78.125,54.6875,87.5,73.4375,100,100,73.4375,84.375,92.1875,67.1875,100,50,100,96.875,65.625,81.25,100,81.25,62.5,100,40.625,85.9375,100,96.875,100,100,100,92.1875,100,75,100,100,81.25,85.9375,100,87.5,100,85.9375,87.5,90.625,100,65.625,100,95.3125,100,87.5,100,100,59.375,62.5,100,9.375,100,100,100,89.0625,100,100,100,75,90.625,81.25,100,100,100,70.3125,100,43.75,100,62.5,54.6875,56.25,87.5,89.0625,100,100,96.875,48.4375,51.5625,73.4375,45.3125,100,100,76.5625,59.375,60.9375,79.6875,81.25,90.625,93.75,98.4375,90.625,100,54.6875,60.9375,75,60.9375,100,100,75,93.75,100,100,87.5,57.8125,68.75,87.5,92.1875,100,100,100,73.4375,31.25,37.5,100,100,98.4375,100,79.6875,89.0625,100,68.75,87.5,100,100,100,100,100,100,46.875,95.3125,51.5625,50,79.6875,62.5,90.625,100,100,100,87.5,100,100,78.125,35.9375,87.5,100,73.4375,70.3125,98.4375,100,50,100,100,65.625,100,100,100,100,100,100,96.875,25,87.5,100,93.75,100,100,100,95.3125,100,100,100,85.9375,60.9375,76.5625,100,100,82.8125,89.0625,73.4375,100,100,70.3125,71.875,100,100,100,76.5625,93.75,65.625,93.75,100,79.6875,100,100,98.4375,40.625,100,100,100,82.8125,75,100,100,73.4375,100,96.875,100,100,100,100,100,65.625,48.4375,70.3125,100,64.0625,100,87.5,100,100,100,100,100,100,100,89.0625,100,100,76.5625,100,100,100,100,95.3125,100,100,96.875,90.625,100,54.6875,100,21.875,100,96.875,100,90.625,76.5625,78.125,79.6875,37.5,62.5,42.1875,100,100,100,100,92.1875,85.9375,100,100,100,26.5625,59.375,100,48.4375,100,71.875,100,100,100,100,100,100,45.3125,100,100,100,89.0625,100,100,100,98.4375,100,95.3125,100,100,81.25,84.375,84.375,60.9375,100,79.6875,73.4375,100,84.375,12.5,100,89.0625,100,87.5,70.3125,60.9375,57.8125,100,95.3125,84.375,100,100,81.25,100,100,100,100,45.3125,45.3125,100,100,85.9375,100,21.875,81.25,100,100,100,100,100,79.6875,100,89.0625,100,100,85.9375,85.9375,100,100,100,65.625,100,100,100,100,100,100,100,59.375,100,32.8125,96.875,76.5625,100,100,100,100,100,71.875,53.125,71.875,100,100,82.8125,100,100,93.75,76.5625,100,89.0625,100,26.5625,100,100,100,54.6875,54.6875,100,59.375,100,100,89.0625,100,46.875,82.8125,81.25,65.625,100,100,87.5,100,90.625,100,100,100,81.25,56.25,100,51.5625,42.1875,100,95.3125,64.0625,100,76.5625,87.5,100,100,100,95.3125,98.4375,39.0625,20.3125,100,100,100,100,100,100,100,100,100,100,98.4375,100,78.125,100,100,82.8125,92.1875,100,98.4375,100,100,93.75,100,62.5,56.25,100,100,100,78.125,89.0625,100,100,100,100,32.8125,46.875,100,78.125,100,100,75,100,60.9375,100,100,43.75,59.375,62.5,82.8125,82.8125,100,100,100,100,100,79.6875,84.375,100,100,100,100,85.9375,98.4375,100,100,100,100,100,82.8125,100,100,85.9375,100,100,100,100,100,73.4375,100,46.875,56.25,100,100,59.375,100,100,100,100,100,100,73.4375,50,84.375,100,37.5,100,76.5625,89.0625,100,100,20.3125,78.125,85.9375,100,71.875,100,100,53.125,68.75,100,18.75,100,59.375,100,32.8125,76.5625,100,100,100,100,56.25,100,100,100,100,31.25,60.9375,43.75,78.125,68.75,64.0625,76.5625,100,65.625,81.25,93.75,26.5625,100,75,100,100,100,100,68.75,73.4375,100,84.375,100,100,75,100,100,100,29.6875,79.6875,64.0625,100,51.5625,100,59.375,100,75,95.3125,34.375,82.8125,100,100,100,79.6875,100,51.5625,100,100,100,100,85.9375,98.4375,42.1875,71.875,100,82.8125,100,100,100,100,14.0625,82.8125,100,84.375,100,100,79.6875,100,98.4375,34.375,96.875,100,89.0625,54.6875,100,57.8125,100,40.625,35.9375,100,57.8125,79.6875,100,34.375,96.875,100,100,84.375,95.3125,84.375,57.8125,100,87.5,100,92.1875,32.8125,29.6875,100,92.1875,100,100,92.1875,65.625,100,56.25,29.6875,12.5,100,75,60.9375,89.0625,100,73.4375,85.9375,93.75,100,45.3125,100,45.3125,100,100,59.375,71.875,62.5,100,98.4375,95.3125,34.375,100,100,100,100,90.625,100,100,68.75,34.375,100,100,100,59.375,65.625,100,81.25,59.375,100,21.875,100,100,78.125,100,100,100,76.5625,75,82.8125,100,85.9375,100,100,100,76.5625,100,79.6875,42.1875,62.5,100,87.5,100,100,100,34.375,98.4375,100,100,100,95.3125,100,90.625,85.9375,64.0625,100,84.375,95.3125,100,100,84.375,98.4375,100,62.5,100,76.5625,98.4375,100,100,100,98.4375,43.75,76.5625,100,67.1875,100,100,100,100,100,37.5,93.75,79.6875,100,100,65.625,56.25,59.375,95.3125,100,100,100,100,100,32.8125,100,95.3125,100,100,92.1875,100,100,67.1875,20.3125,79.6875,100,100,45.3125,100,70.3125,6.25,37.5,100,56.25,100,100,100,100,90.625,95.3125,100,100,98.4375,79.6875,100,100,100,100,100,100,78.125,100,100,87.5,100,100,26.5625,100,79.6875,23.4375,100,100,100,48.4375,81.25,100,100,81.25,100,100,65.625,100,78.125,100,59.375,100,100,57.8125,100,70.3125,100,100,93.75,73.4375,73.4375,100,100,100,95.3125,100,82.8125,85.9375,100,100,78.125,56.25,51.5625,100,100,90.625,100,64.0625,100,100,87.5,67.1875,100,100,100,100,51.5625,100,87.5,12.5,60.9375,62.5,90.625,100,100,100,59.375,82.8125,25,85.9375,100,100,100,59.375,100,100,67.1875,6.25,100,84.375,81.25,85.9375,78.125,100,93.75,100,100,68.75,96.875,20.3125,48.4375,98.4375,70.3125,39.0625,100,87.5,100,100,54.6875,100,84.375,57.8125,100,87.5,75,92.1875,64.0625,87.5,100,17.1875,100,85.9375,71.875,100,84.375,71.875,100,100,40.625,62.5,92.1875,100,85.9375,100,100,92.1875,57.8125,60.9375,100,100,100,100,95.3125,100,100,79.6875,73.4375,64.0625,100,100,62.5,100,100,84.375,100,100,100,93.75,100,35.9375,100,76.5625,100,100,87.5,100,79.6875,29.6875,56.25,100,54.6875,40.625,45.3125,81.25,100,100,75,76.5625,100,90.625,100,100,65.625,21.875,73.4375,76.5625,100,100,85.9375,100,64.0625,84.375,100,76.5625,100,82.8125,81.25,51.5625,17.1875,100,71.875,45.3125,100,81.25,70.3125,81.25,95.3125,20.3125,95.3125,54.6875,85.9375,100,100,65.625,100,100,68.75,92.1875,90.625,100,93.75,100,89.0625,79.6875,93.75,76.5625,64.0625,96.875,100,100,78.125,70.3125,82.8125,67.1875,100,100,45.3125,100,100,96.875,75,46.875,92.1875,100,100,100,100,100,100,100,93.75,64.0625,100,95.3125,56.25,100,85.9375,100,28.125,100,89.0625,100,100,100,95.3125,100,98.4375,92.1875,54.6875,100,100,92.1875,100,92.1875,98.4375,100,100,100,68.75,67.1875,62.5,98.4375,100,100,31.25,79.6875,100,100,100,100,100,100,100,57.8125,57.8125,100,32.8125,79.6875,100,100,96.875,92.1875,67.1875,85.9375,100,100,84.375,100,100,100,100,76.5625,21.875,73.4375,100,100,100,70.3125,100,100,98.4375,100,82.8125,100,92.1875,68.75,78.125,62.5,100,25,100,100,15.625,56.25,100,100,50,84.375,79.6875,87.5,100,100,93.75,84.375,85.9375,100,100,84.375,100,37.5,100,100,79.6875,68.75,57.8125,100,100,100,98.4375,100,100,81.25,65.625,100,59.375,70.3125,100,100,76.5625,100,100,98.4375,59.375,92.1875,95.3125,100,9.375,100,100,90.625,70.3125,48.4375,67.1875,59.375,100,100,64.0625,100,100,62.5,100,100,95.3125,100,100,78.125,100,56.25,70.3125,71.875,100,48.4375,35.9375,85.9375,100,56.25,73.4375,100,79.6875,100,100,100,75,100,85.9375,100,67.1875,100,100,100,48.4375,100,100,46.875,90.625,100,64.0625,84.375,96.875,75,100,100,100,100,100,100,100,100,68.75,32.8125,100,84.375,100,81.25,100,53.125,100,100,67.1875,59.375,100,100,100,100,100,65.625,100,100,62.5,100,100,59.375,100,75,100,100,100,85.9375,84.375,100,60.9375,100,100,100,57.8125,100,90.625,100,60.9375,100,79.6875,84.375,100,89.0625,82.8125,45.3125,100,100,39.0625,31.25,100,56.25,100,100,100,75,100,70.3125,100,100,100,100,51.5625,100,100,100,81.25,95.3125,100,100,51.5625,100,64.0625,100,100,100,82.8125,81.25,90.625,100,100,64.0625,81.25,90.625,87.5,100,57.8125,92.1875,87.5,100,100,100,100,100,100,71.875,93.75,79.6875,100,100,100,96.875,100,93.75,93.75,68.75,98.4375,89.0625,18.75,45.3125,100,100,100,45.3125,100,100,100,90.625,100,81.25,79.6875,59.375,89.0625,100,82.8125,100,68.75,100,100,73.4375,48.4375,100,57.8125,100,71.875,76.5625,81.25,100,79.6875,54.6875,100,100,100,100,75,26.5625,100,100,48.4375,100,100,76.5625,37.5,100,100,53.125,92.1875,76.5625,100,100,82.8125,89.0625,100,100,100,100,53.125,100,75,7.8125,100,100,64.0625,100,100,82.8125,100,100,100,100,100,98.4375,89.0625,90.625,100,100,65.625,57.8125,100,65.625,100,89.0625,100,56.25,92.1875,100,100,78.125,100,37.5,28.125,42.1875,100,60.9375,100,100,100,100,82.8125,92.1875,100,60.9375,56.25,37.5,100,45.3125,100,100,87.5,81.25,100,89.0625,100,84.375,75,68.75,100,85.9375,100,100,76.5625,98.4375,20.3125,95.3125,84.375,100,43.75,35.9375,100,100,100,100,50,100,100,59.375,78.125,100,100,54.6875,92.1875,78.125,87.5,31.25,100,100,100,87.5,100,100,81.25,100,98.4375,68.75,84.375,100,100,25,100,59.375,100,100,42.1875,100,40.625,100,79.6875,43.75,100,50,48.4375,87.5,89.0625,31.25,85.9375,100,100,34.375,100,78.125,100,23.4375,100,100,100,93.75,100,79.6875,84.375,43.75,100,100,48.4375,65.625,100,100,59.375,100,70.3125,46.875,100,100,100,100,100,78.125,100,87.5,100,100,95.3125,79.6875,46.875,42.1875,51.5625,17.1875,100,100,100,100,92.1875,100,64.0625,100,100,100,100,100,89.0625,81.25,100,96.875,100,100,100,84.375,87.5,18.75,87.5,100,26.5625,100,100,100,100,100,95.3125,1.5625,100,42.1875,29.6875,100,78.125,100,100,100,71.875,100,100,100,84.375,32.8125,100,28.125,100,100,89.0625,100,73.4375,100,17.1875,35.9375,100,100,100,100,43.75,78.125,96.875,45.3125,64.0625,100,100,68.75,100,100,81.25,100,100,90.625,100,100,15.625,89.0625,96.875,53.125,26.5625,100,89.0625,98.4375,37.5,100,100,62.5,100,70.3125,71.875,32.8125,100,100,100,85.9375,100,82.8125,100,100,57.8125,100,68.75,45.3125,100,93.75,100,32.8125,54.6875,100,100,96.875,96.875,100,100,48.4375,68.75,98.4375,59.375,64.0625,100,100,67.1875,76.5625,100,85.9375,29.6875,48.4375,87.5,100,100,100,21.875,100,59.375,34.375,100,64.0625,100,100,100,85.9375,84.375,100,54.6875,84.375,100,51.5625,57.8125,53.125,100,50,81.25,100,100,100,87.5,100,84.375,100,100,100,100
"6108",90.625,100,59.375,100,100,54.6875,95.3125,100,21.875,98.4375,59.375,100,100,100,92.1875,75,81.25,81.25,100,100,96.875,100,100,100,76.5625,100,100,89.0625,82.8125,100,100,100,100,100,100,89.0625,79.6875,100,100,90.625,95.3125,64.0625,82.8125,100,100,100,100,100,67.1875,82.8125,75,100,100,70.3125,81.25,100,14.0625,100,100,42.1875,92.1875,70.3125,98.4375,100,100,100,59.375,100,64.0625,100,53.125,76.5625,100,85.9375,59.375,79.6875,100,100,48.4375,100,78.125,100,84.375,73.4375,100,100,84.375,100,100,100,56.25,82.8125,100,51.5625,92.1875,35.9375,100,64.0625,100,100,76.5625,98.4375,100,90.625,100,26.5625,100,64.0625,85.9375,100,89.0625,70.3125,100,100,46.875,100,100,100,100,100,67.1875,100,100,92.1875,100,54.6875,100,18.75,100,100,100,100,100,100,100,15.625,64.0625,78.125,100,100,100,76.5625,46.875,60.9375,81.25,100,92.1875,100,60.9375,79.6875,57.8125,34.375,82.8125,89.0625,96.875,87.5,75,100,100,100,100,100,70.3125,100,89.0625,70.3125,56.25,90.625,31.25,100,89.0625,100,100,100,100,100,89.0625,100,100,100,84.375,43.75,100,100,100,92.1875,46.875,100,100,87.5,100,100,87.5,100,100,100,75,89.0625,100,100,60.9375,100,43.75,100,100,100,100,100,73.4375,100,64.0625,100,100,100,84.375,78.125,100,46.875,100,59.375,62.5,75,100,100,100,53.125,96.875,100,68.75,100,82.8125,81.25,40.625,100,100,100,87.5,62.5,100,100,100,100,100,98.4375,100,29.6875,100,90.625,100,100,100,81.25,53.125,100,100,89.0625,100,68.75,100,100,100,100,32.8125,100,46.875,98.4375,100,100,95.3125,100,54.6875,59.375,100,100,100,65.625,39.0625,100,76.5625,46.875,90.625,50,100,100,100,100,46.875,98.4375,100,90.625,79.6875,100,50,43.75,100,100,100,92.1875,64.0625,75,37.5,100,76.5625,75,100,82.8125,93.75,21.875,92.1875,100,100,56.25,46.875,100,81.25,93.75,100,100,76.5625,57.8125,89.0625,100,50,100,79.6875,68.75,90.625,59.375,100,67.1875,87.5,100,76.5625,95.3125,100,37.5,100,89.0625,100,100,100,82.8125,45.3125,37.5,67.1875,64.0625,31.25,100,100,70.3125,100,76.5625,100,100,67.1875,100,96.875,93.75,56.25,95.3125,89.0625,95.3125,100,100,59.375,51.5625,76.5625,100,100,100,82.8125,100,100,64.0625,100,100,89.0625,54.6875,78.125,98.4375,84.375,100,100,100,100,100,100,100,76.5625,90.625,100,71.875,100,100,100,76.5625,100,68.75,92.1875,60.9375,100,96.875,100,100,100,93.75,59.375,100,71.875,93.75,100,92.1875,90.625,98.4375,100,84.375,37.5,56.25,100,75,18.75,100,100,96.875,100,37.5,42.1875,100,96.875,100,82.8125,100,100,100,98.4375,60.9375,43.75,100,100,100,100,93.75,100,84.375,93.75,100,100,100,81.25,93.75,89.0625,100,100,100,85.9375,71.875,100,70.3125,100,100,76.5625,73.4375,70.3125,100,62.5,53.125,100,100,100,100,81.25,54.6875,57.8125,100,100,70.3125,100,100,100,100,64.0625,100,100,62.5,82.8125,100,53.125,100,100,67.1875,100,78.125,79.6875,100,65.625,100,100,100,34.375,68.75,70.3125,92.1875,100,100,93.75,73.4375,78.125,82.8125,100,100,64.0625,78.125,71.875,100,100,67.1875,100,100,100,100,82.8125,75,100,59.375,32.8125,93.75,100,100,50,96.875,39.0625,100,89.0625,100,85.9375,71.875,100,70.3125,51.5625,96.875,92.1875,100,100,35.9375,59.375,100,84.375,100,100,70.3125,100,100,100,100,100,46.875,81.25,100,75,100,100,71.875,100,100,100,100,100,79.6875,100,100,59.375,100,92.1875,100,45.3125,76.5625,100,87.5,100,100,100,100,100,93.75,100,100,100,70.3125,100,64.0625,100,67.1875,100,100,100,100,84.375,100,73.4375,96.875,100,100,100,100,73.4375,100,92.1875,57.8125,100,51.5625,100,100,78.125,100,78.125,100,100,100,100,100,100,100,100,79.6875,100,48.4375,71.875,15.625,100,82.8125,78.125,100,100,100,100,100,100,90.625,96.875,100,100,100,53.125,96.875,73.4375,73.4375,100,100,70.3125,100,100,87.5,92.1875,100,43.75,28.125,85.9375,67.1875,28.125,100,100,100,100,100,100,60.9375,100,89.0625,37.5,59.375,59.375,65.625,57.8125,98.4375,76.5625,100,96.875,76.5625,81.25,71.875,40.625,81.25,95.3125,48.4375,78.125,100,100,100,100,100,100,76.5625,70.3125,45.3125,68.75,100,100,81.25,57.8125,67.1875,46.875,100,50,100,100,100,100,100,100,67.1875,100,75,90.625,62.5,100,100,67.1875,100,100,100,60.9375,100,100,100,75,100,79.6875,100,100,100,81.25,68.75,100,100,100,89.0625,100,100,100,100,100,100,68.75,100,76.5625,100,50,100,100,35.9375,85.9375,100,95.3125,57.8125,43.75,100,100,67.1875,82.8125,100,100,100,73.4375,100,57.8125,92.1875,100,100,100,48.4375,53.125,68.75,68.75,7.8125,100,48.4375,75,42.1875,100,48.4375,82.8125,100,100,81.25,100,100,81.25,100,100,87.5,46.875,100,39.0625,46.875,79.6875,100,78.125,100,70.3125,100,100,54.6875,100,98.4375,100,39.0625,100,100,100,82.8125,96.875,85.9375,100,89.0625,68.75,100,37.5,93.75,100,100,54.6875,100,57.8125,100,100,100,100,95.3125,62.5,100,100,79.6875,81.25,100,100,37.5,100,70.3125,92.1875,81.25,42.1875,100,43.75,100,54.6875,100,100,95.3125,82.8125,67.1875,100,100,100,70.3125,100,76.5625,37.5,67.1875,100,100,82.8125,100,100,100,89.0625,92.1875,57.8125,100,43.75,100,100,100,100,100,100,65.625,45.3125,100,70.3125,100,70.3125,100,59.375,78.125,100,56.25,100,76.5625,53.125,100,65.625,64.0625,85.9375,98.4375,100,100,84.375,60.9375,100,70.3125,71.875,67.1875,100,100,100,98.4375,100,60.9375,100,100,100,100,96.875,75,100,20.3125,100,79.6875,100,100,51.5625,100,62.5,68.75,93.75,100,35.9375,100,100,100,100,92.1875,76.5625,60.9375,98.4375,100,70.3125,78.125,100,100,100,81.25,81.25,98.4375,98.4375,100,100,62.5,98.4375,79.6875,32.8125,87.5,100,100,100,71.875,100,100,95.3125,100,100,100,93.75,100,100,100,100,100,100,100,75,57.8125,64.0625,100,100,60.9375,32.8125,100,98.4375,100,62.5,62.5,100,78.125,29.6875,100,48.4375,75,71.875,71.875,100,89.0625,89.0625,100,100,100,96.875,100,100,100,100,100,59.375,87.5,73.4375,100,92.1875,64.0625,93.75,67.1875,64.0625,100,100,100,70.3125,84.375,100,76.5625,100,81.25,100,100,100,60.9375,100,100,81.25,26.5625,100,76.5625,81.25,100,45.3125,100,34.375,100,100,100,100,100,81.25,96.875,100,100,76.5625,81.25,68.75,100,100,29.6875,100,100,100,100,76.5625,100,64.0625,100,100,100,95.3125,100,100,85.9375,85.9375,89.0625,100,93.75,100,100,81.25,100,65.625,95.3125,100,50,21.875,100,95.3125,75,68.75,100,81.25,100,100,60.9375,96.875,57.8125,100,100,84.375,100,100,37.5,100,100,96.875,85.9375,89.0625,46.875,76.5625,100,100,29.6875,76.5625,17.1875,100,100,85.9375,100,100,100,100,100,96.875,89.0625,93.75,62.5,100,89.0625,100,100,89.0625,100,87.5,100,100,100,100,100,75,85.9375,100,93.75,54.6875,100,82.8125,56.25,68.75,81.25,100,70.3125,62.5,100,100,100,100,45.3125,100,78.125,100,100,100,68.75,100,100,59.375,65.625,100,93.75,100,82.8125,100,93.75,67.1875,78.125,100,100,100,100,100,100,45.3125,100,40.625,53.125,92.1875,100,100,100,100,89.0625,70.3125,71.875,96.875,100,100,71.875,100,95.3125,100,82.8125,75,100,100,100,85.9375,95.3125,82.8125,85.9375,75,100,100,100,100,87.5,56.25,100,62.5,51.5625,100,100,68.75,89.0625,100,100,100,70.3125,51.5625,73.4375,93.75,29.6875,100,59.375,100,100,100,100,100,100,100,100,100,68.75,73.4375,60.9375,84.375,68.75,100,100,100,68.75,95.3125,81.25,100,67.1875,51.5625,100,100,68.75,100,87.5,100,100,100,45.3125,87.5,71.875,100,100,100,21.875,100,29.6875,68.75,100,100,84.375,89.0625,26.5625,100,34.375,100,100,100,100,71.875,67.1875,100,73.4375,100,100,100,87.5,100,100,78.125,54.6875,87.5,57.8125,100,100,79.6875,37.5,92.1875,67.1875,56.25,51.5625,100,100,67.1875,89.0625,100,78.125,62.5,100,42.1875,96.875,100,90.625,100,100,100,100,100,75,100,100,34.375,76.5625,100,84.375,100,85.9375,78.125,92.1875,100,100,100,96.875,100,62.5,100,96.875,64.0625,62.5,100,100,100,100,100,89.0625,100,100,100,100,85.9375,48.4375,100,100,100,71.875,100,46.875,87.5,100,53.125,53.125,85.9375,46.875,100,100,70.3125,50,54.6875,59.375,45.3125,100,100,76.5625,56.25,65.625,87.5,78.125,87.5,93.75,89.0625,90.625,100,53.125,84.375,73.4375,57.8125,50,100,81.25,92.1875,100,100,85.9375,100,68.75,92.1875,92.1875,100,100,100,73.4375,35.9375,37.5,45.3125,98.4375,100,100,98.4375,100,67.1875,62.5,71.875,100,100,100,100,100,100,37.5,100,54.6875,50,78.125,54.6875,90.625,100,100,100,87.5,100,100,92.1875,35.9375,89.0625,100,71.875,68.75,100,100,65.625,100,100,100,100,100,100,76.5625,100,100,96.875,18.75,84.375,100,95.3125,100,100,100,95.3125,100,100,100,100,62.5,96.875,100,100,84.375,90.625,73.4375,100,100,70.3125,71.875,100,100,100,76.5625,93.75,67.1875,100,100,81.25,100,100,100,50,96.875,100,92.1875,78.125,73.4375,100,100,81.25,100,51.5625,100,100,62.5,100,100,62.5,48.4375,67.1875,100,68.75,100,100,43.75,100,100,100,96.875,100,100,90.625,100,100,92.1875,100,100,100,100,96.875,100,100,100,56.25,100,50,100,92.1875,100,73.4375,100,95.3125,78.125,92.1875,96.875,39.0625,46.875,39.0625,100,100,100,29.6875,84.375,100,100,100,100,17.1875,59.375,100,71.875,100,70.3125,100,100,100,100,100,100,39.0625,95.3125,100,100,93.75,100,100,100,95.3125,100,18.75,100,78.125,51.5625,73.4375,50,20.3125,26.5625,67.1875,68.75,100,96.875,21.875,100,90.625,100,89.0625,95.3125,59.375,100,100,84.375,78.125,100,100,68.75,100,100,82.8125,100,48.4375,45.3125,100,100,78.125,100,20.3125,85.9375,100,98.4375,100,100,100,100,100,93.75,100,100,87.5,100,100,100,100,95.3125,100,100,100,100,100,100,21.875,29.6875,100,85.9375,98.4375,82.8125,100,100,100,100,100,71.875,48.4375,68.75,100,46.875,68.75,100,100,89.0625,76.5625,100,87.5,100,29.6875,100,100,100,67.1875,42.1875,100,100,100,100,87.5,100,45.3125,85.9375,78.125,65.625,100,100,87.5,100,98.4375,100,100,100,85.9375,59.375,100,46.875,45.3125,100,95.3125,76.5625,100,81.25,87.5,100,100,100,84.375,100,39.0625,21.875,100,100,100,87.5,100,100,100,100,100,100,12.5,21.875,79.6875,100,100,82.8125,96.875,100,100,100,100,89.0625,100,65.625,57.8125,100,100,100,100,95.3125,67.1875,100,87.5,100,46.875,60.9375,100,100,100,100,76.5625,100,62.5,73.4375,100,43.75,59.375,62.5,96.875,84.375,100,93.75,100,100,100,76.5625,90.625,100,100,100,100,81.25,100,100,100,100,100,100,79.6875,100,29.6875,87.5,100,100,100,100,100,85.9375,100,46.875,60.9375,100,100,51.5625,89.0625,100,100,100,96.875,100,75,46.875,82.8125,100,35.9375,100,78.125,79.6875,100,100,100,100,89.0625,100,73.4375,100,100,51.5625,70.3125,100,21.875,100,78.125,100,100,76.5625,100,100,100,67.1875,62.5,96.875,78.125,100,100,31.25,60.9375,40.625,81.25,67.1875,70.3125,76.5625,100,65.625,82.8125,93.75,23.4375,100,95.3125,100,100,100,100,67.1875,75,100,100,60.9375,34.375,70.3125,100,100,73.4375,100,78.125,64.0625,100,54.6875,100,100,100,75,87.5,34.375,85.9375,100,100,89.0625,65.625,100,62.5,100,100,100,100,84.375,96.875,48.4375,100,100,84.375,100,100,100,95.3125,64.0625,82.8125,100,84.375,100,100,89.0625,56.25,96.875,31.25,95.3125,100,85.9375,73.4375,100,100,100,20.3125,35.9375,100,67.1875,78.125,100,31.25,98.4375,100,100,84.375,81.25,84.375,78.125,100,90.625,100,28.125,45.3125,29.6875,100,76.5625,100,100,92.1875,64.0625,100,56.25,31.25,100,100,100,62.5,89.0625,100,73.4375,85.9375,93.75,98.4375,40.625,100,34.375,100,100,60.9375,73.4375,25,100,100,85.9375,48.4375,82.8125,100,100,100,79.6875,100,100,42.1875,60.9375,100,100,100,59.375,67.1875,100,73.4375,67.1875,100,100,100,50,84.375,100,100,48.4375,76.5625,54.6875,82.8125,100,90.625,100,100,100,100,100,75,57.8125,51.5625,100,100,100,70.3125,100,7.8125,100,100,100,100,93.75,100,100,81.25,54.6875,100,100,100,71.875,100,87.5,100,100,92.1875,100,76.5625,70.3125,100,100,100,92.1875,62.5,100,100,67.1875,100,100,62.5,100,100,37.5,90.625,81.25,85.9375,100,64.0625,62.5,56.25,68.75,100,100,85.9375,100,100,35.9375,100,95.3125,100,100,93.75,100,92.1875,65.625,100,81.25,100,96.875,42.1875,95.3125,100,4.6875,34.375,100,9.375,100,100,100,100,90.625,90.625,100,100,85.9375,78.125,100,100,100,100,100,100,73.4375,100,100,92.1875,100,100,82.8125,100,100,100,89.0625,100,100,51.5625,81.25,100,98.4375,78.125,100,100,54.6875,100,78.125,100,67.1875,100,100,56.25,100,70.3125,100,46.875,76.5625,70.3125,75,100,100,100,100,100,79.6875,78.125,100,98.4375,25,46.875,53.125,100,100,90.625,100,98.4375,95.3125,100,87.5,59.375,100,100,100,100,50,100,89.0625,96.875,56.25,45.3125,90.625,100,100,100,59.375,81.25,26.5625,90.625,42.1875,100,100,59.375,100,100,67.1875,9.375,100,85.9375,81.25,96.875,75,100,92.1875,100,100,67.1875,96.875,20.3125,51.5625,81.25,71.875,37.5,100,85.9375,100,100,54.6875,100,82.8125,56.25,100,89.0625,75,87.5,65.625,100,100,18.75,100,93.75,71.875,100,79.6875,73.4375,70.3125,100,43.75,60.9375,98.4375,100,90.625,100,100,92.1875,57.8125,60.9375,100,100,100,100,95.3125,100,100,87.5,23.4375,64.0625,100,92.1875,62.5,100,100,79.6875,100,100,100,92.1875,100,31.25,100,100,100,100,79.6875,100,89.0625,31.25,71.875,100,57.8125,40.625,100,81.25,100,100,68.75,53.125,89.0625,100,96.875,100,65.625,32.8125,78.125,100,100,100,100,100,54.6875,70.3125,100,100,100,82.8125,76.5625,39.0625,9.375,100,71.875,54.6875,100,81.25,68.75,79.6875,100,21.875,95.3125,54.6875,85.9375,92.1875,100,59.375,100,100,100,96.875,100,100,14.0625,100,100,85.9375,95.3125,71.875,96.875,92.1875,100,100,76.5625,68.75,79.6875,65.625,100,100,100,100,100,95.3125,56.25,42.1875,85.9375,59.375,100,100,100,100,100,100,100,57.8125,96.875,93.75,54.6875,100,85.9375,100,32.8125,100,82.8125,100,100,93.75,100,100,98.4375,100,89.0625,100,100,92.1875,100,90.625,98.4375,100,100,100,89.0625,54.6875,64.0625,100,100,100,31.25,75,100,100,100,100,100,100,100,43.75,64.0625,100,37.5,78.125,100,100,93.75,98.4375,65.625,82.8125,100,100,84.375,100,50,100,75,68.75,20.3125,96.875,100,100,100,100,100,100,98.4375,100,100,46.875,93.75,85.9375,82.8125,67.1875,100,26.5625,100,100,34.375,56.25,100,100,50,100,73.4375,95.3125,31.25,100,90.625,81.25,84.375,85.9375,100,89.0625,100,40.625,100,100,81.25,57.8125,81.25,100,95.3125,100,98.4375,100,100,82.8125,65.625,100,59.375,73.4375,100,100,71.875,100,100,100,57.8125,100,100,100,98.4375,100,100,100,78.125,50,76.5625,59.375,100,100,64.0625,100,98.4375,62.5,100,100,100,100,98.4375,87.5,100,56.25,70.3125,25,100,46.875,75,57.8125,100,59.375,84.375,100,82.8125,93.75,100,100,79.6875,100,79.6875,100,67.1875,100,100,100,51.5625,100,100,48.4375,92.1875,54.6875,100,76.5625,82.8125,73.4375,100,100,100,100,100,100,100,100,73.4375,32.8125,100,23.4375,100,79.6875,100,51.5625,100,100,39.0625,59.375,45.3125,100,100,100,100,64.0625,100,100,60.9375,100,100,56.25,100,75,100,100,100,100,92.1875,100,100,100,100,67.1875,67.1875,25,90.625,100,59.375,100,73.4375,81.25,96.875,87.5,82.8125,42.1875,100,100,45.3125,31.25,100,54.6875,100,100,100,71.875,100,75,100,100,100,100,50,100,100,100,75,93.75,100,100,34.375,87.5,64.0625,92.1875,100,100,92.1875,79.6875,100,100,100,62.5,82.8125,100,90.625,100,57.8125,73.4375,84.375,100,95.3125,100,54.6875,100,79.6875,71.875,100,79.6875,100,100,100,96.875,100,100,84.375,68.75,71.875,87.5,25,48.4375,100,100,100,46.875,100,100,100,100,100,100,78.125,50,89.0625,100,100,100,64.0625,100,100,81.25,35.9375,100,59.375,100,56.25,79.6875,79.6875,100,82.8125,54.6875,100,100,100,100,73.4375,60.9375,100,100,54.6875,100,87.5,60.9375,37.5,100,100,53.125,89.0625,76.5625,100,96.875,78.125,100,100,100,100,100,51.5625,100,73.4375,25,100,100,76.5625,100,100,84.375,100,100,92.1875,79.6875,100,87.5,87.5,93.75,100,100,100,100,100,67.1875,100,100,100,71.875,87.5,100,100,75,100,35.9375,43.75,45.3125,100,59.375,100,98.4375,56.25,100,100,82.8125,100,62.5,60.9375,37.5,100,100,100,100,100,73.4375,43.75,79.6875,100,73.4375,85.9375,70.3125,100,78.125,21.875,28.125,84.375,87.5,18.75,95.3125,82.8125,100,43.75,34.375,100,100,100,100,50,100,57.8125,54.6875,67.1875,93.75,100,56.25,51.5625,70.3125,85.9375,81.25,100,100,100,57.8125,100,100,82.8125,100,96.875,73.4375,84.375,100,100,23.4375,100,53.125,100,100,45.3125,100,40.625,100,79.6875,50,18.75,46.875,45.3125,82.8125,92.1875,28.125,85.9375,100,100,45.3125,100,76.5625,95.3125,23.4375,100,93.75,100,100,100,82.8125,89.0625,43.75,100,100,4.6875,64.0625,100,100,100,100,100,31.25,100,50,100,100,100,79.6875,100,76.5625,100,100,95.3125,81.25,50,42.1875,53.125,10.9375,100,100,100,100,92.1875,100,92.1875,100,100,100,100,100,89.0625,78.125,100,100,100,100,100,96.875,85.9375,18.75,100,100,26.5625,100,100,100,100,100,93.75,1.5625,100,100,28.125,100,75,100,100,100,68.75,100,100,100,87.5,100,100,100,100,100,85.9375,100,95.3125,100,32.8125,42.1875,100,54.6875,100,100,100,76.5625,100,59.375,64.0625,100,28.125,46.875,100,100,51.5625,100,100,90.625,100,100,100,89.0625,100,56.25,28.125,100,100,95.3125,100,85.9375,100,62.5,100,65.625,60.9375,21.875,93.75,100,100,70.3125,100,100,100,84.375,54.6875,100,76.5625,56.25,95.3125,93.75,100,37.5,71.875,100,100,96.875,100,100,100,48.4375,71.875,93.75,59.375,70.3125,100,100,68.75,75,100,79.6875,31.25,53.125,78.125,100,100,100,40.625,100,59.375,35.9375,78.125,78.125,100,100,100,62.5,68.75,100,56.25,89.0625,100,57.8125,100,56.25,100,78.125,100,100,92.1875,100,56.25,100,90.625,100,70.3125,100,100
"6109",87.5,100,40.625,100,100,51.5625,93.75,100,23.4375,93.75,45.3125,100,100,100,100,76.5625,93.75,84.375,100,100,96.875,100,100,100,71.875,100,100,79.6875,89.0625,100,100,100,100,93.75,100,98.4375,82.8125,100,42.1875,90.625,93.75,65.625,78.125,100,100,96.875,100,100,68.75,79.6875,75,100,100,81.25,65.625,100,10.9375,100,100,40.625,89.0625,53.125,98.4375,100,100,100,59.375,100,79.6875,100,54.6875,73.4375,46.875,100,75,84.375,100,57.8125,46.875,100,73.4375,100,54.6875,70.3125,100,100,100,87.5,100,100,64.0625,84.375,100,48.4375,84.375,75,100,57.8125,100,100,85.9375,100,100,92.1875,78.125,23.4375,100,100,84.375,100,76.5625,79.6875,100,100,51.5625,100,100,100,100,100,73.4375,100,54.6875,75,95.3125,60.9375,100,18.75,100,54.6875,100,100,100,100,100,65.625,100,78.125,100,100,100,71.875,42.1875,60.9375,100,100,87.5,100,23.4375,84.375,57.8125,42.1875,78.125,89.0625,100,96.875,76.5625,100,100,100,100,100,73.4375,100,89.0625,64.0625,7.8125,90.625,26.5625,43.75,98.4375,78.125,100,100,29.6875,100,84.375,100,100,100,100,43.75,100,100,95.3125,53.125,45.3125,60.9375,48.4375,87.5,100,100,87.5,100,100,100,100,85.9375,100,100,54.6875,100,96.875,100,100,100,100,100,84.375,100,65.625,100,100,100,85.9375,78.125,40.625,89.0625,100,57.8125,59.375,71.875,100,100,100,53.125,100,98.4375,65.625,84.375,82.8125,78.125,42.1875,100,100,100,89.0625,60.9375,100,100,100,100,100,100,100,32.8125,100,84.375,100,100,100,76.5625,76.5625,98.4375,100,96.875,100,60.9375,100,100,100,96.875,32.8125,98.4375,92.1875,98.4375,100,100,100,100,43.75,85.9375,100,32.8125,100,81.25,42.1875,100,79.6875,78.125,65.625,37.5,64.0625,100,100,100,48.4375,100,100,90.625,84.375,100,53.125,56.25,100,100,100,89.0625,56.25,75,50,100,79.6875,70.3125,100,81.25,78.125,54.6875,87.5,100,96.875,60.9375,50,100,100,95.3125,100,100,81.25,76.5625,89.0625,100,50,100,79.6875,70.3125,90.625,95.3125,100,62.5,85.9375,100,73.4375,95.3125,100,40.625,100,89.0625,100,100,100,81.25,34.375,43.75,100,60.9375,34.375,100,100,76.5625,100,78.125,100,100,70.3125,100,96.875,92.1875,48.4375,100,70.3125,93.75,100,100,48.4375,39.0625,31.25,90.625,98.4375,100,100,100,100,70.3125,84.375,100,95.3125,65.625,76.5625,100,78.125,98.4375,100,100,100,96.875,95.3125,100,62.5,89.0625,100,100,100,100,100,78.125,100,67.1875,96.875,48.4375,100,100,45.3125,100,100,100,59.375,78.125,71.875,90.625,93.75,98.4375,100,100,100,100,39.0625,51.5625,100,76.5625,65.625,100,100,100,100,25,37.5,100,100,100,82.8125,100,81.25,100,96.875,71.875,43.75,100,100,100,100,93.75,100,100,100,100,100,100,82.8125,93.75,85.9375,100,100,100,85.9375,71.875,100,62.5,100,100,73.4375,73.4375,67.1875,100,42.1875,48.4375,100,100,100,56.25,67.1875,54.6875,60.9375,100,100,68.75,100,100,100,67.1875,75,100,100,62.5,82.8125,100,59.375,100,100,70.3125,100,82.8125,79.6875,100,64.0625,100,100,100,34.375,70.3125,35.9375,100,100,100,90.625,64.0625,67.1875,82.8125,100,100,62.5,71.875,68.75,100,100,100,100,100,100,100,93.75,100,64.0625,62.5,34.375,92.1875,100,100,50,100,37.5,100,90.625,100,84.375,71.875,100,75,81.25,100,98.4375,100,100,35.9375,85.9375,100,85.9375,100,100,70.3125,93.75,100,100,100,100,50,87.5,100,70.3125,98.4375,100,71.875,90.625,100,100,100,100,76.5625,100,92.1875,76.5625,100,85.9375,100,46.875,68.75,100,73.4375,78.125,100,100,100,100,100,92.1875,98.4375,87.5,68.75,100,92.1875,100,71.875,100,100,100,100,79.6875,100,76.5625,96.875,100,100,100,100,76.5625,100,56.25,50,100,59.375,100,100,75,100,65.625,100,100,100,100,100,100,100,100,81.25,82.8125,34.375,100,20.3125,100,98.4375,82.8125,100,100,100,100,100,100,100,84.375,100,100,100,53.125,96.875,76.5625,42.1875,85.9375,100,100,100,100,93.75,90.625,100,43.75,6.25,100,51.5625,29.6875,100,100,100,100,100,100,59.375,100,89.0625,39.0625,59.375,57.8125,65.625,65.625,98.4375,76.5625,100,95.3125,100,79.6875,71.875,45.3125,85.9375,95.3125,45.3125,37.5,100,92.1875,100,100,100,100,76.5625,81.25,43.75,68.75,100,100,79.6875,56.25,95.3125,46.875,100,64.0625,100,100,100,100,100,100,53.125,100,73.4375,90.625,60.9375,100,100,70.3125,70.3125,100,100,60.9375,100,100,100,90.625,100,100,100,100,100,98.4375,68.75,100,100,100,89.0625,100,100,100,100,100,100,68.75,100,96.875,100,42.1875,100,100,34.375,85.9375,100,68.75,37.5,56.25,92.1875,100,93.75,79.6875,100,100,100,100,34.375,59.375,93.75,100,100,87.5,48.4375,32.8125,84.375,70.3125,4.6875,100,68.75,100,40.625,100,48.4375,84.375,100,100,70.3125,100,100,93.75,100,100,95.3125,100,100,31.25,46.875,95.3125,100,65.625,100,100,100,60.9375,60.9375,100,100,100,46.875,92.1875,100,100,81.25,81.25,87.5,100,89.0625,57.8125,100,35.9375,90.625,100,100,54.6875,100,29.6875,100,100,100,100,96.875,60.9375,98.4375,100,81.25,89.0625,100,100,29.6875,100,70.3125,84.375,79.6875,28.125,100,100,100,67.1875,100,100,92.1875,82.8125,65.625,100,100,100,71.875,98.4375,76.5625,9.375,64.0625,100,100,76.5625,100,84.375,100,90.625,92.1875,54.6875,100,100,100,100,100,100,100,100,65.625,43.75,100,70.3125,98.4375,70.3125,75,59.375,73.4375,100,67.1875,100,100,57.8125,100,62.5,100,82.8125,100,100,98.4375,100,71.875,100,100,71.875,67.1875,100,100,100,98.4375,87.5,65.625,89.0625,100,100,100,100,100,100,21.875,100,79.6875,100,92.1875,50,96.875,67.1875,67.1875,100,100,35.9375,100,100,100,87.5,92.1875,70.3125,84.375,98.4375,100,71.875,68.75,96.875,100,62.5,85.9375,78.125,100,53.125,100,100,62.5,96.875,87.5,34.375,67.1875,90.625,96.875,100,70.3125,100,100,98.4375,100,100,100,93.75,98.4375,100,100,100,100,100,100,100,70.3125,67.1875,100,100,59.375,50,100,100,73.4375,100,100,82.8125,100,29.6875,100,48.4375,89.0625,68.75,73.4375,100,89.0625,92.1875,100,100,100,96.875,100,100,100,100,100,56.25,87.5,31.25,100,92.1875,93.75,93.75,64.0625,70.3125,100,78.125,96.875,100,84.375,100,78.125,100,79.6875,100,100,100,78.125,100,100,82.8125,29.6875,100,76.5625,79.6875,100,71.875,100,39.0625,100,100,100,100,100,81.25,95.3125,100,100,76.5625,73.4375,70.3125,100,100,14.0625,100,100,100,100,89.0625,100,81.25,100,95.3125,100,100,100,29.6875,90.625,92.1875,89.0625,92.1875,93.75,100,100,100,100,67.1875,96.875,100,71.875,35.9375,100,100,73.4375,82.8125,100,82.8125,100,100,68.75,100,51.5625,100,100,68.75,100,75,39.0625,100,100,95.3125,100,100,50,76.5625,100,100,20.3125,100,17.1875,100,100,100,92.1875,100,100,100,100,100,85.9375,85.9375,62.5,100,90.625,100,100,90.625,100,87.5,100,43.75,89.0625,100,100,71.875,75,100,93.75,100,100,82.8125,57.8125,100,82.8125,100,51.5625,62.5,100,100,100,100,75,100,79.6875,100,100,100,40.625,100,100,73.4375,65.625,100,95.3125,100,84.375,100,98.4375,82.8125,75,100,100,100,100,100,100,100,100,40.625,100,92.1875,100,100,100,100,100,79.6875,100,95.3125,100,100,71.875,100,96.875,100,82.8125,75,100,65.625,100,87.5,100,87.5,89.0625,84.375,100,84.375,62.5,100,71.875,42.1875,100,45.3125,51.5625,31.25,100,68.75,90.625,100,100,100,89.0625,51.5625,100,92.1875,34.375,100,100,100,100,100,100,100,100,100,100,98.4375,67.1875,100,56.25,100,67.1875,100,100,100,70.3125,90.625,81.25,100,100,51.5625,100,60.9375,70.3125,100,98.4375,100,100,100,43.75,100,65.625,100,100,100,100,100,29.6875,68.75,100,87.5,100,89.0625,35.9375,100,37.5,100,100,100,34.375,60.9375,68.75,100,73.4375,100,89.0625,100,98.4375,100,96.875,70.3125,56.25,87.5,75,100,100,81.25,84.375,71.875,67.1875,62.5,56.25,100,100,64.0625,78.125,100,78.125,62.5,100,93.75,82.8125,100,89.0625,100,100,100,92.1875,100,75,100,100,78.125,84.375,100,85.9375,100,85.9375,87.5,100,100,70.3125,100,100,100,87.5,100,85.9375,100,62.5,100,57.8125,100,96.875,100,89.0625,100,100,100,100,87.5,89.0625,100,100,100,87.5,100,43.75,90.625,100,60.9375,53.125,90.625,100,100,100,64.0625,51.5625,53.125,75,51.5625,100,100,76.5625,67.1875,60.9375,100,70.3125,90.625,100,96.875,90.625,100,40.625,100,84.375,71.875,100,100,73.4375,100,100,100,81.25,92.1875,81.25,100,90.625,100,100,98.4375,73.4375,35.9375,35.9375,7.8125,100,85.9375,100,93.75,100,100,64.0625,62.5,100,28.125,100,100,60.9375,100,54.6875,100,57.8125,50,78.125,46.875,90.625,92.1875,100,93.75,68.75,100,100,95.3125,37.5,82.8125,95.3125,75,70.3125,90.625,100,46.875,100,100,59.375,100,100,100,76.5625,100,100,96.875,100,87.5,100,100,100,100,100,87.5,100,65.625,100,34.375,54.6875,100,100,100,81.25,92.1875,85.9375,100,100,70.3125,82.8125,100,100,100,76.5625,81.25,62.5,92.1875,100,84.375,100,100,82.8125,53.125,89.0625,100,89.0625,67.1875,75,95.3125,100,100,100,100,100,100,100,100,100,65.625,51.5625,67.1875,100,60.9375,100,100,93.75,100,100,100,95.3125,100,100,92.1875,100,100,71.875,100,100,100,100,100,100,100,100,68.75,100,50,100,92.1875,100,100,100,95.3125,92.1875,87.5,96.875,37.5,100,34.375,100,100,100,100,78.125,100,100,100,100,100,57.8125,100,79.6875,100,71.875,100,73.4375,100,100,100,100,57.8125,89.0625,100,100,93.75,89.0625,100,76.5625,100,100,32.8125,100,71.875,56.25,78.125,39.0625,79.6875,76.5625,81.25,70.3125,100,100,78.125,100,82.8125,100,87.5,79.6875,60.9375,62.5,100,81.25,62.5,100,100,60.9375,73.4375,100,95.3125,100,50,45.3125,100,100,82.8125,100,20.3125,76.5625,100,93.75,100,92.1875,100,100,100,93.75,100,92.1875,87.5,92.1875,100,100,100,100,100,100,100,100,100,100,100,59.375,100,7.8125,96.875,82.8125,100,98.4375,100,100,100,71.875,51.5625,71.875,100,18.75,71.875,100,100,87.5,68.75,100,92.1875,100,90.625,100,100,100,73.4375,82.8125,100,25,100,100,89.0625,100,56.25,84.375,76.5625,40.625,100,100,87.5,100,92.1875,100,100,100,81.25,60.9375,100,46.875,35.9375,100,95.3125,64.0625,100,68.75,87.5,100,23.4375,100,95.3125,100,40.625,20.3125,100,100,100,100,96.875,100,100,100,100,100,12.5,79.6875,100,100,100,85.9375,89.0625,42.1875,100,100,100,89.0625,100,68.75,56.25,100,100,25,100,92.1875,100,100,100,100,79.6875,56.25,100,100,100,81.25,73.4375,100,60.9375,76.5625,100,45.3125,60.9375,62.5,95.3125,78.125,100,96.875,100,98.4375,100,100,51.5625,100,100,100,100,90.625,100,100,100,100,100,100,81.25,100,48.4375,87.5,100,100,81.25,100,100,89.0625,43.75,46.875,53.125,100,100,54.6875,62.5,100,100,100,100,90.625,78.125,100,84.375,100,34.375,29.6875,100,84.375,100,100,67.1875,85.9375,89.0625,100,76.5625,100,100,48.4375,68.75,100,23.4375,100,56.25,100,96.875,75,100,100,100,100,78.125,100,92.1875,100,100,85.9375,59.375,40.625,100,64.0625,73.4375,76.5625,100,67.1875,85.9375,93.75,32.8125,100,96.875,100,100,100,100,67.1875,73.4375,100,50,100,100,79.6875,95.3125,100,92.1875,100,89.0625,64.0625,100,53.125,84.375,40.625,100,75,82.8125,100,84.375,100,100,65.625,79.6875,100,64.0625,100,100,100,100,85.9375,68.75,46.875,100,100,79.6875,100,100,100,95.3125,100,82.8125,67.1875,84.375,100,100,31.25,100,79.6875,28.125,100,100,85.9375,65.625,100,100,100,42.1875,35.9375,100,70.3125,76.5625,100,31.25,100,100,100,89.0625,100,90.625,51.5625,100,85.9375,100,81.25,64.0625,32.8125,100,73.4375,100,100,92.1875,70.3125,100,54.6875,29.6875,73.4375,100,84.375,60.9375,89.0625,100,43.75,84.375,95.3125,98.4375,39.0625,100,26.5625,100,100,62.5,85.9375,53.125,100,100,100,42.1875,75,100,100,100,89.0625,100,100,100,60.9375,100,100,100,62.5,68.75,100,100,81.25,100,100,100,100,81.25,100,100,100,76.5625,57.8125,82.8125,28.125,87.5,100,100,100,100,100,70.3125,60.9375,56.25,98.4375,100,100,100,100,28.125,96.875,100,100,96.875,93.75,100,93.75,92.1875,78.125,100,100,95.3125,100,100,76.5625,100,100,75,100,76.5625,79.6875,100,100,100,89.0625,100,100,100,67.1875,40.625,68.75,64.0625,100,100,76.5625,90.625,81.25,73.4375,100,89.0625,39.0625,59.375,65.625,100,100,100,100,100,34.375,100,90.625,100,100,90.625,100,95.3125,65.625,42.1875,78.125,100,100,45.3125,100,100,4.6875,31.25,100,53.125,100,100,100,100,43.75,100,100,100,100,78.125,100,100,53.125,100,100,100,71.875,100,100,90.625,100,100,85.9375,100,76.5625,28.125,89.0625,100,100,46.875,37.5,100,90.625,82.8125,100,100,100,100,89.0625,100,62.5,100,100,54.6875,100,70.3125,100,81.25,89.0625,71.875,73.4375,100,100,100,100,100,82.8125,76.5625,100,100,100,56.25,53.125,100,100,90.625,100,93.75,78.125,100,87.5,60.9375,100,100,100,100,50,100,90.625,100,29.6875,45.3125,87.5,100,100,100,56.25,76.5625,23.4375,92.1875,93.75,100,100,59.375,100,100,67.1875,6.25,100,84.375,70.3125,98.4375,89.0625,54.6875,92.1875,100,100,68.75,96.875,20.3125,48.4375,78.125,70.3125,37.5,100,85.9375,100,100,56.25,100,79.6875,62.5,100,89.0625,75,48.4375,65.625,100,100,100,100,100,71.875,95.3125,93.75,85.9375,100,100,40.625,59.375,85.9375,92.1875,85.9375,100,100,92.1875,57.8125,59.375,100,100,100,100,93.75,100,100,79.6875,87.5,64.0625,53.125,100,62.5,100,100,75,100,100,100,92.1875,100,32.8125,100,100,100,100,82.8125,90.625,87.5,35.9375,92.1875,100,45.3125,40.625,79.6875,81.25,100,100,70.3125,53.125,100,100,90.625,100,65.625,68.75,78.125,100,100,100,100,100,50,51.5625,100,45.3125,100,82.8125,76.5625,54.6875,9.375,100,71.875,64.0625,100,81.25,62.5,85.9375,81.25,21.875,93.75,54.6875,87.5,100,100,67.1875,84.375,100,71.875,84.375,100,100,100,100,100,93.75,95.3125,100,92.1875,92.1875,100,100,76.5625,95.3125,79.6875,65.625,100,100,40.625,100,100,95.3125,64.0625,42.1875,90.625,100,100,100,100,100,68.75,100,89.0625,57.8125,100,90.625,78.125,100,84.375,100,39.0625,100,60.9375,100,100,100,100,75,95.3125,100,79.6875,100,100,89.0625,100,89.0625,93.75,67.1875,100,100,78.125,54.6875,76.5625,100,100,100,32.8125,75,100,100,100,100,100,100,100,60.9375,60.9375,100,34.375,78.125,100,100,100,98.4375,65.625,87.5,100,100,85.9375,98.4375,100,82.8125,76.5625,56.25,21.875,85.9375,100,100,100,71.875,100,100,100,100,39.0625,100,93.75,82.8125,82.8125,67.1875,100,25,100,100,100,54.6875,100,100,50,100,100,90.625,100,100,100,82.8125,92.1875,73.4375,100,90.625,100,40.625,100,100,81.25,79.6875,79.6875,100,100,100,98.4375,100,100,84.375,60.9375,100,59.375,71.875,90.625,100,79.6875,100,100,98.4375,46.875,100,100,100,95.3125,100,100,100,75,50,100,59.375,100,100,64.0625,100,100,62.5,100,100,79.6875,100,56.25,92.1875,100,56.25,67.1875,100,100,48.4375,78.125,93.75,100,100,98.4375,92.1875,79.6875,92.1875,100,100,75,100,81.25,100,71.875,100,100,100,54.6875,23.4375,100,57.8125,92.1875,100,100,76.5625,85.9375,68.75,100,100,100,100,100,100,100,100,65.625,100,100,64.0625,100,92.1875,100,53.125,100,100,79.6875,25,34.375,100,100,100,82.8125,68.75,100,100,100,100,100,73.4375,100,75,100,100,100,100,89.0625,100,100,100,100,100,62.5,100,90.625,100,60.9375,100,75,79.6875,100,92.1875,85.9375,34.375,100,100,37.5,31.25,100,53.125,100,100,100,73.4375,100,78.125,100,54.6875,100,100,50,100,100,92.1875,100,93.75,100,100,21.875,82.8125,64.0625,56.25,100,100,98.4375,100,96.875,100,82.8125,62.5,79.6875,100,60.9375,95.3125,57.8125,92.1875,79.6875,100,92.1875,100,87.5,100,85.9375,71.875,100,81.25,100,100,100,96.875,100,100,93.75,68.75,46.875,89.0625,18.75,48.4375,100,73.4375,100,45.3125,100,100,100,87.5,100,100,78.125,57.8125,84.375,100,100,100,65.625,100,100,76.5625,48.4375,100,59.375,100,57.8125,79.6875,73.4375,100,73.4375,54.6875,100,100,100,100,75,45.3125,100,100,48.4375,100,100,87.5,50,100,100,57.8125,90.625,78.125,100,100,96.875,100,100,100,100,100,54.6875,100,75,21.875,100,100,64.0625,100,100,84.375,100,100,100,87.5,100,90.625,84.375,87.5,100,100,100,59.375,100,62.5,100,100,100,42.1875,84.375,100,100,87.5,100,35.9375,37.5,39.0625,100,59.375,100,100,100,100,100,100,100,73.4375,57.8125,40.625,100,37.5,100,100,98.4375,81.25,100,92.1875,100,73.4375,100,65.625,100,76.5625,18.75,87.5,81.25,98.4375,20.3125,96.875,84.375,100,45.3125,25,100,100,100,100,50,100,100,57.8125,75,70.3125,100,82.8125,100,68.75,85.9375,100,100,100,100,56.25,100,39.0625,89.0625,100,100,64.0625,84.375,100,100,23.4375,100,57.8125,100,100,42.1875,100,42.1875,14.0625,84.375,50,100,54.6875,54.6875,82.8125,100,29.6875,85.9375,100,100,95.3125,100,75,98.4375,18.75,100,90.625,100,100,100,95.3125,95.3125,43.75,100,100,48.4375,65.625,100,100,100,100,100,29.6875,100,46.875,100,100,100,84.375,100,100,98.4375,100,95.3125,82.8125,59.375,48.4375,53.125,15.625,100,100,100,100,100,100,71.875,100,100,100,100,100,53.125,84.375,100,96.875,100,100,100,100,40.625,18.75,89.0625,100,26.5625,40.625,100,100,100,100,92.1875,1.5625,96.875,100,31.25,100,75,100,100,100,100,100,100,100,84.375,100,100,100,100,100,100,100,100,100,12.5,37.5,100,62.5,7.8125,100,100,75,100,43.75,64.0625,100,100,46.875,100,100,46.875,100,100,82.8125,100,100,82.8125,89.0625,92.1875,53.125,28.125,82.8125,90.625,95.3125,100,46.875,98.4375,62.5,100,76.5625,87.5,100,100,100,100,71.875,100,100,100,100,56.25,100,67.1875,54.6875,64.0625,73.4375,100,29.6875,56.25,100,100,96.875,100,100,81.25,48.4375,70.3125,96.875,56.25,65.625,100,100,68.75,87.5,100,79.6875,34.375,67.1875,79.6875,75,100,100,81.25,100,59.375,37.5,100,75,100,100,100,67.1875,90.625,100,54.6875,100,100,53.125,100,54.6875,100,57.8125,95.3125,100,100,40.625,73.4375,100,95.3125,100,78.125,100,100
"6110",92.1875,100,67.1875,100,20.3125,51.5625,95.3125,100,28.125,85.9375,46.875,100,100,100,100,54.6875,87.5,81.25,100,100,96.875,92.1875,100,100,76.5625,100,100,82.8125,90.625,100,100,100,100,89.0625,100,92.1875,82.8125,100,100,89.0625,82.8125,64.0625,87.5,100,100,100,100,100,67.1875,84.375,75,100,100,84.375,62.5,100,32.8125,100,100,65.625,84.375,54.6875,98.4375,100,100,100,60.9375,100,75,100,56.25,65.625,78.125,100,65.625,84.375,100,51.5625,50,100,75,100,84.375,70.3125,67.1875,100,100,95.3125,100,100,54.6875,84.375,100,48.4375,100,96.875,100,64.0625,100,100,81.25,98.4375,100,92.1875,56.25,18.75,93.75,56.25,85.9375,100,78.125,68.75,100,100,40.625,100,73.4375,100,100,100,73.4375,100,100,100,98.4375,57.8125,100,18.75,100,93.75,100,100,100,100,100,65.625,100,78.125,9.375,100,100,100,45.3125,100,100,100,100,100,32.8125,82.8125,59.375,18.75,79.6875,92.1875,100,95.3125,76.5625,100,100,100,100,100,76.5625,100,89.0625,65.625,100,92.1875,23.4375,100,82.8125,93.75,29.6875,100,100,100,84.375,100,100,100,100,31.25,100,100,100,100,45.3125,100,100,87.5,100,100,87.5,100,100,100,100,90.625,100,73.4375,35.9375,84.375,98.4375,100,100,100,100,12.5,75,100,65.625,100,100,100,87.5,78.125,15.625,51.5625,100,45.3125,40.625,70.3125,87.5,100,100,54.6875,62.5,96.875,59.375,100,82.8125,78.125,100,100,100,100,87.5,59.375,100,100,100,100,40.625,82.8125,100,35.9375,100,90.625,100,48.4375,100,76.5625,59.375,96.875,100,98.4375,100,60.9375,100,100,65.625,100,34.375,100,93.75,100,100,100,100,100,45.3125,95.3125,100,87.5,87.5,21.875,50,100,79.6875,100,89.0625,42.1875,100,100,100,100,46.875,98.4375,100,93.75,84.375,100,48.4375,46.875,100,100,100,92.1875,60.9375,75,48.4375,100,92.1875,68.75,100,81.25,87.5,57.8125,100,100,93.75,68.75,48.4375,100,76.5625,95.3125,100,28.125,93.75,54.6875,87.5,100,54.6875,100,71.875,60.9375,98.4375,96.875,100,100,85.9375,100,76.5625,85.9375,100,40.625,100,92.1875,100,100,64.0625,84.375,39.0625,39.0625,100,60.9375,37.5,100,100,59.375,100,68.75,100,100,71.875,100,100,95.3125,46.875,90.625,81.25,87.5,100,100,84.375,51.5625,28.125,92.1875,98.4375,100,100,100,93.75,78.125,76.5625,100,93.75,59.375,100,100,79.6875,93.75,95.3125,100,100,92.1875,93.75,100,64.0625,92.1875,100,100,100,100,100,78.125,100,75,100,39.0625,100,100,100,93.75,100,100,57.8125,100,71.875,98.4375,93.75,96.875,100,100,100,100,39.0625,51.5625,100,75,20.3125,100,46.875,100,100,35.9375,57.8125,100,95.3125,100,82.8125,100,89.0625,100,85.9375,93.75,40.625,100,100,100,100,92.1875,100,100,100,100,87.5,100,84.375,93.75,89.0625,100,100,100,84.375,64.0625,100,68.75,100,100,76.5625,71.875,67.1875,100,56.25,53.125,100,100,100,78.125,75,59.375,56.25,85.9375,100,67.1875,100,75,100,46.875,93.75,100,100,82.8125,82.8125,100,50,100,100,71.875,100,82.8125,78.125,100,64.0625,100,100,100,78.125,75,71.875,100,100,100,89.0625,89.0625,71.875,84.375,100,100,62.5,78.125,68.75,100,100,100,100,100,100,100,100,100,100,67.1875,45.3125,92.1875,100,100,48.4375,100,39.0625,100,87.5,100,84.375,68.75,100,79.6875,84.375,100,100,100,100,35.9375,42.1875,100,81.25,100,100,70.3125,100,95.3125,100,100,100,45.3125,81.25,100,75,100,100,71.875,95.3125,100,100,100,53.125,100,100,100,71.875,100,92.1875,100,48.4375,100,100,64.0625,100,100,100,82.8125,100,96.875,100,100,96.875,79.6875,100,68.75,100,68.75,100,100,100,100,81.25,100,76.5625,98.4375,100,100,100,100,82.8125,100,56.25,14.0625,100,56.25,100,100,76.5625,100,56.25,100,100,100,100,100,100,100,100,76.5625,100,100,84.375,84.375,100,82.8125,78.125,100,100,100,100,15.625,100,93.75,100,100,25,100,56.25,96.875,73.4375,68.75,92.1875,100,100,100,100,93.75,90.625,100,43.75,6.25,85.9375,50,31.25,100,100,20.3125,100,100,100,57.8125,100,90.625,43.75,59.375,51.5625,57.8125,67.1875,98.4375,76.5625,96.875,95.3125,43.75,82.8125,65.625,40.625,76.5625,95.3125,51.5625,71.875,100,100,100,100,100,100,76.5625,67.1875,45.3125,68.75,100,100,89.0625,70.3125,54.6875,46.875,100,48.4375,100,100,100,100,100,100,70.3125,100,78.125,90.625,51.5625,100,100,70.3125,87.5,100,100,60.9375,75,73.4375,100,70.3125,100,100,100,100,90.625,100,76.5625,100,100,100,92.1875,100,100,100,100,100,100,68.75,100,79.6875,100,43.75,100,100,35.9375,85.9375,100,75,62.5,57.8125,100,100,100,79.6875,100,100,73.4375,51.5625,42.1875,65.625,87.5,100,100,100,53.125,56.25,71.875,70.3125,20.3125,100,100,100,42.1875,100,48.4375,84.375,100,81.25,100,100,100,79.6875,96.875,100,93.75,62.5,100,34.375,53.125,81.25,100,78.125,100,100,100,60.9375,56.25,100,100,100,43.75,90.625,18.75,100,50,67.1875,85.9375,100,89.0625,71.875,100,53.125,93.75,100,100,70.3125,100,62.5,100,100,100,100,95.3125,62.5,100,100,79.6875,87.5,84.375,100,29.6875,100,70.3125,92.1875,79.6875,42.1875,100,51.5625,100,60.9375,100,100,90.625,82.8125,62.5,67.1875,100,100,67.1875,100,76.5625,37.5,65.625,100,100,78.125,100,84.375,100,95.3125,100,57.8125,100,100,100,100,98.4375,100,100,100,68.75,45.3125,100,70.3125,93.75,71.875,100,100,65.625,100,17.1875,100,82.8125,57.8125,100,71.875,100,46.875,100,100,98.4375,96.875,59.375,100,96.875,73.4375,67.1875,100,100,100,98.4375,95.3125,60.9375,100,96.875,100,100,100,64.0625,100,20.3125,100,79.6875,100,96.875,57.8125,85.9375,65.625,67.1875,100,100,35.9375,100,100,100,84.375,87.5,70.3125,71.875,90.625,100,70.3125,100,84.375,100,62.5,82.8125,100,100,53.125,100,100,64.0625,92.1875,95.3125,34.375,100,96.875,100,100,70.3125,100,100,100,100,32.8125,100,93.75,100,100,100,54.6875,100,98.4375,100,68.75,65.625,65.625,100,100,59.375,48.4375,100,100,100,100,100,79.6875,100,29.6875,100,48.4375,100,73.4375,71.875,100,89.0625,23.4375,100,100,100,92.1875,100,100,100,100,100,3.125,87.5,100,100,92.1875,79.6875,93.75,64.0625,62.5,98.4375,100,95.3125,25,84.375,100,76.5625,100,78.125,100,96.875,100,78.125,90.625,100,100,34.375,100,82.8125,75,100,67.1875,100,35.9375,100,100,100,100,100,81.25,100,100,62.5,76.5625,71.875,95.3125,100,100,57.8125,100,100,100,100,67.1875,100,68.75,100,29.6875,85.9375,100,100,100,85.9375,73.4375,87.5,100,95.3125,100,100,100,100,60.9375,56.25,100,39.0625,46.875,100,100,71.875,73.4375,100,87.5,95.3125,100,71.875,100,56.25,100,100,68.75,100,100,40.625,100,100,89.0625,92.1875,82.8125,78.125,76.5625,100,100,23.4375,70.3125,15.625,100,100,78.125,60.9375,100,100,100,100,90.625,100,89.0625,64.0625,100,90.625,100,98.4375,89.0625,100,84.375,100,100,100,100,100,70.3125,78.125,100,93.75,40.625,100,82.8125,70.3125,54.6875,82.8125,100,53.125,100,32.8125,100,100,100,51.5625,100,67.1875,100,100,100,65.625,100,51.5625,60.9375,65.625,100,95.3125,100,85.9375,100,96.875,65.625,75,95.3125,68.75,100,100,100,100,100,100,40.625,51.5625,96.875,100,100,100,100,100,81.25,100,89.0625,100,100,64.0625,100,98.4375,100,70.3125,75,100,100,100,85.9375,100,85.9375,82.8125,75,100,95.3125,100,100,87.5,34.375,100,48.4375,51.5625,100,100,68.75,70.3125,100,100,100,85.9375,48.4375,100,92.1875,35.9375,100,95.3125,100,100,100,100,100,100,100,100,100,70.3125,100,60.9375,100,75,100,100,96.875,68.75,95.3125,81.25,100,70.3125,54.6875,100,50,70.3125,100,100,100,100,100,45.3125,100,75,100,100,100,100,100,28.125,60.9375,100,100,100,89.0625,37.5,100,37.5,100,100,100,100,60.9375,67.1875,100,70.3125,100,100,100,87.5,100,98.4375,81.25,56.25,87.5,76.5625,100,100,71.875,71.875,90.625,67.1875,62.5,56.25,100,100,67.1875,90.625,100,64.0625,62.5,100,45.3125,100,100,93.75,100,100,100,85.9375,100,73.4375,100,100,87.5,98.4375,100,76.5625,100,85.9375,100,100,100,73.4375,100,84.375,100,82.8125,100,92.1875,59.375,62.5,100,100,100,100,67.1875,89.0625,100,100,100,100,93.75,78.125,100,100,100,85.9375,100,43.75,93.75,62.5,54.6875,53.125,85.9375,84.375,100,100,46.875,50,54.6875,53.125,48.4375,100,100,75,56.25,60.9375,100,78.125,90.625,95.3125,90.625,89.0625,100,48.4375,100,100,62.5,79.6875,100,73.4375,100,100,100,85.9375,95.3125,70.3125,87.5,93.75,100,100,100,73.4375,35.9375,100,100,100,100,100,79.6875,96.875,100,60.9375,73.4375,100,15.625,100,100,100,100,46.875,87.5,57.8125,45.3125,78.125,57.8125,90.625,100,100,100,81.25,100,87.5,92.1875,39.0625,89.0625,100,75,68.75,100,100,64.0625,100,100,59.375,100,100,100,79.6875,100,100,100,100,89.0625,100,95.3125,100,100,100,93.75,45.3125,100,100,23.4375,64.0625,100,100,100,82.8125,89.0625,71.875,100,100,70.3125,75,100,100,100,75,67.1875,59.375,100,98.4375,93.75,100,100,100,42.1875,100,100,92.1875,78.125,76.5625,100,100,75,100,81.25,100,100,84.375,100,100,73.4375,48.4375,73.4375,100,64.0625,100,100,100,100,100,100,98.4375,100,100,89.0625,100,100,100,100,100,100,100,92.1875,100,100,98.4375,73.4375,100,51.5625,100,92.1875,100,100,100,85.9375,76.5625,89.0625,100,37.5,100,37.5,100,100,100,100,100,89.0625,100,100,100,25,60.9375,100,81.25,100,76.5625,100,70.3125,100,100,100,62.5,50,100,100,100,90.625,100,100,100,93.75,100,21.875,51.5625,70.3125,60.9375,82.8125,54.6875,20.3125,59.375,68.75,71.875,100,84.375,100,100,90.625,100,89.0625,78.125,59.375,57.8125,100,53.125,84.375,100,100,57.8125,100,100,100,100,70.3125,45.3125,100,100,92.1875,100,25,81.25,100,67.1875,100,100,100,76.5625,100,95.3125,100,100,85.9375,76.5625,100,100,84.375,100,100,29.6875,100,100,100,90.625,100,59.375,100,56.25,100,82.8125,100,100,100,100,100,71.875,67.1875,67.1875,100,100,73.4375,100,100,93.75,68.75,100,90.625,100,15.625,100,100,100,76.5625,56.25,92.1875,89.0625,100,100,89.0625,100,42.1875,29.6875,87.5,62.5,100,100,92.1875,100,100,75,100,100,100,100,100,46.875,40.625,100,95.3125,60.9375,90.625,87.5,87.5,100,100,100,82.8125,100,42.1875,20.3125,100,100,100,100,100,100,100,100,100,100,15.625,93.75,95.3125,100,100,81.25,92.1875,100,96.875,100,100,84.375,90.625,60.9375,50,100,100,100,100,90.625,100,100,100,100,37.5,53.125,100,100,100,78.125,76.5625,100,64.0625,100,100,43.75,59.375,62.5,98.4375,78.125,100,93.75,100,93.75,100,84.375,82.8125,100,100,100,100,89.0625,100,100,100,100,100,100,82.8125,100,100,85.9375,100,100,100,100,100,85.9375,100,46.875,50,100,100,56.25,82.8125,100,100,100,100,98.4375,76.5625,71.875,81.25,100,34.375,100,70.3125,76.5625,100,100,98.4375,89.0625,85.9375,100,56.25,100,100,51.5625,68.75,100,18.75,100,57.8125,100,53.125,73.4375,100,100,100,60.9375,70.3125,100,79.6875,98.4375,98.4375,95.3125,32.8125,40.625,100,64.0625,76.5625,78.125,100,51.5625,82.8125,93.75,18.75,100,96.875,100,82.8125,100,100,68.75,71.875,96.875,100,100,51.5625,70.3125,71.875,51.5625,98.4375,100,79.6875,64.0625,59.375,51.5625,78.125,79.6875,100,75,100,100,75,100,100,21.875,79.6875,100,64.0625,100,100,100,100,100,68.75,50,100,100,75,100,100,100,98.4375,100,81.25,100,82.8125,100,100,75,100,98.4375,25,100,100,90.625,54.6875,100,100,100,25,35.9375,100,73.4375,75,100,31.25,100,100,100,89.0625,100,93.75,70.3125,100,95.3125,100,89.0625,59.375,35.9375,100,73.4375,100,100,92.1875,87.5,100,54.6875,29.6875,34.375,100,70.3125,60.9375,89.0625,100,14.0625,71.875,95.3125,92.1875,40.625,100,100,100,100,59.375,62.5,100,100,100,71.875,48.4375,100,100,100,100,92.1875,100,100,100,56.25,100,100,100,62.5,65.625,100,100,95.3125,100,26.5625,100,62.5,81.25,100,100,100,76.5625,51.5625,81.25,89.0625,89.0625,100,100,100,100,100,67.1875,43.75,51.5625,100,60.9375,100,100,100,53.125,100,100,100,89.0625,98.4375,100,89.0625,100,64.0625,100,100,100,70.3125,100,85.9375,100,100,75,100,76.5625,73.4375,100,100,100,82.8125,68.75,60.9375,100,67.1875,100,87.5,62.5,100,100,39.0625,85.9375,81.25,100,100,75,53.125,57.8125,71.875,100,96.875,100,100,90.625,32.8125,100,93.75,100,100,92.1875,100,81.25,65.625,62.5,79.6875,100,100,42.1875,100,67.1875,20.3125,29.6875,100,10.9375,100,100,100,100,87.5,98.4375,98.4375,100,100,82.8125,100,100,18.75,100,100,100,73.4375,100,21.875,85.9375,100,100,85.9375,100,95.3125,100,89.0625,100,100,50,59.375,100,87.5,100,100,98.4375,100,100,92.1875,100,46.875,100,100,57.8125,100,67.1875,100,75,90.625,70.3125,73.4375,100,70.3125,100,100,100,75,82.8125,100,100,100,56.25,54.6875,100,100,90.625,100,76.5625,87.5,100,85.9375,59.375,100,100,100,100,50,100,90.625,73.4375,100,45.3125,85.9375,100,100,17.1875,57.8125,78.125,25,90.625,48.4375,100,100,59.375,100,100,65.625,4.6875,100,85.9375,78.125,87.5,85.9375,100,92.1875,100,100,62.5,96.875,23.4375,50,75,70.3125,39.0625,100,87.5,100,100,54.6875,100,79.6875,57.8125,100,90.625,75,45.3125,67.1875,100,100,18.75,100,84.375,73.4375,100,84.375,92.1875,100,100,40.625,60.9375,98.4375,100,89.0625,100,100,100,70.3125,60.9375,100,100,100,100,93.75,100,100,26.5625,76.5625,65.625,85.9375,100,62.5,100,100,100,100,100,100,96.875,20.3125,28.125,100,100,100,100,71.875,96.875,85.9375,42.1875,100,100,42.1875,40.625,100,81.25,100,100,71.875,53.125,100,100,100,21.875,67.1875,68.75,78.125,100,100,100,100,100,48.4375,85.9375,100,100,100,87.5,100,50,9.375,100,71.875,57.8125,100,84.375,62.5,84.375,100,21.875,93.75,54.6875,87.5,100,100,73.4375,17.1875,93.75,100,87.5,100,100,100,100,84.375,89.0625,95.3125,68.75,100,95.3125,100,100,67.1875,65.625,78.125,65.625,100,100,100,100,100,95.3125,62.5,39.0625,85.9375,100,100,100,70.3125,100,39.0625,100,100,57.8125,100,100,92.1875,100,90.625,100,39.0625,100,45.3125,100,100,100,100,100,96.875,100,39.0625,100,100,92.1875,100,93.75,100,100,100,100,75,54.6875,62.5,100,100,100,34.375,85.9375,100,100,100,100,100,100,100,68.75,57.8125,100,31.25,100,100,100,92.1875,93.75,53.125,87.5,100,100,82.8125,100,100,90.625,65.625,90.625,26.5625,71.875,100,100,100,100,100,96.875,100,100,100,51.5625,98.4375,78.125,92.1875,10.9375,100,26.5625,100,100,51.5625,54.6875,100,100,50,100,73.4375,89.0625,100,100,100,85.9375,85.9375,75,100,87.5,95.3125,42.1875,100,100,81.25,71.875,21.875,100,75,100,98.4375,100,100,82.8125,23.4375,100,59.375,76.5625,100,100,76.5625,100,100,98.4375,50,45.3125,100,100,56.25,32.8125,100,84.375,95.3125,51.5625,79.6875,62.5,100,100,64.0625,100,100,62.5,100,100,82.8125,100,100,87.5,100,57.8125,68.75,40.625,100,43.75,75,34.375,100,100,100,100,75,95.3125,100,89.0625,73.4375,100,84.375,100,100,100,100,100,48.4375,100,100,70.3125,89.0625,96.875,100,78.125,73.4375,67.1875,100,79.6875,100,100,100,100,100,100,67.1875,100,100,50,100,92.1875,100,50,100,100,56.25,23.4375,100,100,100,100,100,73.4375,100,100,100,100,100,73.4375,100,75,100,100,100,100,90.625,100,23.4375,100,100,100,46.875,100,90.625,100,60.9375,100,76.5625,82.8125,71.875,93.75,82.8125,32.8125,100,100,40.625,31.25,100,62.5,100,100,100,75,100,68.75,100,45.3125,100,100,51.5625,100,100,98.4375,85.9375,37.5,100,100,20.3125,100,64.0625,56.25,100,100,93.75,81.25,100,100,100,62.5,82.8125,100,92.1875,28.125,57.8125,92.1875,100,100,90.625,100,84.375,100,87.5,71.875,75,76.5625,100,89.0625,100,96.875,67.1875,100,90.625,20.3125,59.375,89.0625,39.0625,46.875,100,100,100,45.3125,64.0625,100,100,100,100,93.75,78.125,53.125,85.9375,100,100,100,67.1875,100,100,26.5625,45.3125,56.25,59.375,100,100,79.6875,81.25,100,93.75,54.6875,100,100,100,100,73.4375,40.625,100,100,48.4375,100,85.9375,84.375,87.5,100,100,56.25,89.0625,73.4375,100,96.875,84.375,78.125,100,100,100,100,54.6875,100,75,9.375,100,100,54.6875,100,100,78.125,100,100,100,73.4375,100,98.4375,84.375,73.4375,100,100,73.4375,100,100,59.375,100,79.6875,100,85.9375,84.375,100,100,85.9375,70.3125,34.375,100,39.0625,71.875,67.1875,100,100,100,98.4375,85.9375,100,100,100,56.25,35.9375,100,100,100,100,96.875,79.6875,81.25,90.625,100,70.3125,92.1875,67.1875,100,65.625,100,82.8125,78.125,98.4375,25,95.3125,82.8125,100,46.875,37.5,100,93.75,100,100,48.4375,100,100,51.5625,100,71.875,100,50,100,81.25,85.9375,56.25,100,84.375,100,62.5,100,100,87.5,100,90.625,100,87.5,100,100,23.4375,100,59.375,100,100,42.1875,100,43.75,100,79.6875,50,100,54.6875,100,84.375,93.75,31.25,59.375,95.3125,100,89.0625,98.4375,100,95.3125,32.8125,100,82.8125,100,100,100,81.25,54.6875,48.4375,100,100,46.875,65.625,100,100,60.9375,100,95.3125,32.8125,100,45.3125,100,100,100,82.8125,100,100,78.125,100,67.1875,75,54.6875,50,53.125,10.9375,100,100,100,100,75,100,60.9375,100,100,100,100,100,90.625,82.8125,100,100,100,100,100,100,100,28.125,67.1875,100,26.5625,100,100,100,100,100,35.9375,1.5625,93.75,40.625,35.9375,100,89.0625,100,100,100,100,100,100,14.0625,87.5,100,100,100,100,100,92.1875,100,96.875,100,31.25,43.75,100,57.8125,100,100,100,75,100,45.3125,64.0625,100,100,46.875,100,100,68.75,100,100,79.6875,100,100,85.9375,89.0625,95.3125,67.1875,28.125,100,100,98.4375,75,100,100,62.5,100,60.9375,92.1875,100,100,100,62.5,71.875,100,75,100,100,56.25,100,76.5625,48.4375,100,20.3125,100,93.75,56.25,100,100,96.875,100,100,100,48.4375,68.75,100,43.75,65.625,100,100,64.0625,85.9375,96.875,79.6875,32.8125,62.5,40.625,100,100,100,43.75,100,60.9375,39.0625,84.375,100,100,100,100,43.75,67.1875,100,54.6875,100,100,54.6875,45.3125,54.6875,100,100,75,90.625,100,100,60.9375,100,90.625,100,78.125,100,100
"6111",89.0625,100,100,100,100,45.3125,95.3125,100,25,73.4375,73.4375,100,100,100,100,76.5625,82.8125,81.25,100,100,96.875,98.4375,100,100,76.5625,100,100,85.9375,73.4375,100,39.0625,100,100,79.6875,100,79.6875,84.375,100,100,92.1875,93.75,64.0625,95.3125,100,100,100,100,100,68.75,85.9375,75,100,100,64.0625,82.8125,100,12.5,100,100,43.75,92.1875,56.25,98.4375,96.875,100,100,62.5,100,71.875,100,56.25,62.5,100,90.625,85.9375,82.8125,100,56.25,48.4375,100,75,100,87.5,70.3125,64.0625,100,100,98.4375,100,100,57.8125,84.375,100,46.875,82.8125,87.5,100,62.5,100,100,89.0625,98.4375,100,92.1875,28.125,17.1875,100,48.4375,85.9375,100,75,73.4375,100,95.3125,40.625,100,100,100,100,100,78.125,93.75,100,85.9375,79.6875,54.6875,100,18.75,100,100,100,100,100,100,100,65.625,65.625,78.125,100,100,100,100,53.125,100,100,100,93.75,100,48.4375,82.8125,60.9375,31.25,79.6875,90.625,98.4375,95.3125,39.0625,100,100,100,100,100,84.375,100,89.0625,65.625,100,89.0625,23.4375,100,87.5,95.3125,90.625,100,100,100,84.375,93.75,100,45.3125,81.25,68.75,100,100,100,100,43.75,78.125,100,82.8125,100,100,87.5,100,100,100,96.875,90.625,100,100,37.5,100,95.3125,100,100,100,100,42.1875,73.4375,100,64.0625,100,100,98.4375,76.5625,78.125,100,46.875,100,43.75,100,71.875,100,100,100,53.125,96.875,96.875,70.3125,100,78.125,81.25,100,95.3125,100,100,87.5,67.1875,100,100,100,100,92.1875,82.8125,100,37.5,100,87.5,100,46.875,93.75,76.5625,59.375,100,59.375,93.75,100,75,100,100,98.4375,98.4375,35.9375,100,84.375,84.375,100,100,100,100,39.0625,67.1875,100,100,100,65.625,43.75,100,81.25,100,92.1875,32.8125,100,100,100,100,45.3125,100,100,90.625,81.25,100,54.6875,53.125,100,100,100,93.75,60.9375,75,37.5,100,73.4375,70.3125,100,89.0625,79.6875,60.9375,92.1875,100,100,60.9375,45.3125,100,60.9375,95.3125,100,100,71.875,54.6875,89.0625,100,50,100,64.0625,57.8125,95.3125,96.875,100,84.375,85.9375,100,32.8125,90.625,100,40.625,100,87.5,100,100,82.8125,84.375,39.0625,39.0625,85.9375,65.625,42.1875,100,100,76.5625,100,37.5,100,100,70.3125,100,96.875,76.5625,50,78.125,78.125,39.0625,100,90.625,43.75,53.125,29.6875,92.1875,98.4375,100,96.875,100,95.3125,76.5625,100,100,90.625,60.9375,85.9375,93.75,46.875,82.8125,71.875,100,100,100,96.875,100,62.5,90.625,100,100,100,100,100,48.4375,100,59.375,100,17.1875,100,100,45.3125,100,100,100,59.375,100,68.75,98.4375,78.125,100,100,92.1875,100,92.1875,39.0625,48.4375,100,75,64.0625,100,100,100,100,31.25,53.125,100,95.3125,100,82.8125,100,95.3125,100,89.0625,62.5,34.375,100,100,100,100,93.75,100,82.8125,100,100,100,100,82.8125,93.75,95.3125,100,100,100,84.375,65.625,100,73.4375,100,100,76.5625,73.4375,67.1875,100,100,51.5625,100,100,100,75,70.3125,53.125,62.5,100,100,68.75,100,100,100,46.875,75,100,100,64.0625,82.8125,100,48.4375,100,100,71.875,100,79.6875,79.6875,100,64.0625,100,100,100,76.5625,70.3125,76.5625,100,100,100,85.9375,98.4375,100,84.375,100,100,62.5,100,68.75,100,100,100,60.9375,100,100,100,100,100,100,67.1875,42.1875,92.1875,100,100,50,100,39.0625,100,90.625,100,84.375,68.75,100,81.25,82.8125,100,89.0625,100,100,34.375,48.4375,100,85.9375,100,100,70.3125,90.625,98.4375,100,100,100,48.4375,79.6875,100,71.875,100,100,65.625,76.5625,100,100,100,29.6875,76.5625,100,100,62.5,100,89.0625,100,50,100,100,65.625,100,100,100,100,100,100,100,100,90.625,71.875,100,68.75,100,65.625,100,100,100,14.0625,82.8125,100,73.4375,96.875,100,100,100,62.5,79.6875,100,57.8125,25,100,71.875,100,100,75,100,76.5625,100,92.1875,100,100,100,100,100,89.0625,71.875,26.5625,68.75,100,100,100,84.375,78.125,100,100,100,100,100,100,100,100,96.875,92.1875,100,50,96.875,70.3125,82.8125,92.1875,100,100,100,100,93.75,90.625,100,42.1875,6.25,92.1875,57.8125,28.125,100,100,100,92.1875,100,100,56.25,100,89.0625,46.875,59.375,64.0625,56.25,70.3125,98.4375,78.125,100,93.75,81.25,82.8125,68.75,40.625,84.375,95.3125,57.8125,73.4375,100,56.25,100,100,100,100,75,53.125,45.3125,68.75,100,100,82.8125,54.6875,56.25,48.4375,100,48.4375,100,92.1875,100,100,100,100,59.375,100,73.4375,89.0625,54.6875,100,100,71.875,79.6875,100,100,60.9375,32.8125,100,100,73.4375,100,100,100,100,62.5,89.0625,76.5625,100,100,100,90.625,100,100,100,100,100,100,68.75,100,100,100,31.25,100,100,35.9375,85.9375,100,78.125,57.8125,65.625,98.4375,100,60.9375,100,100,100,100,73.4375,50,56.25,85.9375,92.1875,100,87.5,48.4375,65.625,92.1875,68.75,4.6875,100,100,100,40.625,100,100,84.375,100,31.25,87.5,81.25,100,81.25,100,100,95.3125,82.8125,100,35.9375,46.875,100,100,85.9375,100,100,100,100,56.25,95.3125,89.0625,100,34.375,68.75,100,100,21.875,100,89.0625,100,89.0625,79.6875,100,40.625,93.75,100,100,57.8125,100,84.375,98.4375,78.125,100,100,93.75,62.5,100,100,78.125,67.1875,100,100,45.3125,100,70.3125,82.8125,79.6875,43.75,100,100,98.4375,54.6875,100,100,65.625,82.8125,65.625,100,100,100,67.1875,100,76.5625,9.375,15.625,100,100,78.125,100,70.3125,100,95.3125,98.4375,56.25,100,100,100,100,100,100,100,100,65.625,46.875,100,70.3125,93.75,70.3125,100,60.9375,68.75,100,32.8125,100,92.1875,54.6875,100,70.3125,100,79.6875,95.3125,100,98.4375,100,57.8125,100,100,73.4375,60.9375,100,100,100,100,76.5625,71.875,100,100,100,100,100,60.9375,100,21.875,100,78.125,100,100,62.5,100,85.9375,67.1875,95.3125,100,35.9375,100,92.1875,100,100,90.625,70.3125,76.5625,87.5,100,71.875,73.4375,82.8125,100,82.8125,81.25,68.75,100,34.375,100,100,62.5,95.3125,89.0625,32.8125,70.3125,100,100,100,70.3125,100,100,96.875,100,100,100,93.75,100,100,100,100,100,98.4375,100,84.375,57.8125,67.1875,64.0625,100,60.9375,40.625,100,100,100,100,100,65.625,64.0625,29.6875,100,46.875,100,76.5625,71.875,100,89.0625,15.625,100,100,100,100,100,100,100,100,100,3.125,87.5,100,100,93.75,65.625,93.75,56.25,73.4375,100,100,100,96.875,84.375,70.3125,54.6875,100,79.6875,100,46.875,100,67.1875,100,100,100,34.375,100,100,78.125,100,76.5625,100,100,100,100,100,100,100,82.8125,78.125,100,100,76.5625,68.75,54.6875,100,100,100,100,100,100,100,90.625,100,78.125,100,96.875,100,100,100,100,84.375,84.375,87.5,100,96.875,100,100,90.625,100,67.1875,96.875,100,82.8125,75,100,96.875,70.3125,81.25,100,79.6875,81.25,100,71.875,100,67.1875,100,100,73.4375,100,100,42.1875,100,100,93.75,82.8125,100,51.5625,76.5625,100,100,35.9375,92.1875,17.1875,100,100,100,96.875,100,100,100,100,100,89.0625,90.625,64.0625,85.9375,92.1875,82.8125,100,89.0625,100,82.8125,100,100,95.3125,100,100,73.4375,93.75,100,93.75,78.125,100,82.8125,54.6875,100,82.8125,100,53.125,100,100,100,100,100,48.4375,100,78.125,100,100,100,59.375,100,100,56.25,65.625,100,93.75,100,85.9375,100,100,54.6875,84.375,100,100,100,100,100,100,100,100,40.625,62.5,95.3125,100,100,100,100,100,71.875,96.875,89.0625,100,100,60.9375,100,96.875,100,82.8125,75,100,100,100,85.9375,96.875,75,85.9375,71.875,100,96.875,100,100,89.0625,57.8125,100,67.1875,51.5625,100,100,68.75,93.75,100,100,100,85.9375,51.5625,100,92.1875,34.375,100,100,100,100,100,100,100,100,100,100,100,67.1875,100,59.375,100,76.5625,100,100,100,70.3125,95.3125,82.8125,100,46.875,54.6875,100,100,70.3125,100,84.375,100,100,100,42.1875,100,75,100,100,100,100,100,29.6875,56.25,100,100,92.1875,89.0625,31.25,100,37.5,100,100,100,100,59.375,67.1875,100,71.875,100,100,100,96.875,100,92.1875,84.375,53.125,87.5,71.875,100,100,76.5625,70.3125,89.0625,67.1875,62.5,51.5625,100,100,64.0625,92.1875,100,81.25,60.9375,100,45.3125,85.9375,100,96.875,100,100,100,92.1875,100,75,100,100,87.5,92.1875,100,96.875,100,85.9375,79.6875,89.0625,100,59.375,100,100,100,76.5625,100,100,65.625,62.5,100,56.25,82.8125,100,100,89.0625,100,100,100,100,89.0625,50,100,100,100,67.1875,100,45.3125,90.625,62.5,54.6875,51.5625,92.1875,87.5,100,100,43.75,56.25,53.125,59.375,43.75,100,100,75,56.25,60.9375,78.125,81.25,89.0625,95.3125,100,90.625,100,43.75,67.1875,48.4375,54.6875,100,100,78.125,100,100,100,81.25,93.75,70.3125,87.5,90.625,100,100,100,73.4375,37.5,100,100,100,95.3125,100,100,100,35.9375,70.3125,62.5,100,15.625,100,100,100,100,43.75,100,60.9375,46.875,78.125,57.8125,90.625,70.3125,100,100,96.875,100,100,100,43.75,84.375,68.75,71.875,68.75,100,100,59.375,100,100,60.9375,100,100,100,75,100,82.8125,100,100,87.5,85.9375,100,100,100,100,79.6875,100,100,100,96.875,92.1875,100,100,100,82.8125,81.25,78.125,100,100,70.3125,70.3125,100,100,84.375,76.5625,89.0625,65.625,100,100,98.4375,100,100,89.0625,40.625,100,100,90.625,59.375,78.125,98.4375,100,64.0625,100,100,100,100,100,90.625,100,51.5625,50,71.875,100,64.0625,100,100,100,100,100,100,93.75,100,100,90.625,96.875,100,100,100,100,100,100,93.75,35.9375,100,100,92.1875,100,60.9375,100,93.75,100,100,100,95.3125,100,100,87.5,34.375,53.125,37.5,100,100,100,81.25,100,100,100,100,100,28.125,59.375,39.0625,81.25,100,70.3125,100,68.75,100,100,100,100,50,100,100,100,85.9375,100,100,62.5,96.875,100,12.5,60.9375,76.5625,64.0625,81.25,57.8125,78.125,89.0625,79.6875,71.875,100,100,100,100,90.625,100,87.5,90.625,78.125,100,100,89.0625,84.375,100,100,59.375,100,100,95.3125,100,57.8125,42.1875,100,100,95.3125,100,20.3125,79.6875,100,100,100,100,90.625,96.875,100,100,100,100,87.5,100,100,100,100,100,100,100,100,100,100,100,100,59.375,100,20.3125,96.875,79.6875,81.25,100,100,100,100,71.875,54.6875,68.75,100,100,70.3125,100,100,89.0625,68.75,100,81.25,100,20.3125,100,100,100,65.625,54.6875,100,93.75,100,100,70.3125,100,37.5,32.8125,79.6875,65.625,100,100,85.9375,100,100,100,100,100,100,100,100,46.875,20.3125,100,95.3125,100,100,75,87.5,100,100,100,93.75,100,42.1875,23.4375,100,100,100,100,92.1875,100,100,100,100,100,15.625,100,92.1875,100,100,93.75,100,100,100,100,100,89.0625,93.75,68.75,90.625,100,100,20.3125,100,93.75,100,100,100,100,34.375,57.8125,100,100,100,48.4375,68.75,100,60.9375,68.75,100,42.1875,59.375,62.5,92.1875,78.125,100,100,100,95.3125,100,89.0625,90.625,100,100,100,100,79.6875,100,100,100,100,100,100,90.625,100,100,85.9375,100,100,100,100,100,84.375,90.625,43.75,50,100,100,68.75,93.75,100,100,100,100,100,78.125,100,82.8125,100,43.75,100,67.1875,79.6875,100,100,93.75,79.6875,87.5,100,28.125,100,95.3125,48.4375,70.3125,100,26.5625,100,65.625,100,100,71.875,100,100,100,59.375,73.4375,100,79.6875,100,100,87.5,59.375,40.625,70.3125,67.1875,76.5625,98.4375,100,35.9375,82.8125,93.75,32.8125,100,96.875,100,100,100,100,67.1875,73.4375,98.4375,100,100,20.3125,68.75,84.375,35.9375,100,100,75,64.0625,76.5625,56.25,100,76.5625,100,73.4375,100,25,64.0625,100,100,100,79.6875,100,64.0625,100,100,100,100,93.75,82.8125,46.875,100,100,54.6875,100,100,100,95.3125,100,82.8125,100,84.375,100,100,35.9375,100,98.4375,25,68.75,100,81.25,50,73.4375,60.9375,100,42.1875,35.9375,100,62.5,76.5625,100,31.25,100,100,100,90.625,87.5,89.0625,46.875,93.75,87.5,100,92.1875,68.75,34.375,100,68.75,100,100,92.1875,79.6875,100,54.6875,29.6875,100,100,87.5,60.9375,92.1875,100,76.5625,43.75,93.75,100,39.0625,100,100,100,100,59.375,65.625,85.9375,100,100,100,25,100,100,100,100,78.125,100,100,56.25,60.9375,100,100,100,57.8125,70.3125,100,100,56.25,100,18.75,100,64.0625,79.6875,100,100,100,76.5625,76.5625,82.8125,100,90.625,100,100,100,15.625,100,82.8125,40.625,100,100,89.0625,100,100,100,37.5,96.875,100,100,84.375,89.0625,100,90.625,82.8125,84.375,100,100,100,51.5625,100,84.375,100,100,100,100,76.5625,84.375,100,100,100,98.4375,89.0625,95.3125,100,67.1875,100,81.25,62.5,100,100,100,85.9375,79.6875,89.0625,100,82.8125,53.125,59.375,65.625,100,95.3125,100,100,100,100,100,95.3125,100,100,90.625,100,100,65.625,43.75,81.25,100,96.875,43.75,92.1875,76.5625,4.6875,26.5625,100,56.25,100,100,100,100,92.1875,87.5,100,100,87.5,81.25,100,100,23.4375,100,100,100,71.875,100,64.0625,100,84.375,100,84.375,100,100,100,89.0625,100,100,56.25,81.25,100,100,81.25,100,100,100,100,90.625,32.8125,53.125,100,100,57.8125,100,67.1875,100,76.5625,90.625,71.875,75,100,100,100,100,100,73.4375,85.9375,100,96.875,68.75,59.375,57.8125,100,100,90.625,100,57.8125,79.6875,100,87.5,59.375,100,100,100,100,51.5625,100,93.75,71.875,37.5,45.3125,93.75,100,100,100,57.8125,62.5,23.4375,84.375,51.5625,100,100,59.375,100,53.125,67.1875,4.6875,100,87.5,75,96.875,76.5625,100,92.1875,100,100,71.875,96.875,20.3125,51.5625,70.3125,70.3125,39.0625,100,87.5,100,100,79.6875,100,82.8125,53.125,100,89.0625,75,82.8125,67.1875,100,96.875,17.1875,100,79.6875,71.875,100,82.8125,100,90.625,100,43.75,59.375,98.4375,100,95.3125,100,100,92.1875,57.8125,60.9375,100,98.4375,100,100,98.4375,100,100,92.1875,78.125,64.0625,75,100,62.5,100,100,96.875,100,100,81.25,93.75,56.25,35.9375,100,100,100,100,40.625,100,85.9375,42.1875,76.5625,100,57.8125,40.625,100,81.25,100,100,70.3125,56.25,100,60.9375,95.3125,100,65.625,68.75,78.125,100,100,100,100,100,78.125,100,100,100,100,87.5,89.0625,51.5625,21.875,100,71.875,45.3125,100,76.5625,60.9375,76.5625,100,20.3125,93.75,54.6875,85.9375,17.1875,100,71.875,20.3125,87.5,100,82.8125,100,100,100,100,100,100,95.3125,76.5625,100,78.125,78.125,100,81.25,100,75,65.625,96.875,100,100,100,100,96.875,54.6875,42.1875,90.625,100,100,100,98.4375,100,68.75,100,100,60.9375,100,100,100,100,79.6875,100,39.0625,100,82.8125,75,100,100,92.1875,100,92.1875,100,70.3125,100,100,92.1875,100,87.5,95.3125,100,100,100,73.4375,56.25,45.3125,98.4375,53.125,100,34.375,85.9375,100,100,100,100,100,100,100,68.75,59.375,100,31.25,100,100,100,93.75,96.875,57.8125,84.375,100,100,82.8125,100,32.8125,100,65.625,84.375,21.875,100,90.625,100,100,79.6875,100,100,100,100,76.5625,100,100,65.625,65.625,65.625,100,26.5625,100,100,100,57.8125,100,100,53.125,100,71.875,89.0625,100,100,100,85.9375,79.6875,79.6875,100,90.625,100,42.1875,100,100,81.25,54.6875,79.6875,100,39.0625,100,98.4375,100,100,82.8125,53.125,100,62.5,76.5625,100,95.3125,79.6875,100,100,100,100,100,100,100,14.0625,100,100,100,70.3125,60.9375,100,59.375,100,100,64.0625,100,100,62.5,100,100,100,100,100,92.1875,100,56.25,68.75,64.0625,100,43.75,78.125,53.125,100,45.3125,100,100,76.5625,92.1875,100,98.4375,73.4375,100,78.125,100,100,100,79.6875,100,50,79.6875,100,48.4375,90.625,100,100,76.5625,34.375,68.75,100,93.75,100,95.3125,100,87.5,100,100,70.3125,100,100,100,100,92.1875,100,50,100,100,48.4375,59.375,43.75,100,100,100,90.625,87.5,45.3125,100,100,100,100,81.25,100,73.4375,100,100,100,100,96.875,100,51.5625,100,100,92.1875,62.5,57.8125,89.0625,100,60.9375,100,73.4375,85.9375,89.0625,82.8125,82.8125,37.5,100,100,39.0625,31.25,100,54.6875,100,100,100,73.4375,100,73.4375,100,100,100,100,51.5625,100,100,98.4375,73.4375,96.875,100,100,23.4375,87.5,64.0625,51.5625,100,100,95.3125,71.875,100,100,100,64.0625,81.25,100,90.625,67.1875,54.6875,92.1875,87.5,98.4375,100,64.0625,87.5,100,85.9375,71.875,95.3125,78.125,100,100,100,96.875,100,100,85.9375,68.75,50,89.0625,17.1875,48.4375,100,100,100,45.3125,78.125,100,100,100,100,79.6875,79.6875,54.6875,82.8125,100,100,84.375,67.1875,100,42.1875,75,51.5625,100,57.8125,100,48.4375,79.6875,79.6875,100,70.3125,54.6875,100,100,100,100,75,43.75,100,100,50,100,100,67.1875,100,100,100,53.125,90.625,71.875,100,96.875,85.9375,92.1875,100,100,100,100,56.25,100,73.4375,25,100,100,76.5625,100,100,87.5,96.875,100,100,92.1875,100,98.4375,85.9375,100,100,100,73.4375,64.0625,100,62.5,100,79.6875,100,51.5625,89.0625,100,100,96.875,100,35.9375,100,37.5,35.9375,59.375,100,100,65.625,100,87.5,76.5625,100,51.5625,56.25,35.9375,100,100,100,100,96.875,81.25,100,85.9375,100,65.625,100,70.3125,100,87.5,39.0625,92.1875,81.25,98.4375,18.75,95.3125,85.9375,53.125,45.3125,40.625,100,100,100,100,46.875,73.4375,100,59.375,71.875,82.8125,100,82.8125,100,73.4375,87.5,82.8125,100,96.875,100,62.5,100,100,89.0625,100,85.9375,70.3125,85.9375,100,100,23.4375,100,59.375,100,100,43.75,100,46.875,100,79.6875,29.6875,100,53.125,25,90.625,100,29.6875,70.3125,100,100,82.8125,100,71.875,93.75,20.3125,100,100,100,100,100,96.875,70.3125,42.1875,100,100,9.375,64.0625,100,100,43.75,100,57.8125,42.1875,100,45.3125,100,100,100,81.25,100,100,64.0625,100,93.75,87.5,57.8125,56.25,53.125,10.9375,100,100,100,100,79.6875,100,60.9375,100,100,100,100,100,89.0625,82.8125,100,96.875,100,100,100,100,100,18.75,73.4375,100,26.5625,100,100,100,100,100,95.3125,1.5625,100,100,31.25,100,81.25,100,54.6875,100,82.8125,100,100,98.4375,84.375,100,100,100,100,100,85.9375,100,96.875,100,71.875,46.875,100,57.8125,100,100,100,75,100,46.875,64.0625,100,100,57.8125,100,100,100,100,100,89.0625,100,100,100,89.0625,100,96.875,29.6875,100,92.1875,98.4375,75,35.9375,100,62.5,85.9375,64.0625,84.375,100,100,100,100,71.875,100,79.6875,100,100,56.25,100,70.3125,54.6875,59.375,85.9375,100,32.8125,100,100,100,96.875,95.3125,100,100,46.875,70.3125,100,56.25,64.0625,100,100,70.3125,79.6875,100,81.25,32.8125,64.0625,51.5625,100,100,100,21.875,100,62.5,39.0625,100,92.1875,100,100,100,54.6875,71.875,100,54.6875,100,100,56.25,100,64.0625,82.8125,67.1875,79.6875,100,76.5625,100,62.5,100,85.9375,100,67.1875,100,100
"6112",89.0625,100,48.4375,100,100,45.3125,95.3125,98.4375,20.3125,90.625,96.875,100,100,100,100,73.4375,82.8125,78.125,100,100,96.875,95.3125,100,100,76.5625,100,100,79.6875,85.9375,100,100,100,100,95.3125,100,92.1875,84.375,100,100,98.4375,95.3125,65.625,93.75,100,100,100,100,100,82.8125,89.0625,75,100,100,78.125,59.375,100,12.5,100,100,43.75,92.1875,54.6875,98.4375,68.75,100,100,65.625,100,64.0625,100,56.25,75,70.3125,98.4375,60.9375,100,100,100,48.4375,100,78.125,100,87.5,68.75,62.5,100,100,21.875,100,100,59.375,82.8125,100,46.875,71.875,100,100,62.5,100,100,87.5,100,100,92.1875,100,15.625,100,53.125,85.9375,100,59.375,100,100,92.1875,45.3125,100,100,100,100,100,100,100,68.75,81.25,81.25,54.6875,100,18.75,100,100,43.75,100,100,100,100,64.0625,64.0625,78.125,100,100,100,71.875,40.625,51.5625,100,100,100,100,60.9375,81.25,60.9375,32.8125,78.125,93.75,96.875,95.3125,39.0625,100,100,100,100,100,85.9375,100,89.0625,59.375,82.8125,85.9375,23.4375,100,100,87.5,100,100,100,100,85.9375,100,100,100,100,43.75,100,100,84.375,100,45.3125,100,76.5625,98.4375,100,100,87.5,100,95.3125,100,100,90.625,100,64.0625,39.0625,100,95.3125,100,100,100,100,100,85.9375,100,62.5,100,100,100,82.8125,78.125,40.625,73.4375,100,46.875,100,75,60.9375,100,100,53.125,100,100,89.0625,100,78.125,81.25,60.9375,100,100,100,89.0625,64.0625,100,100,100,100,100,100,100,35.9375,100,89.0625,100,45.3125,100,76.5625,40.625,100,100,95.3125,100,60.9375,100,100,100,98.4375,34.375,95.3125,28.125,96.875,100,100,57.8125,100,45.3125,56.25,100,100,100,71.875,40.625,100,79.6875,100,87.5,45.3125,100,100,100,100,43.75,100,100,100,79.6875,100,51.5625,56.25,100,100,92.1875,93.75,60.9375,75,35.9375,100,64.0625,84.375,100,89.0625,82.8125,43.75,89.0625,100,100,100,43.75,100,100,95.3125,100,100,90.625,54.6875,89.0625,100,50,100,81.25,70.3125,95.3125,93.75,100,100,85.9375,100,60.9375,95.3125,100,40.625,100,87.5,95.3125,100,100,84.375,37.5,42.1875,64.0625,60.9375,40.625,100,100,71.875,100,78.125,100,100,70.3125,100,96.875,75,56.25,100,76.5625,31.25,100,100,82.8125,53.125,31.25,100,98.4375,100,100,100,100,75,95.3125,100,96.875,84.375,79.6875,100,48.4375,100,100,100,100,100,95.3125,100,67.1875,93.75,100,75,100,90.625,100,62.5,100,64.0625,76.5625,17.1875,100,79.6875,46.875,100,100,100,59.375,87.5,81.25,93.75,85.9375,93.75,78.125,93.75,100,100,39.0625,53.125,100,76.5625,67.1875,100,100,100,90.625,31.25,57.8125,100,92.1875,100,82.8125,100,76.5625,100,73.4375,60.9375,53.125,100,100,100,100,90.625,100,81.25,100,100,100,100,100,93.75,89.0625,100,100,100,85.9375,71.875,100,64.0625,100,100,76.5625,73.4375,68.75,100,100,56.25,100,100,100,100,67.1875,53.125,73.4375,100,100,68.75,100,100,100,34.375,100,90.625,100,64.0625,82.8125,100,51.5625,100,100,71.875,100,78.125,78.125,100,64.0625,100,100,100,75,76.5625,71.875,100,100,100,92.1875,68.75,93.75,84.375,100,100,65.625,100,68.75,100,42.1875,100,100,100,100,100,100,100,100,60.9375,42.1875,96.875,100,100,48.4375,100,39.0625,100,90.625,100,84.375,71.875,100,78.125,82.8125,85.9375,100,100,100,35.9375,48.4375,100,56.25,100,100,70.3125,100,81.25,100,100,100,45.3125,100,100,70.3125,96.875,100,65.625,31.25,100,100,100,28.125,79.6875,100,100,67.1875,100,92.1875,100,50,73.4375,100,60.9375,100,100,100,100,100,100,100,100,100,68.75,100,64.0625,100,70.3125,100,100,100,100,81.25,100,75,95.3125,100,100,100,95.3125,60.9375,100,70.3125,50,100,60.9375,100,100,78.125,100,71.875,100,100,100,100,100,100,100,100,71.875,100,70.3125,100,100,100,100,78.125,21.875,100,100,100,100,100,100,100,82.8125,100,100,50,96.875,76.5625,100,93.75,100,100,100,100,89.0625,92.1875,100,43.75,6.25,82.8125,84.375,28.125,100,100,100,100,100,100,59.375,100,90.625,46.875,59.375,50,35.9375,73.4375,98.4375,78.125,100,93.75,70.3125,82.8125,64.0625,40.625,90.625,95.3125,50,67.1875,100,100,100,100,100,100,76.5625,54.6875,45.3125,68.75,100,100,73.4375,56.25,45.3125,46.875,100,65.625,100,25,100,100,100,100,65.625,100,73.4375,90.625,50,100,100,75,23.4375,100,100,62.5,100,100,100,70.3125,100,100,100,100,78.125,78.125,100,100,100,100,89.0625,100,100,100,100,57.8125,100,68.75,100,100,100,39.0625,100,100,34.375,84.375,100,98.4375,37.5,75,100,100,75,81.25,100,100,100,76.5625,92.1875,56.25,89.0625,100,100,93.75,48.4375,53.125,67.1875,68.75,4.6875,100,100,100,40.625,100,20.3125,84.375,100,43.75,81.25,100,100,90.625,100,100,95.3125,89.0625,100,40.625,45.3125,100,100,73.4375,100,100,100,100,57.8125,100,100,100,50,100,75,100,18.75,100,85.9375,100,89.0625,75,100,35.9375,92.1875,100,100,60.9375,100,100,100,93.75,100,100,96.875,62.5,100,100,56.25,89.0625,100,100,31.25,100,71.875,81.25,79.6875,42.1875,100,21.875,100,54.6875,100,100,96.875,82.8125,64.0625,100,14.0625,100,71.875,100,76.5625,10.9375,65.625,100,100,100,100,95.3125,100,89.0625,100,57.8125,100,100,100,100,100,100,100,100,62.5,43.75,100,70.3125,100,70.3125,100,54.6875,75,100,20.3125,100,85.9375,57.8125,100,67.1875,82.8125,79.6875,79.6875,100,98.4375,100,59.375,100,32.8125,73.4375,67.1875,100,100,100,98.4375,50,57.8125,100,100,100,100,100,76.5625,100,20.3125,100,78.125,92.1875,92.1875,56.25,100,73.4375,68.75,92.1875,100,35.9375,100,79.6875,67.1875,100,92.1875,70.3125,59.375,100,100,71.875,81.25,87.5,100,84.375,81.25,79.6875,84.375,32.8125,100,100,64.0625,93.75,100,34.375,67.1875,100,100,100,60.9375,100,100,98.4375,100,100,100,93.75,100,57.8125,100,100,100,96.875,100,100,65.625,65.625,100,100,60.9375,26.5625,31.25,100,100,100,100,92.1875,68.75,29.6875,100,45.3125,93.75,79.6875,71.875,100,89.0625,14.0625,100,100,100,90.625,100,100,100,100,100,3.125,87.5,23.4375,100,93.75,62.5,95.3125,62.5,71.875,100,100,73.4375,98.4375,84.375,100,68.75,100,75,100,100,100,78.125,100,100,81.25,35.9375,100,81.25,81.25,100,75,100,40.625,100,100,100,100,100,81.25,100,100,100,76.5625,71.875,67.1875,100,100,100,100,100,100,100,100,100,82.8125,100,100,100,100,100,31.25,90.625,90.625,87.5,100,95.3125,100,100,100,100,68.75,92.1875,100,84.375,75,100,82.8125,78.125,73.4375,100,84.375,100,100,71.875,100,62.5,100,100,100,100,100,40.625,100,100,81.25,71.875,85.9375,50,84.375,100,100,34.375,70.3125,15.625,100,100,78.125,82.8125,100,100,100,100,100,84.375,93.75,62.5,73.4375,90.625,100,100,87.5,100,78.125,100,100,100,100,100,73.4375,100,100,93.75,84.375,100,82.8125,57.8125,100,82.8125,100,53.125,100,64.0625,100,100,100,70.3125,100,70.3125,100,65.625,100,43.75,100,100,57.8125,65.625,100,93.75,100,87.5,100,98.4375,64.0625,78.125,95.3125,100,100,100,100,100,100,100,40.625,60.9375,100,100,100,100,100,100,89.0625,100,90.625,100,100,90.625,100,96.875,100,73.4375,75,100,100,53.125,85.9375,96.875,76.5625,65.625,76.5625,98.4375,98.4375,100,100,100,57.8125,100,40.625,51.5625,62.5,100,68.75,75,100,81.25,95.3125,84.375,51.5625,100,89.0625,34.375,100,100,100,100,100,100,100,100,100,100,89.0625,68.75,98.4375,59.375,100,68.75,100,100,100,73.4375,95.3125,81.25,100,100,54.6875,100,100,62.5,100,85.9375,100,100,100,42.1875,100,68.75,100,100,100,100,100,31.25,65.625,100,100,82.8125,89.0625,46.875,100,42.1875,100,100,100,100,60.9375,68.75,100,73.4375,100,89.0625,100,71.875,100,81.25,82.8125,56.25,87.5,71.875,100,100,81.25,68.75,60.9375,67.1875,62.5,51.5625,100,100,62.5,62.5,100,82.8125,60.9375,100,37.5,98.4375,100,95.3125,100,100,100,92.1875,93.75,73.4375,100,100,85.9375,78.125,100,96.875,100,85.9375,87.5,100,100,64.0625,100,100,100,65.625,100,98.4375,60.9375,62.5,100,100,95.3125,100,100,89.0625,100,100,100,100,92.1875,84.375,100,100,100,79.6875,100,82.8125,81.25,65.625,54.6875,50,89.0625,89.0625,100,100,39.0625,59.375,54.6875,75,45.3125,100,100,75,56.25,60.9375,71.875,78.125,90.625,95.3125,100,90.625,100,48.4375,100,46.875,100,100,100,75,100,100,100,82.8125,100,62.5,87.5,90.625,100,100,100,73.4375,37.5,100,100,100,85.9375,100,71.875,100,100,64.0625,62.5,100,100,100,100,98.4375,73.4375,64.0625,100,59.375,50,78.125,53.125,90.625,59.375,51.5625,100,51.5625,100,100,100,40.625,92.1875,50,73.4375,67.1875,100,100,53.125,100,100,100,100,100,100,79.6875,100,100,92.1875,100,89.0625,100,100,100,100,100,84.375,100,100,100,67.1875,68.75,100,100,100,81.25,90.625,71.875,100,100,70.3125,70.3125,100,100,48.4375,60.9375,81.25,64.0625,100,98.4375,96.875,100,100,93.75,42.1875,89.0625,98.4375,92.1875,65.625,78.125,100,100,79.6875,100,100,23.4375,100,76.5625,100,100,43.75,50,75,100,65.625,100,100,100,100,100,100,92.1875,100,100,89.0625,93.75,100,100,100,100,100,100,100,100,100,100,93.75,100,71.875,100,93.75,100,100,100,95.3125,76.5625,98.4375,100,39.0625,100,40.625,100,100,100,100,100,98.4375,100,100,90.625,93.75,59.375,100,85.9375,100,71.875,100,81.25,100,65.625,100,100,40.625,100,100,100,87.5,95.3125,100,100,100,100,64.0625,90.625,81.25,67.1875,76.5625,71.875,64.0625,54.6875,70.3125,68.75,100,81.25,100,100,90.625,100,89.0625,95.3125,79.6875,60.9375,100,100,82.8125,100,100,79.6875,100,100,100,100,60.9375,42.1875,100,100,100,100,20.3125,82.8125,100,90.625,100,100,100,100,100,100,100,75,87.5,87.5,100,100,100,89.0625,100,93.75,100,100,100,100,100,59.375,100,56.25,96.875,81.25,100,100,100,100,100,71.875,70.3125,60.9375,100,100,71.875,100,100,90.625,76.5625,53.125,89.0625,100,18.75,100,100,100,65.625,54.6875,100,87.5,100,100,89.0625,100,37.5,85.9375,76.5625,64.0625,100,100,87.5,100,100,100,100,100,93.75,89.0625,100,45.3125,25,100,95.3125,65.625,100,68.75,87.5,100,100,100,21.875,100,40.625,18.75,100,100,100,100,100,100,100,100,100,100,14.0625,45.3125,100,100,100,84.375,93.75,100,98.4375,100,100,100,98.4375,64.0625,53.125,100,100,100,98.4375,87.5,100,98.4375,100,100,59.375,51.5625,100,100,100,100,73.4375,100,75,59.375,100,39.0625,59.375,62.5,98.4375,85.9375,100,100,100,84.375,100,82.8125,92.1875,78.125,100,100,100,90.625,98.4375,100,100,100,100,100,87.5,100,100,84.375,100,100,82.8125,100,100,81.25,100,42.1875,50,100,100,57.8125,100,100,100,100,100,100,73.4375,51.5625,76.5625,100,35.9375,100,65.625,89.0625,100,100,75,100,87.5,100,76.5625,100,100,45.3125,68.75,100,18.75,100,100,100,100,73.4375,100,100,100,68.75,89.0625,100,81.25,100,100,89.0625,59.375,40.625,73.4375,67.1875,70.3125,82.8125,100,64.0625,82.8125,93.75,100,100,95.3125,100,100,100,100,68.75,67.1875,100,100,100,100,67.1875,85.9375,18.75,100,100,76.5625,64.0625,100,57.8125,100,98.4375,100,73.4375,98.4375,100,85.9375,100,82.8125,100,79.6875,100,62.5,100,100,100,100,100,26.5625,48.4375,100,100,82.8125,100,100,100,100,87.5,82.8125,81.25,81.25,100,100,23.4375,100,95.3125,21.875,65.625,100,84.375,46.875,84.375,59.375,100,25,35.9375,100,71.875,79.6875,68.75,31.25,100,100,100,79.6875,100,96.875,53.125,100,82.8125,100,81.25,59.375,32.8125,100,68.75,100,100,92.1875,71.875,100,54.6875,31.25,87.5,100,67.1875,60.9375,89.0625,100,75,85.9375,39.0625,100,42.1875,100,96.875,100,100,79.6875,62.5,100,100,100,87.5,40.625,100,100,100,100,100,100,54.6875,100,60.9375,93.75,100,100,57.8125,100,100,100,71.875,100,20.3125,100,100,87.5,100,100,100,76.5625,56.25,81.25,100,89.0625,100,100,100,100,100,71.875,42.1875,51.5625,67.1875,78.125,100,100,100,12.5,96.875,100,100,85.9375,95.3125,100,90.625,90.625,14.0625,100,100,100,62.5,100,100,100,100,100,100,76.5625,82.8125,100,100,100,100,76.5625,100,100,67.1875,100,100,62.5,100,100,100,82.8125,81.25,87.5,100,89.0625,56.25,59.375,68.75,100,100,100,100,100,34.375,100,95.3125,100,100,93.75,100,100,64.0625,64.0625,79.6875,100,100,40.625,53.125,75,6.25,25,100,9.375,100,100,100,100,21.875,96.875,100,100,93.75,81.25,100,100,25,100,100,100,71.875,100,51.5625,98.4375,100,100,85.9375,100,81.25,100,92.1875,100,100,60.9375,81.25,100,100,81.25,100,100,68.75,100,81.25,100,46.875,100,100,57.8125,100,68.75,100,75,89.0625,70.3125,75,100,87.5,100,100,100,98.4375,78.125,100,98.4375,75,50,59.375,100,100,92.1875,100,90.625,87.5,100,87.5,60.9375,100,71.875,100,100,48.4375,100,89.0625,73.4375,45.3125,45.3125,87.5,100,100,100,56.25,62.5,25,89.0625,87.5,100,100,59.375,100,100,67.1875,4.6875,100,84.375,56.25,37.5,87.5,100,90.625,100,100,68.75,96.875,20.3125,46.875,73.4375,70.3125,39.0625,100,87.5,100,100,75,100,84.375,54.6875,100,87.5,75,85.9375,65.625,79.6875,100,17.1875,100,100,54.6875,100,78.125,78.125,100,100,28.125,62.5,89.0625,100,79.6875,100,100,100,56.25,64.0625,100,100,100,100,95.3125,100,100,92.1875,75,64.0625,78.125,100,65.625,100,100,95.3125,100,100,93.75,92.1875,100,35.9375,100,31.25,100,100,100,100,87.5,40.625,100,100,57.8125,40.625,25,81.25,100,100,71.875,73.4375,100,100,95.3125,100,67.1875,68.75,78.125,100,92.1875,65.625,98.4375,100,51.5625,46.875,100,100,100,85.9375,45.3125,50,9.375,100,71.875,60.9375,100,76.5625,100,79.6875,100,21.875,93.75,54.6875,85.9375,84.375,100,84.375,100,100,89.0625,87.5,100,92.1875,100,100,100,89.0625,95.3125,100,100,100,100,100,79.6875,75,81.25,64.0625,100,100,100,100,100,98.4375,60.9375,42.1875,100,100,100,100,100,100,54.6875,100,100,59.375,100,100,95.3125,100,71.875,100,40.625,100,45.3125,100,100,100,100,100,95.3125,98.4375,81.25,100,100,92.1875,100,89.0625,100,100,100,100,89.0625,57.8125,50,100,98.4375,100,35.9375,84.375,100,100,100,85.9375,100,100,98.4375,43.75,57.8125,100,32.8125,100,100,100,98.4375,89.0625,53.125,85.9375,98.4375,100,89.0625,100,100,20.3125,87.5,85.9375,21.875,100,100,100,100,100,100,100,100,100,100,100,100,93.75,85.9375,67.1875,100,26.5625,100,100,100,56.25,100,100,50,71.875,78.125,92.1875,100,100,100,85.9375,100,79.6875,100,89.0625,100,40.625,100,68.75,81.25,70.3125,78.125,100,100,100,98.4375,100,100,81.25,65.625,100,59.375,76.5625,100,100,79.6875,100,100,100,100,100,100,100,100,100,76.5625,100,70.3125,62.5,79.6875,59.375,100,100,64.0625,100,100,62.5,100,100,89.0625,100,100,87.5,100,56.25,70.3125,76.5625,100,43.75,78.125,60.9375,100,43.75,76.5625,100,82.8125,92.1875,100,84.375,73.4375,62.5,85.9375,67.1875,81.25,100,79.6875,100,50,100,100,46.875,81.25,100,100,82.8125,9.375,68.75,100,100,100,100,100,100,100,53.125,73.4375,100,56.25,57.8125,100,92.1875,100,43.75,100,100,50,57.8125,70.3125,100,100,100,100,56.25,100,100,57.8125,100,100,48.4375,100,71.875,100,100,100,100,96.875,100,53.125,100,100,100,46.875,100,84.375,53.125,62.5,100,92.1875,84.375,100,82.8125,82.8125,37.5,100,100,39.0625,31.25,100,59.375,100,100,100,73.4375,82.8125,70.3125,100,100,100,100,51.5625,100,100,100,79.6875,100,100,100,23.4375,84.375,64.0625,53.125,100,100,96.875,79.6875,100,100,100,89.0625,87.5,100,34.375,100,59.375,92.1875,96.875,100,95.3125,100,89.0625,100,100,71.875,100,79.6875,100,100,100,96.875,100,100,87.5,70.3125,100,89.0625,10.9375,46.875,100,100,100,45.3125,100,100,100,100,100,79.6875,79.6875,57.8125,79.6875,100,98.4375,100,64.0625,100,100,81.25,51.5625,100,62.5,100,50,79.6875,78.125,100,82.8125,54.6875,100,100,100,100,73.4375,42.1875,100,100,48.4375,100,100,64.0625,35.9375,100,100,62.5,90.625,73.4375,100,100,95.3125,100,100,100,93.75,100,57.8125,100,73.4375,68.75,100,100,67.1875,100,100,75,100,100,87.5,93.75,100,93.75,81.25,85.9375,100,100,70.3125,57.8125,100,59.375,100,92.1875,100,79.6875,93.75,100,100,89.0625,100,35.9375,100,35.9375,54.6875,64.0625,100,100,89.0625,65.625,100,90.625,100,53.125,57.8125,35.9375,100,100,100,100,96.875,64.0625,100,90.625,100,82.8125,84.375,70.3125,78.125,82.8125,93.75,59.375,73.4375,100,18.75,95.3125,67.1875,89.0625,43.75,10.9375,100,100,100,100,45.3125,100,100,59.375,100,76.5625,100,75,100,73.4375,85.9375,65.625,100,100,100,60.9375,100,100,89.0625,100,100,67.1875,87.5,100,100,23.4375,76.5625,59.375,100,100,46.875,100,45.3125,100,81.25,51.5625,100,51.5625,34.375,85.9375,100,29.6875,85.9375,100,100,93.75,100,71.875,92.1875,40.625,100,68.75,100,100,100,100,93.75,43.75,100,100,48.4375,60.9375,100,100,100,100,100,32.8125,100,46.875,100,100,100,84.375,100,100,93.75,100,92.1875,82.8125,76.5625,57.8125,53.125,17.1875,100,96.875,96.875,100,89.0625,100,64.0625,100,100,100,85.9375,100,92.1875,81.25,100,96.875,100,100,100,100,100,18.75,68.75,100,26.5625,100,100,100,100,100,95.3125,1.5625,100,100,26.5625,100,75,100,100,67.1875,90.625,100,100,73.4375,84.375,100,100,100,100,100,84.375,100,100,100,14.0625,48.4375,100,56.25,100,100,85.9375,76.5625,100,45.3125,64.0625,100,100,48.4375,100,100,100,100,100,73.4375,100,100,100,89.0625,34.375,76.5625,28.125,100,96.875,98.4375,100,21.875,100,62.5,25,42.1875,96.875,100,71.875,100,100,71.875,100,78.125,100,100,59.375,100,81.25,59.375,89.0625,93.75,100,35.9375,100,100,100,96.875,81.25,100,96.875,46.875,68.75,100,57.8125,62.5,100,100,67.1875,84.375,100,82.8125,32.8125,64.0625,79.6875,100,100,100,35.9375,100,60.9375,39.0625,100,71.875,100,100,100,100,62.5,100,54.6875,95.3125,100,56.25,100,31.25,100,54.6875,81.25,100,100,18.75,65.625,100,82.8125,98.4375,78.125,100,100
"6113",95.3125,100,35.9375,100,100,43.75,95.3125,100,23.4375,92.1875,57.8125,100,100,100,100,76.5625,82.8125,87.5,100,100,96.875,100,100,100,76.5625,100,100,87.5,82.8125,100,100,89.0625,100,100,100,90.625,59.375,100,100,100,79.6875,64.0625,89.0625,100,100,100,100,100,78.125,87.5,75,100,100,67.1875,84.375,100,10.9375,100,100,43.75,96.875,56.25,98.4375,100,100,100,57.8125,100,70.3125,100,56.25,73.4375,35.9375,89.0625,60.9375,81.25,100,51.5625,50,100,76.5625,50,85.9375,73.4375,62.5,100,100,25,100,100,56.25,84.375,100,46.875,68.75,96.875,100,64.0625,100,100,85.9375,100,100,90.625,100,18.75,96.875,51.5625,85.9375,100,59.375,100,100,100,40.625,96.875,100,100,100,90.625,79.6875,100,100,93.75,93.75,56.25,100,18.75,100,100,90.625,100,100,100,100,65.625,68.75,78.125,100,100,100,100,85.9375,57.8125,100,100,87.5,57.8125,56.25,76.5625,56.25,40.625,79.6875,87.5,96.875,95.3125,40.625,100,100,100,100,100,73.4375,100,89.0625,67.1875,29.6875,89.0625,23.4375,100,76.5625,82.8125,100,92.1875,100,100,84.375,100,100,100,100,29.6875,100,100,100,100,43.75,100,100,87.5,100,100,87.5,100,100,100,100,89.0625,100,100,46.875,100,95.3125,100,100,100,100,23.4375,75,100,62.5,67.1875,100,100,34.375,79.6875,100,78.125,100,43.75,100,71.875,37.5,100,100,53.125,85.9375,100,100,100,73.4375,79.6875,18.75,100,100,100,87.5,59.375,95.3125,100,100,100,100,92.1875,100,39.0625,100,90.625,100,48.4375,100,79.6875,37.5,96.875,78.125,98.4375,100,62.5,100,100,100,96.875,35.9375,100,81.25,100,100,100,100,100,46.875,60.9375,100,25,100,45.3125,45.3125,67.1875,78.125,100,17.1875,39.0625,100,100,100,100,45.3125,100,100,92.1875,81.25,100,51.5625,57.8125,100,100,100,96.875,62.5,75,35.9375,100,65.625,64.0625,100,89.0625,79.6875,45.3125,90.625,100,100,54.6875,45.3125,100,90.625,95.3125,100,100,75,54.6875,31.25,85.9375,50,100,84.375,70.3125,98.4375,96.875,100,64.0625,89.0625,98.4375,76.5625,100,96.875,40.625,100,87.5,100,100,100,84.375,37.5,39.0625,65.625,68.75,42.1875,100,71.875,73.4375,100,78.125,100,100,70.3125,100,100,75,50,78.125,82.8125,70.3125,100,100,76.5625,53.125,31.25,100,98.4375,100,100,100,90.625,73.4375,76.5625,100,96.875,79.6875,79.6875,100,50,85.9375,100,100,100,17.1875,100,100,65.625,89.0625,100,79.6875,100,100,100,79.6875,100,90.625,78.125,28.125,100,71.875,26.5625,100,100,100,59.375,87.5,71.875,98.4375,79.6875,95.3125,100,95.3125,100,100,39.0625,50,100,76.5625,60.9375,100,32.8125,100,100,29.6875,51.5625,100,92.1875,100,82.8125,100,89.0625,100,90.625,62.5,48.4375,100,100,100,100,92.1875,93.75,100,100,100,100,100,82.8125,93.75,92.1875,100,100,100,85.9375,71.875,100,67.1875,100,100,73.4375,73.4375,68.75,100,100,54.6875,100,100,100,100,73.4375,53.125,56.25,100,100,68.75,100,100,100,100,76.5625,98.4375,100,68.75,82.8125,100,54.6875,100,100,73.4375,100,78.125,78.125,100,62.5,100,100,100,73.4375,73.4375,70.3125,100,100,100,90.625,68.75,98.4375,84.375,100,100,65.625,68.75,68.75,100,100,100,100,100,100,100,95.3125,73.4375,100,60.9375,43.75,96.875,100,100,50,100,39.0625,100,89.0625,100,84.375,70.3125,100,81.25,84.375,100,100,100,100,35.9375,50,100,84.375,100,100,70.3125,93.75,81.25,100,100,100,46.875,85.9375,100,71.875,98.4375,100,67.1875,100,100,100,100,31.25,73.4375,100,100,71.875,100,92.1875,100,48.4375,67.1875,100,65.625,100,100,100,100,100,100,100,90.625,100,75,100,62.5,100,70.3125,100,100,100,100,81.25,100,73.4375,100,100,100,100,100,64.0625,100,60.9375,65.625,100,54.6875,100,100,76.5625,100,40.625,100,100,100,100,100,100,100,100,71.875,100,87.5,100,96.875,100,87.5,76.5625,100,100,100,100,100,100,100,100,96.875,90.625,100,48.4375,96.875,75,68.75,100,100,100,100,100,95.3125,90.625,100,43.75,6.25,100,53.125,28.125,100,100,100,18.75,100,100,54.6875,100,87.5,46.875,59.375,51.5625,46.875,75,98.4375,78.125,100,92.1875,32.8125,78.125,70.3125,40.625,68.75,95.3125,45.3125,87.5,100,46.875,100,100,100,100,76.5625,53.125,45.3125,68.75,100,100,87.5,56.25,48.4375,46.875,100,48.4375,100,37.5,100,100,100,100,65.625,100,84.375,84.375,50,100,100,75,39.0625,100,100,60.9375,100,100,100,76.5625,100,100,57.8125,100,73.4375,78.125,100,100,100,100,87.5,100,100,100,100,100,100,68.75,100,85.9375,100,37.5,81.25,100,34.375,89.0625,100,76.5625,37.5,73.4375,100,100,62.5,82.8125,100,100,100,67.1875,32.8125,54.6875,32.8125,100,100,81.25,48.4375,54.6875,73.4375,78.125,12.5,100,100,31.25,39.0625,100,48.4375,84.375,100,45.3125,100,100,100,87.5,100,100,100,100,100,40.625,51.5625,50,100,93.75,100,100,100,100,57.8125,100,100,100,39.0625,90.625,96.875,100,60.9375,100,84.375,100,89.0625,70.3125,100,39.0625,93.75,100,100,54.6875,50,59.375,100,100,100,100,93.75,62.5,65.625,100,79.6875,85.9375,92.1875,100,28.125,100,71.875,76.5625,82.8125,42.1875,100,89.0625,100,53.125,96.875,100,78.125,81.25,62.5,100,100,100,67.1875,100,76.5625,32.8125,67.1875,100,100,89.0625,100,85.9375,100,90.625,100,56.25,100,100,100,100,93.75,100,100,100,62.5,45.3125,100,70.3125,93.75,70.3125,100,56.25,78.125,100,18.75,100,100,54.6875,93.75,60.9375,75,84.375,76.5625,100,98.4375,100,100,100,35.9375,71.875,62.5,100,100,100,98.4375,100,71.875,100,100,100,100,100,60.9375,100,20.3125,100,79.6875,67.1875,92.1875,53.125,100,85.9375,70.3125,90.625,67.1875,35.9375,100,81.25,100,100,89.0625,70.3125,78.125,100,100,67.1875,73.4375,89.0625,100,68.75,87.5,71.875,100,32.8125,100,100,64.0625,95.3125,100,34.375,100,100,100,100,70.3125,100,100,96.875,100,100,100,92.1875,100,100,100,100,100,100,100,100,62.5,65.625,67.1875,100,59.375,18.75,100,96.875,100,100,100,73.4375,100,29.6875,100,46.875,82.8125,84.375,71.875,100,89.0625,18.75,100,100,100,100,100,100,100,100,100,3.125,87.5,100,100,95.3125,68.75,95.3125,60.9375,62.5,100,100,75,100,84.375,100,67.1875,100,81.25,100,51.5625,100,78.125,100,100,73.4375,35.9375,100,100,85.9375,100,76.5625,100,39.0625,100,100,100,100,39.0625,81.25,100,100,100,76.5625,100,65.625,100,100,45.3125,76.5625,100,100,100,81.25,100,79.6875,100,96.875,100,100,100,100,89.0625,100,93.75,84.375,95.3125,100,100,59.375,100,67.1875,65.625,100,81.25,73.4375,100,96.875,81.25,75,100,90.625,100,100,73.4375,100,53.125,100,100,100,100,100,42.1875,100,100,96.875,100,100,57.8125,76.5625,100,100,56.25,76.5625,15.625,100,100,100,76.5625,100,100,100,100,100,87.5,81.25,65.625,81.25,90.625,78.125,100,78.125,100,78.125,100,100,100,100,100,73.4375,90.625,100,93.75,46.875,100,82.8125,65.625,100,81.25,100,56.25,70.3125,64.0625,53.125,100,100,67.1875,100,75,100,100,100,62.5,100,100,59.375,65.625,100,96.875,100,87.5,100,98.4375,51.5625,79.6875,100,51.5625,100,100,100,100,100,100,40.625,51.5625,100,100,100,100,100,100,100,100,92.1875,100,100,59.375,100,96.875,100,68.75,75,100,100,100,84.375,100,100,79.6875,84.375,100,84.375,100,100,85.9375,42.1875,100,70.3125,51.5625,18.75,100,68.75,64.0625,100,82.8125,100,79.6875,51.5625,96.875,92.1875,34.375,100,100,100,100,100,100,100,100,100,100,100,75,100,60.9375,100,75,100,100,100,68.75,95.3125,82.8125,100,96.875,54.6875,100,100,64.0625,100,100,100,100,100,42.1875,100,65.625,100,100,100,100,100,29.6875,56.25,100,89.0625,100,89.0625,51.5625,100,39.0625,100,100,100,100,62.5,67.1875,100,73.4375,100,100,100,100,100,39.0625,76.5625,59.375,87.5,71.875,100,100,76.5625,71.875,100,67.1875,62.5,53.125,100,100,62.5,89.0625,100,68.75,60.9375,100,51.5625,90.625,100,100,100,100,100,93.75,100,75,100,100,90.625,84.375,98.4375,95.3125,100,85.9375,85.9375,100,100,59.375,100,100,100,68.75,100,100,62.5,62.5,100,9.375,92.1875,100,100,89.0625,100,100,100,100,90.625,53.125,100,100,100,81.25,100,48.4375,100,95.3125,54.6875,50,89.0625,75,100,100,48.4375,64.0625,53.125,59.375,50,100,100,75,59.375,60.9375,82.8125,79.6875,89.0625,96.875,100,90.625,100,37.5,87.5,56.25,68.75,100,100,71.875,100,100,100,84.375,100,67.1875,84.375,92.1875,100,100,100,73.4375,37.5,75,100,100,100,100,75,100,100,70.3125,67.1875,100,32.8125,100,100,100,100,50,100,48.4375,39.0625,78.125,53.125,90.625,67.1875,100,100,87.5,100,100,100,42.1875,89.0625,96.875,73.4375,68.75,100,100,53.125,100,100,73.4375,100,100,100,81.25,79.6875,98.4375,92.1875,100,89.0625,100,100,100,100,100,95.3125,45.3125,100,100,93.75,95.3125,100,100,100,82.8125,90.625,95.3125,100,100,70.3125,70.3125,100,100,100,76.5625,90.625,71.875,100,98.4375,79.6875,100,100,100,73.4375,95.3125,100,93.75,81.25,70.3125,100,100,64.0625,100,100,100,100,100,100,100,54.6875,48.4375,68.75,100,70.3125,100,100,100,100,100,100,96.875,100,100,89.0625,100,100,79.6875,100,100,100,100,96.875,100,100,100,93.75,100,68.75,100,42.1875,100,100,100,92.1875,76.5625,92.1875,100,37.5,84.375,37.5,100,18.75,100,100,100,100,100,100,100,100,59.375,100,78.125,100,78.125,100,78.125,100,100,98.4375,100,64.0625,89.0625,100,100,95.3125,100,100,89.0625,100,100,34.375,98.4375,76.5625,65.625,71.875,48.4375,75,71.875,81.25,70.3125,100,100,59.375,100,85.9375,100,93.75,89.0625,73.4375,60.9375,100,90.625,82.8125,62.5,100,81.25,100,100,82.8125,100,48.4375,43.75,100,100,95.3125,100,20.3125,81.25,100,100,100,100,100,98.4375,100,100,100,100,84.375,92.1875,100,100,100,81.25,100,39.0625,100,100,100,100,65.625,59.375,100,34.375,96.875,79.6875,100,100,100,95.3125,100,71.875,100,67.1875,100,46.875,70.3125,100,40.625,92.1875,82.8125,14.0625,92.1875,100,21.875,100,100,100,60.9375,54.6875,100,75,100,100,89.0625,34.375,39.0625,84.375,78.125,64.0625,100,100,92.1875,100,100,81.25,100,82.8125,100,67.1875,100,43.75,43.75,100,95.3125,70.3125,100,62.5,87.5,100,100,100,68.75,100,42.1875,18.75,100,100,100,100,100,100,100,100,100,100,14.0625,20.3125,98.4375,100,100,82.8125,87.5,100,95.3125,100,100,85.9375,100,67.1875,50,100,100,18.75,100,95.3125,100,100,100,100,32.8125,59.375,100,100,100,45.3125,76.5625,100,62.5,20.3125,100,40.625,57.8125,62.5,96.875,79.6875,100,95.3125,100,84.375,100,100,87.5,100,100,100,100,90.625,96.875,100,100,100,100,100,90.625,100,20.3125,84.375,100,100,100,100,100,89.0625,100,43.75,60.9375,100,100,57.8125,100,100,100,100,98.4375,100,71.875,100,78.125,100,37.5,100,65.625,84.375,100,100,100,93.75,87.5,26.5625,76.5625,100,100,50,68.75,100,29.6875,100,56.25,100,100,75,100,100,100,57.8125,62.5,65.625,96.875,100,100,95.3125,43.75,46.875,78.125,64.0625,64.0625,73.4375,100,59.375,84.375,93.75,100,100,70.3125,100,100,100,100,68.75,64.0625,100,85.9375,100,34.375,68.75,100,12.5,100,100,73.4375,64.0625,100,56.25,90.625,100,100,73.4375,92.1875,70.3125,82.8125,100,100,100,79.6875,100,62.5,100,100,100,100,95.3125,96.875,45.3125,100,100,78.125,100,100,100,96.875,100,82.8125,100,79.6875,100,100,26.5625,100,96.875,23.4375,73.4375,100,78.125,51.5625,100,67.1875,100,43.75,35.9375,100,75,76.5625,100,31.25,98.4375,100,100,79.6875,95.3125,90.625,46.875,100,93.75,100,100,60.9375,32.8125,100,75,100,100,90.625,100,100,56.25,32.8125,100,100,89.0625,60.9375,89.0625,100,75,85.9375,29.6875,98.4375,39.0625,100,100,100,100,56.25,68.75,100,100,100,100,42.1875,100,100,100,100,93.75,100,100,100,60.9375,100,100,100,56.25,73.4375,100,100,57.8125,100,18.75,100,100,85.9375,100,100,100,76.5625,56.25,82.8125,100,87.5,100,100,100,100,100,75,50,53.125,100,70.3125,100,100,100,20.3125,100,100,100,95.3125,95.3125,100,93.75,100,67.1875,100,100,93.75,71.875,40.625,67.1875,100,100,100,100,76.5625,79.6875,100,100,90.625,92.1875,100,100,100,67.1875,100,100,84.375,100,100,17.1875,82.8125,81.25,79.6875,100,100,50,59.375,73.4375,100,100,100,100,100,32.8125,100,95.3125,100,100,90.625,100,100,64.0625,39.0625,79.6875,100,100,40.625,100,100,4.6875,23.4375,100,56.25,100,100,100,100,89.0625,93.75,100,100,84.375,81.25,100,100,93.75,100,100,100,70.3125,100,100,100,100,100,85.9375,100,87.5,100,98.4375,100,100,75,81.25,25,79.6875,84.375,100,100,100,100,73.4375,100,42.1875,100,100,60.9375,100,70.3125,100,76.5625,90.625,70.3125,70.3125,100,100,100,100,100,100,81.25,100,96.875,59.375,60.9375,54.6875,100,100,90.625,100,100,78.125,100,87.5,60.9375,100,100,100,100,50,100,93.75,71.875,48.4375,45.3125,79.6875,100,100,64.0625,57.8125,64.0625,28.125,100,84.375,100,100,59.375,100,57.8125,67.1875,4.6875,100,87.5,40.625,98.4375,84.375,100,92.1875,100,100,68.75,96.875,20.3125,51.5625,73.4375,70.3125,39.0625,100,87.5,100,100,76.5625,100,100,59.375,100,84.375,75,84.375,65.625,100,100,100,100,100,65.625,100,82.8125,73.4375,100,100,15.625,59.375,93.75,100,76.5625,100,100,92.1875,57.8125,62.5,100,100,100,100,95.3125,100,100,92.1875,81.25,64.0625,75,100,62.5,100,100,79.6875,100,100,100,95.3125,100,35.9375,100,100,100,100,100,100,90.625,40.625,95.3125,100,46.875,40.625,84.375,81.25,100,100,75,76.5625,100,100,96.875,100,67.1875,67.1875,75,100,100,100,100,100,50,90.625,100,79.6875,100,87.5,43.75,48.4375,18.75,100,71.875,54.6875,79.6875,81.25,100,73.4375,23.4375,21.875,93.75,54.6875,85.9375,100,100,81.25,25,100,100,89.0625,51.5625,100,90.625,100,100,90.625,95.3125,100,100,100,100,100,64.0625,84.375,73.4375,62.5,100,100,100,100,100,95.3125,54.6875,57.8125,100,100,100,100,71.875,100,42.1875,100,100,39.0625,100,100,100,100,76.5625,100,40.625,100,43.75,100,100,100,82.8125,100,90.625,98.4375,87.5,100,100,92.1875,100,87.5,95.3125,81.25,100,100,78.125,56.25,46.875,100,100,100,40.625,84.375,100,17.1875,100,100,100,100,100,50,51.5625,100,40.625,84.375,100,100,92.1875,81.25,57.8125,60.9375,100,100,71.875,100,64.0625,100,100,64.0625,21.875,75,100,100,100,100,100,93.75,98.4375,100,84.375,100,100,87.5,85.9375,67.1875,100,26.5625,100,100,100,54.6875,100,100,50,65.625,79.6875,90.625,100,100,100,85.9375,85.9375,79.6875,100,87.5,100,42.1875,100,100,81.25,62.5,84.375,100,100,100,98.4375,100,100,82.8125,67.1875,100,62.5,78.125,100,100,79.6875,100,100,100,100,92.1875,100,100,100,100,100,100,71.875,67.1875,71.875,59.375,100,100,65.625,100,100,62.5,100,100,92.1875,100,100,79.6875,100,56.25,70.3125,85.9375,100,43.75,60.9375,62.5,100,100,81.25,100,71.875,96.875,100,100,73.4375,100,87.5,100,81.25,100,100,100,51.5625,84.375,100,50,87.5,100,100,75,50,73.4375,100,98.4375,100,100,43.75,67.1875,100,100,70.3125,100,100,70.3125,100,92.1875,100,48.4375,100,100,71.875,57.8125,100,100,100,100,43.75,54.6875,26.5625,100,65.625,100,100,45.3125,100,70.3125,100,100,100,100,90.625,100,100,75,100,100,45.3125,28.125,85.9375,100,62.5,100,78.125,82.8125,100,81.25,82.8125,35.9375,100,100,40.625,31.25,100,51.5625,100,100,100,73.4375,100,70.3125,100,100,100,100,51.5625,100,100,100,73.4375,100,100,100,28.125,100,64.0625,56.25,100,100,92.1875,100,100,100,100,81.25,79.6875,100,85.9375,100,60.9375,92.1875,84.375,98.4375,95.3125,93.75,100,100,85.9375,71.875,96.875,81.25,100,100,100,96.875,100,93.75,90.625,70.3125,100,89.0625,18.75,45.3125,100,100,78.125,46.875,100,100,100,100,100,89.0625,79.6875,60.9375,76.5625,100,100,100,65.625,100,100,100,50,100,62.5,92.1875,48.4375,79.6875,79.6875,100,75,54.6875,100,100,100,100,68.75,43.75,100,28.125,50,100,100,75,51.5625,100,100,64.0625,89.0625,76.5625,100,96.875,76.5625,85.9375,100,100,96.875,100,57.8125,100,73.4375,9.375,100,85.9375,78.125,100,100,75,100,100,100,78.125,100,90.625,84.375,71.875,100,100,79.6875,56.25,100,64.0625,100,71.875,100,59.375,84.375,100,100,75,100,35.9375,42.1875,46.875,67.1875,65.625,100,100,65.625,100,100,90.625,100,53.125,64.0625,39.0625,100,98.4375,100,100,100,78.125,39.0625,92.1875,100,71.875,98.4375,68.75,100,68.75,25,51.5625,71.875,98.4375,18.75,95.3125,65.625,100,43.75,10.9375,100,93.75,100,100,48.4375,100,100,46.875,60.9375,79.6875,100,79.6875,100,81.25,81.25,42.1875,100,100,100,62.5,100,89.0625,90.625,100,100,89.0625,85.9375,100,100,23.4375,100,59.375,100,100,43.75,100,45.3125,100,85.9375,89.0625,100,48.4375,100,81.25,100,26.5625,85.9375,100,100,68.75,100,73.4375,92.1875,34.375,100,90.625,100,65.625,100,96.875,79.6875,40.625,100,100,46.875,65.625,100,100,100,100,100,35.9375,100,50,100,100,100,75,100,100,73.4375,100,92.1875,75,76.5625,62.5,53.125,23.4375,100,53.125,100,100,78.125,100,65.625,100,100,100,100,100,90.625,82.8125,100,100,100,100,100,100,84.375,29.6875,68.75,100,70.3125,100,100,100,100,100,95.3125,1.5625,100,100,28.125,100,75,100,100,100,100,100,100,100,82.8125,100,100,100,100,50,98.4375,100,100,100,100,54.6875,100,60.9375,100,100,81.25,78.125,100,43.75,64.0625,100,100,51.5625,100,100,73.4375,100,100,73.4375,9.375,100,100,89.0625,100,53.125,29.6875,90.625,79.6875,100,100,50,100,62.5,100,84.375,87.5,32.8125,76.5625,100,100,68.75,100,73.4375,100,100,59.375,100,68.75,54.6875,79.6875,67.1875,92.1875,35.9375,60.9375,100,100,96.875,100,100,100,46.875,79.6875,96.875,53.125,64.0625,100,100,65.625,84.375,100,81.25,34.375,59.375,67.1875,100,100,100,100,100,62.5,40.625,100,70.3125,100,100,100,93.75,82.8125,100,54.6875,90.625,100,60.9375,100,59.375,93.75,85.9375,79.6875,95.3125,76.5625,100,100,100,100,98.4375,93.75,100,100
"6114",90.625,100,48.4375,100,100,56.25,95.3125,100,23.4375,81.25,64.0625,100,100,100,100,78.125,90.625,76.5625,100,100,96.875,100,100,100,73.4375,100,100,93.75,84.375,100,100,100,100,98.4375,100,92.1875,75,100,100,90.625,95.3125,64.0625,89.0625,100,100,100,100,100,59.375,57.8125,75,100,100,70.3125,82.8125,100,4.6875,100,100,100,93.75,65.625,98.4375,37.5,100,100,57.8125,100,71.875,100,57.8125,62.5,100,100,64.0625,81.25,100,100,48.4375,100,73.4375,100,81.25,70.3125,87.5,98.4375,100,53.125,100,100,71.875,82.8125,100,46.875,75,87.5,100,64.0625,100,100,93.75,100,100,92.1875,100,21.875,100,56.25,85.9375,100,70.3125,85.9375,100,100,40.625,100,100,100,90.625,93.75,82.8125,100,100,76.5625,100,54.6875,100,18.75,100,100,100,100,100,100,100,62.5,59.375,78.125,100,100,100,100,57.8125,59.375,100,100,92.1875,100,60.9375,75,60.9375,43.75,76.5625,89.0625,95.3125,93.75,75,100,32.8125,100,100,100,75,100,89.0625,70.3125,100,87.5,28.125,100,100,76.5625,89.0625,100,68.75,100,89.0625,100,100,100,100,62.5,100,100,100,100,45.3125,100,100,85.9375,100,100,87.5,100,96.875,100,100,89.0625,100,100,51.5625,92.1875,96.875,100,100,100,100,21.875,78.125,100,64.0625,100,100,100,89.0625,78.125,23.4375,48.4375,100,54.6875,100,60.9375,70.3125,100,100,53.125,67.1875,100,89.0625,100,78.125,79.6875,100,100,100,100,87.5,62.5,100,100,100,100,100,100,100,40.625,100,85.9375,100,48.4375,100,76.5625,68.75,95.3125,100,96.875,100,60.9375,100,100,100,98.4375,35.9375,98.4375,75,100,100,100,100,100,54.6875,57.8125,100,100,100,68.75,46.875,100,78.125,100,90.625,46.875,100,100,100,100,46.875,98.4375,100,100,81.25,100,45.3125,43.75,100,100,93.75,89.0625,64.0625,75,35.9375,100,71.875,100,100,89.0625,89.0625,100,90.625,100,100,60.9375,50,100,87.5,95.3125,100,25,65.625,62.5,82.8125,100,50,100,65.625,56.25,93.75,95.3125,100,100,85.9375,100,76.5625,100,100,39.0625,100,87.5,100,100,64.0625,84.375,39.0625,34.375,67.1875,68.75,42.1875,100,100,75,100,81.25,100,100,71.875,100,95.3125,75,48.4375,100,78.125,84.375,100,100,85.9375,50,29.6875,100,98.4375,100,100,100,100,73.4375,100,100,93.75,76.5625,84.375,100,48.4375,98.4375,78.125,100,100,23.4375,93.75,100,64.0625,90.625,100,79.6875,100,100,100,79.6875,100,59.375,100,17.1875,100,100,20.3125,100,100,90.625,57.8125,85.9375,82.8125,93.75,81.25,92.1875,95.3125,84.375,100,81.25,32.8125,56.25,100,75,59.375,100,32.8125,100,100,23.4375,43.75,100,92.1875,100,82.8125,100,84.375,100,78.125,67.1875,57.8125,100,100,100,100,92.1875,100,100,100,100,100,100,96.875,93.75,93.75,100,100,100,85.9375,70.3125,100,73.4375,100,100,73.4375,73.4375,70.3125,100,100,62.5,100,100,100,64.0625,76.5625,56.25,65.625,100,100,68.75,100,100,100,17.1875,76.5625,96.875,100,64.0625,82.8125,100,54.6875,100,100,70.3125,93.75,79.6875,82.8125,100,64.0625,100,100,100,75,100,60.9375,100,100,100,92.1875,64.0625,100,84.375,100,100,65.625,76.5625,68.75,100,100,100,100,100,100,100,98.4375,100,100,60.9375,45.3125,95.3125,100,100,53.125,100,39.0625,100,90.625,100,84.375,70.3125,100,79.6875,84.375,100,100,100,100,35.9375,45.3125,100,84.375,100,100,70.3125,81.25,100,100,100,100,64.0625,100,100,73.4375,100,100,68.75,100,100,100,100,34.375,73.4375,100,100,75,100,92.1875,100,50,84.375,100,60.9375,100,100,100,100,100,100,100,100,100,68.75,100,62.5,100,64.0625,100,100,100,100,79.6875,98.4375,71.875,93.75,100,100,100,100,67.1875,100,56.25,53.125,100,56.25,100,100,76.5625,100,60.9375,100,100,100,100,100,100,100,93.75,81.25,100,71.875,100,100,100,70.3125,79.6875,100,100,100,100,100,100,90.625,40.625,95.3125,92.1875,100,53.125,96.875,76.5625,76.5625,100,100,100,100,100,92.1875,90.625,100,43.75,6.25,71.875,54.6875,28.125,100,100,100,100,100,100,60.9375,100,82.8125,48.4375,59.375,75,45.3125,76.5625,98.4375,76.5625,92.1875,90.625,67.1875,81.25,68.75,40.625,82.8125,95.3125,51.5625,85.9375,100,100,100,100,100,100,76.5625,57.8125,45.3125,68.75,100,100,78.125,59.375,53.125,48.4375,100,50,100,29.6875,100,100,100,100,68.75,100,75,89.0625,46.875,100,100,73.4375,23.4375,100,100,60.9375,12.5,100,100,75,100,100,100,100,71.875,79.6875,73.4375,100,100,100,85.9375,100,100,100,100,100,12.5,68.75,100,100,21.875,60.9375,100,100,35.9375,89.0625,100,92.1875,37.5,75,100,100,89.0625,79.6875,100,100,100,71.875,59.375,56.25,89.0625,100,100,89.0625,48.4375,100,73.4375,68.75,20.3125,100,100,100,42.1875,100,48.4375,84.375,100,76.5625,78.125,100,100,89.0625,100,100,100,100,100,39.0625,45.3125,100,100,100,100,100,100,100,53.125,100,100,100,40.625,100,100,100,82.8125,100,85.9375,100,89.0625,68.75,100,39.0625,93.75,100,100,65.625,28.125,18.75,100,100,100,100,96.875,62.5,100,100,79.6875,87.5,98.4375,100,31.25,100,70.3125,81.25,79.6875,43.75,85.9375,57.8125,100,60.9375,100,100,73.4375,81.25,62.5,100,100,100,67.1875,100,75,35.9375,100,100,100,87.5,100,81.25,100,90.625,92.1875,56.25,100,100,100,100,95.3125,100,100,100,67.1875,51.5625,100,70.3125,98.4375,70.3125,100,54.6875,78.125,100,40.625,100,100,53.125,100,64.0625,81.25,82.8125,75,100,98.4375,100,67.1875,100,100,71.875,67.1875,100,100,100,98.4375,73.4375,67.1875,100,100,100,100,100,64.0625,100,20.3125,100,79.6875,100,100,53.125,100,70.3125,64.0625,93.75,67.1875,35.9375,87.5,81.25,100,90.625,96.875,70.3125,59.375,100,100,70.3125,100,100,100,62.5,81.25,60.9375,100,42.1875,100,100,64.0625,95.3125,90.625,34.375,75,100,100,100,56.25,100,100,100,100,100,100,93.75,96.875,100,100,70.3125,100,100,100,100,68.75,65.625,100,100,59.375,26.5625,100,98.4375,100,100,96.875,84.375,100,29.6875,100,46.875,100,71.875,71.875,100,89.0625,29.6875,87.5,100,100,100,100,100,100,100,100,59.375,87.5,29.6875,100,93.75,68.75,95.3125,62.5,73.4375,100,100,100,21.875,84.375,100,75,100,81.25,100,100,100,100,100,100,60.9375,37.5,100,100,87.5,100,71.875,100,96.875,100,100,100,100,93.75,81.25,93.75,100,75,76.5625,76.5625,70.3125,100,100,100,100,100,100,100,90.625,100,75,100,100,100,100,100,100,82.8125,100,89.0625,100,96.875,100,100,100,100,67.1875,78.125,100,78.125,23.4375,100,73.4375,71.875,70.3125,100,82.8125,100,100,68.75,100,57.8125,100,100,100,100,100,42.1875,100,100,85.9375,100,100,50,73.4375,100,100,46.875,75,20.3125,100,100,100,56.25,100,100,100,100,100,100,79.6875,65.625,85.9375,62.5,85.9375,100,87.5,100,82.8125,100,100,100,100,100,73.4375,100,100,93.75,56.25,100,84.375,57.8125,100,82.8125,100,53.125,100,100,100,100,100,45.3125,100,79.6875,100,100,100,59.375,100,100,57.8125,65.625,100,95.3125,100,87.5,100,95.3125,50,76.5625,95.3125,100,100,100,100,100,100,100,40.625,57.8125,100,100,100,100,100,100,73.4375,76.5625,100,100,100,60.9375,100,96.875,100,100,75,100,100,100,84.375,98.4375,98.4375,76.5625,73.4375,100,96.875,100,100,87.5,26.5625,100,68.75,51.5625,100,100,68.75,84.375,100,68.75,100,87.5,50,100,100,34.375,100,100,100,73.4375,100,100,100,100,100,100,98.4375,68.75,100,60.9375,100,62.5,100,89.0625,89.0625,71.875,95.3125,81.25,100,71.875,54.6875,100,100,70.3125,100,73.4375,100,100,100,42.1875,100,68.75,100,100,100,75,100,31.25,60.9375,18.75,100,100,89.0625,51.5625,100,43.75,100,100,100,100,65.625,68.75,100,73.4375,100,90.625,87.5,90.625,100,28.125,78.125,57.8125,87.5,70.3125,100,100,75,84.375,76.5625,67.1875,62.5,51.5625,100,100,62.5,93.75,100,82.8125,60.9375,100,42.1875,89.0625,100,90.625,100,100,100,100,100,73.4375,100,100,87.5,93.75,100,92.1875,100,85.9375,78.125,98.4375,100,100,100,100,100,82.8125,100,100,95.3125,62.5,100,100,100,100,100,89.0625,100,100,100,100,92.1875,82.8125,100,100,100,81.25,100,46.875,90.625,100,54.6875,53.125,90.625,89.0625,100,100,85.9375,65.625,51.5625,56.25,45.3125,100,100,75,60.9375,60.9375,89.0625,79.6875,89.0625,96.875,100,90.625,100,40.625,92.1875,51.5625,98.4375,100,100,75,100,100,100,85.9375,100,100,100,93.75,100,100,100,73.4375,39.0625,100,100,100,100,100,76.5625,100,100,64.0625,62.5,98.4375,15.625,100,100,100,100,92.1875,79.6875,50,50,78.125,53.125,90.625,54.6875,100,100,85.9375,100,100,93.75,42.1875,89.0625,100,76.5625,68.75,100,100,56.25,100,100,64.0625,100,100,100,87.5,100,100,92.1875,100,87.5,100,93.75,100,100,100,92.1875,68.75,100,100,25,79.6875,67.1875,100,100,90.625,90.625,70.3125,100,100,71.875,71.875,100,92.1875,100,76.5625,84.375,76.5625,100,100,90.625,100,100,100,73.4375,100,100,100,82.8125,100,100,100,100,100,100,100,100,100,100,100,42.1875,46.875,70.3125,100,68.75,100,100,100,100,100,100,100,100,100,90.625,60.9375,100,85.9375,100,100,100,100,95.3125,100,100,100,93.75,100,54.6875,100,93.75,34.375,90.625,100,93.75,75,78.125,98.4375,39.0625,100,37.5,100,100,100,100,84.375,95.3125,100,100,100,95.3125,60.9375,100,76.5625,100,76.5625,100,73.4375,100,100,100,100,53.125,90.625,100,100,90.625,85.9375,100,82.8125,90.625,100,32.8125,79.6875,81.25,68.75,81.25,57.8125,100,32.8125,68.75,71.875,100,100,100,100,90.625,100,87.5,76.5625,75,62.5,100,100,85.9375,100,100,81.25,100,100,100,100,68.75,43.75,96.875,100,100,100,20.3125,79.6875,100,95.3125,100,100,100,93.75,100,100,100,96.875,87.5,84.375,100,100,100,84.375,100,96.875,100,100,100,100,100,43.75,100,21.875,100,79.6875,96.875,100,100,100,84.375,71.875,54.6875,71.875,100,100,73.4375,100,100,89.0625,79.6875,70.3125,89.0625,100,100,100,100,100,73.4375,54.6875,100,95.3125,100,100,89.0625,100,40.625,82.8125,89.0625,65.625,100,100,87.5,100,93.75,100,100,100,100,53.125,100,45.3125,42.1875,100,95.3125,62.5,100,79.6875,87.5,100,100,100,95.3125,100,42.1875,20.3125,100,100,100,100,84.375,100,100,100,100,100,12.5,54.6875,100,100,100,82.8125,95.3125,100,100,100,100,85.9375,100,67.1875,53.125,100,100,100,100,100,100,100,18.75,100,100,56.25,100,100,100,78.125,75,100,60.9375,67.1875,100,40.625,48.4375,62.5,78.125,78.125,100,100,100,98.4375,100,79.6875,89.0625,100,100,100,100,92.1875,100,100,100,100,100,100,87.5,100,17.1875,84.375,100,100,100,100,100,89.0625,100,45.3125,53.125,100,100,93.75,100,100,100,100,100,100,71.875,100,84.375,100,35.9375,100,70.3125,85.9375,100,100,95.3125,85.9375,81.25,100,76.5625,100,89.0625,51.5625,68.75,100,18.75,100,60.9375,100,56.25,76.5625,100,100,100,34.375,68.75,98.4375,76.5625,100,100,82.8125,59.375,40.625,71.875,62.5,67.1875,71.875,100,70.3125,82.8125,93.75,29.6875,100,70.3125,100,100,100,100,68.75,64.0625,100,100,100,100,78.125,98.4375,100,100,100,76.5625,64.0625,100,53.125,89.0625,100,100,75,92.1875,64.0625,76.5625,100,100,100,81.25,100,64.0625,100,100,100,100,93.75,98.4375,46.875,100,100,73.4375,100,100,100,98.4375,100,82.8125,100,79.6875,100,100,100,100,90.625,23.4375,89.0625,100,87.5,39.0625,100,56.25,100,39.0625,35.9375,100,68.75,79.6875,100,31.25,93.75,100,100,90.625,65.625,85.9375,100,100,96.875,100,100,65.625,34.375,100,71.875,100,100,90.625,70.3125,100,54.6875,35.9375,29.6875,100,70.3125,60.9375,89.0625,100,75,85.9375,95.3125,100,39.0625,100,100,100,100,62.5,73.4375,95.3125,100,100,100,34.375,100,100,100,100,100,100,100,100,60.9375,100,100,100,59.375,60.9375,100,100,64.0625,96.875,20.3125,100,100,78.125,100,92.1875,100,76.5625,70.3125,82.8125,100,89.0625,100,100,100,100,100,81.25,51.5625,53.125,39.0625,75,100,100,100,87.5,95.3125,100,100,82.8125,95.3125,100,89.0625,98.4375,100,100,100,87.5,59.375,100,100,100,100,90.625,100,76.5625,78.125,100,100,100,96.875,100,100,100,67.1875,100,87.5,60.9375,100,100,43.75,90.625,79.6875,85.9375,100,89.0625,53.125,59.375,87.5,100,100,100,100,100,32.8125,100,95.3125,100,100,90.625,100,98.4375,64.0625,100,84.375,100,100,43.75,54.6875,79.6875,4.6875,26.5625,100,9.375,100,100,100,100,89.0625,93.75,100,100,95.3125,100,100,100,9.375,100,100,100,71.875,100,100,96.875,100,100,67.1875,100,85.9375,100,100,100,100,85.9375,81.25,100,100,81.25,100,100,100,100,75,100,46.875,100,100,59.375,100,70.3125,100,87.5,89.0625,68.75,71.875,100,60.9375,100,100,100,81.25,81.25,100,100,37.5,56.25,56.25,100,100,90.625,100,100,79.6875,100,87.5,60.9375,100,89.0625,100,100,51.5625,100,95.3125,84.375,100,45.3125,79.6875,100,100,100,57.8125,62.5,25,95.3125,100,100,100,59.375,100,42.1875,67.1875,4.6875,100,90.625,81.25,81.25,75,100,92.1875,100,100,79.6875,96.875,21.875,53.125,100,70.3125,39.0625,100,87.5,100,100,54.6875,100,100,56.25,100,90.625,75,87.5,65.625,95.3125,100,17.1875,100,100,73.4375,100,82.8125,75,100,100,28.125,62.5,89.0625,100,78.125,100,100,100,57.8125,60.9375,100,100,100,100,95.3125,100,100,78.125,81.25,64.0625,71.875,100,62.5,100,75,100,100,100,73.4375,98.4375,100,15.625,100,100,100,78.125,100,45.3125,85.9375,39.0625,100,100,35.9375,40.625,100,81.25,100,23.4375,75,57.8125,100,100,100,100,65.625,21.875,75,100,100,100,96.875,100,59.375,87.5,100,84.375,100,82.8125,100,64.0625,7.8125,100,71.875,57.8125,100,79.6875,71.875,73.4375,81.25,20.3125,95.3125,54.6875,85.9375,100,100,78.125,100,100,100,93.75,100,100,100,100,100,87.5,95.3125,100,100,89.0625,100,100,79.6875,71.875,67.1875,67.1875,100,100,100,100,100,98.4375,60.9375,42.1875,89.0625,84.375,100,100,85.9375,100,100,100,100,60.9375,100,100,100,100,87.5,100,40.625,100,46.875,100,96.875,100,100,100,96.875,100,82.8125,100,100,92.1875,100,85.9375,89.0625,100,100,100,92.1875,54.6875,48.4375,98.4375,100,100,43.75,84.375,100,100,100,100,100,100,100,57.8125,54.6875,100,32.8125,100,100,100,98.4375,98.4375,62.5,65.625,100,100,100,98.4375,85.9375,100,68.75,45.3125,21.875,73.4375,100,100,100,100,100,100,100,100,93.75,100,100,65.625,78.125,67.1875,100,25,100,100,79.6875,54.6875,100,100,57.8125,100,79.6875,96.875,100,100,100,84.375,81.25,100,62.5,89.0625,100,42.1875,100,100,81.25,68.75,64.0625,100,100,100,98.4375,100,100,82.8125,59.375,100,59.375,75,100,100,78.125,100,100,100,100,100,100,100,100,100,48.4375,100,70.3125,71.875,78.125,59.375,100,100,64.0625,100,100,62.5,100,100,100,100,100,78.125,98.4375,57.8125,70.3125,85.9375,100,45.3125,75,57.8125,100,100,64.0625,100,75,100,100,100,73.4375,100,79.6875,100,59.375,100,100,100,48.4375,23.4375,100,48.4375,90.625,82.8125,100,76.5625,100,84.375,100,71.875,100,100,93.75,54.6875,100,100,68.75,100,100,100,100,92.1875,100,51.5625,100,100,46.875,59.375,100,100,100,100,96.875,100,100,100,54.6875,100,100,100,100,65.625,100,100,100,100,81.25,100,51.5625,57.8125,100,100,46.875,100,89.0625,100,62.5,100,79.6875,89.0625,100,82.8125,81.25,34.375,100,100,39.0625,31.25,100,65.625,100,100,26.5625,75,98.4375,100,100,100,100,100,51.5625,98.4375,100,92.1875,78.125,100,100,100,20.3125,81.25,64.0625,73.4375,100,100,90.625,79.6875,100,100,100,65.625,81.25,100,87.5,100,70.3125,92.1875,100,98.4375,85.9375,73.4375,85.9375,100,81.25,71.875,100,81.25,100,100,100,96.875,100,100,87.5,70.3125,53.125,87.5,17.1875,46.875,100,100,100,45.3125,62.5,100,100,100,100,75,78.125,57.8125,78.125,100,100,85.9375,67.1875,100,100,81.25,100,59.375,57.8125,100,100,76.5625,78.125,100,67.1875,54.6875,100,100,100,100,73.4375,43.75,100,100,48.4375,100,100,67.1875,45.3125,100,100,54.6875,89.0625,75,100,96.875,89.0625,98.4375,100,100,100,100,57.8125,100,73.4375,100,100,100,67.1875,40.625,100,71.875,100,100,100,85.9375,100,100,100,100,100,100,100,100,100,59.375,100,89.0625,100,64.0625,92.1875,100,100,76.5625,100,35.9375,20.3125,54.6875,100,64.0625,100,100,53.125,100,100,100,100,59.375,56.25,35.9375,100,100,100,100,100,76.5625,98.4375,90.625,100,81.25,87.5,70.3125,100,84.375,57.8125,82.8125,82.8125,98.4375,18.75,96.875,75,34.375,45.3125,42.1875,100,100,79.6875,100,50,100,100,50,76.5625,71.875,100,78.125,100,73.4375,87.5,48.4375,100,100,100,59.375,100,59.375,90.625,100,100,71.875,87.5,100,100,21.875,100,57.8125,100,100,54.6875,100,45.3125,26.5625,79.6875,54.6875,78.125,53.125,53.125,84.375,100,29.6875,85.9375,100,100,89.0625,100,70.3125,100,20.3125,100,59.375,100,100,100,95.3125,87.5,43.75,100,100,48.4375,64.0625,100,79.6875,54.6875,100,100,34.375,100,46.875,100,100,100,79.6875,100,100,64.0625,100,90.625,75,59.375,64.0625,53.125,14.0625,100,31.25,100,100,100,100,100,100,100,100,100,100,92.1875,82.8125,100,96.875,100,100,100,100,100,28.125,60.9375,100,67.1875,100,100,42.1875,31.25,100,96.875,1.5625,100,53.125,35.9375,100,76.5625,100,100,100,95.3125,100,76.5625,43.75,82.8125,100,100,100,100,100,85.9375,100,100,100,100,56.25,100,71.875,100,100,100,78.125,100,46.875,64.0625,100,100,50,100,98.4375,59.375,100,100,73.4375,64.0625,100,81.25,89.0625,100,54.6875,28.125,100,93.75,98.4375,100,68.75,32.8125,62.5,46.875,62.5,100,17.1875,100,100,100,79.6875,100,73.4375,100,93.75,56.25,100,76.5625,59.375,84.375,92.1875,100,40.625,68.75,100,100,96.875,68.75,100,95.3125,46.875,70.3125,95.3125,43.75,64.0625,100,100,71.875,76.5625,100,81.25,34.375,64.0625,78.125,100,100,100,46.875,100,59.375,40.625,100,75,79.6875,100,100,89.0625,70.3125,100,54.6875,92.1875,100,59.375,100,53.125,100,68.75,81.25,81.25,100,10.9375,57.8125,100,84.375,100,75,100,100
"6115",95.3125,100,32.8125,100,100,56.25,95.3125,100,20.3125,92.1875,54.6875,100,100,100,100,76.5625,82.8125,96.875,100,100,96.875,95.3125,100,100,76.5625,100,100,78.125,82.8125,100,100,100,100,93.75,100,60.9375,70.3125,100,56.25,92.1875,85.9375,65.625,78.125,100,100,100,100,100,67.1875,84.375,75,100,100,73.4375,82.8125,100,12.5,100,100,45.3125,85.9375,65.625,98.4375,100,100,100,57.8125,100,59.375,100,57.8125,64.0625,59.375,100,64.0625,81.25,100,37.5,51.5625,100,78.125,100,84.375,70.3125,100,100,100,28.125,100,100,57.8125,82.8125,100,46.875,75,85.9375,100,60.9375,100,100,79.6875,100,100,92.1875,100,25,100,46.875,85.9375,100,59.375,64.0625,100,100,40.625,100,100,100,100,100,100,100,100,75,28.125,54.6875,100,18.75,100,15.625,100,100,100,100,100,60.9375,59.375,78.125,100,100,100,82.8125,40.625,50,100,100,93.75,100,60.9375,81.25,56.25,34.375,76.5625,92.1875,98.4375,98.4375,76.5625,100,100,100,100,100,75,100,85.9375,65.625,46.875,89.0625,35.9375,100,92.1875,81.25,100,100,100,100,87.5,100,100,100,100,50,100,100,100,100,46.875,100,20.3125,85.9375,100,100,87.5,100,100,100,78.125,89.0625,100,100,65.625,100,98.4375,100,100,100,100,31.25,75,100,68.75,100,100,100,79.6875,78.125,37.5,73.4375,100,60.9375,50,75,40.625,100,100,53.125,90.625,100,71.875,100,75,81.25,45.3125,100,100,100,92.1875,60.9375,100,98.4375,100,100,100,100,100,43.75,100,82.8125,100,46.875,100,51.5625,68.75,100,84.375,98.4375,100,60.9375,100,100,100,98.4375,35.9375,100,90.625,100,100,100,100,100,46.875,46.875,100,75,100,65.625,50,100,78.125,100,92.1875,48.4375,76.5625,100,100,100,46.875,100,100,89.0625,81.25,100,46.875,48.4375,100,100,96.875,90.625,64.0625,75,35.9375,100,67.1875,100,100,81.25,81.25,18.75,90.625,100,100,59.375,53.125,100,54.6875,93.75,100,100,73.4375,54.6875,85.9375,100,50,100,79.6875,62.5,93.75,96.875,100,75,85.9375,79.6875,76.5625,100,100,35.9375,100,90.625,100,100,100,84.375,42.1875,46.875,68.75,68.75,40.625,100,100,71.875,100,71.875,100,100,57.8125,100,100,100,50,87.5,82.8125,82.8125,100,68.75,85.9375,37.5,29.6875,100,98.4375,100,100,100,100,65.625,68.75,100,90.625,89.0625,90.625,100,46.875,92.1875,85.9375,100,100,100,93.75,100,64.0625,93.75,100,76.5625,100,100,100,78.125,100,68.75,100,18.75,100,100,85.9375,100,100,100,59.375,82.8125,70.3125,56.25,100,89.0625,78.125,96.875,100,100,35.9375,51.5625,100,76.5625,37.5,100,34.375,100,100,29.6875,100,100,95.3125,100,82.8125,100,82.8125,54.6875,81.25,62.5,53.125,100,100,100,100,89.0625,89.0625,76.5625,100,100,100,100,85.9375,93.75,96.875,100,100,100,84.375,67.1875,100,65.625,100,100,76.5625,73.4375,75,100,100,60.9375,100,100,100,85.9375,59.375,60.9375,96.875,100,100,68.75,100,100,100,100,100,100,60.9375,60.9375,82.8125,100,48.4375,100,100,71.875,100,78.125,79.6875,100,64.0625,100,100,85.9375,71.875,68.75,73.4375,100,100,100,84.375,64.0625,100,84.375,100,100,65.625,71.875,68.75,100,100,100,100,100,100,40.625,73.4375,75,75,67.1875,48.4375,95.3125,100,92.1875,53.125,100,39.0625,100,92.1875,100,84.375,71.875,100,79.6875,76.5625,100,93.75,100,100,35.9375,45.3125,100,84.375,100,100,70.3125,100,100,100,100,90.625,53.125,64.0625,100,76.5625,100,100,71.875,100,100,100,100,29.6875,100,100,100,60.9375,100,64.0625,100,48.4375,79.6875,100,64.0625,100,100,100,100,100,100,100,100,100,68.75,100,64.0625,100,59.375,100,34.375,100,100,100,100,71.875,95.3125,79.6875,100,100,100,73.4375,100,73.4375,50,100,65.625,100,100,78.125,100,53.125,100,100,100,100,100,100,100,100,85.9375,100,65.625,100,15.625,100,78.125,76.5625,100,100,100,100,100,100,100,100,100,92.1875,100,54.6875,96.875,70.3125,73.4375,90.625,100,100,100,100,93.75,90.625,100,43.75,29.6875,95.3125,59.375,32.8125,100,100,100,100,100,100,68.75,100,82.8125,54.6875,59.375,71.875,43.75,76.5625,98.4375,76.5625,100,93.75,32.8125,82.8125,71.875,40.625,92.1875,95.3125,51.5625,95.3125,100,87.5,100,100,100,100,76.5625,53.125,45.3125,68.75,100,100,71.875,59.375,53.125,48.4375,100,48.4375,100,59.375,100,100,100,100,73.4375,100,75,89.0625,59.375,100,100,73.4375,54.6875,100,100,64.0625,100,100,100,68.75,100,100,100,100,70.3125,82.8125,60.9375,100,100,100,100,100,100,100,100,100,100,68.75,100,78.125,100,60.9375,100,100,35.9375,87.5,100,90.625,37.5,67.1875,100,100,90.625,93.75,100,100,100,75,31.25,62.5,92.1875,100,100,87.5,48.4375,48.4375,82.8125,71.875,21.875,100,100,100,40.625,90.625,48.4375,82.8125,100,100,84.375,100,100,85.9375,100,100,96.875,75,100,37.5,46.875,90.625,100,85.9375,100,100,100,95.3125,56.25,87.5,100,100,46.875,90.625,64.0625,100,81.25,100,85.9375,100,89.0625,81.25,100,53.125,90.625,100,100,54.6875,92.1875,40.625,100,100,100,100,93.75,62.5,100,100,81.25,100,100,100,32.8125,100,70.3125,78.125,81.25,100,100,32.8125,100,53.125,100,100,87.5,82.8125,68.75,87.5,100,100,67.1875,100,75,37.5,65.625,100,100,82.8125,100,89.0625,100,89.0625,96.875,57.8125,100,100,100,100,100,100,100,100,67.1875,54.6875,100,70.3125,96.875,70.3125,100,57.8125,78.125,100,32.8125,100,95.3125,57.8125,100,64.0625,78.125,64.0625,75,100,98.4375,100,53.125,100,35.9375,73.4375,67.1875,100,100,100,98.4375,100,59.375,100,100,100,100,100,71.875,100,21.875,100,78.125,100,100,48.4375,100,65.625,56.25,92.1875,100,35.9375,100,90.625,100,100,100,70.3125,68.75,62.5,100,71.875,70.3125,87.5,100,67.1875,81.25,90.625,100,40.625,100,100,64.0625,93.75,85.9375,34.375,70.3125,100,100,100,70.3125,100,100,92.1875,100,100,100,93.75,100,100,100,59.375,100,100,100,100,57.8125,65.625,100,100,59.375,45.3125,100,98.4375,100,100,100,100,100,29.6875,100,45.3125,89.0625,89.0625,70.3125,100,89.0625,85.9375,100,100,100,100,100,100,100,100,100,59.375,87.5,100,100,95.3125,64.0625,93.75,64.0625,56.25,100,93.75,96.875,79.6875,84.375,100,71.875,100,43.75,100,100,100,53.125,100,100,95.3125,39.0625,100,100,87.5,100,70.3125,100,89.0625,100,100,100,100,100,81.25,64.0625,100,65.625,76.5625,75,70.3125,100,100,50,100,100,100,100,100,100,82.8125,75,100,100,100,100,100,87.5,100,89.0625,100,95.3125,100,100,90.625,100,68.75,92.1875,100,82.8125,37.5,100,100,70.3125,76.5625,100,82.8125,85.9375,100,73.4375,100,57.8125,100,100,68.75,100,100,42.1875,100,100,82.8125,92.1875,96.875,53.125,76.5625,100,100,53.125,73.4375,20.3125,100,100,95.3125,57.8125,100,35.9375,100,100,100,79.6875,100,65.625,79.6875,92.1875,100,100,89.0625,100,85.9375,100,100,100,100,100,73.4375,79.6875,100,93.75,50,100,82.8125,60.9375,100,64.0625,100,54.6875,100,100,100,100,100,50,73.4375,67.1875,100,100,100,100,100,100,59.375,65.625,100,93.75,100,87.5,100,98.4375,50,76.5625,92.1875,100,100,100,100,100,100,100,39.0625,100,100,100,100,100,100,100,81.25,68.75,95.3125,100,100,56.25,100,96.875,100,81.25,75,100,100,100,85.9375,98.4375,100,85.9375,73.4375,100,98.4375,100,100,84.375,31.25,100,51.5625,51.5625,65.625,100,67.1875,78.125,100,100,100,85.9375,39.0625,100,100,37.5,100,100,100,100,100,100,100,100,100,100,100,67.1875,100,59.375,59.375,75,100,89.0625,100,68.75,95.3125,81.25,100,78.125,53.125,100,100,68.75,100,92.1875,100,100,100,45.3125,85.9375,68.75,100,100,100,100,100,26.5625,71.875,100,48.4375,100,89.0625,50,100,37.5,100,100,100,100,64.0625,67.1875,100,73.4375,100,92.1875,100,100,100,89.0625,76.5625,51.5625,87.5,68.75,100,100,79.6875,71.875,90.625,67.1875,62.5,51.5625,100,100,60.9375,20.3125,100,79.6875,62.5,100,100,90.625,100,92.1875,100,100,100,100,100,75,100,100,89.0625,90.625,100,96.875,100,85.9375,81.25,100,100,70.3125,100,85.9375,50,67.1875,100,100,60.9375,62.5,100,20.3125,95.3125,100,100,89.0625,100,100,100,100,90.625,100,100,100,100,71.875,100,45.3125,100,100,53.125,59.375,87.5,85.9375,100,100,67.1875,68.75,53.125,73.4375,48.4375,79.6875,100,75,59.375,60.9375,87.5,81.25,90.625,93.75,100,90.625,100,46.875,84.375,67.1875,67.1875,100,100,73.4375,100,100,100,85.9375,100,68.75,78.125,90.625,100,100,100,73.4375,39.0625,100,100,100,93.75,100,75,100,100,70.3125,62.5,29.6875,68.75,100,100,100,100,78.125,85.9375,53.125,50,78.125,57.8125,90.625,79.6875,100,100,87.5,100,100,65.625,43.75,90.625,100,76.5625,70.3125,100,100,56.25,100,100,100,100,100,100,81.25,100,96.875,100,100,87.5,100,90.625,100,100,100,92.1875,60.9375,100,100,31.25,68.75,76.5625,100,100,100,90.625,79.6875,100,100,75,82.8125,100,93.75,100,76.5625,68.75,78.125,100,98.4375,78.125,100,100,100,67.1875,100,89.0625,100,81.25,100,100,100,73.4375,100,100,100,100,100,100,100,42.1875,51.5625,71.875,100,73.4375,100,100,42.1875,100,100,100,87.5,100,100,90.625,96.875,100,84.375,100,100,100,100,95.3125,100,100,100,93.75,100,50,100,93.75,100,98.4375,100,89.0625,100,85.9375,98.4375,39.0625,62.5,37.5,100,100,100,100,93.75,90.625,100,100,100,31.25,56.25,100,78.125,100,79.6875,100,78.125,100,100,92.1875,81.25,62.5,89.0625,100,100,92.1875,100,100,100,95.3125,100,92.1875,100,76.5625,57.8125,79.6875,59.375,37.5,100,82.8125,73.4375,100,95.3125,100,51.5625,90.625,100,87.5,81.25,76.5625,100,100,89.0625,85.9375,100,100,73.4375,100,100,100,100,59.375,48.4375,98.4375,100,92.1875,100,20.3125,81.25,100,100,100,100,100,79.6875,100,93.75,100,95.3125,87.5,87.5,100,100,100,46.875,100,100,100,100,100,100,100,59.375,100,37.5,96.875,82.8125,100,79.6875,95.3125,100,84.375,71.875,59.375,60.9375,100,100,87.5,100,100,87.5,75,87.5,87.5,100,100,100,100,100,70.3125,54.6875,100,82.8125,100,100,85.9375,100,37.5,84.375,75,64.0625,100,100,87.5,100,100,79.6875,100,100,98.4375,56.25,100,51.5625,21.875,100,95.3125,46.875,100,87.5,87.5,100,100,100,93.75,100,42.1875,20.3125,100,100,100,100,98.4375,100,100,100,100,100,14.0625,46.875,92.1875,100,100,82.8125,89.0625,100,82.8125,100,100,100,100,60.9375,53.125,100,100,100,73.4375,87.5,100,100,100,100,17.1875,51.5625,100,100,100,100,75,100,64.0625,75,100,45.3125,57.8125,62.5,93.75,78.125,100,100,100,87.5,100,81.25,85.9375,93.75,100,100,100,90.625,100,100,100,100,100,100,89.0625,100,15.625,84.375,100,100,100,100,100,90.625,100,46.875,50,100,100,64.0625,90.625,100,100,100,100,100,75,92.1875,82.8125,100,34.375,100,71.875,81.25,100,100,60.9375,92.1875,87.5,100,76.5625,100,100,56.25,68.75,100,26.5625,100,57.8125,100,100,75,100,100,100,64.0625,71.875,100,100,100,100,95.3125,10.9375,48.4375,51.5625,64.0625,68.75,75,100,45.3125,84.375,93.75,31.25,100,100,100,98.4375,100,100,70.3125,73.4375,100,98.4375,100,71.875,71.875,100,100,100,100,75,65.625,100,59.375,73.4375,92.1875,100,75,100,29.6875,73.4375,100,100,53.125,81.25,100,64.0625,100,100,100,100,95.3125,79.6875,46.875,100,100,64.0625,100,100,100,98.4375,100,81.25,100,82.8125,100,100,100,100,65.625,28.125,81.25,96.875,87.5,31.25,95.3125,60.9375,100,31.25,35.9375,100,68.75,76.5625,100,32.8125,96.875,100,100,89.0625,76.5625,90.625,56.25,100,100,100,100,32.8125,34.375,100,71.875,100,100,89.0625,81.25,100,54.6875,37.5,100,100,90.625,60.9375,89.0625,100,76.5625,85.9375,95.3125,100,46.875,100,100,100,100,59.375,71.875,100,100,100,90.625,37.5,100,100,100,100,100,100,53.125,50,60.9375,100,7.8125,100,57.8125,60.9375,100,100,96.875,100,20.3125,100,89.0625,81.25,100,79.6875,100,76.5625,68.75,82.8125,100,79.6875,100,100,100,100,100,84.375,57.8125,53.125,31.25,100,100,85.9375,100,75,100,100,100,84.375,93.75,100,89.0625,84.375,73.4375,100,100,100,100,100,82.8125,100,100,78.125,100,76.5625,81.25,100,100,76.5625,85.9375,78.125,100,100,67.1875,100,89.0625,81.25,100,100,28.125,87.5,79.6875,82.8125,100,67.1875,57.8125,59.375,100,100,100,100,100,100,29.6875,100,95.3125,100,100,93.75,100,98.4375,65.625,60.9375,87.5,100,100,48.4375,93.75,62.5,4.6875,29.6875,100,56.25,100,100,100,100,90.625,90.625,100,100,92.1875,81.25,100,100,100,100,100,100,71.875,100,100,100,100,100,81.25,100,90.625,100,89.0625,100,100,96.875,81.25,100,73.4375,82.8125,100,100,100,100,82.8125,100,50,100,100,62.5,100,70.3125,100,84.375,90.625,70.3125,75,100,87.5,100,100,100,81.25,76.5625,100,96.875,85.9375,57.8125,56.25,100,100,90.625,100,100,81.25,100,87.5,60.9375,100,100,100,100,50,100,96.875,100,48.4375,45.3125,89.0625,100,100,100,60.9375,87.5,25,85.9375,100,100,100,59.375,100,60.9375,67.1875,4.6875,100,96.875,81.25,98.4375,89.0625,100,90.625,100,100,87.5,96.875,20.3125,57.8125,92.1875,70.3125,39.0625,100,87.5,100,100,54.6875,100,100,70.3125,100,85.9375,75,85.9375,64.0625,87.5,100,17.1875,100,78.125,71.875,93.75,78.125,75,100,100,43.75,56.25,93.75,100,78.125,100,100,95.3125,57.8125,62.5,100,100,100,100,95.3125,100,100,81.25,81.25,64.0625,75,100,64.0625,100,82.8125,81.25,96.875,100,84.375,100,100,28.125,100,93.75,100,100,84.375,34.375,87.5,40.625,100,100,54.6875,39.0625,78.125,81.25,100,96.875,73.4375,56.25,100,100,100,100,76.5625,68.75,78.125,100,100,43.75,100,100,48.4375,90.625,54.6875,100,100,87.5,76.5625,54.6875,9.375,100,71.875,60.9375,100,81.25,57.8125,82.8125,100,20.3125,95.3125,54.6875,85.9375,90.625,100,89.0625,100,100,93.75,95.3125,100,100,100,100,100,100,95.3125,75,100,87.5,100,100,78.125,71.875,79.6875,64.0625,100,100,100,100,100,100,81.25,50,89.0625,76.5625,100,100,100,93.75,40.625,100,100,59.375,100,100,100,100,85.9375,100,40.625,100,46.875,100,100,76.5625,100,100,93.75,95.3125,45.3125,100,100,92.1875,100,87.5,98.4375,100,100,100,68.75,54.6875,78.125,100,100,100,46.875,85.9375,100,100,100,100,100,100,100,54.6875,62.5,100,31.25,89.0625,100,76.5625,92.1875,98.4375,64.0625,84.375,100,100,92.1875,98.4375,26.5625,100,71.875,51.5625,21.875,71.875,100,100,100,100,100,100,100,100,76.5625,100,92.1875,70.3125,60.9375,65.625,100,25,100,100,76.5625,54.6875,100,100,50,100,75,90.625,79.6875,100,100,84.375,85.9375,82.8125,100,89.0625,100,42.1875,100,100,81.25,57.8125,78.125,100,100,100,98.4375,100,100,85.9375,35.9375,100,59.375,75,100,100,79.6875,100,100,100,100,95.3125,100,100,100,100,100,29.6875,68.75,78.125,76.5625,59.375,100,100,64.0625,100,100,62.5,100,100,92.1875,100,100,81.25,100,56.25,70.3125,45.3125,100,50,50,60.9375,100,53.125,73.4375,100,81.25,93.75,100,96.875,73.4375,100,87.5,100,56.25,100,100,100,48.4375,62.5,100,100,82.8125,100,100,78.125,100,90.625,100,100,100,85.9375,93.75,100,100,100,75,100,100,100,100,90.625,100,54.6875,100,100,100,59.375,100,100,100,100,98.4375,64.0625,42.1875,100,67.1875,100,100,57.8125,100,59.375,100,100,100,100,92.1875,100,59.375,100,100,100,50,48.4375,90.625,100,62.5,100,79.6875,89.0625,100,78.125,82.8125,39.0625,100,100,39.0625,31.25,100,54.6875,100,100,100,75,100,68.75,100,100,100,100,34.375,100,90.625,100,71.875,95.3125,100,100,15.625,100,64.0625,59.375,100,100,100,82.8125,90.625,100,100,64.0625,76.5625,100,82.8125,100,75,92.1875,82.8125,98.4375,92.1875,100,100,100,100,67.1875,100,81.25,59.375,100,100,96.875,100,100,93.75,70.3125,51.5625,89.0625,18.75,45.3125,100,100,100,15.625,56.25,100,100,100,100,75,79.6875,98.4375,87.5,100,100,100,64.0625,100,100,73.4375,46.875,100,59.375,100,45.3125,79.6875,76.5625,100,75,54.6875,100,100,100,100,73.4375,43.75,100,100,50,100,100,78.125,37.5,100,100,57.8125,87.5,78.125,100,100,84.375,100,100,100,100,100,54.6875,100,73.4375,46.875,100,100,81.25,100,100,76.5625,100,100,100,71.875,100,92.1875,90.625,87.5,100,100,53.125,65.625,100,60.9375,100,62.5,100,59.375,95.3125,100,100,73.4375,100,40.625,64.0625,56.25,100,67.1875,100,100,85.9375,95.3125,90.625,100,100,59.375,57.8125,35.9375,100,20.3125,100,100,95.3125,79.6875,100,81.25,100,71.875,89.0625,70.3125,100,81.25,100,100,71.875,89.0625,18.75,98.4375,78.125,100,46.875,39.0625,100,90.625,100,100,54.6875,100,100,59.375,78.125,67.1875,100,82.8125,90.625,70.3125,87.5,20.3125,100,92.1875,100,100,100,100,87.5,100,100,60.9375,89.0625,100,100,21.875,100,53.125,100,100,59.375,100,46.875,100,89.0625,62.5,100,51.5625,15.625,82.8125,100,28.125,85.9375,100,100,100,100,87.5,100,21.875,100,60.9375,100,62.5,100,100,37.5,48.4375,100,100,48.4375,65.625,100,100,76.5625,100,100,48.4375,100,53.125,100,100,100,85.9375,100,60.9375,37.5,100,95.3125,79.6875,48.4375,79.6875,53.125,100,100,100,12.5,100,100,100,78.125,100,100,100,100,100,89.0625,81.25,100,100,100,25,100,65.625,100,26.5625,76.5625,100,71.875,100,100,100,100,100,95.3125,1.5625,100,29.6875,35.9375,100,81.25,100,100,100,87.5,100,100,84.375,85.9375,100,100,100,100,100,85.9375,95.3125,84.375,100,60.9375,56.25,100,60.9375,100,100,98.4375,75,100,51.5625,65.625,100,100,90.625,100,100,56.25,100,100,92.1875,100,100,100,89.0625,100,57.8125,28.125,90.625,90.625,98.4375,62.5,68.75,100,62.5,73.4375,71.875,65.625,15.625,75,100,100,87.5,100,75,100,98.4375,57.8125,100,79.6875,56.25,100,92.1875,100,35.9375,68.75,98.4375,100,96.875,92.1875,100,95.3125,48.4375,67.1875,93.75,100,64.0625,100,100,59.375,87.5,100,92.1875,34.375,60.9375,100,100,100,100,20.3125,100,59.375,40.625,100,81.25,100,100,100,100,89.0625,100,54.6875,85.9375,100,62.5,100,54.6875,100,53.125,82.8125,96.875,100,26.5625,59.375,100,87.5,100,100,100,100
"6116",87.5,100,42.1875,100,100,76.5625,95.3125,100,21.875,96.875,50,100,100,100,100,68.75,84.375,92.1875,100,100,96.875,100,100,100,76.5625,100,100,95.3125,85.9375,100,100,100,100,100,100,96.875,79.6875,100,100,95.3125,87.5,62.5,89.0625,100,100,100,100,100,67.1875,81.25,75,100,100,68.75,82.8125,100,14.0625,100,100,42.1875,95.3125,70.3125,98.4375,67.1875,100,100,59.375,100,71.875,100,59.375,70.3125,100,71.875,59.375,84.375,100,100,53.125,100,76.5625,100,85.9375,70.3125,100,100,100,34.375,100,100,56.25,84.375,100,46.875,84.375,23.4375,100,54.6875,100,100,78.125,100,100,92.1875,100,29.6875,100,54.6875,85.9375,100,65.625,70.3125,20.3125,90.625,40.625,100,100,100,100,100,53.125,100,100,89.0625,96.875,56.25,100,18.75,100,56.25,95.3125,100,15.625,100,100,62.5,60.9375,79.6875,100,100,100,100,50,75,100,92.1875,79.6875,100,60.9375,82.8125,57.8125,45.3125,78.125,90.625,96.875,100,76.5625,100,59.375,100,100,100,81.25,100,89.0625,71.875,62.5,89.0625,48.4375,100,82.8125,87.5,100,79.6875,20.3125,100,71.875,100,100,100,87.5,53.125,100,100,98.4375,100,51.5625,100,100,87.5,100,100,87.5,100,100,100,87.5,85.9375,100,82.8125,50,100,95.3125,100,100,100,100,100,79.6875,100,70.3125,100,100,100,81.25,78.125,75,53.125,100,43.75,73.4375,67.1875,100,100,100,68.75,100,100,75,100,81.25,81.25,95.3125,100,100,100,89.0625,60.9375,100,100,100,100,100,85.9375,100,45.3125,100,82.8125,100,100,100,79.6875,23.4375,100,100,89.0625,100,60.9375,100,100,100,98.4375,35.9375,96.875,21.875,100,100,100,100,100,43.75,57.8125,100,70.3125,96.875,26.5625,48.4375,100,81.25,100,90.625,42.1875,32.8125,100,100,100,54.6875,98.4375,100,90.625,81.25,100,48.4375,39.0625,100,100,95.3125,92.1875,71.875,75,35.9375,100,64.0625,100,100,81.25,85.9375,18.75,89.0625,100,100,60.9375,56.25,100,71.875,95.3125,100,81.25,71.875,56.25,89.0625,100,50,100,81.25,65.625,93.75,96.875,100,68.75,85.9375,100,76.5625,82.8125,100,35.9375,100,89.0625,79.6875,100,100,84.375,42.1875,37.5,67.1875,68.75,40.625,100,96.875,67.1875,100,78.125,100,100,71.875,100,100,73.4375,51.5625,93.75,85.9375,95.3125,100,100,79.6875,39.0625,29.6875,100,98.4375,100,100,100,71.875,43.75,100,100,98.4375,81.25,84.375,100,48.4375,87.5,82.8125,100,100,59.375,100,100,64.0625,92.1875,100,78.125,100,100,100,79.6875,100,57.8125,92.1875,15.625,100,100,100,100,100,93.75,42.1875,96.875,67.1875,59.375,95.3125,93.75,100,92.1875,100,100,39.0625,50,100,76.5625,65.625,100,32.8125,100,100,37.5,46.875,100,92.1875,100,82.8125,100,79.6875,100,73.4375,64.0625,48.4375,100,100,100,100,93.75,100,100,100,100,100,100,81.25,93.75,96.875,100,100,100,82.8125,70.3125,100,100,100,100,76.5625,65.625,79.6875,100,100,71.875,100,100,100,100,65.625,64.0625,82.8125,100,100,78.125,100,100,100,100,73.4375,96.875,100,64.0625,82.8125,100,48.4375,100,100,68.75,100,78.125,79.6875,100,64.0625,100,100,100,78.125,71.875,76.5625,100,100,100,90.625,62.5,100,85.9375,100,100,65.625,68.75,68.75,100,100,85.9375,100,100,100,100,48.4375,100,100,60.9375,50,100,100,100,51.5625,100,29.6875,100,89.0625,100,87.5,71.875,100,79.6875,59.375,100,87.5,100,100,35.9375,50,100,84.375,100,100,70.3125,100,100,100,100,100,45.3125,79.6875,100,95.3125,96.875,100,71.875,100,12.5,100,100,29.6875,76.5625,100,100,70.3125,100,57.8125,100,48.4375,68.75,100,64.0625,100,100,100,100,100,100,100,96.875,100,73.4375,100,62.5,100,64.0625,100,70.3125,100,100,85.9375,100,73.4375,95.3125,100,100,100,82.8125,73.4375,100,90.625,17.1875,100,57.8125,100,100,76.5625,100,62.5,100,100,100,100,100,100,100,98.4375,85.9375,95.3125,100,100,100,100,71.875,78.125,100,53.125,100,100,100,100,100,100,100,100,100,59.375,96.875,50,82.8125,92.1875,100,100,100,100,90.625,90.625,100,43.75,7.8125,68.75,50,28.125,100,100,100,100,100,100,79.6875,100,82.8125,56.25,59.375,71.875,48.4375,75,98.4375,76.5625,89.0625,100,42.1875,79.6875,82.8125,40.625,85.9375,95.3125,51.5625,81.25,100,70.3125,100,100,100,100,31.25,53.125,45.3125,68.75,100,100,85.9375,54.6875,56.25,46.875,100,51.5625,100,64.0625,100,100,100,100,40.625,100,75,90.625,59.375,100,100,73.4375,82.8125,100,100,65.625,100,100,100,78.125,100,100,100,100,100,81.25,62.5,100,100,100,87.5,100,100,100,96.875,100,100,70.3125,100,98.4375,100,43.75,100,100,35.9375,87.5,100,67.1875,37.5,54.6875,98.4375,100,87.5,100,100,100,100,82.8125,100,65.625,92.1875,100,100,100,50,46.875,71.875,68.75,28.125,100,100,76.5625,43.75,48.4375,31.25,84.375,100,100,93.75,100,100,98.4375,90.625,100,92.1875,81.25,98.4375,50,46.875,81.25,100,100,100,100,100,100,57.8125,82.8125,100,100,42.1875,89.0625,100,100,81.25,100,89.0625,100,89.0625,79.6875,100,39.0625,92.1875,100,100,56.25,100,87.5,100,100,100,100,95.3125,62.5,89.0625,100,73.4375,96.875,100,57.8125,28.125,100,70.3125,92.1875,79.6875,100,100,100,100,53.125,100,100,76.5625,84.375,67.1875,100,100,100,67.1875,100,75,56.25,67.1875,100,92.1875,84.375,100,100,100,93.75,100,56.25,100,100,100,100,98.4375,100,100,100,67.1875,53.125,100,68.75,100,71.875,100,59.375,75,100,21.875,100,79.6875,56.25,68.75,70.3125,70.3125,18.75,76.5625,93.75,98.4375,98.4375,64.0625,100,43.75,73.4375,67.1875,100,100,100,98.4375,76.5625,64.0625,100,100,100,100,100,68.75,100,20.3125,100,79.6875,100,100,57.8125,100,79.6875,54.6875,95.3125,100,35.9375,100,95.3125,100,100,100,70.3125,48.4375,100,100,70.3125,100,98.4375,100,98.4375,84.375,28.125,100,46.875,100,100,51.5625,98.4375,100,34.375,100,100,75,100,70.3125,100,100,85.9375,100,100,100,93.75,100,100,100,100,100,100,100,100,64.0625,65.625,100,100,59.375,42.1875,100,96.875,100,100,100,93.75,100,29.6875,100,32.8125,93.75,71.875,71.875,100,89.0625,85.9375,100,100,100,76.5625,100,62.5,100,100,100,59.375,87.5,34.375,100,95.3125,62.5,95.3125,82.8125,62.5,100,100,98.4375,68.75,84.375,100,75,100,81.25,100,100,100,56.25,100,100,71.875,37.5,100,87.5,85.9375,100,73.4375,100,95.3125,100,100,100,100,100,81.25,100,100,100,76.5625,70.3125,62.5,100,100,70.3125,100,100,100,100,81.25,100,65.625,95.3125,100,100,100,100,100,92.1875,100,89.0625,100,100,100,100,100,100,67.1875,95.3125,100,79.6875,45.3125,100,100,71.875,73.4375,100,79.6875,68.75,100,64.0625,100,56.25,100,100,73.4375,100,100,40.625,100,100,84.375,50,89.0625,54.6875,75,100,100,100,71.875,17.1875,100,100,95.3125,79.6875,100,100,100,100,100,84.375,81.25,62.5,95.3125,23.4375,85.9375,100,90.625,100,87.5,100,100,100,100,100,75,57.8125,100,93.75,42.1875,100,84.375,62.5,100,82.8125,100,62.5,100,100,100,100,100,53.125,100,81.25,100,100,100,62.5,100,100,59.375,65.625,100,93.75,100,87.5,100,92.1875,56.25,76.5625,98.4375,100,100,100,100,100,100,100,40.625,100,100,100,100,100,100,100,81.25,100,93.75,100,100,62.5,100,96.875,100,73.4375,75,100,100,100,85.9375,96.875,87.5,65.625,76.5625,100,15.625,100,100,87.5,54.6875,100,48.4375,51.5625,34.375,23.4375,68.75,85.9375,100,100,89.0625,71.875,51.5625,100,89.0625,39.0625,100,67.1875,14.0625,100,100,100,100,100,100,100,100,68.75,100,60.9375,100,25,100,100,18.75,71.875,95.3125,81.25,100,65.625,54.6875,100,100,67.1875,100,100,100,100,100,53.125,100,73.4375,100,100,100,100,100,26.5625,68.75,100,100,100,89.0625,51.5625,100,32.8125,100,100,67.1875,100,62.5,68.75,100,73.4375,100,100,100,87.5,100,34.375,68.75,51.5625,87.5,78.125,100,100,81.25,78.125,92.1875,67.1875,60.9375,50,100,95.3125,65.625,92.1875,100,81.25,62.5,100,100,87.5,100,93.75,100,100,100,100,100,75,100,100,90.625,100,100,96.875,100,85.9375,98.4375,100,100,100,100,100,100,70.3125,100,93.75,60.9375,62.5,100,54.6875,100,100,100,89.0625,100,100,100,62.5,89.0625,57.8125,100,100,100,87.5,100,73.4375,95.3125,96.875,53.125,65.625,93.75,89.0625,100,100,98.4375,70.3125,56.25,56.25,43.75,85.9375,100,75,59.375,60.9375,56.25,79.6875,90.625,100,96.875,89.0625,100,50,100,81.25,68.75,100,100,82.8125,100,100,100,85.9375,90.625,64.0625,82.8125,92.1875,100,100,100,73.4375,39.0625,31.25,100,100,100,100,73.4375,100,100,70.3125,75,100,90.625,100,100,100,100,76.5625,98.4375,64.0625,50,81.25,53.125,90.625,89.0625,100,100,76.5625,100,100,62.5,43.75,76.5625,100,76.5625,70.3125,100,100,57.8125,100,100,70.3125,100,100,100,78.125,100,100,100,100,85.9375,100,96.875,100,100,100,92.1875,100,100,100,96.875,67.1875,75,100,100,82.8125,90.625,68.75,100,100,70.3125,71.875,100,92.1875,100,76.5625,51.5625,76.5625,100,98.4375,81.25,100,100,100,37.5,100,100,100,73.4375,78.125,98.4375,100,95.3125,100,100,100,100,100,100,100,56.25,51.5625,73.4375,100,81.25,100,100,100,100,100,100,100,100,100,89.0625,95.3125,100,89.0625,100,100,100,100,93.75,42.1875,100,100,95.3125,100,51.5625,100,93.75,82.8125,100,100,95.3125,75,84.375,100,37.5,100,43.75,100,100,100,100,84.375,81.25,100,100,100,28.125,57.8125,100,78.125,100,68.75,100,68.75,100,100,100,100,50,92.1875,100,100,93.75,100,100,100,73.4375,100,17.1875,100,71.875,62.5,78.125,46.875,62.5,100,68.75,73.4375,100,81.25,100,100,90.625,100,93.75,73.4375,79.6875,100,100,95.3125,84.375,46.875,92.1875,64.0625,100,100,100,100,56.25,51.5625,89.0625,100,95.3125,100,20.3125,82.8125,100,100,100,100,100,100,100,92.1875,100,100,87.5,100,100,100,100,93.75,100,98.4375,100,100,100,100,100,18.75,100,46.875,95.3125,81.25,100,90.625,100,100,84.375,71.875,54.6875,68.75,100,100,73.4375,100,100,90.625,71.875,100,82.8125,100,100,100,100,100,62.5,53.125,100,93.75,100,100,87.5,100,100,85.9375,79.6875,59.375,100,100,87.5,100,93.75,100,100,79.6875,89.0625,59.375,100,53.125,42.1875,100,95.3125,78.125,100,73.4375,87.5,100,100,100,95.3125,100,42.1875,20.3125,100,100,65.625,100,100,100,100,100,100,100,12.5,59.375,100,100,100,82.8125,81.25,100,96.875,100,100,78.125,100,65.625,54.6875,100,100,100,100,96.875,100,100,100,100,50,60.9375,100,100,100,57.8125,76.5625,100,71.875,100,100,50,60.9375,62.5,96.875,79.6875,100,100,100,100,100,79.6875,84.375,100,100,100,100,87.5,100,100,32.8125,100,100,100,78.125,100,26.5625,84.375,100,100,92.1875,100,100,90.625,81.25,51.5625,68.75,100,100,56.25,78.125,100,100,100,100,98.4375,75,100,81.25,100,35.9375,32.8125,70.3125,85.9375,100,100,100,100,84.375,100,76.5625,100,100,64.0625,68.75,100,18.75,100,60.9375,100,100,75,100,71.875,100,50,70.3125,100,84.375,100,100,95.3125,7.8125,46.875,25,65.625,73.4375,75,100,42.1875,82.8125,93.75,37.5,100,100,100,100,100,100,68.75,81.25,100,89.0625,100,100,81.25,100,100,95.3125,100,78.125,65.625,100,56.25,84.375,100,100,73.4375,100,100,82.8125,100,100,100,68.75,100,29.6875,100,100,100,100,93.75,98.4375,42.1875,100,100,87.5,100,100,100,96.875,100,82.8125,100,82.8125,100,100,64.0625,100,96.875,34.375,67.1875,100,93.75,28.125,100,59.375,100,34.375,35.9375,100,62.5,76.5625,100,31.25,89.0625,100,100,90.625,76.5625,96.875,50,100,100,100,89.0625,65.625,34.375,100,73.4375,100,100,90.625,73.4375,100,54.6875,39.0625,17.1875,100,100,62.5,89.0625,100,73.4375,84.375,95.3125,100,39.0625,100,100,100,100,67.1875,56.25,100,100,100,89.0625,45.3125,100,100,100,100,78.125,100,100,26.5625,60.9375,100,70.3125,100,57.8125,82.8125,100,100,70.3125,100,20.3125,100,84.375,81.25,100,70.3125,100,76.5625,75,82.8125,100,87.5,100,100,100,100,100,82.8125,43.75,51.5625,35.9375,100,100,100,100,95.3125,100,100,100,84.375,93.75,100,93.75,90.625,71.875,100,100,100,60.9375,100,95.3125,100,100,98.4375,100,76.5625,79.6875,100,100,100,82.8125,68.75,78.125,100,67.1875,100,89.0625,62.5,100,100,23.4375,93.75,81.25,85.9375,100,65.625,46.875,59.375,68.75,100,100,100,100,100,34.375,100,95.3125,100,100,93.75,100,100,65.625,62.5,85.9375,100,93.75,53.125,100,100,6.25,37.5,100,7.8125,100,100,100,100,92.1875,93.75,100,100,87.5,76.5625,100,100,100,100,100,100,71.875,100,100,85.9375,14.0625,100,84.375,100,100,100,93.75,100,100,90.625,81.25,100,90.625,82.8125,100,100,100,100,89.0625,100,92.1875,100,100,62.5,100,70.3125,100,81.25,85.9375,73.4375,76.5625,100,100,100,100,98.4375,95.3125,84.375,100,95.3125,100,48.4375,59.375,85.9375,100,90.625,100,64.0625,78.125,100,87.5,60.9375,100,100,76.5625,100,50,100,95.3125,100,25,45.3125,100,100,100,98.4375,62.5,60.9375,28.125,87.5,39.0625,100,100,59.375,100,54.6875,65.625,4.6875,100,85.9375,71.875,98.4375,75,100,92.1875,100,100,90.625,96.875,21.875,59.375,68.75,71.875,39.0625,100,87.5,100,100,57.8125,100,100,65.625,100,89.0625,75,78.125,67.1875,92.1875,100,17.1875,100,84.375,68.75,100,78.125,71.875,90.625,100,35.9375,50,90.625,100,82.8125,100,100,93.75,56.25,60.9375,100,100,100,100,96.875,43.75,100,82.8125,68.75,64.0625,70.3125,100,64.0625,100,79.6875,82.8125,96.875,100,100,92.1875,100,34.375,100,100,100,100,100,75,90.625,39.0625,100,100,57.8125,39.0625,100,81.25,100,28.125,75,54.6875,84.375,100,100,100,82.8125,45.3125,76.5625,100,100,100,100,100,51.5625,81.25,100,100,100,87.5,71.875,50,37.5,100,73.4375,60.9375,100,78.125,40.625,82.8125,79.6875,20.3125,93.75,54.6875,93.75,76.5625,100,100,17.1875,100,87.5,100,100,100,93.75,100,100,100,95.3125,100,100,87.5,100,100,79.6875,82.8125,78.125,65.625,100,100,100,100,100,100,60.9375,42.1875,82.8125,84.375,100,100,100,100,100,100,92.1875,10.9375,100,100,100,100,84.375,100,40.625,100,43.75,100,96.875,56.25,100,100,89.0625,100,67.1875,100,100,92.1875,100,71.875,95.3125,85.9375,100,100,67.1875,57.8125,46.875,100,100,100,50,82.8125,100,100,100,100,100,95.3125,100,40.625,67.1875,100,34.375,46.875,100,93.75,54.6875,90.625,65.625,87.5,100,100,60.9375,95.3125,100,100,68.75,46.875,21.875,71.875,100,100,100,100,100,100,100,100,100,100,96.875,93.75,18.75,64.0625,100,26.5625,100,100,14.0625,56.25,100,100,53.125,87.5,76.5625,90.625,100,100,100,79.6875,85.9375,76.5625,100,90.625,100,42.1875,100,100,78.125,65.625,73.4375,100,100,100,98.4375,100,100,84.375,65.625,100,59.375,68.75,100,100,79.6875,100,100,100,100,100,98.4375,100,96.875,100,100,35.9375,67.1875,85.9375,76.5625,60.9375,100,100,64.0625,100,100,62.5,100,100,100,100,100,85.9375,100,56.25,70.3125,57.8125,100,56.25,78.125,76.5625,100,57.8125,82.8125,100,87.5,92.1875,100,100,73.4375,100,87.5,100,62.5,100,100,81.25,48.4375,39.0625,100,51.5625,90.625,100,100,78.125,100,92.1875,100,82.8125,100,100,100,100,100,100,60.9375,100,100,100,100,90.625,100,56.25,100,100,100,59.375,100,100,100,100,57.8125,48.4375,100,100,100,100,100,79.6875,100,57.8125,100,100,100,79.6875,90.625,100,51.5625,100,100,100,48.4375,73.4375,89.0625,60.9375,62.5,100,87.5,84.375,68.75,81.25,82.8125,46.875,100,100,39.0625,31.25,100,62.5,76.5625,100,100,68.75,100,70.3125,100,100,100,100,51.5625,53.125,100,96.875,76.5625,95.3125,100,100,40.625,89.0625,64.0625,93.75,100,70.3125,96.875,89.0625,85.9375,100,100,67.1875,79.6875,100,90.625,23.4375,75,92.1875,95.3125,98.4375,82.8125,85.9375,87.5,100,100,81.25,100,81.25,100,100,100,96.875,100,100,85.9375,68.75,81.25,87.5,12.5,48.4375,100,100,100,46.875,100,100,100,100,100,76.5625,78.125,40.625,89.0625,100,100,100,65.625,100,100,81.25,43.75,100,59.375,100,51.5625,79.6875,81.25,100,81.25,54.6875,100,100,100,100,70.3125,42.1875,100,100,48.4375,100,100,76.5625,37.5,100,100,56.25,92.1875,75,100,95.3125,73.4375,100,100,100,100,100,48.4375,100,73.4375,76.5625,100,100,70.3125,100,100,95.3125,100,100,100,85.9375,100,93.75,96.875,100,100,100,67.1875,100,100,60.9375,100,85.9375,100,56.25,90.625,100,100,78.125,100,35.9375,29.6875,54.6875,100,75,100,100,62.5,100,95.3125,100,100,53.125,54.6875,35.9375,100,100,100,100,96.875,81.25,32.8125,81.25,100,84.375,82.8125,70.3125,100,85.9375,20.3125,78.125,75,98.4375,18.75,95.3125,84.375,100,51.5625,10.9375,100,100,100,100,57.8125,100,100,54.6875,73.4375,73.4375,100,50,32.8125,76.5625,85.9375,26.5625,100,100,100,64.0625,100,100,85.9375,100,85.9375,68.75,84.375,100,100,21.875,100,50,100,100,71.875,100,46.875,100,81.25,50,100,46.875,45.3125,89.0625,96.875,29.6875,85.9375,100,100,84.375,100,75,95.3125,23.4375,100,73.4375,100,100,100,93.75,60.9375,54.6875,100,100,37.5,67.1875,100,100,90.625,100,100,34.375,100,46.875,100,100,100,85.9375,100,59.375,29.6875,100,93.75,87.5,50,98.4375,53.125,100,100,81.25,100,100,78.125,100,62.5,100,100,100,98.4375,100,90.625,81.25,100,95.3125,100,100,100,29.6875,100,23.4375,65.625,100,85.9375,79.6875,100,100,100,100,26.5625,1.5625,100,21.875,32.8125,100,89.0625,100,53.125,100,84.375,100,100,78.125,82.8125,100,100,73.4375,100,100,87.5,100,100,100,100,56.25,100,31.25,100,100,100,75,100,43.75,64.0625,100,100,51.5625,100,100,78.125,100,100,75,100,100,100,89.0625,100,56.25,28.125,100,100,96.875,67.1875,67.1875,100,62.5,100,76.5625,70.3125,23.4375,70.3125,100,100,71.875,100,81.25,100,96.875,57.8125,100,64.0625,53.125,65.625,87.5,95.3125,40.625,93.75,93.75,100,96.875,79.6875,100,100,51.5625,65.625,96.875,39.0625,75,100,100,71.875,82.8125,100,79.6875,34.375,68.75,100,100,100,100,18.75,100,59.375,40.625,100,73.4375,100,100,100,70.3125,65.625,100,54.6875,85.9375,100,65.625,100,57.8125,100,85.9375,100,90.625,100,62.5,56.25,100,85.9375,100,85.9375,100,100
"6117",87.5,100,40.625,100,100,81.25,95.3125,98.4375,21.875,95.3125,53.125,100,100,100,100,75,93.75,98.4375,92.1875,100,96.875,92.1875,100,100,75,100,100,95.3125,89.0625,100,100,100,100,85.9375,100,93.75,81.25,100,100,89.0625,89.0625,65.625,82.8125,100,100,100,100,78.125,68.75,85.9375,75,100,100,73.4375,73.4375,100,4.6875,100,100,43.75,84.375,54.6875,98.4375,100,100,100,60.9375,100,71.875,100,59.375,67.1875,84.375,95.3125,59.375,65.625,100,54.6875,51.5625,100,71.875,100,62.5,70.3125,100,100,100,78.125,100,100,54.6875,84.375,100,46.875,84.375,65.625,100,53.125,100,100,92.1875,100,100,90.625,100,37.5,87.5,100,85.9375,100,67.1875,82.8125,100,100,40.625,100,100,100,100,93.75,89.0625,100,100,37.5,87.5,56.25,100,18.75,100,100,100,100,100,100,100,65.625,84.375,78.125,100,100,100,100,56.25,51.5625,100,100,100,32.8125,28.125,82.8125,57.8125,37.5,78.125,90.625,95.3125,98.4375,75,100,100,100,100,100,78.125,100,89.0625,68.75,17.1875,87.5,59.375,50,84.375,84.375,100,100,10.9375,100,71.875,100,100,100,100,100,100,100,100,100,53.125,100,100,87.5,100,100,87.5,100,100,100,100,85.9375,100,100,50,82.8125,96.875,100,100,100,100,100,71.875,100,68.75,100,100,100,81.25,78.125,35.9375,90.625,100,43.75,100,73.4375,90.625,100,100,59.375,56.25,73.4375,81.25,100,79.6875,78.125,67.1875,100,100,100,93.75,60.9375,82.8125,100,100,100,100,70.3125,100,42.1875,100,89.0625,100,46.875,100,76.5625,28.125,93.75,93.75,96.875,100,57.8125,100,100,100,98.4375,35.9375,93.75,37.5,95.3125,100,100,59.375,100,46.875,60.9375,100,75,98.4375,23.4375,46.875,100,82.8125,100,90.625,40.625,42.1875,100,100,100,59.375,100,100,90.625,78.125,100,48.4375,42.1875,100,18.75,100,84.375,67.1875,75,32.8125,100,73.4375,82.8125,100,82.8125,100,12.5,92.1875,100,100,62.5,59.375,100,75,95.3125,100,100,73.4375,56.25,89.0625,100,50,100,73.4375,65.625,96.875,92.1875,14.0625,68.75,87.5,29.6875,73.4375,84.375,100,35.9375,100,89.0625,100,100,100,84.375,43.75,40.625,89.0625,68.75,40.625,100,98.4375,71.875,100,78.125,100,100,70.3125,100,98.4375,71.875,50,92.1875,85.9375,85.9375,73.4375,100,75,59.375,29.6875,98.4375,98.4375,100,100,100,95.3125,53.125,100,100,87.5,84.375,100,100,84.375,90.625,100,100,100,53.125,100,100,53.125,93.75,100,76.5625,100,68.75,100,81.25,100,62.5,98.4375,17.1875,100,98.4375,100,100,84.375,100,40.625,100,67.1875,37.5,100,92.1875,100,93.75,100,92.1875,32.8125,51.5625,100,76.5625,54.6875,100,35.9375,100,100,25,57.8125,100,95.3125,100,82.8125,100,100,100,67.1875,62.5,65.625,100,100,100,100,93.75,92.1875,62.5,100,100,100,100,89.0625,93.75,95.3125,100,100,100,84.375,70.3125,100,96.875,100,100,73.4375,67.1875,87.5,100,78.125,65.625,100,100,100,100,71.875,67.1875,70.3125,100,100,70.3125,100,100,100,60.9375,70.3125,93.75,100,64.0625,82.8125,100,53.125,100,71.875,73.4375,100,78.125,79.6875,100,65.625,84.375,100,100,92.1875,71.875,81.25,100,100,100,87.5,68.75,100,82.8125,100,100,65.625,71.875,68.75,100,100,73.4375,100,100,100,96.875,68.75,100,100,65.625,51.5625,98.4375,100,100,53.125,100,35.9375,100,90.625,100,84.375,71.875,100,79.6875,76.5625,100,90.625,100,100,35.9375,100,100,85.9375,100,100,70.3125,100,100,100,100,100,45.3125,78.125,100,92.1875,100,100,71.875,100,100,100,100,29.6875,100,100,100,71.875,100,57.8125,100,48.4375,68.75,100,60.9375,100,100,68.75,98.4375,100,100,43.75,98.4375,100,65.625,100,64.0625,100,62.5,100,100,85.9375,100,81.25,100,79.6875,96.875,100,100,100,100,81.25,100,56.25,26.5625,100,57.8125,100,100,75,100,60.9375,100,100,78.125,100,100,100,100,100,87.5,100,89.0625,100,100,100,85.9375,79.6875,100,100,100,100,100,100,100,100,98.4375,100,100,60.9375,96.875,75,45.3125,93.75,100,100,100,100,79.6875,92.1875,100,43.75,4.6875,92.1875,59.375,28.125,100,100,100,100,100,100,95.3125,100,82.8125,54.6875,59.375,50,39.0625,70.3125,98.4375,76.5625,98.4375,100,84.375,78.125,70.3125,40.625,85.9375,95.3125,46.875,100,100,90.625,100,100,100,100,32.8125,89.0625,45.3125,68.75,100,100,78.125,59.375,64.0625,46.875,100,45.3125,100,51.5625,100,100,100,100,54.6875,100,73.4375,90.625,57.8125,100,100,75,100,100,100,68.75,100,100,100,93.75,100,90.625,100,100,71.875,87.5,50,100,42.1875,100,89.0625,100,100,100,100,100,100,70.3125,40.625,89.0625,100,31.25,100,100,35.9375,87.5,100,73.4375,39.0625,59.375,100,100,98.4375,93.75,100,100,100,100,34.375,68.75,84.375,100,100,100,48.4375,50,71.875,71.875,14.0625,100,100,76.5625,43.75,57.8125,48.4375,84.375,100,100,84.375,46.875,100,84.375,100,100,90.625,85.9375,100,57.8125,50,89.0625,100,96.875,100,100,100,100,57.8125,100,100,100,39.0625,90.625,100,100,78.125,100,90.625,100,89.0625,87.5,100,40.625,93.75,100,100,57.8125,100,54.6875,100,100,100,100,96.875,62.5,100,100,79.6875,100,100,100,29.6875,100,70.3125,78.125,78.125,40.625,100,100,100,64.0625,100,100,78.125,81.25,65.625,100,100,100,75,100,76.5625,50,29.6875,100,81.25,81.25,100,85.9375,100,93.75,93.75,56.25,100,100,100,100,100,100,100,100,67.1875,54.6875,100,68.75,93.75,71.875,84.375,59.375,70.3125,100,37.5,100,100,59.375,100,59.375,100,43.75,76.5625,96.875,98.4375,100,64.0625,100,25,73.4375,67.1875,100,100,100,98.4375,100,73.4375,100,100,100,100,100,78.125,100,20.3125,100,78.125,100,76.5625,56.25,100,71.875,59.375,100,100,35.9375,100,79.6875,100,75,100,70.3125,62.5,100,100,71.875,100,93.75,100,60.9375,81.25,81.25,85.9375,53.125,100,100,54.6875,95.3125,96.875,34.375,67.1875,100,100,100,46.875,100,100,100,100,100,100,93.75,100,100,100,100,100,75,100,100,64.0625,65.625,100,100,59.375,43.75,100,100,100,100,57.8125,76.5625,100,29.6875,100,25,96.875,71.875,70.3125,100,89.0625,85.9375,100,98.4375,100,100,100,100,100,100,100,59.375,87.5,100,100,95.3125,100,93.75,64.0625,62.5,100,100,100,100,84.375,100,79.6875,100,73.4375,100,100,100,75,100,100,81.25,40.625,100,92.1875,81.25,100,65.625,100,90.625,100,100,100,100,100,81.25,84.375,100,100,76.5625,71.875,68.75,100,100,31.25,100,100,100,100,76.5625,100,78.125,100,100,100,100,100,85.9375,100,100,93.75,82.8125,100,100,100,93.75,100,67.1875,56.25,100,79.6875,73.4375,100,100,70.3125,67.1875,100,82.8125,93.75,100,70.3125,100,56.25,100,100,82.8125,100,100,42.1875,100,100,79.6875,98.4375,82.8125,53.125,76.5625,100,100,20.3125,100,17.1875,100,100,76.5625,75,100,100,100,100,100,84.375,100,65.625,96.875,92.1875,85.9375,100,85.9375,100,87.5,100,65.625,100,100,100,73.4375,75,100,93.75,50,100,82.8125,57.8125,100,82.8125,100,50,100,100,100,100,100,78.125,100,92.1875,100,100,100,51.5625,100,100,68.75,65.625,100,93.75,100,89.0625,100,100,79.6875,78.125,92.1875,100,100,100,100,100,100,100,40.625,100,100,100,100,100,100,100,84.375,100,98.4375,71.875,100,65.625,100,92.1875,100,84.375,75,100,100,100,84.375,96.875,100,64.0625,73.4375,54.6875,90.625,100,100,87.5,29.6875,100,51.5625,51.5625,76.5625,100,70.3125,96.875,100,100,100,85.9375,50,100,90.625,37.5,100,100,100,100,100,100,100,100,100,100,100,65.625,100,59.375,81.25,57.8125,100,100,100,68.75,95.3125,81.25,100,84.375,53.125,100,100,68.75,100,93.75,100,100,100,59.375,100,75,100,100,100,100,100,29.6875,75,100,100,100,89.0625,53.125,100,50,100,100,100,100,59.375,65.625,100,71.875,100,100,100,75,100,48.4375,68.75,54.6875,87.5,71.875,100,100,73.4375,71.875,65.625,67.1875,60.9375,51.5625,100,84.375,64.0625,45.3125,100,81.25,60.9375,100,100,93.75,100,95.3125,100,100,100,100,93.75,75,100,100,100,79.6875,100,95.3125,100,85.9375,78.125,100,100,67.1875,100,96.875,100,71.875,100,100,100,60.9375,100,92.1875,100,100,62.5,89.0625,100,100,100,60.9375,92.1875,50,100,100,100,73.4375,100,43.75,95.3125,65.625,53.125,67.1875,90.625,62.5,100,100,98.4375,68.75,65.625,57.8125,45.3125,100,100,75,59.375,62.5,29.6875,81.25,92.1875,95.3125,100,90.625,100,46.875,100,79.6875,57.8125,42.1875,100,87.5,100,100,100,82.8125,95.3125,81.25,85.9375,92.1875,100,43.75,96.875,73.4375,37.5,31.25,100,100,100,100,79.6875,100,100,71.875,79.6875,100,100,100,100,100,100,78.125,93.75,59.375,50,78.125,56.25,93.75,39.0625,100,100,85.9375,100,100,68.75,42.1875,84.375,100,71.875,71.875,59.375,100,57.8125,100,100,59.375,100,100,100,75,100,100,98.4375,100,87.5,87.5,89.0625,100,100,100,93.75,100,50,100,89.0625,73.4375,100,100,100,85.9375,90.625,73.4375,100,100,73.4375,81.25,100,92.1875,100,73.4375,68.75,76.5625,100,100,81.25,100,100,95.3125,54.6875,100,100,100,82.8125,78.125,100,100,70.3125,100,100,100,100,100,100,100,51.5625,60.9375,70.3125,100,85.9375,100,100,100,100,100,100,93.75,100,89.0625,89.0625,96.875,100,92.1875,100,100,100,100,95.3125,100,100,100,75,100,60.9375,95.3125,92.1875,100,100,100,92.1875,75,89.0625,100,37.5,60.9375,46.875,100,100,100,100,95.3125,98.4375,100,100,90.625,100,56.25,34.375,78.125,100,73.4375,100,70.3125,100,100,100,100,46.875,92.1875,100,100,93.75,100,100,100,93.75,100,56.25,100,68.75,64.0625,78.125,26.5625,62.5,32.8125,81.25,73.4375,100,100,100,100,90.625,100,87.5,75,87.5,100,100,100,85.9375,43.75,28.125,37.5,100,100,82.8125,100,50,54.6875,85.9375,100,92.1875,100,20.3125,82.8125,100,90.625,100,100,100,76.5625,100,100,100,75,87.5,81.25,100,100,100,100,100,92.1875,100,100,100,62.5,100,59.375,100,100,98.4375,81.25,100,57.8125,100,100,84.375,71.875,70.3125,65.625,100,100,73.4375,100,100,90.625,68.75,100,81.25,100,51.5625,100,100,100,67.1875,56.25,78.125,87.5,100,100,85.9375,100,46.875,84.375,73.4375,51.5625,100,100,87.5,100,98.4375,78.125,100,100,82.8125,62.5,100,56.25,40.625,100,95.3125,78.125,100,64.0625,87.5,100,85.9375,100,95.3125,96.875,42.1875,20.3125,100,100,100,100,100,100,100,100,100,100,12.5,100,100,100,100,82.8125,95.3125,100,100,100,100,87.5,100,67.1875,57.8125,100,100,18.75,71.875,89.0625,100,100,100,100,25,62.5,100,100,100,57.8125,75,100,65.625,65.625,100,53.125,60.9375,62.5,98.4375,84.375,100,100,100,100,100,81.25,12.5,96.875,100,100,100,84.375,100,100,100,100,100,100,89.0625,100,28.125,85.9375,100,100,84.375,100,100,89.0625,100,51.5625,60.9375,100,100,54.6875,100,100,23.4375,100,100,98.4375,79.6875,48.4375,81.25,100,35.9375,10.9375,76.5625,84.375,100,100,79.6875,90.625,84.375,100,76.5625,100,100,70.3125,70.3125,100,21.875,100,54.6875,100,100,73.4375,100,100,100,100,70.3125,100,68.75,100,100,95.3125,54.6875,50,81.25,67.1875,67.1875,78.125,100,35.9375,79.6875,93.75,28.125,100,96.875,100,100,100,100,70.3125,84.375,100,98.4375,100,64.0625,78.125,100,100,100,100,84.375,65.625,100,68.75,100,95.3125,100,73.4375,98.4375,73.4375,82.8125,100,100,100,81.25,100,34.375,100,100,100,100,96.875,68.75,39.0625,100,100,84.375,100,100,100,75,100,82.8125,100,84.375,100,100,68.75,100,82.8125,43.75,100,100,100,45.3125,100,92.1875,100,42.1875,35.9375,100,73.4375,78.125,100,31.25,100,100,100,90.625,100,70.3125,53.125,100,100,100,81.25,59.375,34.375,100,75,100,100,89.0625,76.5625,100,53.125,39.0625,100,100,96.875,60.9375,89.0625,100,75,84.375,95.3125,100,67.1875,100,100,100,100,60.9375,100,100,100,100,100,39.0625,100,100,100,100,60.9375,100,100,35.9375,60.9375,100,64.0625,100,57.8125,71.875,100,100,75,100,20.3125,100,100,78.125,100,62.5,100,76.5625,87.5,82.8125,100,89.0625,100,100,100,100,100,81.25,43.75,53.125,57.8125,100,100,100,100,62.5,100,100,100,98.4375,21.875,100,93.75,92.1875,89.0625,100,100,93.75,56.25,100,87.5,100,100,67.1875,100,76.5625,84.375,100,100,96.875,89.0625,93.75,100,100,67.1875,100,85.9375,64.0625,100,100,15.625,95.3125,79.6875,92.1875,100,84.375,70.3125,59.375,68.75,100,100,100,100,95.3125,39.0625,100,95.3125,100,100,89.0625,100,98.4375,67.1875,62.5,100,100,96.875,57.8125,96.875,65.625,4.6875,42.1875,100,56.25,100,100,100,100,92.1875,81.25,100,100,93.75,78.125,100,100,62.5,100,100,100,73.4375,100,100,89.0625,82.8125,100,85.9375,100,68.75,100,93.75,100,100,92.1875,81.25,100,100,79.6875,100,100,100,100,89.0625,100,50,100,100,62.5,100,67.1875,100,76.5625,93.75,70.3125,73.4375,100,100,100,100,100,71.875,85.9375,100,100,54.6875,56.25,59.375,90.625,100,90.625,100,65.625,81.25,100,87.5,62.5,100,100,79.6875,100,50,100,89.0625,100,28.125,45.3125,71.875,100,100,100,64.0625,65.625,26.5625,92.1875,32.8125,100,100,59.375,100,100,65.625,4.6875,100,84.375,46.875,98.4375,75,100,92.1875,100,100,92.1875,96.875,20.3125,54.6875,68.75,71.875,37.5,100,87.5,100,100,54.6875,100,100,73.4375,100,87.5,75,87.5,65.625,100,100,100,100,100,73.4375,90.625,93.75,75,75,100,37.5,54.6875,96.875,100,79.6875,100,85.9375,90.625,57.8125,60.9375,100,100,100,100,95.3125,100,100,78.125,79.6875,64.0625,76.5625,100,78.125,100,81.25,82.8125,100,100,100,100,100,32.8125,100,100,100,100,98.4375,100,90.625,39.0625,100,100,43.75,39.0625,43.75,81.25,100,12.5,75,59.375,100,84.375,100,100,76.5625,68.75,75,100,100,100,100,100,56.25,95.3125,100,100,100,87.5,78.125,59.375,10.9375,100,71.875,62.5,100,76.5625,46.875,81.25,98.4375,20.3125,93.75,54.6875,87.5,100,100,100,25,100,100,89.0625,100,100,100,100,100,100,93.75,70.3125,100,100,100,100,81.25,62.5,51.5625,29.6875,100,100,100,100,100,100,56.25,42.1875,95.3125,100,100,100,95.3125,100,79.6875,100,100,60.9375,100,100,84.375,100,85.9375,100,35.9375,73.4375,51.5625,89.0625,100,100,100,100,92.1875,100,93.75,100,100,92.1875,100,70.3125,96.875,100,100,100,68.75,54.6875,64.0625,100,96.875,100,51.5625,79.6875,100,100,100,100,100,85.9375,100,53.125,68.75,100,35.9375,62.5,100,92.1875,90.625,95.3125,68.75,87.5,100,100,84.375,100,17.1875,100,79.6875,32.8125,21.875,71.875,100,100,100,100,100,100,100,100,79.6875,100,100,73.4375,76.5625,65.625,100,25,100,100,35.9375,56.25,100,100,50,100,92.1875,90.625,100,100,100,82.8125,89.0625,79.6875,100,84.375,98.4375,39.0625,100,100,76.5625,64.0625,81.25,100,100,100,98.4375,100,100,79.6875,59.375,100,59.375,65.625,100,100,78.125,100,100,96.875,100,92.1875,92.1875,90.625,98.4375,100,100,100,67.1875,100,85.9375,60.9375,100,100,64.0625,100,100,62.5,100,100,100,100,100,92.1875,100,56.25,71.875,35.9375,100,59.375,76.5625,46.875,100,100,78.125,100,90.625,92.1875,100,100,73.4375,100,87.5,100,62.5,100,100,73.4375,48.4375,100,100,59.375,90.625,100,100,100,64.0625,90.625,100,98.4375,100,100,100,100,100,100,64.0625,50,100,100,100,89.0625,100,56.25,100,100,53.125,59.375,100,100,100,100,100,71.875,100,100,87.5,100,100,76.5625,100,54.6875,100,100,100,100,92.1875,100,60.9375,100,100,100,54.6875,100,90.625,43.75,60.9375,100,85.9375,84.375,100,81.25,81.25,54.6875,100,100,40.625,12.5,100,51.5625,100,100,100,73.4375,95.3125,87.5,100,100,100,100,34.375,62.5,100,100,93.75,93.75,100,100,29.6875,73.4375,64.0625,53.125,100,100,84.375,79.6875,100,100,9.375,65.625,81.25,100,89.0625,73.4375,73.4375,92.1875,81.25,100,85.9375,100,85.9375,100,84.375,76.5625,98.4375,81.25,100,100,100,96.875,100,100,95.3125,64.0625,98.4375,89.0625,20.3125,45.3125,100,100,100,45.3125,65.625,100,100,89.0625,100,75,79.6875,98.4375,85.9375,100,100,100,65.625,100,100,78.125,56.25,100,59.375,100,46.875,79.6875,81.25,100,78.125,54.6875,100,100,100,100,73.4375,42.1875,100,100,48.4375,100,100,100,43.75,100,100,56.25,87.5,71.875,100,100,87.5,75,100,100,100,100,43.75,100,75,26.5625,100,100,59.375,100,100,98.4375,100,100,100,89.0625,100,93.75,100,51.5625,100,100,70.3125,65.625,100,59.375,100,67.1875,100,53.125,89.0625,100,100,87.5,100,37.5,100,40.625,68.75,68.75,100,100,100,100,89.0625,92.1875,100,71.875,54.6875,35.9375,100,100,100,100,98.4375,79.6875,71.875,85.9375,100,84.375,90.625,71.875,100,87.5,56.25,85.9375,84.375,89.0625,18.75,98.4375,84.375,93.75,54.6875,39.0625,100,100,100,100,54.6875,100,100,59.375,57.8125,71.875,98.4375,81.25,31.25,76.5625,73.4375,45.3125,100,98.4375,100,60.9375,100,45.3125,89.0625,100,100,75,84.375,100,100,23.4375,100,48.4375,100,100,85.9375,100,46.875,100,89.0625,53.125,100,48.4375,35.9375,89.0625,92.1875,42.1875,84.375,100,100,79.6875,100,71.875,100,15.625,100,70.3125,100,90.625,100,96.875,81.25,60.9375,100,100,43.75,68.75,100,100,75,100,100,35.9375,100,46.875,100,100,100,84.375,100,56.25,100,100,95.3125,92.1875,53.125,100,53.125,100,100,85.9375,65.625,100,100,100,70.3125,100,100,100,100,100,42.1875,84.375,100,92.1875,100,100,100,68.75,100,21.875,67.1875,100,84.375,100,100,100,100,100,100,1.5625,96.875,100,28.125,100,78.125,100,100,100,100,100,100,85.9375,82.8125,100,100,100,100,100,90.625,100,100,100,1.5625,59.375,100,20.3125,100,100,89.0625,73.4375,100,48.4375,64.0625,100,100,50,100,100,53.125,100,100,73.4375,100,100,57.8125,89.0625,98.4375,62.5,29.6875,78.125,75,100,100,68.75,100,62.5,46.875,71.875,90.625,35.9375,67.1875,100,100,71.875,100,78.125,100,100,59.375,95.3125,68.75,57.8125,93.75,78.125,100,32.8125,57.8125,100,100,96.875,100,100,96.875,59.375,75,92.1875,67.1875,64.0625,100,100,73.4375,76.5625,100,79.6875,35.9375,100,37.5,100,100,100,25,100,59.375,40.625,100,71.875,100,100,100,100,76.5625,100,54.6875,81.25,100,68.75,100,56.25,100,100,73.4375,100,100,46.875,60.9375,100,81.25,100,60.9375,100,100
"6118",87.5,100,45.3125,100,53.125,82.8125,95.3125,100,28.125,85.9375,57.8125,100,100,100,100,60.9375,100,79.6875,100,100,96.875,98.4375,100,100,76.5625,100,100,93.75,84.375,100,100,100,100,100,100,98.4375,82.8125,100,100,90.625,95.3125,68.75,85.9375,100,100,90.625,100,100,68.75,82.8125,75,100,100,71.875,82.8125,100,35.9375,100,100,42.1875,84.375,54.6875,98.4375,100,100,100,79.6875,100,67.1875,100,60.9375,70.3125,87.5,100,71.875,82.8125,100,39.0625,57.8125,100,45.3125,100,85.9375,68.75,100,100,100,21.875,100,100,56.25,82.8125,100,45.3125,100,98.4375,100,60.9375,100,100,87.5,100,100,92.1875,100,40.625,100,53.125,85.9375,100,76.5625,81.25,100,100,40.625,100,100,100,100,100,67.1875,100,100,31.25,57.8125,56.25,100,18.75,100,100,100,100,100,100,100,64.0625,59.375,79.6875,100,100,100,100,48.4375,62.5,100,98.4375,100,100,60.9375,84.375,59.375,35.9375,81.25,90.625,96.875,98.4375,76.5625,100,87.5,100,100,100,82.8125,100,89.0625,71.875,100,89.0625,62.5,100,96.875,82.8125,96.875,100,100,100,87.5,100,100,100,93.75,43.75,100,100,96.875,100,54.6875,45.3125,100,87.5,100,100,87.5,100,100,100,90.625,89.0625,100,95.3125,59.375,100,96.875,100,100,100,100,100,75,100,68.75,100,100,100,78.125,78.125,73.4375,53.125,100,42.1875,100,75,100,100,100,67.1875,100,100,90.625,100,76.5625,78.125,48.4375,100,100,100,90.625,64.0625,100,100,100,100,100,64.0625,100,45.3125,100,87.5,100,100,100,78.125,18.75,100,100,96.875,100,60.9375,100,100,100,95.3125,37.5,100,25,89.0625,100,100,98.4375,100,48.4375,92.1875,100,82.8125,90.625,20.3125,53.125,100,84.375,100,90.625,42.1875,42.1875,100,100,100,64.0625,100,100,90.625,79.6875,100,50,51.5625,100,100,100,90.625,67.1875,75,51.5625,100,93.75,98.4375,100,87.5,85.9375,40.625,68.75,100,100,42.1875,59.375,100,67.1875,95.3125,100,100,62.5,54.6875,85.9375,100,54.6875,100,71.875,62.5,92.1875,96.875,100,59.375,100,100,75,84.375,100,32.8125,92.1875,93.75,100,100,67.1875,84.375,43.75,39.0625,64.0625,68.75,40.625,100,60.9375,68.75,100,76.5625,100,100,68.75,100,92.1875,100,56.25,68.75,85.9375,93.75,100,100,79.6875,100,31.25,100,98.4375,100,100,100,95.3125,57.8125,70.3125,100,92.1875,90.625,95.3125,100,82.8125,82.8125,68.75,100,100,53.125,100,100,60.9375,93.75,100,100,100,100,100,78.125,100,100,87.5,53.125,40.625,100,100,100,100,100,40.625,100,71.875,42.1875,98.4375,92.1875,100,85.9375,100,95.3125,39.0625,50,100,76.5625,64.0625,100,35.9375,100,100,28.125,57.8125,100,100,100,82.8125,100,84.375,100,79.6875,84.375,71.875,100,100,100,100,93.75,89.0625,85.9375,100,100,100,100,84.375,92.1875,95.3125,100,100,100,84.375,71.875,100,100,100,100,76.5625,64.0625,84.375,100,100,68.75,100,100,100,75,70.3125,70.3125,57.8125,100,100,65.625,100,100,100,100,78.125,100,100,70.3125,82.8125,100,56.25,100,78.125,70.3125,100,78.125,79.6875,100,64.0625,100,100,100,75,70.3125,75,100,100,100,89.0625,68.75,90.625,84.375,100,100,62.5,68.75,68.75,100,100,100,100,100,100,100,96.875,100,100,70.3125,56.25,100,100,100,56.25,100,32.8125,100,90.625,100,84.375,71.875,100,81.25,84.375,100,84.375,100,100,35.9375,100,100,82.8125,100,100,70.3125,100,98.4375,100,100,95.3125,45.3125,76.5625,100,92.1875,98.4375,62.5,71.875,60.9375,100,100,100,39.0625,78.125,100,100,65.625,100,82.8125,100,46.875,98.4375,100,62.5,100,100,65.625,78.125,100,21.875,64.0625,100,62.5,65.625,100,64.0625,100,62.5,100,100,100,100,79.6875,100,73.4375,95.3125,100,89.0625,100,79.6875,75,100,60.9375,50,100,67.1875,100,100,76.5625,100,62.5,100,100,100,100,100,100,100,76.5625,87.5,100,100,100,100,100,79.6875,87.5,100,100,100,100,15.625,100,87.5,100,82.8125,95.3125,100,57.8125,96.875,67.1875,70.3125,90.625,100,100,100,100,93.75,90.625,100,43.75,26.5625,98.4375,57.8125,28.125,100,100,100,100,100,96.875,100,100,87.5,54.6875,59.375,46.875,50,71.875,98.4375,78.125,95.3125,92.1875,100,84.375,62.5,40.625,85.9375,95.3125,43.75,87.5,100,85.9375,100,100,100,100,76.5625,100,45.3125,68.75,100,100,73.4375,100,75,46.875,100,50,100,23.4375,100,100,100,100,57.8125,100,75,90.625,60.9375,100,100,75,100,100,100,67.1875,100,100,100,62.5,100,100,100,100,100,100,57.8125,100,100,100,87.5,100,100,100,100,100,100,68.75,100,100,100,45.3125,95.3125,100,34.375,89.0625,68.75,73.4375,39.0625,71.875,98.4375,100,79.6875,93.75,100,100,93.75,75,100,64.0625,92.1875,100,100,87.5,50,46.875,68.75,68.75,4.6875,100,100,37.5,43.75,54.6875,42.1875,82.8125,100,100,100,100,100,79.6875,15.625,100,90.625,65.625,100,62.5,45.3125,75,100,100,100,100,100,100,57.8125,93.75,95.3125,100,35.9375,89.0625,100,100,82.8125,100,89.0625,100,87.5,84.375,100,40.625,92.1875,100,100,53.125,100,67.1875,100,100,100,100,95.3125,62.5,100,100,81.25,89.0625,100,100,46.875,100,70.3125,82.8125,78.125,100,100,78.125,100,54.6875,100,100,73.4375,81.25,60.9375,100,100,100,68.75,100,76.5625,54.6875,67.1875,100,100,96.875,100,78.125,100,92.1875,92.1875,56.25,100,100,100,100,100,100,100,100,65.625,60.9375,100,68.75,100,70.3125,100,59.375,67.1875,100,10.9375,100,84.375,54.6875,100,64.0625,75,82.8125,76.5625,100,98.4375,100,60.9375,100,31.25,73.4375,67.1875,100,100,100,98.4375,85.9375,73.4375,100,100,100,100,100,70.3125,100,21.875,100,79.6875,100,92.1875,56.25,100,60.9375,59.375,95.3125,100,35.9375,100,82.8125,100,95.3125,100,70.3125,62.5,100,100,70.3125,100,90.625,100,100,84.375,93.75,100,59.375,100,100,54.6875,93.75,100,34.375,70.3125,100,100,100,57.8125,100,100,100,100,100,100,93.75,100,100,100,64.0625,100,98.4375,100,100,59.375,62.5,100,100,59.375,34.375,100,100,100,100,100,70.3125,100,29.6875,100,34.375,100,75,70.3125,100,89.0625,84.375,100,100,100,89.0625,100,98.4375,100,100,100,59.375,87.5,100,48.4375,95.3125,65.625,93.75,65.625,48.4375,100,100,96.875,100,84.375,100,70.3125,100,81.25,100,100,100,50,100,100,95.3125,40.625,100,92.1875,78.125,100,46.875,78.125,96.875,100,100,100,100,100,82.8125,85.9375,100,48.4375,76.5625,84.375,32.8125,100,100,18.75,100,100,100,100,82.8125,100,82.8125,95.3125,20.3125,100,100,100,100,100,100,85.9375,87.5,95.3125,100,100,100,100,65.625,85.9375,100,84.375,73.4375,100,100,79.6875,70.3125,100,79.6875,79.6875,100,68.75,100,75,100,100,65.625,100,100,40.625,100,100,90.625,93.75,87.5,50,75,100,100,50,75,18.75,100,100,100,76.5625,100,100,100,100,100,84.375,90.625,65.625,100,92.1875,92.1875,100,84.375,100,87.5,100,100,85.9375,100,100,75,73.4375,100,93.75,40.625,100,82.8125,59.375,100,68.75,100,53.125,98.4375,100,100,100,100,46.875,100,79.6875,100,100,100,78.125,95.3125,100,59.375,65.625,100,96.875,100,85.9375,100,95.3125,46.875,78.125,100,100,100,100,100,100,100,100,40.625,26.5625,98.4375,100,100,100,100,100,100,71.875,89.0625,100,100,75,100,96.875,100,82.8125,75,100,100,100,85.9375,96.875,89.0625,82.8125,76.5625,100,85.9375,100,100,98.4375,54.6875,100,43.75,51.5625,25,100,68.75,92.1875,100,100,100,84.375,51.5625,100,92.1875,37.5,100,100,100,100,100,100,50,100,100,100,96.875,57.8125,100,59.375,18.75,75,100,100,100,73.4375,95.3125,81.25,100,65.625,43.75,100,100,70.3125,100,90.625,100,100,100,76.5625,100,75,100,40.625,100,100,100,29.6875,75,100,100,100,89.0625,51.5625,100,37.5,100,100,100,60.9375,67.1875,68.75,100,70.3125,100,87.5,100,81.25,100,89.0625,68.75,53.125,87.5,70.3125,100,100,79.6875,71.875,92.1875,67.1875,62.5,51.5625,100,93.75,64.0625,85.9375,100,76.5625,60.9375,100,34.375,96.875,100,98.4375,100,100,100,100,100,73.4375,100,100,100,75,100,96.875,100,87.5,100,92.1875,100,57.8125,100,100,100,67.1875,100,100,62.5,60.9375,100,48.4375,100,100,79.6875,89.0625,100,100,100,100,90.625,56.25,100,100,100,71.875,100,42.1875,100,100,54.6875,71.875,90.625,89.0625,100,50,95.3125,75,67.1875,59.375,43.75,100,100,75,57.8125,60.9375,92.1875,79.6875,76.5625,93.75,95.3125,90.625,100,40.625,100,64.0625,71.875,100,100,90.625,100,100,100,81.25,92.1875,71.875,89.0625,93.75,100,100,100,73.4375,37.5,31.25,100,100,100,100,73.4375,100,100,70.3125,81.25,100,100,100,100,100,100,76.5625,100,56.25,50,79.6875,62.5,92.1875,100,100,79.6875,46.875,100,100,57.8125,43.75,85.9375,100,73.4375,73.4375,100,100,57.8125,100,100,71.875,100,100,100,79.6875,100,100,96.875,100,89.0625,15.625,95.3125,100,100,100,90.625,100,100,100,6.25,64.0625,100,100,100,84.375,90.625,81.25,100,100,70.3125,71.875,100,93.75,100,76.5625,64.0625,76.5625,100,100,79.6875,100,100,92.1875,39.0625,100,100,89.0625,81.25,78.125,100,100,98.4375,100,100,100,100,100,100,100,42.1875,64.0625,75,100,78.125,100,96.875,100,100,100,100,98.4375,100,100,90.625,95.3125,64.0625,87.5,100,100,100,100,100,100,100,100,68.75,100,51.5625,90.625,92.1875,81.25,100,100,84.375,76.5625,92.1875,100,37.5,100,46.875,100,100,100,81.25,92.1875,82.8125,100,100,100,100,46.875,100,79.6875,100,78.125,100,67.1875,100,100,100,100,60.9375,90.625,100,100,89.0625,90.625,100,100,90.625,100,28.125,78.125,62.5,68.75,81.25,59.375,20.3125,48.4375,70.3125,73.4375,100,70.3125,100,100,89.0625,100,85.9375,79.6875,89.0625,59.375,100,100,71.875,89.0625,51.5625,100,100,100,90.625,100,65.625,54.6875,90.625,100,100,100,23.4375,81.25,100,67.1875,100,100,100,100,100,84.375,89.0625,100,87.5,89.0625,100,100,100,100,100,92.1875,100,100,100,100,100,59.375,100,100,96.875,81.25,100,92.1875,100,100,98.4375,71.875,60.9375,65.625,100,100,71.875,100,100,90.625,76.5625,100,70.3125,100,34.375,100,100,100,68.75,56.25,100,87.5,100,100,89.0625,100,43.75,85.9375,75,37.5,100,100,87.5,100,100,100,100,96.875,54.6875,70.3125,100,56.25,28.125,100,95.3125,75,20.3125,60.9375,87.5,100,93.75,100,95.3125,100,42.1875,18.75,100,100,100,100,100,100,100,100,100,100,12.5,59.375,100,53.125,100,82.8125,96.875,100,100,100,100,87.5,96.875,68.75,59.375,100,100,18.75,68.75,96.875,100,100,100,100,56.25,40.625,100,100,100,45.3125,75,100,70.3125,100,100,56.25,59.375,62.5,96.875,84.375,100,100,100,92.1875,100,79.6875,81.25,100,100,100,100,81.25,100,100,100,100,100,100,87.5,100,29.6875,87.5,100,100,60.9375,100,100,75,37.5,51.5625,48.4375,100,100,57.8125,89.0625,100,100,100,100,100,92.1875,48.4375,76.5625,100,40.625,100,78.125,84.375,100,100,43.75,81.25,87.5,70.3125,75,100,90.625,79.6875,68.75,100,17.1875,100,51.5625,100,100,71.875,100,100,100,100,67.1875,87.5,89.0625,100,100,93.75,35.9375,43.75,100,67.1875,71.875,75,46.875,48.4375,84.375,93.75,32.8125,100,96.875,100,100,100,100,68.75,84.375,100,100,100,100,76.5625,98.4375,100,87.5,100,78.125,65.625,100,60.9375,81.25,89.0625,100,73.4375,98.4375,100,70.3125,100,100,100,81.25,100,65.625,100,100,100,100,95.3125,79.6875,35.9375,18.75,100,82.8125,100,100,100,92.1875,100,82.8125,100,79.6875,100,100,59.375,100,73.4375,46.875,73.4375,100,100,39.0625,100,73.4375,100,15.625,35.9375,100,79.6875,78.125,100,31.25,100,100,100,90.625,100,71.875,51.5625,100,96.875,100,89.0625,70.3125,37.5,96.875,70.3125,100,100,90.625,59.375,50,54.6875,40.625,48.4375,100,89.0625,60.9375,89.0625,100,76.5625,85.9375,95.3125,100,37.5,100,100,100,100,53.125,95.3125,100,100,100,96.875,45.3125,100,100,100,100,75,100,100,100,79.6875,43.75,18.75,100,62.5,65.625,100,100,79.6875,100,20.3125,100,82.8125,82.8125,100,64.0625,100,76.5625,82.8125,78.125,100,90.625,100,100,100,100,100,78.125,54.6875,53.125,45.3125,100,100,98.4375,100,65.625,100,100,100,89.0625,25,100,89.0625,98.4375,85.9375,100,100,98.4375,59.375,100,95.3125,100,100,82.8125,100,76.5625,85.9375,100,100,96.875,89.0625,62.5,95.3125,100,67.1875,65.625,96.875,62.5,100,100,21.875,90.625,79.6875,100,100,78.125,75,59.375,65.625,100,100,100,100,82.8125,31.25,100,93.75,100,100,68.75,100,98.4375,67.1875,100,100,100,100,59.375,100,78.125,20.3125,46.875,100,7.8125,100,100,100,100,84.375,79.6875,100,100,84.375,76.5625,100,100,100,100,100,100,71.875,100,100,89.0625,100,100,84.375,100,71.875,100,93.75,100,100,100,81.25,100,87.5,95.3125,100,100,95.3125,100,93.75,100,54.6875,100,100,60.9375,100,65.625,100,76.5625,92.1875,73.4375,57.8125,100,100,100,100,100,82.8125,84.375,100,100,78.125,59.375,60.9375,100,100,92.1875,100,100,79.6875,100,89.0625,60.9375,100,95.3125,73.4375,100,100,100,92.1875,100,100,45.3125,93.75,100,100,100,64.0625,65.625,25,92.1875,28.125,100,100,59.375,100,75,65.625,53.125,100,96.875,67.1875,87.5,73.4375,100,92.1875,100,100,90.625,95.3125,21.875,56.25,67.1875,71.875,39.0625,100,85.9375,100,100,53.125,100,100,70.3125,100,89.0625,100,87.5,67.1875,96.875,100,17.1875,100,82.8125,75,100,78.125,82.8125,100,100,14.0625,57.8125,98.4375,100,81.25,100,62.5,95.3125,70.3125,60.9375,100,100,100,100,95.3125,100,100,79.6875,78.125,64.0625,78.125,100,62.5,100,75,89.0625,100,100,100,100,100,32.8125,100,100,100,100,64.0625,59.375,90.625,40.625,100,100,39.0625,39.0625,100,81.25,100,100,73.4375,64.0625,70.3125,68.75,100,100,65.625,67.1875,71.875,100,100,100,95.3125,100,56.25,81.25,100,100,100,85.9375,90.625,51.5625,12.5,100,71.875,64.0625,100,78.125,48.4375,71.875,100,20.3125,93.75,54.6875,93.75,93.75,100,100,81.25,96.875,100,81.25,100,100,100,100,100,100,95.3125,71.875,100,81.25,100,100,71.875,75,42.1875,67.1875,100,100,100,100,100,98.4375,60.9375,42.1875,90.625,76.5625,100,100,93.75,100,100,100,100,100,100,100,76.5625,100,89.0625,100,40.625,100,45.3125,100,100,100,100,100,90.625,89.0625,90.625,100,100,92.1875,100,48.4375,98.4375,100,100,100,65.625,53.125,60.9375,100,100,100,54.6875,82.8125,100,100,100,100,100,100,100,64.0625,67.1875,100,31.25,100,100,100,90.625,14.0625,70.3125,85.9375,100,100,87.5,98.4375,100,81.25,75,28.125,29.6875,75,100,100,100,100,100,100,100,100,23.4375,68.75,93.75,71.875,82.8125,35.9375,100,28.125,100,100,50,54.6875,100,100,50,96.875,100,90.625,100,100,100,81.25,96.875,84.375,100,84.375,100,39.0625,100,100,76.5625,78.125,81.25,100,85.9375,100,98.4375,100,100,85.9375,59.375,100,59.375,71.875,100,100,75,100,100,100,100,100,100,100,98.4375,100,100,100,70.3125,100,100,60.9375,100,100,67.1875,100,100,59.375,100,100,100,100,100,100,100,59.375,71.875,26.5625,100,62.5,78.125,14.0625,100,100,100,100,90.625,93.75,100,100,73.4375,98.4375,85.9375,85.9375,60.9375,100,100,100,48.4375,45.3125,100,68.75,90.625,100,100,82.8125,100,92.1875,100,79.6875,100,100,100,100,100,98.4375,75,48.4375,100,100,100,89.0625,100,56.25,100,100,100,59.375,100,100,100,100,100,85.9375,71.875,100,56.25,100,100,79.6875,100,51.5625,100,100,100,100,96.875,100,54.6875,40.625,100,100,50,100,90.625,51.5625,56.25,100,87.5,81.25,79.6875,95.3125,82.8125,57.8125,100,100,39.0625,10.9375,100,51.5625,100,100,100,73.4375,100,71.875,100,100,100,100,46.875,81.25,100,100,89.0625,100,100,100,23.4375,100,64.0625,53.125,100,100,87.5,75,100,100,42.1875,62.5,78.125,100,89.0625,100,78.125,92.1875,100,98.4375,95.3125,96.875,84.375,100,95.3125,81.25,79.6875,81.25,100,100,100,96.875,89.0625,100,93.75,70.3125,71.875,90.625,12.5,50,100,100,100,45.3125,100,100,100,81.25,100,68.75,79.6875,90.625,84.375,100,100,76.5625,64.0625,100,87.5,79.6875,56.25,100,60.9375,100,87.5,79.6875,81.25,100,65.625,54.6875,100,100,100,100,73.4375,43.75,100,100,48.4375,100,100,65.625,81.25,100,100,59.375,93.75,62.5,100,100,57.8125,100,100,85.9375,100,100,40.625,100,73.4375,57.8125,100,100,67.1875,100,100,95.3125,100,100,100,81.25,100,93.75,100,100,100,100,64.0625,60.9375,100,65.625,100,82.8125,100,96.875,85.9375,100,100,92.1875,100,35.9375,28.125,53.125,71.875,65.625,100,100,100,90.625,81.25,79.6875,100,100,56.25,37.5,100,100,100,100,95.3125,79.6875,100,92.1875,100,68.75,85.9375,71.875,100,75,90.625,73.4375,82.8125,98.4375,21.875,95.3125,81.25,56.25,56.25,31.25,100,100,95.3125,100,56.25,100,100,59.375,73.4375,73.4375,100,67.1875,92.1875,81.25,87.5,35.9375,100,100,100,56.25,100,100,89.0625,100,100,100,87.5,100,100,29.6875,100,45.3125,100,100,98.4375,100,46.875,100,81.25,48.4375,100,51.5625,57.8125,100,95.3125,17.1875,85.9375,100,100,100,100,73.4375,100,18.75,100,73.4375,100,100,100,90.625,82.8125,64.0625,100,100,46.875,68.75,100,100,100,100,100,34.375,100,51.5625,100,100,100,81.25,100,51.5625,76.5625,100,93.75,92.1875,57.8125,100,53.125,100,100,100,54.6875,100,84.375,100,56.25,100,100,100,100,100,90.625,84.375,100,93.75,100,100,50,100,100,32.8125,73.4375,100,82.8125,100,100,100,100,100,100,1.5625,96.875,9.375,26.5625,100,81.25,100,70.3125,100,79.6875,100,100,100,85.9375,100,100,100,100,100,82.8125,100,100,100,75,59.375,100,64.0625,100,100,100,76.5625,100,43.75,64.0625,100,100,48.4375,100,100,79.6875,100,100,73.4375,100,98.4375,100,89.0625,100,85.9375,28.125,100,92.1875,95.3125,100,100,100,62.5,100,79.6875,95.3125,84.375,75,100,100,75,100,78.125,100,96.875,57.8125,87.5,67.1875,85.9375,87.5,92.1875,100,93.75,54.6875,100,100,96.875,84.375,100,100,64.0625,70.3125,93.75,71.875,62.5,100,100,71.875,85.9375,100,81.25,34.375,62.5,21.875,100,100,100,59.375,100,59.375,40.625,100,100,100,100,100,57.8125,64.0625,100,54.6875,100,100,70.3125,100,56.25,100,68.75,68.75,100,100,28.125,62.5,100,84.375,100,85.9375,100,100
"6119",93.75,100,39.0625,100,100,82.8125,95.3125,100,21.875,96.875,85.9375,100,100,100,100,76.5625,92.1875,76.5625,100,100,96.875,100,100,100,76.5625,100,100,93.75,82.8125,100,81.25,100,100,84.375,100,92.1875,78.125,100,100,90.625,92.1875,64.0625,92.1875,100,100,100,100,100,67.1875,81.25,75,100,100,68.75,68.75,100,4.6875,100,100,45.3125,89.0625,54.6875,98.4375,51.5625,100,100,100,100,79.6875,100,60.9375,70.3125,93.75,100,82.8125,85.9375,100,59.375,64.0625,100,71.875,100,85.9375,68.75,100,100,100,32.8125,100,100,56.25,82.8125,100,48.4375,84.375,100,100,59.375,100,100,90.625,100,100,92.1875,100,40.625,84.375,53.125,85.9375,100,70.3125,75,100,100,40.625,100,100,100,100,100,75,100,100,90.625,100,56.25,100,18.75,100,100,100,100,100,100,100,64.0625,50,78.125,100,100,100,95.3125,46.875,53.125,100,100,96.875,100,60.9375,82.8125,60.9375,35.9375,78.125,90.625,95.3125,96.875,76.5625,100,46.875,100,100,100,84.375,100,92.1875,71.875,32.8125,89.0625,64.0625,100,90.625,87.5,100,100,98.4375,100,85.9375,100,100,100,100,67.1875,100,100,100,90.625,54.6875,100,100,87.5,17.1875,100,87.5,100,100,100,85.9375,90.625,100,100,54.6875,100,96.875,100,100,100,100,100,73.4375,100,67.1875,100,100,98.4375,76.5625,78.125,10.9375,48.4375,100,45.3125,100,71.875,35.9375,100,100,57.8125,100,100,75,100,76.5625,76.5625,100,100,100,100,89.0625,62.5,100,100,100,100,100,70.3125,100,45.3125,100,90.625,100,62.5,100,76.5625,100,100,100,96.875,100,89.0625,100,100,100,98.4375,37.5,87.5,51.5625,93.75,100,100,100,100,40.625,75,100,68.75,100,26.5625,45.3125,95.3125,85.9375,100,100,40.625,82.8125,100,100,100,67.1875,100,100,100,81.25,100,53.125,45.3125,100,81.25,96.875,90.625,64.0625,75,39.0625,100,71.875,76.5625,100,87.5,78.125,54.6875,89.0625,100,100,60.9375,59.375,100,65.625,95.3125,100,100,70.3125,56.25,81.25,100,50,100,81.25,51.5625,95.3125,96.875,100,64.0625,85.9375,100,62.5,96.875,100,35.9375,100,87.5,98.4375,100,82.8125,79.6875,43.75,37.5,67.1875,68.75,40.625,100,100,73.4375,89.0625,35.9375,100,100,67.1875,100,96.875,71.875,48.4375,92.1875,84.375,85.9375,100,100,56.25,87.5,29.6875,100,98.4375,100,100,100,93.75,50,100,100,98.4375,89.0625,81.25,85.9375,75,85.9375,92.1875,100,100,100,95.3125,100,100,87.5,100,79.6875,100,56.25,100,79.6875,100,67.1875,100,40.625,100,98.4375,100,100,100,93.75,59.375,100,70.3125,65.625,100,96.875,100,84.375,100,87.5,35.9375,53.125,100,75,56.25,100,35.9375,100,100,26.5625,50,100,96.875,100,82.8125,100,84.375,100,73.4375,59.375,68.75,100,100,100,100,93.75,100,89.0625,93.75,100,100,100,92.1875,93.75,96.875,100,100,100,85.9375,70.3125,100,98.4375,100,100,76.5625,65.625,90.625,100,100,71.875,100,100,100,93.75,82.8125,68.75,57.8125,100,100,67.1875,100,100,100,42.1875,76.5625,100,100,64.0625,82.8125,100,53.125,100,70.3125,73.4375,100,79.6875,79.6875,100,65.625,100,98.4375,100,73.4375,71.875,68.75,100,100,100,84.375,70.3125,79.6875,84.375,100,100,62.5,76.5625,68.75,100,100,71.875,100,100,100,100,100,100,100,67.1875,50,98.4375,100,98.4375,56.25,100,39.0625,100,87.5,92.1875,85.9375,71.875,100,79.6875,81.25,100,96.875,28.125,100,35.9375,35.9375,100,84.375,100,100,70.3125,100,100,100,100,100,51.5625,87.5,100,100,100,100,71.875,100,100,100,100,31.25,84.375,100,100,71.875,100,62.5,100,46.875,76.5625,100,70.3125,100,100,100,100,48.4375,81.25,100,100,100,68.75,100,64.0625,100,64.0625,100,100,100,100,79.6875,100,73.4375,96.875,100,100,100,85.9375,92.1875,53.125,59.375,57.8125,100,57.8125,100,100,76.5625,100,65.625,100,48.4375,81.25,100,100,100,100,93.75,87.5,100,100,100,96.875,100,84.375,92.1875,100,100,100,100,100,100,79.6875,23.4375,98.4375,100,100,60.9375,96.875,68.75,79.6875,89.0625,100,100,100,100,95.3125,92.1875,100,43.75,6.25,75,100,28.125,100,100,100,100,100,100,100,100,89.0625,53.125,59.375,64.0625,42.1875,70.3125,98.4375,75,98.4375,92.1875,100,71.875,71.875,40.625,79.6875,95.3125,64.0625,73.4375,100,95.3125,100,100,100,100,76.5625,73.4375,43.75,68.75,100,100,75,62.5,81.25,48.4375,100,46.875,100,28.125,100,100,100,100,57.8125,100,82.8125,90.625,62.5,100,100,71.875,100,100,100,67.1875,100,100,100,76.5625,100,100,100,100,93.75,95.3125,59.375,100,100,100,85.9375,100,100,100,100,100,100,70.3125,100,100,100,54.6875,100,100,35.9375,85.9375,59.375,78.125,40.625,76.5625,98.4375,100,64.0625,81.25,100,100,100,78.125,100,65.625,92.1875,100,100,100,48.4375,50,93.75,71.875,10.9375,100,100,100,43.75,87.5,48.4375,84.375,100,54.6875,98.4375,100,100,85.9375,100,95.3125,89.0625,100,100,65.625,45.3125,79.6875,100,98.4375,100,100,100,100,57.8125,96.875,100,100,32.8125,81.25,100,100,78.125,100,87.5,100,78.125,87.5,100,40.625,90.625,100,100,57.8125,100,76.5625,37.5,100,100,100,96.875,62.5,100,100,78.125,100,31.25,100,54.6875,100,70.3125,79.6875,78.125,100,100,75,100,57.8125,100,100,85.9375,81.25,64.0625,45.3125,100,100,68.75,100,76.5625,48.4375,65.625,100,100,96.875,100,73.4375,100,90.625,100,56.25,100,100,100,100,100,100,100,100,65.625,68.75,100,68.75,96.875,70.3125,100,60.9375,68.75,100,29.6875,100,96.875,57.8125,71.875,60.9375,100,53.125,76.5625,100,98.4375,98.4375,57.8125,100,32.8125,73.4375,67.1875,100,100,96.875,98.4375,100,73.4375,89.0625,100,100,100,100,100,100,21.875,100,78.125,100,90.625,50,100,64.0625,56.25,100,100,35.9375,100,81.25,89.0625,87.5,96.875,70.3125,85.9375,100,100,70.3125,100,85.9375,100,81.25,81.25,62.5,98.4375,57.8125,100,100,50,95.3125,100,34.375,100,96.875,100,100,64.0625,100,100,98.4375,100,100,100,92.1875,100,17.1875,100,100,100,95.3125,100,100,65.625,64.0625,54.6875,100,59.375,25,100,100,100,100,100,82.8125,100,29.6875,100,23.4375,89.0625,70.3125,70.3125,100,89.0625,85.9375,100,100,100,92.1875,100,100,100,100,100,59.375,87.5,89.0625,100,93.75,64.0625,95.3125,71.875,64.0625,100,100,96.875,43.75,84.375,100,78.125,100,81.25,100,54.6875,100,54.6875,100,100,92.1875,42.1875,100,92.1875,79.6875,100,78.125,100,20.3125,100,100,100,100,100,81.25,93.75,100,71.875,76.5625,67.1875,70.3125,100,100,100,100,100,100,100,85.9375,100,81.25,82.8125,96.875,100,100,100,100,100,100,85.9375,100,100,100,100,100,100,65.625,68.75,100,82.8125,75,100,95.3125,78.125,71.875,100,79.6875,84.375,100,73.4375,100,98.4375,100,100,67.1875,100,81.25,40.625,100,100,79.6875,84.375,82.8125,51.5625,84.375,100,100,25,84.375,17.1875,100,100,100,95.3125,100,100,100,100,98.4375,100,68.75,62.5,81.25,92.1875,100,100,90.625,100,81.25,100,100,100,100,100,73.4375,48.4375,100,93.75,48.4375,100,84.375,70.3125,100,82.8125,100,51.5625,100,93.75,100,100,100,65.625,100,76.5625,100,100,100,50,100,100,60.9375,65.625,100,93.75,100,87.5,100,53.125,48.4375,78.125,96.875,100,100,100,100,100,100,100,40.625,100,95.3125,100,100,100,100,100,87.5,100,100,100,100,56.25,100,96.875,100,81.25,75,100,100,100,85.9375,95.3125,100,78.125,78.125,29.6875,96.875,100,100,96.875,43.75,100,78.125,51.5625,71.875,25,68.75,71.875,100,100,95.3125,78.125,51.5625,100,90.625,37.5,100,100,100,100,100,100,17.1875,100,100,100,95.3125,70.3125,98.4375,57.8125,73.4375,65.625,100,100,100,70.3125,95.3125,81.25,100,50,45.3125,100,100,70.3125,100,90.625,100,100,100,78.125,100,75,100,100,100,100,100,29.6875,70.3125,100,100,100,89.0625,48.4375,100,39.0625,100,100,100,62.5,60.9375,67.1875,100,71.875,100,87.5,100,82.8125,100,98.4375,68.75,54.6875,87.5,70.3125,100,100,70.3125,71.875,92.1875,67.1875,100,51.5625,100,89.0625,62.5,93.75,100,78.125,60.9375,100,34.375,100,100,89.0625,100,100,100,100,95.3125,75,100,100,90.625,100,100,96.875,100,85.9375,46.875,100,100,70.3125,100,98.4375,100,87.5,100,100,59.375,62.5,100,46.875,100,100,100,89.0625,100,100,100,100,85.9375,56.25,96.875,100,100,60.9375,100,43.75,100,100,53.125,70.3125,85.9375,89.0625,100,50,92.1875,81.25,64.0625,54.6875,43.75,100,100,75,59.375,60.9375,57.8125,75,85.9375,95.3125,100,89.0625,100,50,64.0625,70.3125,60.9375,95.3125,100,95.3125,100,100,100,81.25,90.625,68.75,82.8125,92.1875,100,100,96.875,73.4375,37.5,100,100,98.4375,100,100,78.125,96.875,35.9375,73.4375,79.6875,100,100,100,100,68.75,100,78.125,100,56.25,50,78.125,57.8125,95.3125,21.875,14.0625,95.3125,100,100,100,60.9375,43.75,92.1875,100,76.5625,70.3125,100,100,57.8125,71.875,100,100,100,100,100,75,6.25,100,92.1875,100,87.5,81.25,96.875,100,100,100,95.3125,100,100,100,43.75,98.4375,100,100,100,85.9375,100,70.3125,100,100,70.3125,70.3125,100,92.1875,100,70.3125,76.5625,76.5625,100,100,79.6875,100,100,95.3125,42.1875,95.3125,100,93.75,79.6875,76.5625,100,100,71.875,100,42.1875,100,100,100,100,100,54.6875,62.5,60.9375,100,76.5625,100,87.5,100,100,100,100,100,100,100,98.4375,96.875,100,100,100,100,100,100,100,39.0625,100,100,75,100,53.125,100,93.75,71.875,85.9375,100,95.3125,100,96.875,100,37.5,100,46.875,100,100,100,100,100,81.25,100,100,100,100,53.125,100,81.25,100,68.75,100,70.3125,100,100,100,100,42.1875,100,100,100,93.75,96.875,100,82.8125,87.5,100,26.5625,78.125,78.125,78.125,79.6875,64.0625,64.0625,51.5625,79.6875,73.4375,100,75,100,100,90.625,93.75,87.5,82.8125,89.0625,60.9375,100,75,100,100,26.5625,37.5,100,100,100,100,51.5625,56.25,92.1875,100,85.9375,100,20.3125,82.8125,100,100,100,100,93.75,100,100,79.6875,100,100,90.625,100,100,100,100,100,100,96.875,100,100,100,100,100,59.375,100,100,95.3125,79.6875,92.1875,100,92.1875,100,84.375,71.875,60.9375,71.875,100,100,70.3125,100,100,85.9375,71.875,64.0625,82.8125,100,60.9375,100,100,100,26.5625,53.125,98.4375,85.9375,100,100,89.0625,100,40.625,84.375,78.125,51.5625,100,100,85.9375,100,90.625,100,100,100,76.5625,100,100,57.8125,45.3125,100,95.3125,100,100,70.3125,87.5,100,100,100,95.3125,100,42.1875,20.3125,100,100,100,100,85.9375,100,100,100,100,100,12.5,59.375,95.3125,100,100,89.0625,92.1875,100,73.4375,100,100,73.4375,100,64.0625,85.9375,100,100,20.3125,100,89.0625,100,100,100,100,15.625,40.625,100,100,100,56.25,76.5625,100,84.375,100,100,57.8125,59.375,62.5,96.875,84.375,100,100,100,68.75,100,89.0625,89.0625,100,100,100,100,87.5,100,100,100,100,100,100,90.625,100,15.625,85.9375,100,100,100,100,100,82.8125,100,51.5625,50,95.3125,100,53.125,85.9375,100,100,100,100,100,79.6875,100,79.6875,100,37.5,100,71.875,89.0625,100,100,90.625,100,89.0625,35.9375,53.125,100,92.1875,75,68.75,100,17.1875,100,79.6875,100,100,73.4375,100,100,100,89.0625,64.0625,92.1875,79.6875,100,100,95.3125,59.375,43.75,82.8125,68.75,71.875,71.875,100,68.75,82.8125,93.75,31.25,100,76.5625,100,17.1875,100,100,39.0625,82.8125,100,95.3125,100,71.875,82.8125,90.625,100,92.1875,100,75,65.625,20.3125,57.8125,89.0625,18.75,100,73.4375,100,100,62.5,100,98.4375,79.6875,68.75,100,28.125,100,95.3125,100,100,95.3125,96.875,23.4375,75,100,84.375,100,100,100,95.3125,100,82.8125,100,84.375,100,70.3125,100,100,78.125,50,82.8125,100,100,56.25,93.75,56.25,100,42.1875,35.9375,100,73.4375,78.125,100,31.25,100,100,100,82.8125,100,90.625,43.75,100,98.4375,100,93.75,60.9375,34.375,100,70.3125,100,100,89.0625,87.5,100,54.6875,40.625,100,100,67.1875,62.5,89.0625,100,67.1875,85.9375,95.3125,100,46.875,100,37.5,100,100,60.9375,82.8125,100,100,100,98.4375,51.5625,100,100,100,100,98.4375,100,100,100,85.9375,100,18.75,100,56.25,70.3125,100,100,57.8125,100,18.75,100,100,84.375,100,82.8125,100,76.5625,90.625,76.5625,100,89.0625,100,98.4375,100,100,100,75,53.125,100,28.125,100,100,100,100,48.4375,98.4375,100,100,90.625,56.25,100,89.0625,87.5,68.75,100,96.875,100,56.25,100,78.125,100,100,57.8125,100,76.5625,90.625,100,100,100,100,67.1875,100,100,67.1875,100,84.375,64.0625,100,100,45.3125,81.25,81.25,96.875,100,65.625,73.4375,59.375,67.1875,100,100,100,100,100,31.25,100,95.3125,100,100,89.0625,100,98.4375,67.1875,98.4375,100,100,93.75,59.375,100,82.8125,7.8125,46.875,100,56.25,100,100,100,96.875,92.1875,81.25,100,100,90.625,87.5,100,100,20.3125,100,100,100,71.875,100,100,100,100,100,85.9375,100,100,100,89.0625,100,100,100,34.375,100,90.625,82.8125,100,100,100,100,89.0625,100,54.6875,100,100,60.9375,100,65.625,100,76.5625,93.75,70.3125,75,100,28.125,100,100,100,100,85.9375,100,95.3125,100,59.375,60.9375,78.125,100,90.625,100,100,89.0625,100,89.0625,60.9375,100,100,85.9375,100,50,100,85.9375,90.625,26.5625,45.3125,79.6875,100,100,100,65.625,65.625,26.5625,90.625,21.875,100,100,59.375,100,57.8125,64.0625,57.8125,100,90.625,60.9375,84.375,73.4375,100,90.625,100,100,92.1875,96.875,20.3125,54.6875,67.1875,71.875,39.0625,100,85.9375,100,100,57.8125,100,100,81.25,100,84.375,75,84.375,67.1875,100,100,17.1875,100,93.75,70.3125,100,82.8125,82.8125,59.375,100,48.4375,60.9375,95.3125,100,84.375,100,100,100,53.125,60.9375,100,100,100,100,98.4375,100,100,79.6875,78.125,64.0625,87.5,79.6875,62.5,100,82.8125,78.125,100,100,96.875,100,100,35.9375,98.4375,100,100,100,100,93.75,90.625,45.3125,100,100,57.8125,39.0625,62.5,81.25,100,100,75,73.4375,93.75,100,100,100,67.1875,68.75,78.125,100,100,100,100,100,59.375,84.375,100,100,100,85.9375,67.1875,40.625,21.875,100,71.875,62.5,100,75,48.4375,85.9375,100,20.3125,93.75,54.6875,89.0625,100,100,100,100,100,90.625,85.9375,100,100,100,100,100,100,93.75,73.4375,100,93.75,100,100,78.125,84.375,43.75,65.625,100,100,100,100,100,100,54.6875,42.1875,92.1875,92.1875,100,100,90.625,92.1875,100,100,68.75,14.0625,96.875,95.3125,50,100,93.75,100,40.625,100,82.8125,100,100,100,100,100,95.3125,100,90.625,100,100,92.1875,93.75,59.375,93.75,87.5,100,100,70.3125,56.25,46.875,100,45.3125,100,48.4375,75,100,100,100,100,18.75,100,100,43.75,65.625,100,32.8125,34.375,100,100,90.625,98.4375,70.3125,87.5,100,100,76.5625,95.3125,100,100,70.3125,89.0625,21.875,71.875,100,100,100,100,100,100,93.75,100,84.375,85.9375,93.75,67.1875,68.75,56.25,100,25,100,100,42.1875,54.6875,100,100,100,100,100,90.625,100,100,100,81.25,84.375,76.5625,100,81.25,100,42.1875,100,100,81.25,57.8125,65.625,100,71.875,100,98.4375,100,100,84.375,64.0625,100,59.375,75,100,100,78.125,100,100,96.875,100,100,100,98.4375,100,100,100,100,70.3125,100,100,59.375,100,100,64.0625,100,98.4375,59.375,100,100,100,100,100,95.3125,100,56.25,71.875,62.5,100,62.5,76.5625,73.4375,100,100,100,100,90.625,90.625,100,98.4375,75,92.1875,89.0625,100,64.0625,100,100,68.75,48.4375,100,100,100,92.1875,100,100,75,81.25,92.1875,100,78.125,100,26.5625,100,100,100,100,75,56.25,100,100,100,89.0625,100,56.25,100,100,45.3125,57.8125,100,100,100,100,98.4375,68.75,100,100,100,100,100,59.375,100,56.25,84.375,100,100,100,93.75,100,100,100,100,100,60.9375,84.375,89.0625,90.625,50,100,100,82.8125,100,82.8125,100,57.8125,100,100,39.0625,10.9375,100,67.1875,100,100,100,73.4375,100,73.4375,100,100,100,100,35.9375,89.0625,100,100,87.5,95.3125,100,100,25,100,64.0625,54.6875,100,100,84.375,79.6875,100,100,100,64.0625,81.25,100,92.1875,100,71.875,92.1875,96.875,98.4375,100,100,85.9375,100,92.1875,82.8125,92.1875,81.25,100,100,100,96.875,100,100,95.3125,68.75,46.875,90.625,18.75,45.3125,100,100,100,48.4375,31.25,100,100,100,100,75,79.6875,70.3125,84.375,100,95.3125,100,67.1875,100,100,82.8125,40.625,100,57.8125,100,81.25,79.6875,81.25,100,73.4375,54.6875,100,100,100,100,73.4375,39.0625,100,100,48.4375,100,81.25,67.1875,50,100,100,57.8125,92.1875,57.8125,100,100,70.3125,92.1875,100,100,96.875,100,37.5,100,75,57.8125,100,100,64.0625,100,100,85.9375,100,100,100,92.1875,100,92.1875,100,100,100,100,73.4375,65.625,100,67.1875,100,84.375,100,45.3125,89.0625,100,100,87.5,100,35.9375,42.1875,50,62.5,64.0625,100,100,60.9375,100,93.75,100,100,53.125,56.25,37.5,100,100,100,100,89.0625,79.6875,100,93.75,100,79.6875,100,71.875,100,82.8125,14.0625,57.8125,76.5625,90.625,18.75,96.875,64.0625,100,57.8125,42.1875,100,95.3125,100,100,56.25,85.9375,100,59.375,71.875,100,100,50,90.625,79.6875,85.9375,34.375,100,100,100,62.5,100,100,89.0625,100,95.3125,73.4375,89.0625,100,100,21.875,100,43.75,100,100,89.0625,100,45.3125,100,89.0625,42.1875,100,53.125,46.875,100,100,17.1875,85.9375,100,100,100,100,75,92.1875,29.6875,100,70.3125,100,100,100,92.1875,81.25,64.0625,100,100,45.3125,68.75,100,100,100,100,100,32.8125,100,51.5625,100,100,100,76.5625,100,57.8125,100,100,93.75,92.1875,56.25,93.75,53.125,100,100,34.375,100,100,67.1875,100,60.9375,100,100,100,100,100,92.1875,84.375,100,96.875,100,100,100,78.125,87.5,28.125,73.4375,100,87.5,32.8125,100,100,100,100,100,1.5625,96.875,23.4375,28.125,100,87.5,100,78.125,100,89.0625,100,100,95.3125,84.375,100,85.9375,100,100,93.75,85.9375,100,100,100,3.125,59.375,100,68.75,100,100,93.75,73.4375,100,50,64.0625,100,100,50,100,100,60.9375,100,100,85.9375,29.6875,96.875,100,89.0625,93.75,100,26.5625,100,78.125,98.4375,100,70.3125,100,62.5,100,78.125,84.375,40.625,71.875,100,100,70.3125,100,82.8125,100,100,59.375,100,71.875,82.8125,51.5625,62.5,100,29.6875,87.5,100,100,96.875,92.1875,100,100,64.0625,71.875,96.875,45.3125,64.0625,100,100,73.4375,75,100,85.9375,32.8125,68.75,100,100,100,100,26.5625,100,59.375,40.625,100,93.75,100,100,100,100,62.5,100,54.6875,85.9375,100,70.3125,100,53.125,85.9375,62.5,98.4375,100,100,21.875,56.25,100,85.9375,98.4375,100,100,100
"6120",89.0625,100,43.75,100,100,84.375,95.3125,100,21.875,92.1875,95.3125,100,100,100,100,76.5625,82.8125,76.5625,25,100,96.875,93.75,100,100,76.5625,100,100,93.75,85.9375,100,100,100,100,95.3125,100,98.4375,84.375,100,67.1875,90.625,93.75,65.625,79.6875,100,100,100,100,100,65.625,87.5,75,100,100,68.75,48.4375,100,6.25,100,100,42.1875,84.375,59.375,98.4375,100,100,100,100,100,65.625,100,60.9375,78.125,100,100,59.375,100,100,100,62.5,100,65.625,100,81.25,68.75,100,100,100,43.75,100,100,54.6875,84.375,100,48.4375,78.125,100,100,62.5,100,100,76.5625,100,100,92.1875,75,43.75,85.9375,51.5625,85.9375,100,65.625,71.875,100,89.0625,40.625,100,100,100,100,100,82.8125,100,100,90.625,76.5625,56.25,100,18.75,100,100,100,100,100,53.125,100,64.0625,54.6875,78.125,100,100,100,100,43.75,54.6875,100,100,93.75,100,60.9375,84.375,56.25,37.5,78.125,92.1875,98.4375,93.75,75,100,100,100,100,100,85.9375,100,100,71.875,37.5,89.0625,62.5,100,100,81.25,100,100,48.4375,100,84.375,100,100,84.375,100,50,100,100,100,100,54.6875,93.75,100,87.5,100,100,87.5,100,100,100,93.75,92.1875,100,100,42.1875,100,95.3125,100,100,100,98.4375,100,100,100,68.75,100,100,100,78.125,78.125,60.9375,81.25,100,48.4375,100,84.375,68.75,100,100,57.8125,100,100,100,100,81.25,76.5625,100,95.3125,100,100,93.75,60.9375,100,100,100,100,100,100,100,40.625,100,89.0625,100,67.1875,100,76.5625,89.0625,92.1875,100,92.1875,100,60.9375,100,100,81.25,100,35.9375,90.625,100,98.4375,100,100,65.625,100,46.875,60.9375,100,100,100,28.125,45.3125,100,82.8125,100,90.625,48.4375,85.9375,100,100,100,65.625,98.4375,100,100,81.25,100,57.8125,56.25,100,100,100,92.1875,70.3125,75,37.5,100,84.375,68.75,100,89.0625,96.875,40.625,92.1875,100,100,100,59.375,100,100,95.3125,100,100,87.5,60.9375,89.0625,100,50,100,78.125,60.9375,92.1875,96.875,100,100,90.625,100,67.1875,100,95.3125,35.9375,78.125,87.5,100,100,100,81.25,42.1875,37.5,67.1875,68.75,42.1875,100,82.8125,65.625,100,70.3125,100,100,70.3125,100,45.3125,70.3125,56.25,42.1875,85.9375,87.5,100,100,84.375,67.1875,29.6875,100,98.4375,100,100,100,100,43.75,84.375,100,95.3125,100,85.9375,100,81.25,46.875,100,100,100,20.3125,100,48.4375,78.125,92.1875,100,89.0625,100,100,100,81.25,100,68.75,85.9375,35.9375,100,100,100,100,100,90.625,59.375,100,68.75,89.0625,100,96.875,90.625,89.0625,100,39.0625,39.0625,56.25,100,75,18.75,87.5,37.5,100,85.9375,43.75,42.1875,100,95.3125,100,81.25,100,84.375,100,76.5625,59.375,56.25,100,100,100,100,93.75,100,82.8125,100,100,100,100,84.375,92.1875,89.0625,100,100,100,84.375,71.875,100,93.75,100,100,76.5625,71.875,82.8125,100,100,68.75,100,100,100,78.125,67.1875,68.75,62.5,100,100,67.1875,100,100,100,100,96.875,93.75,100,64.0625,82.8125,100,50,100,68.75,73.4375,100,81.25,79.6875,100,65.625,100,100,100,67.1875,68.75,73.4375,100,100,100,90.625,67.1875,76.5625,84.375,100,100,62.5,68.75,68.75,100,42.1875,100,100,98.4375,100,100,90.625,100,100,64.0625,48.4375,93.75,100,87.5,53.125,100,39.0625,100,98.4375,100,84.375,71.875,100,81.25,48.4375,100,100,100,100,35.9375,34.375,100,82.8125,100,100,70.3125,100,100,42.1875,100,92.1875,45.3125,71.875,100,92.1875,98.4375,100,71.875,100,100,100,100,31.25,100,100,100,65.625,100,76.5625,100,48.4375,71.875,100,75,100,100,65.625,100,100,100,81.25,100,100,65.625,100,64.0625,100,65.625,100,100,100,100,84.375,84.375,68.75,98.4375,100,100,100,100,68.75,100,59.375,46.875,100,73.4375,100,100,75,100,73.4375,100,100,100,100,100,100,100,90.625,84.375,100,100,100,100,100,100,85.9375,100,100,100,100,100,100,100,100,96.875,90.625,100,60.9375,96.875,71.875,100,90.625,100,100,100,100,79.6875,90.625,100,42.1875,6.25,89.0625,100,28.125,100,100,100,100,100,100,100,100,89.0625,53.125,59.375,70.3125,43.75,71.875,98.4375,78.125,100,92.1875,81.25,81.25,76.5625,40.625,73.4375,95.3125,45.3125,96.875,100,100,100,100,100,100,76.5625,100,45.3125,68.75,100,100,75,68.75,64.0625,46.875,100,65.625,100,53.125,100,100,100,100,59.375,100,100,90.625,67.1875,100,100,75,100,100,17.1875,67.1875,100,100,100,70.3125,71.875,100,100,100,90.625,93.75,73.4375,100,84.375,100,93.75,100,100,100,100,100,100,70.3125,100,100,100,39.0625,100,100,35.9375,85.9375,100,60.9375,39.0625,71.875,100,100,64.0625,100,100,100,100,71.875,100,65.625,89.0625,100,100,93.75,50,67.1875,93.75,75,4.6875,100,100,100,45.3125,46.875,48.4375,82.8125,100,100,79.6875,100,100,85.9375,100,100,90.625,53.125,100,78.125,46.875,100,100,73.4375,100,100,100,100,57.8125,100,84.375,100,65.625,100,100,100,21.875,100,90.625,100,82.8125,82.8125,100,39.0625,82.8125,100,100,53.125,100,100,100,100,100,100,95.3125,62.5,100,100,82.8125,90.625,100,100,34.375,100,70.3125,84.375,79.6875,100,100,100,100,56.25,100,100,70.3125,81.25,65.625,85.9375,100,100,70.3125,100,76.5625,57.8125,65.625,100,100,82.8125,100,98.4375,100,98.4375,100,57.8125,100,100,100,100,98.4375,100,100,100,64.0625,53.125,100,68.75,93.75,70.3125,100,60.9375,68.75,100,40.625,100,96.875,57.8125,100,62.5,68.75,73.4375,75,100,96.875,100,60.9375,100,32.8125,73.4375,67.1875,100,100,100,98.4375,85.9375,73.4375,100,100,100,100,100,79.6875,100,21.875,100,78.125,89.0625,100,53.125,100,71.875,56.25,93.75,100,35.9375,100,78.125,100,85.9375,100,70.3125,57.8125,100,100,70.3125,100,89.0625,100,65.625,81.25,95.3125,100,60.9375,100,100,57.8125,93.75,100,34.375,67.1875,100,100,100,54.6875,100,100,100,100,100,100,93.75,100,100,100,81.25,100,100,100,100,60.9375,64.0625,100,100,60.9375,23.4375,95.3125,98.4375,100,100,51.5625,75,100,29.6875,100,25,89.0625,73.4375,70.3125,100,89.0625,87.5,100,100,100,98.4375,100,100,100,100,100,62.5,87.5,7.8125,100,93.75,68.75,95.3125,71.875,70.3125,100,100,100,39.0625,84.375,100,81.25,100,76.5625,100,100,100,51.5625,100,100,89.0625,43.75,100,93.75,82.8125,100,78.125,100,93.75,89.0625,100,100,67.1875,100,81.25,100,100,89.0625,76.5625,70.3125,70.3125,100,100,100,100,100,100,100,78.125,100,82.8125,93.75,100,100,100,100,25,100,100,89.0625,93.75,95.3125,100,100,95.3125,100,67.1875,43.75,100,84.375,21.875,100,100,71.875,67.1875,100,81.25,100,100,71.875,100,67.1875,100,100,64.0625,100,100,42.1875,84.375,100,85.9375,95.3125,100,45.3125,78.125,100,100,100,76.5625,17.1875,100,100,98.4375,100,100,100,100,100,89.0625,90.625,100,62.5,78.125,89.0625,92.1875,100,90.625,100,87.5,100,100,100,100,100,73.4375,100,100,93.75,100,100,82.8125,57.8125,100,82.8125,100,53.125,100,100,100,100,100,50,100,75,100,100,100,62.5,100,100,56.25,65.625,100,93.75,100,87.5,100,95.3125,51.5625,78.125,93.75,100,100,100,100,100,43.75,100,39.0625,51.5625,96.875,100,100,100,100,35.9375,100,100,92.1875,100,100,100,100,96.875,100,81.25,75,100,100,100,85.9375,100,100,82.8125,73.4375,100,98.4375,100,100,87.5,26.5625,100,51.5625,51.5625,39.0625,100,65.625,90.625,100,100,98.4375,79.6875,48.4375,100,100,34.375,100,100,100,100,100,100,100,100,100,100,89.0625,68.75,98.4375,60.9375,100,60.9375,100,100,100,73.4375,95.3125,81.25,100,98.4375,46.875,100,100,65.625,65.625,100,100,100,100,81.25,85.9375,68.75,100,65.625,100,100,100,29.6875,73.4375,100,100,100,90.625,50,100,37.5,100,100,100,100,65.625,68.75,100,73.4375,100,100,37.5,84.375,100,70.3125,68.75,53.125,87.5,71.875,100,100,79.6875,71.875,67.1875,67.1875,62.5,51.5625,100,75,68.75,57.8125,100,78.125,57.8125,100,35.9375,92.1875,100,98.4375,100,100,100,100,96.875,75,100,100,100,89.0625,100,96.875,100,85.9375,81.25,95.3125,100,60.9375,100,90.625,100,65.625,100,100,60.9375,62.5,100,100,100,28.125,100,89.0625,100,100,100,100,92.1875,100,100,100,100,73.4375,100,42.1875,90.625,50,54.6875,71.875,85.9375,87.5,100,100,93.75,75,65.625,54.6875,51.5625,100,100,75,59.375,60.9375,71.875,60.9375,89.0625,95.3125,90.625,89.0625,100,50,93.75,65.625,100,100,100,100,100,100,100,85.9375,96.875,62.5,92.1875,93.75,100,100,100,71.875,39.0625,92.1875,100,100,100,100,76.5625,100,37.5,71.875,76.5625,100,100,100,100,100,100,85.9375,100,53.125,50,78.125,70.3125,95.3125,100,100,100,100,100,100,60.9375,42.1875,89.0625,100,76.5625,68.75,100,100,60.9375,100,100,46.875,98.4375,100,100,75,100,100,92.1875,100,89.0625,100,98.4375,100,100,100,93.75,100,100,100,98.4375,81.25,100,100,100,82.8125,81.25,71.875,100,100,71.875,71.875,100,92.1875,100,71.875,87.5,76.5625,100,100,100,100,100,100,39.0625,93.75,82.8125,89.0625,78.125,78.125,100,100,54.6875,100,100,100,100,100,100,100,57.8125,64.0625,75,100,79.6875,100,79.6875,100,100,100,100,98.4375,100,100,90.625,100,100,100,100,100,100,100,100,100,100,98.4375,59.375,100,54.6875,90.625,92.1875,100,100,100,95.3125,100,81.25,100,39.0625,100,50,100,96.875,100,100,76.5625,79.6875,100,100,90.625,100,48.4375,100,78.125,100,71.875,100,68.75,100,100,100,100,50,90.625,100,100,79.6875,85.9375,100,100,93.75,100,37.5,100,67.1875,65.625,37.5,98.4375,56.25,26.5625,68.75,73.4375,100,87.5,100,87.5,90.625,100,87.5,76.5625,59.375,54.6875,100,89.0625,59.375,100,65.625,34.375,100,100,100,100,51.5625,56.25,100,100,84.375,100,20.3125,82.8125,100,90.625,100,100,95.3125,100,100,92.1875,100,79.6875,87.5,100,100,18.75,100,75,100,82.8125,100,98.4375,100,100,100,59.375,100,100,96.875,73.4375,96.875,71.875,81.25,100,87.5,71.875,57.8125,68.75,100,100,71.875,100,100,87.5,68.75,100,84.375,100,15.625,100,100,100,71.875,56.25,100,93.75,100,100,81.25,100,43.75,85.9375,75,50,100,100,90.625,100,100,100,76.5625,98.4375,64.0625,65.625,100,57.8125,42.1875,100,95.3125,53.125,100,53.125,87.5,100,100,100,95.3125,100,42.1875,20.3125,100,100,100,100,100,100,100,100,100,100,14.0625,56.25,93.75,100,100,84.375,100,100,100,100,100,84.375,100,64.0625,53.125,100,100,23.4375,95.3125,95.3125,100,100,100,100,39.0625,56.25,100,100,100,46.875,70.3125,100,85.9375,65.625,100,56.25,60.9375,62.5,90.625,85.9375,100,100,100,84.375,100,98.4375,90.625,96.875,100,96.875,100,92.1875,98.4375,100,100,100,100,100,87.5,100,26.5625,85.9375,48.4375,100,79.6875,100,100,89.0625,98.4375,51.5625,54.6875,100,100,54.6875,78.125,100,100,100,100,100,82.8125,100,81.25,100,35.9375,100,70.3125,78.125,100,100,100,96.875,89.0625,100,76.5625,100,100,76.5625,68.75,100,17.1875,100,100,100,100,71.875,100,100,100,100,90.625,46.875,98.4375,70.3125,100,92.1875,59.375,98.4375,28.125,67.1875,79.6875,75,100,65.625,84.375,93.75,100,100,75,100,100,100,100,37.5,82.8125,100,100,100,67.1875,84.375,95.3125,100,100,100,76.5625,65.625,100,57.8125,90.625,100,100,73.4375,98.4375,100,68.75,100,100,100,78.125,100,25,100,100,100,100,98.4375,96.875,23.4375,100,100,43.75,100,100,100,100,100,82.8125,100,84.375,100,100,53.125,100,84.375,51.5625,75,100,100,48.4375,100,64.0625,100,35.9375,35.9375,100,70.3125,76.5625,100,31.25,100,100,100,90.625,78.125,98.4375,54.6875,100,85.9375,100,60.9375,62.5,34.375,100,70.3125,100,100,89.0625,59.375,100,54.6875,40.625,9.375,100,90.625,60.9375,89.0625,100,76.5625,84.375,95.3125,100,100,100,37.5,100,100,79.6875,100,100,100,100,100,46.875,100,100,100,100,85.9375,100,100,100,100,100,92.1875,100,59.375,71.875,100,100,62.5,100,20.3125,100,100,81.25,100,76.5625,100,76.5625,79.6875,76.5625,100,89.0625,100,100,95.3125,100,100,51.5625,42.1875,51.5625,62.5,65.625,100,100,100,60.9375,100,100,100,98.4375,96.875,100,90.625,82.8125,78.125,100,100,100,96.875,100,81.25,100,100,96.875,100,76.5625,87.5,100,100,100,87.5,64.0625,100,100,67.1875,100,96.875,65.625,100,100,28.125,84.375,81.25,87.5,100,71.875,73.4375,59.375,67.1875,100,100,100,100,100,32.8125,100,95.3125,100,100,85.9375,100,12.5,67.1875,100,100,100,98.4375,59.375,46.875,73.4375,4.6875,48.4375,100,10.9375,100,100,100,75,32.8125,85.9375,100,100,100,78.125,100,100,100,100,100,100,73.4375,100,100,100,100,100,85.9375,100,79.6875,100,92.1875,100,92.1875,96.875,81.25,100,75,79.6875,100,100,95.3125,100,90.625,100,71.875,100,100,60.9375,100,65.625,100,78.125,93.75,71.875,70.3125,100,100,100,98.4375,100,84.375,81.25,100,98.4375,100,60.9375,57.8125,100,100,90.625,100,92.1875,79.6875,100,87.5,59.375,100,93.75,60.9375,100,50,100,89.0625,100,28.125,45.3125,82.8125,100,100,100,65.625,64.0625,28.125,87.5,46.875,100,100,59.375,100,62.5,65.625,57.8125,100,90.625,46.875,84.375,100,100,90.625,100,100,90.625,95.3125,20.3125,56.25,70.3125,71.875,39.0625,100,85.9375,100,100,53.125,100,100,75,100,87.5,75,85.9375,65.625,100,100,20.3125,100,98.4375,73.4375,100,78.125,76.5625,79.6875,100,32.8125,57.8125,89.0625,100,78.125,100,100,95.3125,59.375,62.5,100,100,100,100,95.3125,100,100,82.8125,75,64.0625,92.1875,100,62.5,100,100,100,100,100,96.875,98.4375,100,35.9375,100,100,100,100,76.5625,87.5,90.625,39.0625,100,100,57.8125,39.0625,100,81.25,100,100,75,64.0625,100,100,62.5,100,67.1875,67.1875,76.5625,100,54.6875,100,100,100,78.125,82.8125,54.6875,100,100,87.5,100,51.5625,9.375,100,71.875,62.5,100,50,89.0625,79.6875,92.1875,20.3125,93.75,54.6875,93.75,79.6875,100,100,42.1875,100,79.6875,90.625,100,100,100,81.25,100,100,95.3125,100,100,89.0625,100,100,71.875,68.75,65.625,67.1875,100,100,12.5,100,100,96.875,59.375,42.1875,89.0625,100,100,100,100,100,100,100,100,60.9375,100,89.0625,81.25,100,93.75,100,40.625,100,56.25,100,100,100,100,100,89.0625,100,71.875,100,100,92.1875,100,31.25,89.0625,100,100,100,68.75,56.25,51.5625,100,100,100,46.875,75,100,100,100,100,48.4375,100,100,60.9375,64.0625,75,31.25,100,100,100,100,100,70.3125,85.9375,93.75,100,82.8125,100,100,100,78.125,81.25,23.4375,76.5625,100,100,100,100,100,100,98.4375,100,100,68.75,95.3125,78.125,82.8125,65.625,100,25,100,67.1875,100,56.25,100,100,100,100,100,90.625,95.3125,100,100,81.25,100,93.75,100,85.9375,100,42.1875,73.4375,35.9375,79.6875,60.9375,81.25,100,79.6875,100,96.875,100,100,84.375,65.625,100,62.5,75,100,100,79.6875,100,100,100,100,100,95.3125,100,98.4375,100,100,100,67.1875,100,100,59.375,100,100,65.625,100,100,62.5,79.6875,100,100,100,100,100,100,57.8125,71.875,65.625,100,62.5,76.5625,60.9375,100,100,100,100,89.0625,100,42.1875,100,73.4375,100,89.0625,100,81.25,100,100,100,48.4375,100,100,100,90.625,100,100,90.625,25,93.75,100,39.0625,100,56.25,100,100,100,100,75,51.5625,100,100,100,89.0625,100,56.25,100,100,43.75,59.375,100,100,100,100,96.875,68.75,100,100,54.6875,100,100,73.4375,100,59.375,100,100,100,100,93.75,100,54.6875,100,100,100,48.4375,100,90.625,100,51.5625,100,100,79.6875,84.375,82.8125,95.3125,76.5625,100,100,39.0625,10.9375,100,48.4375,100,100,100,70.3125,87.5,84.375,100,100,100,100,35.9375,100,100,98.4375,78.125,93.75,85.9375,100,26.5625,90.625,64.0625,59.375,100,100,81.25,78.125,100,100,9.375,100,81.25,100,100,100,78.125,92.1875,100,98.4375,96.875,92.1875,100,100,79.6875,81.25,21.875,81.25,100,100,100,96.875,100,100,90.625,70.3125,67.1875,89.0625,78.125,51.5625,100,100,100,45.3125,93.75,100,100,100,100,76.5625,79.6875,98.4375,82.8125,100,100,100,65.625,100,100,81.25,53.125,100,57.8125,100,48.4375,79.6875,79.6875,100,71.875,54.6875,100,100,100,100,73.4375,45.3125,100,100,48.4375,100,100,68.75,42.1875,100,100,53.125,92.1875,60.9375,100,96.875,100,100,100,100,100,100,37.5,100,76.5625,100,100,100,64.0625,100,100,78.125,100,100,100,89.0625,100,95.3125,100,87.5,100,100,81.25,59.375,100,67.1875,100,71.875,100,71.875,87.5,100,100,90.625,100,35.9375,100,54.6875,73.4375,62.5,100,100,85.9375,45.3125,100,79.6875,100,53.125,56.25,35.9375,100,45.3125,100,100,95.3125,76.5625,85.9375,92.1875,100,71.875,92.1875,71.875,100,78.125,29.6875,100,75,100,18.75,95.3125,81.25,100,56.25,12.5,100,100,100,100,57.8125,100,100,59.375,100,79.6875,100,70.3125,98.4375,81.25,87.5,45.3125,93.75,96.875,100,64.0625,100,100,90.625,100,96.875,65.625,84.375,100,100,23.4375,100,40.625,100,100,85.9375,100,46.875,100,81.25,51.5625,100,50,51.5625,98.4375,100,17.1875,85.9375,100,100,45.3125,100,79.6875,82.8125,23.4375,100,84.375,100,96.875,100,100,78.125,65.625,100,100,46.875,68.75,100,100,57.8125,100,100,31.25,100,54.6875,100,100,100,82.8125,100,57.8125,100,100,93.75,92.1875,51.5625,84.375,53.125,100,100,100,87.5,100,100,100,62.5,100,100,100,100,100,90.625,82.8125,100,100,100,100,100,100,85.9375,39.0625,70.3125,100,87.5,100,100,100,100,100,100,1.5625,98.4375,100,35.9375,100,78.125,100,100,100,92.1875,100,100,37.5,84.375,100,100,100,100,100,84.375,100,75,100,7.8125,54.6875,100,64.0625,100,100,73.4375,73.4375,100,48.4375,64.0625,100,100,62.5,100,100,65.625,100,100,73.4375,100,100,100,89.0625,100,53.125,26.5625,100,93.75,96.875,48.4375,76.5625,100,62.5,100,78.125,95.3125,68.75,75,100,48.4375,75,100,78.125,100,100,59.375,100,67.1875,79.6875,75,89.0625,92.1875,39.0625,57.8125,100,100,96.875,84.375,100,100,64.0625,79.6875,95.3125,92.1875,64.0625,100,100,64.0625,85.9375,100,93.75,32.8125,46.875,68.75,100,100,100,46.875,100,59.375,40.625,100,79.6875,100,100,100,67.1875,60.9375,100,54.6875,76.5625,100,67.1875,100,54.6875,81.25,64.0625,79.6875,100,93.75,45.3125,70.3125,100,85.9375,100,98.4375,100,100
"6121",92.1875,100,31.25,100,100,84.375,95.3125,100,23.4375,98.4375,54.6875,100,100,100,100,76.5625,84.375,81.25,100,100,96.875,98.4375,100,100,76.5625,100,100,93.75,84.375,100,87.5,100,100,100,100,81.25,82.8125,100,100,90.625,92.1875,64.0625,84.375,100,100,100,100,100,68.75,84.375,75,100,100,100,84.375,100,6.25,100,100,45.3125,82.8125,53.125,98.4375,57.8125,100,100,73.4375,100,68.75,100,59.375,76.5625,45.3125,100,59.375,95.3125,100,54.6875,53.125,100,75,100,84.375,71.875,100,100,100,57.8125,100,100,54.6875,82.8125,100,50,64.0625,98.4375,100,59.375,100,100,100,100,100,92.1875,21.875,45.3125,87.5,51.5625,85.9375,100,56.25,100,100,100,40.625,100,100,100,100,100,79.6875,100,100,100,82.8125,54.6875,100,18.75,100,100,100,100,100,100,100,65.625,64.0625,76.5625,100,100,100,96.875,100,67.1875,100,100,92.1875,100,60.9375,81.25,59.375,37.5,79.6875,90.625,95.3125,93.75,76.5625,100,100,100,100,100,82.8125,100,100,71.875,70.3125,90.625,62.5,43.75,87.5,85.9375,100,100,43.75,92.1875,85.9375,100,100,98.4375,90.625,46.875,100,100,84.375,100,54.6875,100,96.875,85.9375,100,100,87.5,100,100,100,95.3125,87.5,100,71.875,32.8125,95.3125,96.875,100,100,100,100,100,73.4375,100,68.75,100,100,100,79.6875,79.6875,68.75,85.9375,100,50,100,73.4375,62.5,100,100,57.8125,100,100,84.375,100,81.25,68.75,100,100,100,100,92.1875,62.5,100,100,100,100,100,68.75,100,39.0625,100,90.625,100,76.5625,100,76.5625,92.1875,89.0625,100,96.875,100,60.9375,100,100,95.3125,98.4375,35.9375,100,46.875,100,100,100,60.9375,100,53.125,57.8125,100,100,100,26.5625,43.75,100,81.25,100,100,50,100,100,100,100,64.0625,98.4375,100,92.1875,84.375,100,67.1875,53.125,100,100,93.75,82.8125,64.0625,75,37.5,100,78.125,95.3125,100,81.25,100,59.375,90.625,100,87.5,65.625,57.8125,100,73.4375,95.3125,100,100,76.5625,71.875,90.625,100,50,100,76.5625,67.1875,98.4375,96.875,100,65.625,96.875,100,76.5625,100,100,37.5,100,87.5,93.75,100,96.875,81.25,42.1875,37.5,64.0625,68.75,42.1875,100,84.375,67.1875,100,79.6875,100,100,70.3125,100,100,68.75,59.375,56.25,82.8125,89.0625,100,100,67.1875,68.75,31.25,100,98.4375,100,100,100,95.3125,81.25,100,100,85.9375,100,100,100,71.875,84.375,100,100,100,71.875,100,100,60.9375,93.75,100,90.625,100,100,100,79.6875,100,71.875,46.875,32.8125,100,100,100,100,100,100,59.375,93.75,79.6875,96.875,90.625,85.9375,100,90.625,100,81.25,39.0625,51.5625,100,76.5625,65.625,87.5,37.5,100,100,68.75,46.875,100,95.3125,100,82.8125,100,81.25,73.4375,96.875,67.1875,57.8125,100,100,100,100,93.75,96.875,100,100,100,100,100,100,93.75,95.3125,100,100,100,84.375,71.875,100,98.4375,62.5,100,75,73.4375,82.8125,100,73.4375,68.75,100,100,100,78.125,81.25,68.75,62.5,100,100,67.1875,100,100,100,84.375,79.6875,95.3125,100,62.5,82.8125,100,48.4375,100,68.75,75,100,78.125,78.125,100,64.0625,100,98.4375,100,75,70.3125,76.5625,100,100,100,84.375,59.375,100,85.9375,100,100,62.5,71.875,68.75,100,100,92.1875,100,100,100,100,79.6875,100,60.9375,64.0625,45.3125,93.75,100,100,53.125,100,37.5,100,90.625,92.1875,84.375,70.3125,100,81.25,78.125,100,90.625,100,100,35.9375,35.9375,100,85.9375,100,100,70.3125,78.125,100,100,100,100,43.75,82.8125,100,100,100,70.3125,71.875,100,100,100,100,31.25,100,100,100,64.0625,100,62.5,100,50,68.75,100,65.625,100,100,62.5,100,60.9375,100,100,93.75,89.0625,65.625,100,62.5,100,64.0625,100,100,100,100,81.25,29.6875,71.875,96.875,75,50,100,76.5625,95.3125,100,60.9375,14.0625,100,64.0625,100,100,76.5625,100,67.1875,100,98.4375,100,100,100,100,100,100,85.9375,100,64.0625,100,100,100,79.6875,100,100,100,100,100,100,100,100,100,98.4375,100,100,60.9375,96.875,76.5625,81.25,93.75,100,100,100,100,92.1875,90.625,100,42.1875,6.25,100,100,28.125,100,100,100,100,100,100,100,100,89.0625,53.125,59.375,79.6875,43.75,71.875,98.4375,78.125,87.5,90.625,42.1875,82.8125,75,40.625,75,95.3125,46.875,100,100,89.0625,100,100,100,100,75,53.125,43.75,68.75,100,100,75,64.0625,64.0625,46.875,100,50,100,92.1875,100,100,100,100,62.5,100,100,81.25,64.0625,100,100,68.75,39.0625,100,100,68.75,100,100,100,100,100,100,100,100,70.3125,92.1875,57.8125,100,100,100,93.75,100,100,100,100,100,100,70.3125,100,100,100,57.8125,100,100,34.375,87.5,53.125,68.75,40.625,75,100,100,65.625,100,100,100,100,64.0625,100,65.625,95.3125,100,100,93.75,48.4375,37.5,70.3125,76.5625,18.75,100,100,42.1875,45.3125,64.0625,84.375,82.8125,100,46.875,84.375,100,100,85.9375,100,100,100,100,100,100,46.875,100,100,100,100,100,100,100,60.9375,100,100,100,50,84.375,78.125,100,85.9375,100,93.75,100,78.125,79.6875,100,42.1875,79.6875,100,100,53.125,96.875,31.25,98.4375,100,100,100,95.3125,62.5,68.75,100,56.25,67.1875,100,100,51.5625,100,70.3125,76.5625,79.6875,100,15.625,51.5625,100,57.8125,50,100,65.625,84.375,67.1875,100,100,100,75,100,76.5625,59.375,67.1875,100,100,82.8125,100,93.75,100,96.875,100,56.25,100,100,100,100,100,100,100,100,68.75,59.375,100,68.75,100,71.875,100,60.9375,70.3125,100,25,100,95.3125,56.25,100,64.0625,78.125,65.625,76.5625,100,96.875,100,100,100,46.875,73.4375,65.625,100,100,100,98.4375,46.875,71.875,100,100,100,100,100,65.625,100,21.875,100,78.125,100,78.125,46.875,100,85.9375,53.125,96.875,100,35.9375,12.5,100,100,98.4375,100,70.3125,51.5625,70.3125,100,65.625,67.1875,84.375,96.875,71.875,93.75,87.5,100,59.375,100,100,53.125,98.4375,85.9375,34.375,78.125,100,100,100,79.6875,100,78.125,89.0625,100,100,100,93.75,100,40.625,100,100,100,95.3125,100,100,60.9375,64.0625,100,100,59.375,71.875,100,100,100,100,100,85.9375,100,29.6875,100,37.5,93.75,100,71.875,100,89.0625,87.5,100,100,100,100,100,100,100,100,100,59.375,87.5,100,100,93.75,68.75,95.3125,67.1875,54.6875,100,100,100,84.375,84.375,100,62.5,100,81.25,100,100,100,100,100,100,71.875,40.625,100,75,76.5625,100,64.0625,100,96.875,81.25,100,100,100,32.8125,82.8125,100,100,100,76.5625,100,70.3125,100,100,37.5,85.9375,100,100,100,89.0625,100,82.8125,90.625,100,100,100,100,100,90.625,100,90.625,89.0625,95.3125,100,100,93.75,100,67.1875,100,100,82.8125,37.5,100,100,39.0625,68.75,100,100,100,100,73.4375,100,65.625,100,100,68.75,100,100,42.1875,100,100,95.3125,100,84.375,95.3125,85.9375,100,100,54.6875,76.5625,18.75,100,75,100,100,100,100,100,100,100,100,75,62.5,42.1875,92.1875,90.625,100,85.9375,100,87.5,100,100,100,100,100,73.4375,67.1875,100,93.75,45.3125,100,82.8125,53.125,100,79.6875,100,53.125,64.0625,100,100,100,100,48.4375,100,81.25,100,100,100,42.1875,100,89.0625,60.9375,65.625,100,93.75,100,87.5,100,100,54.6875,78.125,100,64.0625,100,100,100,100,64.0625,100,40.625,28.125,98.4375,100,100,100,100,100,100,70.3125,92.1875,100,100,59.375,100,98.4375,100,78.125,75,100,100,100,85.9375,100,100,84.375,84.375,100,98.4375,100,100,100,32.8125,100,53.125,51.5625,70.3125,50,67.1875,100,100,100,100,84.375,32.8125,100,100,32.8125,100,100,100,100,100,100,100,100,100,100,84.375,70.3125,98.4375,59.375,100,60.9375,100,92.1875,100,73.4375,95.3125,82.8125,100,70.3125,31.25,100,100,84.375,100,70.3125,17.1875,100,100,81.25,100,75,100,100,100,100,100,28.125,73.4375,100,100,100,89.0625,50,100,39.0625,100,100,100,100,64.0625,67.1875,100,71.875,100,96.875,100,87.5,100,73.4375,100,53.125,87.5,70.3125,100,100,81.25,84.375,23.4375,67.1875,62.5,62.5,100,81.25,64.0625,93.75,100,82.8125,60.9375,100,89.0625,90.625,100,95.3125,100,100,100,100,95.3125,75,100,100,100,85.9375,100,87.5,100,85.9375,82.8125,100,100,56.25,100,87.5,100,70.3125,100,100,60.9375,62.5,100,84.375,100,100,100,89.0625,100,100,78.125,100,82.8125,56.25,100,100,100,84.375,100,42.1875,95.3125,100,53.125,71.875,85.9375,89.0625,100,100,92.1875,73.4375,64.0625,54.6875,51.5625,100,100,75,57.8125,60.9375,79.6875,56.25,73.4375,93.75,100,90.625,100,43.75,90.625,68.75,60.9375,100,100,93.75,100,100,100,85.9375,89.0625,71.875,98.4375,93.75,100,100,100,46.875,39.0625,100,100,100,100,100,76.5625,100,40.625,75,62.5,100,53.125,100,100,100,100,79.6875,90.625,56.25,35.9375,79.6875,64.0625,95.3125,100,78.125,100,84.375,100,100,64.0625,40.625,85.9375,100,73.4375,70.3125,100,100,60.9375,100,64.0625,57.8125,100,53.125,100,78.125,100,100,92.1875,100,89.0625,17.1875,98.4375,100,100,100,92.1875,100,100,100,62.5,62.5,98.4375,100,100,82.8125,100,100,100,100,70.3125,73.4375,100,100,100,79.6875,90.625,76.5625,100,98.4375,79.6875,100,100,100,100,100,100,92.1875,78.125,78.125,100,100,76.5625,100,98.4375,100,100,100,100,100,51.5625,64.0625,70.3125,100,67.1875,100,89.0625,100,100,100,100,92.1875,100,100,89.0625,100,100,92.1875,100,100,100,100,100,100,100,100,71.875,100,59.375,100,92.1875,100,82.8125,100,89.0625,100,95.3125,59.375,39.0625,70.3125,81.25,100,100,100,100,76.5625,100,100,100,100,100,53.125,100,79.6875,100,73.4375,100,76.5625,100,100,100,100,56.25,85.9375,100,100,95.3125,100,100,100,84.375,100,29.6875,100,81.25,65.625,32.8125,51.5625,81.25,53.125,82.8125,73.4375,100,100,32.8125,100,90.625,100,85.9375,95.3125,56.25,56.25,100,96.875,75,100,29.6875,53.125,100,100,100,100,48.4375,54.6875,92.1875,100,82.8125,100,20.3125,81.25,100,96.875,100,100,100,96.875,100,95.3125,100,100,89.0625,81.25,100,100,100,100,100,100,100,100,100,100,100,59.375,100,100,96.875,81.25,100,100,75,100,92.1875,71.875,100,68.75,100,100,85.9375,100,100,84.375,73.4375,100,84.375,100,43.75,100,100,100,67.1875,56.25,100,100,100,100,89.0625,100,40.625,84.375,75,51.5625,100,100,90.625,100,98.4375,100,100,98.4375,68.75,62.5,100,56.25,20.3125,100,95.3125,60.9375,100,45.3125,87.5,100,100,100,95.3125,100,42.1875,20.3125,100,100,100,100,85.9375,87.5,100,100,100,100,14.0625,57.8125,95.3125,100,100,81.25,100,100,48.4375,39.0625,100,89.0625,96.875,68.75,51.5625,100,100,100,100,89.0625,100,100,87.5,100,20.3125,71.875,100,100,100,51.5625,76.5625,100,85.9375,65.625,100,56.25,59.375,62.5,82.8125,60.9375,100,100,100,40.625,100,100,84.375,100,100,100,100,81.25,100,100,100,100,100,100,85.9375,100,25,84.375,71.875,100,100,100,100,89.0625,100,51.5625,50,100,100,54.6875,100,100,100,100,100,100,76.5625,96.875,81.25,100,40.625,100,71.875,81.25,100,100,100,82.8125,87.5,100,64.0625,100,89.0625,75,68.75,100,20.3125,32.8125,54.6875,100,100,75,100,100,100,100,67.1875,75,79.6875,100,100,93.75,18.75,79.6875,78.125,68.75,82.8125,73.4375,100,53.125,82.8125,93.75,18.75,100,78.125,100,14.0625,100,100,32.8125,81.25,100,95.3125,100,100,87.5,50,100,100,50,79.6875,65.625,100,57.8125,84.375,46.875,100,75,98.4375,100,56.25,100,82.8125,67.1875,82.8125,100,42.1875,100,100,100,100,95.3125,73.4375,23.4375,100,100,64.0625,100,100,100,100,100,81.25,100,81.25,100,100,100,100,84.375,53.125,79.6875,100,100,40.625,100,59.375,100,42.1875,35.9375,100,71.875,75,100,29.6875,98.4375,100,100,89.0625,93.75,93.75,54.6875,100,93.75,100,100,59.375,32.8125,82.8125,70.3125,100,100,92.1875,100,100,54.6875,39.0625,100,100,71.875,62.5,87.5,100,76.5625,84.375,95.3125,100,67.1875,100,76.5625,100,100,59.375,85.9375,100,100,100,71.875,46.875,100,100,100,100,89.0625,100,100,100,7.8125,62.5,100,100,54.6875,64.0625,100,100,89.0625,100,18.75,100,100,84.375,100,84.375,100,76.5625,85.9375,79.6875,100,82.8125,100,100,100,100,100,23.4375,50,53.125,100,73.4375,100,100,100,57.8125,98.4375,100,100,95.3125,96.875,100,89.0625,90.625,67.1875,100,100,100,53.125,100,78.125,100,100,100,100,76.5625,75,100,100,100,85.9375,100,81.25,100,67.1875,100,100,64.0625,100,100,25,85.9375,79.6875,100,100,100,73.4375,59.375,68.75,100,100,100,100,100,34.375,100,92.1875,100,100,92.1875,100,100,67.1875,100,100,100,100,57.8125,79.6875,29.6875,4.6875,48.4375,100,56.25,100,100,100,48.4375,92.1875,84.375,100,100,90.625,84.375,100,100,26.5625,100,100,100,71.875,100,100,95.3125,100,100,85.9375,100,100,100,100,100,100,98.4375,71.875,100,98.4375,82.8125,100,100,100,100,85.9375,100,68.75,100,100,60.9375,100,68.75,100,75,90.625,70.3125,75,100,100,100,100,100,100,85.9375,100,100,100,48.4375,57.8125,89.0625,100,90.625,100,87.5,79.6875,100,87.5,60.9375,100,100,82.8125,100,50,100,89.0625,46.875,39.0625,51.5625,96.875,100,100,100,65.625,64.0625,29.6875,85.9375,84.375,100,100,59.375,100,57.8125,65.625,59.375,100,95.3125,100,75,78.125,100,90.625,100,100,92.1875,96.875,20.3125,51.5625,71.875,70.3125,39.0625,100,85.9375,100,100,54.6875,100,85.9375,67.1875,100,100,75,87.5,67.1875,100,100,100,100,82.8125,75,100,81.25,84.375,100,100,34.375,57.8125,89.0625,100,78.125,100,100,95.3125,57.8125,62.5,100,100,100,100,95.3125,100,100,100,78.125,64.0625,50,100,62.5,100,82.8125,82.8125,100,100,100,96.875,100,34.375,100,100,100,100,100,89.0625,92.1875,37.5,100,100,46.875,39.0625,100,81.25,100,100,75,57.8125,100,100,75,56.25,65.625,67.1875,79.6875,100,100,100,100,100,100,75,100,100,100,87.5,65.625,51.5625,18.75,100,73.4375,62.5,32.8125,76.5625,50,79.6875,78.125,20.3125,93.75,54.6875,85.9375,67.1875,100,100,100,100,84.375,85.9375,53.125,100,35.9375,100,100,100,95.3125,100,100,96.875,100,100,81.25,67.1875,76.5625,67.1875,100,100,34.375,100,100,96.875,56.25,42.1875,98.4375,100,100,100,100,100,100,100,100,51.5625,95.3125,100,46.875,100,87.5,100,39.0625,100,57.8125,100,100,100,100,100,85.9375,100,87.5,50,100,92.1875,84.375,62.5,93.75,100,100,100,70.3125,56.25,48.4375,100,100,100,45.3125,84.375,100,100,100,100,100,100,100,48.4375,67.1875,100,37.5,62.5,100,100,90.625,54.6875,70.3125,87.5,100,100,81.25,100,100,100,100,89.0625,21.875,82.8125,100,100,100,100,100,100,100,100,70.3125,93.75,96.875,79.6875,57.8125,65.625,100,25,100,100,100,54.6875,100,100,100,100,98.4375,93.75,100,100,100,82.8125,85.9375,79.6875,100,87.5,100,42.1875,100,100,81.25,57.8125,65.625,100,100,100,98.4375,100,100,85.9375,100,100,59.375,75,100,100,79.6875,100,100,96.875,100,98.4375,96.875,100,31.25,100,100,100,68.75,100,85.9375,59.375,100,100,64.0625,100,100,62.5,100,100,100,100,100,90.625,100,56.25,68.75,56.25,100,62.5,78.125,59.375,100,100,100,100,90.625,92.1875,100,96.875,75,100,85.9375,100,53.125,100,100,100,48.4375,67.1875,100,100,92.1875,100,100,81.25,71.875,93.75,100,100,100,100,100,100,100,100,70.3125,45.3125,100,46.875,100,89.0625,100,56.25,100,100,35.9375,57.8125,100,100,100,100,71.875,75,100,100,65.625,100,100,54.6875,100,60.9375,100,100,100,93.75,92.1875,100,100,100,100,100,57.8125,100,87.5,100,60.9375,100,100,85.9375,100,79.6875,100,60.9375,100,100,37.5,10.9375,100,60.9375,100,100,100,75,100,71.875,100,67.1875,100,100,34.375,54.6875,100,100,75,93.75,100,100,29.6875,100,64.0625,56.25,100,100,92.1875,100,100,100,100,64.0625,79.6875,100,92.1875,100,78.125,92.1875,90.625,98.4375,98.4375,92.1875,85.9375,100,87.5,81.25,90.625,81.25,100,100,100,96.875,100,100,96.875,70.3125,98.4375,89.0625,18.75,45.3125,100,100,100,46.875,100,100,100,100,100,76.5625,79.6875,92.1875,85.9375,100,100,100,65.625,100,100,100,59.375,100,62.5,100,50,79.6875,81.25,100,65.625,54.6875,100,100,100,100,73.4375,43.75,100,62.5,50,100,100,67.1875,37.5,100,100,60.9375,92.1875,71.875,100,100,64.0625,75,100,100,100,100,42.1875,100,73.4375,100,100,100,64.0625,100,100,89.0625,100,100,100,79.6875,100,100,100,79.6875,100,100,90.625,62.5,56.25,59.375,100,82.8125,100,57.8125,87.5,100,100,82.8125,100,35.9375,29.6875,53.125,76.5625,60.9375,100,100,100,100,85.9375,100,100,76.5625,65.625,35.9375,100,100,100,100,100,79.6875,42.1875,93.75,100,84.375,81.25,67.1875,100,85.9375,25,100,78.125,87.5,20.3125,96.875,85.9375,75,56.25,25,100,92.1875,32.8125,100,57.8125,100,100,59.375,100,84.375,64.0625,100,100,76.5625,64.0625,100,100,100,100,60.9375,100,100,87.5,100,100,84.375,84.375,100,100,23.4375,100,31.25,100,100,87.5,100,46.875,100,84.375,96.875,100,50,100,85.9375,100,17.1875,70.3125,100,100,92.1875,100,70.3125,100,26.5625,100,71.875,100,100,100,100,98.4375,64.0625,100,100,48.4375,68.75,100,100,79.6875,100,100,28.125,100,56.25,100,100,100,85.9375,100,54.6875,90.625,100,93.75,92.1875,54.6875,84.375,53.125,100,100,100,46.875,100,82.8125,100,54.6875,100,100,100,100,100,89.0625,84.375,100,92.1875,100,100,100,87.5,85.9375,32.8125,78.125,100,73.4375,100,100,100,100,100,100,1.5625,98.4375,29.6875,32.8125,100,75,100,96.875,100,95.3125,100,100,100,82.8125,100,100,100,100,100,87.5,100,100,100,34.375,59.375,100,62.5,100,100,100,75,100,43.75,64.0625,100,100,81.25,100,100,84.375,100,100,76.5625,100,100,100,89.0625,100,53.125,29.6875,100,81.25,100,85.9375,48.4375,82.8125,62.5,100,37.5,100,32.8125,100,100,100,70.3125,100,78.125,100,96.875,59.375,100,73.4375,79.6875,76.5625,62.5,100,35.9375,50,100,100,96.875,100,100,100,62.5,71.875,98.4375,89.0625,64.0625,100,100,56.25,85.9375,100,85.9375,32.8125,67.1875,14.0625,17.1875,100,92.1875,100,100,59.375,40.625,100,82.8125,100,100,100,18.75,57.8125,100,54.6875,98.4375,100,57.8125,100,59.375,100,100,76.5625,100,100,31.25,100,100,100,100,78.125,100,100
"6122",89.0625,100,42.1875,100,100,84.375,95.3125,98.4375,21.875,93.75,56.25,100,100,100,100,78.125,92.1875,76.5625,85.9375,100,96.875,100,100,100,78.125,100,100,100,81.25,100,100,100,100,87.5,100,67.1875,81.25,100,100,95.3125,95.3125,65.625,79.6875,100,100,85.9375,100,100,62.5,18.75,75,100,100,84.375,100,100,14.0625,100,100,46.875,82.8125,46.875,98.4375,75,100,100,70.3125,100,67.1875,100,59.375,75,100,100,59.375,82.8125,100,53.125,50,100,76.5625,100,87.5,71.875,100,100,100,51.5625,100,100,100,84.375,100,48.4375,79.6875,89.0625,100,62.5,100,100,98.4375,96.875,100,90.625,18.75,45.3125,100,51.5625,85.9375,100,59.375,84.375,100,100,45.3125,100,100,100,100,100,75,100,100,100,90.625,54.6875,100,18.75,100,100,100,100,28.125,100,96.875,64.0625,57.8125,78.125,100,100,100,100,48.4375,51.5625,100,100,100,100,57.8125,84.375,57.8125,39.0625,79.6875,92.1875,100,95.3125,76.5625,100,100,100,100,100,76.5625,100,89.0625,71.875,100,90.625,60.9375,48.4375,92.1875,79.6875,31.25,100,92.1875,98.4375,84.375,100,100,100,100,39.0625,100,100,100,100,54.6875,100,100,87.5,100,100,87.5,100,100,100,92.1875,93.75,100,100,34.375,15.625,98.4375,100,100,100,100,100,73.4375,100,67.1875,53.125,100,100,87.5,78.125,26.5625,89.0625,100,100,59.375,84.375,65.625,100,100,57.8125,37.5,100,98.4375,100,54.6875,78.125,100,100,100,100,93.75,62.5,100,100,100,76.5625,100,70.3125,100,35.9375,100,84.375,100,46.875,100,76.5625,51.5625,96.875,100,93.75,100,62.5,100,100,100,98.4375,35.9375,93.75,40.625,100,100,100,92.1875,100,51.5625,64.0625,100,100,93.75,23.4375,40.625,100,85.9375,100,62.5,43.75,100,100,100,100,64.0625,98.4375,100,100,84.375,100,96.875,48.4375,100,100,100,84.375,67.1875,75,34.375,100,78.125,62.5,100,81.25,93.75,100,92.1875,100,100,31.25,59.375,100,64.0625,95.3125,100,100,68.75,71.875,89.0625,100,50,100,79.6875,60.9375,90.625,95.3125,100,65.625,100,100,76.5625,100,100,40.625,100,87.5,100,100,100,78.125,42.1875,39.0625,65.625,68.75,42.1875,100,71.875,71.875,100,76.5625,100,100,70.3125,100,96.875,73.4375,57.8125,82.8125,85.9375,87.5,100,100,85.9375,51.5625,31.25,100,98.4375,100,100,100,93.75,79.6875,70.3125,100,95.3125,100,100,100,85.9375,85.9375,100,100,100,100,100,100,62.5,93.75,100,73.4375,100,100,100,78.125,100,73.4375,96.875,32.8125,100,100,100,100,100,93.75,59.375,100,70.3125,98.4375,100,96.875,93.75,96.875,100,89.0625,37.5,50,100,76.5625,20.3125,87.5,40.625,100,89.0625,29.6875,100,100,92.1875,100,82.8125,100,82.8125,100,90.625,67.1875,57.8125,100,100,100,100,92.1875,100,81.25,100,100,100,100,100,93.75,93.75,100,100,100,85.9375,70.3125,100,100,100,100,75,73.4375,93.75,100,48.4375,67.1875,100,100,100,100,70.3125,70.3125,70.3125,100,100,67.1875,100,100,100,37.5,71.875,100,100,64.0625,82.8125,100,53.125,100,68.75,73.4375,100,78.125,79.6875,100,64.0625,100,100,100,75,100,68.75,100,100,100,85.9375,67.1875,98.4375,85.9375,100,100,65.625,67.1875,68.75,100,100,100,100,100,100,100,100,100,100,64.0625,43.75,92.1875,100,100,53.125,93.75,40.625,100,93.75,93.75,84.375,68.75,100,76.5625,84.375,100,89.0625,59.375,100,35.9375,34.375,100,76.5625,100,100,70.3125,100,35.9375,100,100,90.625,68.75,100,100,100,100,100,71.875,87.5,100,100,100,31.25,100,100,100,70.3125,100,73.4375,100,50,73.4375,100,65.625,100,100,64.0625,100,100,100,89.0625,95.3125,100,79.6875,100,64.0625,100,70.3125,100,100,100,100,81.25,100,68.75,96.875,100,100,100,96.875,100,100,60.9375,26.5625,100,59.375,100,100,75,100,79.6875,100,100,100,100,100,100,100,100,82.8125,100,98.4375,100,100,100,82.8125,90.625,100,100,100,100,100,35.9375,85.9375,43.75,100,96.875,100,60.9375,96.875,67.1875,76.5625,100,100,100,100,100,92.1875,92.1875,100,42.1875,6.25,90.625,51.5625,28.125,100,100,100,79.6875,100,100,100,100,85.9375,54.6875,59.375,42.1875,39.0625,73.4375,98.4375,75,89.0625,92.1875,100,78.125,98.4375,42.1875,90.625,95.3125,45.3125,84.375,100,100,100,100,100,100,76.5625,60.9375,43.75,68.75,100,100,79.6875,59.375,75,46.875,100,53.125,100,53.125,100,100,100,100,64.0625,100,81.25,81.25,64.0625,100,100,71.875,100,100,65.625,67.1875,100,100,100,100,100,96.875,100,100,87.5,84.375,60.9375,100,100,100,87.5,100,100,100,95.3125,100,100,70.3125,100,76.5625,75,64.0625,100,100,35.9375,87.5,71.875,73.4375,40.625,70.3125,100,100,65.625,81.25,100,100,100,75,100,65.625,87.5,100,100,100,50,100,70.3125,71.875,4.6875,100,100,42.1875,45.3125,53.125,48.4375,82.8125,100,23.4375,100,100,100,84.375,100,100,100,46.875,100,54.6875,46.875,100,100,100,100,100,100,100,59.375,100,100,100,35.9375,95.3125,100,100,85.9375,53.125,87.5,100,79.6875,89.0625,100,39.0625,71.875,65.625,100,70.3125,95.3125,42.1875,100,100,100,100,96.875,62.5,85.9375,100,81.25,90.625,100,100,37.5,100,68.75,84.375,81.25,100,100,20.3125,100,53.125,100,100,78.125,82.8125,65.625,100,100,100,76.5625,100,76.5625,46.875,100,100,100,81.25,93.75,92.1875,100,95.3125,100,56.25,100,100,100,100,96.875,100,100,100,65.625,51.5625,100,68.75,100,70.3125,100,54.6875,78.125,100,14.0625,100,100,39.0625,82.8125,84.375,57.8125,78.125,76.5625,100,98.4375,100,51.5625,100,100,73.4375,67.1875,100,100,100,96.875,100,73.4375,100,100,100,100,100,75,100,21.875,100,79.6875,100,100,48.4375,100,70.3125,53.125,90.625,100,35.9375,100,75,100,85.9375,100,70.3125,53.125,100,100,70.3125,67.1875,100,70.3125,62.5,79.6875,73.4375,100,76.5625,100,100,56.25,92.1875,82.8125,34.375,100,100,100,100,71.875,100,100,100,100,100,100,92.1875,100,100,100,45.3125,100,95.3125,100,85.9375,62.5,65.625,85.9375,100,59.375,29.6875,100,100,100,100,100,76.5625,100,29.6875,100,26.5625,100,100,70.3125,100,89.0625,85.9375,100,100,100,100,100,100,100,100,100,59.375,87.5,26.5625,100,92.1875,57.8125,95.3125,70.3125,62.5,100,98.4375,98.4375,34.375,84.375,43.75,71.875,100,76.5625,100,100,100,100,100,100,93.75,39.0625,100,100,84.375,100,78.125,100,93.75,96.875,100,100,100,100,81.25,100,100,100,76.5625,73.4375,64.0625,100,100,100,100,100,100,100,82.8125,100,81.25,45.3125,100,100,100,100,100,87.5,100,100,100,95.3125,100,100,100,100,65.625,96.875,100,82.8125,45.3125,93.75,100,32.8125,71.875,100,85.9375,70.3125,100,70.3125,100,67.1875,100,100,67.1875,100,100,42.1875,98.4375,100,81.25,89.0625,100,51.5625,84.375,100,100,21.875,70.3125,17.1875,100,100,96.875,100,100,100,100,100,93.75,100,100,65.625,100,90.625,87.5,100,79.6875,100,87.5,100,100,100,100,100,73.4375,71.875,100,93.75,100,100,82.8125,57.8125,100,68.75,100,51.5625,53.125,100,56.25,100,100,64.0625,32.8125,70.3125,100,100,100,64.0625,100,100,57.8125,65.625,100,93.75,100,87.5,100,98.4375,50,76.5625,93.75,100,100,100,100,100,100,100,40.625,20.3125,96.875,100,100,100,100,100,95.3125,100,100,100,100,62.5,100,96.875,100,35.9375,75,100,100,96.875,85.9375,93.75,100,78.125,75,100,96.875,100,100,100,40.625,100,48.4375,51.5625,100,100,100,90.625,100,100,100,81.25,43.75,100,100,31.25,100,100,100,53.125,100,100,100,81.25,100,100,82.8125,65.625,96.875,60.9375,100,64.0625,100,92.1875,100,70.3125,95.3125,82.8125,100,98.4375,35.9375,100,100,78.125,100,100,100,100,100,68.75,100,75,100,46.875,100,100,100,29.6875,75,100,100,90.625,89.0625,51.5625,100,46.875,100,100,100,100,65.625,67.1875,100,73.4375,100,100,100,76.5625,100,73.4375,100,50,87.5,70.3125,100,100,81.25,71.875,78.125,67.1875,60.9375,51.5625,100,95.3125,64.0625,90.625,100,79.6875,60.9375,100,57.8125,92.1875,100,92.1875,100,100,100,100,100,73.4375,100,100,100,78.125,100,37.5,100,85.9375,78.125,100,100,73.4375,100,100,100,75,100,98.4375,60.9375,60.9375,100,89.0625,100,100,75,89.0625,100,100,100,100,85.9375,51.5625,100,100,100,89.0625,100,43.75,95.3125,100,53.125,68.75,87.5,89.0625,100,53.125,93.75,70.3125,71.875,59.375,43.75,100,100,75,59.375,60.9375,84.375,75,90.625,95.3125,100,90.625,100,46.875,82.8125,53.125,62.5,100,100,100,100,100,100,85.9375,79.6875,82.8125,100,92.1875,100,42.1875,100,73.4375,39.0625,100,100,95.3125,90.625,100,82.8125,100,40.625,73.4375,62.5,100,26.5625,100,100,100,100,40.625,93.75,50,48.4375,78.125,67.1875,96.875,100,100,100,87.5,100,100,67.1875,40.625,87.5,100,73.4375,70.3125,100,100,59.375,100,100,42.1875,100,100,100,90.625,100,92.1875,92.1875,100,89.0625,100,100,100,100,100,93.75,100,100,100,35.9375,70.3125,75,100,100,82.8125,100,71.875,100,100,73.4375,75,100,93.75,100,40.625,93.75,78.125,100,100,78.125,100,100,100,34.375,100,93.75,95.3125,71.875,75,100,100,100,100,100,100,100,95.3125,100,100,40.625,62.5,70.3125,100,70.3125,100,85.9375,100,100,100,100,100,100,31.25,100,93.75,100,71.875,100,100,100,100,100,100,100,100,64.0625,100,60.9375,100,90.625,37.5,100,100,95.3125,75,100,87.5,39.0625,98.4375,46.875,100,100,100,100,92.1875,100,100,100,100,100,54.6875,100,79.6875,100,71.875,100,64.0625,100,100,100,100,42.1875,95.3125,100,100,93.75,100,100,100,100,100,29.6875,100,76.5625,79.6875,79.6875,40.625,100,70.3125,65.625,73.4375,100,98.4375,100,42.1875,90.625,100,85.9375,75,60.9375,57.8125,100,100,78.125,100,100,59.375,100,100,100,100,68.75,54.6875,100,100,85.9375,100,21.875,84.375,100,93.75,100,100,100,98.4375,79.6875,81.25,100,76.5625,84.375,92.1875,100,100,100,100,100,89.0625,100,100,100,100,100,59.375,100,100,95.3125,81.25,100,89.0625,82.8125,100,100,71.875,64.0625,67.1875,100,100,100,100,100,90.625,70.3125,100,84.375,100,100,100,100,100,70.3125,54.6875,100,81.25,100,100,89.0625,100,56.25,78.125,87.5,57.8125,100,100,89.0625,100,84.375,90.625,100,100,71.875,64.0625,100,53.125,40.625,31.25,95.3125,60.9375,100,51.5625,87.5,100,100,100,95.3125,100,42.1875,18.75,100,100,100,100,100,100,100,100,100,100,12.5,59.375,100,100,100,81.25,100,100,100,100,100,79.6875,100,59.375,48.4375,100,100,21.875,100,93.75,100,100,84.375,100,100,71.875,100,100,100,51.5625,73.4375,100,92.1875,40.625,100,59.375,57.8125,62.5,40.625,85.9375,100,100,100,90.625,100,100,85.9375,100,100,100,100,87.5,100,100,82.8125,100,100,100,87.5,100,23.4375,84.375,98.4375,100,79.6875,100,100,71.875,100,51.5625,50,100,100,73.4375,100,100,100,100,62.5,100,76.5625,100,81.25,100,34.375,100,70.3125,76.5625,100,100,17.1875,82.8125,87.5,100,76.5625,100,92.1875,73.4375,68.75,100,21.875,100,57.8125,100,100,73.4375,100,100,100,100,71.875,96.875,75,100,100,70.3125,3.125,45.3125,65.625,67.1875,82.8125,75,100,54.6875,82.8125,93.75,46.875,100,81.25,100,95.3125,100,100,32.8125,84.375,100,100,100,62.5,82.8125,98.4375,100,100,100,81.25,65.625,100,56.25,79.6875,43.75,100,73.4375,93.75,81.25,62.5,100,100,62.5,81.25,100,29.6875,100,100,100,100,90.625,64.0625,25,100,100,79.6875,100,100,100,100,100,82.8125,39.0625,76.5625,75,100,53.125,100,100,50,76.5625,96.875,100,45.3125,84.375,60.9375,100,40.625,35.9375,100,73.4375,78.125,100,31.25,100,100,100,90.625,98.4375,96.875,100,92.1875,100,100,89.0625,59.375,31.25,100,70.3125,100,100,92.1875,71.875,100,54.6875,37.5,57.8125,100,87.5,60.9375,89.0625,100,70.3125,42.1875,95.3125,100,39.0625,100,39.0625,100,100,62.5,93.75,100,100,100,100,48.4375,100,100,100,100,95.3125,100,70.3125,100,6.25,100,98.4375,100,56.25,71.875,100,100,70.3125,89.0625,21.875,100,100,79.6875,100,98.4375,100,76.5625,85.9375,68.75,100,89.0625,100,100,100,48.4375,100,81.25,48.4375,53.125,100,60.9375,100,100,100,65.625,100,100,100,100,96.875,100,89.0625,87.5,100,100,100,100,84.375,100,100,100,100,70.3125,100,76.5625,76.5625,100,100,100,85.9375,100,95.3125,100,67.1875,100,100,64.0625,100,100,25,87.5,81.25,85.9375,100,85.9375,71.875,59.375,68.75,100,100,100,100,100,34.375,100,95.3125,100,100,92.1875,100,100,67.1875,100,100,100,100,60.9375,56.25,75,7.8125,46.875,100,9.375,100,100,100,68.75,90.625,81.25,100,100,84.375,79.6875,100,100,100,100,100,100,71.875,100,100,85.9375,100,100,84.375,100,100,100,100,100,100,100,81.25,100,84.375,81.25,100,100,100,100,87.5,100,56.25,100,100,59.375,100,70.3125,90.625,76.5625,93.75,71.875,76.5625,100,40.625,100,100,100,76.5625,84.375,100,100,62.5,46.875,57.8125,100,100,90.625,100,71.875,79.6875,100,87.5,59.375,100,90.625,100,100,100,100,90.625,100,28.125,45.3125,95.3125,100,100,100,65.625,60.9375,25,92.1875,21.875,100,100,59.375,100,51.5625,65.625,59.375,100,96.875,67.1875,98.4375,75,100,90.625,100,100,92.1875,96.875,20.3125,53.125,100,70.3125,35.9375,100,85.9375,100,100,54.6875,100,90.625,79.6875,100,89.0625,75,85.9375,67.1875,82.8125,100,17.1875,100,87.5,73.4375,100,82.8125,71.875,100,100,34.375,60.9375,92.1875,100,79.6875,100,65.625,92.1875,59.375,62.5,93.75,100,100,100,93.75,100,100,78.125,85.9375,65.625,100,90.625,64.0625,100,79.6875,84.375,98.4375,100,71.875,100,100,31.25,100,100,100,67.1875,78.125,100,82.8125,39.0625,95.3125,100,35.9375,40.625,100,81.25,100,100,73.4375,100,100,100,70.3125,100,67.1875,67.1875,79.6875,100,100,100,100,100,51.5625,73.4375,71.875,100,100,87.5,71.875,43.75,9.375,100,71.875,64.0625,100,79.6875,56.25,68.75,21.875,20.3125,93.75,54.6875,95.3125,100,100,100,100,92.1875,92.1875,81.25,100,100,96.875,100,100,98.4375,95.3125,100,100,79.6875,100,100,75,70.3125,57.8125,67.1875,96.875,100,100,100,100,98.4375,60.9375,42.1875,87.5,100,100,100,75,100,100,100,100,35.9375,85.9375,100,85.9375,100,87.5,100,37.5,100,59.375,100,100,100,67.1875,100,89.0625,100,84.375,100,100,92.1875,100,67.1875,93.75,100,100,100,100,57.8125,62.5,100,100,100,37.5,82.8125,100,100,100,100,100,100,100,51.5625,67.1875,100,93.75,82.8125,100,100,100,100,70.3125,65.625,100,100,100,100,35.9375,100,76.5625,100,21.875,79.6875,100,100,100,100,100,100,100,100,87.5,87.5,95.3125,53.125,89.0625,65.625,100,25,100,92.1875,34.375,54.6875,100,100,100,100,79.6875,95.3125,95.3125,100,100,82.8125,81.25,84.375,100,81.25,100,42.1875,100,100,81.25,67.1875,82.8125,100,60.9375,100,98.4375,100,100,84.375,65.625,100,59.375,76.5625,100,100,79.6875,100,100,98.4375,100,100,100,100,100,100,100,100,68.75,100,79.6875,64.0625,100,100,64.0625,100,98.4375,62.5,29.6875,100,100,100,100,90.625,100,56.25,70.3125,45.3125,100,64.0625,76.5625,71.875,100,62.5,100,100,89.0625,100,100,100,75,100,82.8125,100,56.25,100,100,100,48.4375,42.1875,100,100,90.625,100,100,100,21.875,96.875,100,18.75,100,100,100,100,100,100,70.3125,37.5,100,100,100,89.0625,100,54.6875,100,100,93.75,59.375,100,100,100,100,100,67.1875,100,100,95.3125,100,100,29.6875,100,64.0625,100,100,100,100,92.1875,100,64.0625,100,100,100,56.25,100,92.1875,100,60.9375,100,100,89.0625,100,95.3125,100,53.125,100,100,37.5,10.9375,100,71.875,100,100,59.375,75,93.75,79.6875,100,90.625,100,100,34.375,62.5,100,98.4375,76.5625,93.75,100,98.4375,45.3125,89.0625,64.0625,59.375,100,100,84.375,75,100,100,100,64.0625,79.6875,100,89.0625,40.625,84.375,92.1875,100,98.4375,95.3125,82.8125,95.3125,100,89.0625,82.8125,90.625,81.25,100,54.6875,100,96.875,100,100,93.75,10.9375,89.0625,89.0625,35.9375,51.5625,100,100,14.0625,46.875,89.0625,81.25,100,100,100,75,78.125,93.75,89.0625,100,90.625,100,65.625,100,100,82.8125,100,93.75,59.375,90.625,100,75,81.25,100,85.9375,54.6875,100,100,100,100,73.4375,45.3125,100,100,50,100,100,67.1875,37.5,100,100,56.25,87.5,73.4375,79.6875,100,100,82.8125,100,100,100,100,48.4375,100,73.4375,100,100,100,67.1875,100,100,95.3125,100,100,100,90.625,100,100,100,75,100,100,100,56.25,100,59.375,100,85.9375,100,51.5625,87.5,100,100,78.125,100,35.9375,100,53.125,73.4375,64.0625,100,100,59.375,100,85.9375,100,100,59.375,56.25,35.9375,100,25,100,100,100,100,100,92.1875,100,81.25,85.9375,70.3125,100,87.5,23.4375,100,71.875,98.4375,18.75,96.875,87.5,100,56.25,35.9375,100,100,100,100,56.25,96.875,100,59.375,75,65.625,100,68.75,100,79.6875,85.9375,100,100,100,100,60.9375,100,100,89.0625,100,100,68.75,84.375,100,100,29.6875,100,50,100,100,84.375,100,46.875,100,79.6875,51.5625,100,56.25,28.125,84.375,100,17.1875,70.3125,98.4375,100,40.625,100,100,98.4375,15.625,100,71.875,100,95.3125,100,100,100,62.5,100,100,46.875,68.75,100,100,70.3125,100,100,20.3125,100,48.4375,100,100,100,85.9375,100,59.375,59.375,100,92.1875,92.1875,68.75,85.9375,53.125,100,100,100,100,100,100,100,84.375,100,100,100,68.75,100,92.1875,84.375,100,96.875,100,100,100,100,100,42.1875,78.125,100,57.8125,100,100,100,100,100,100,1.5625,100,51.5625,28.125,100,82.8125,100,67.1875,100,93.75,100,95.3125,26.5625,85.9375,100,100,100,100,79.6875,85.9375,93.75,100,100,42.1875,59.375,100,67.1875,100,100,100,75,100,56.25,64.0625,100,100,60.9375,100,100,82.8125,100,100,73.4375,100,100,100,89.0625,100,54.6875,28.125,100,92.1875,100,100,68.75,100,62.5,100,67.1875,96.875,90.625,96.875,100,100,71.875,100,81.25,100,85.9375,59.375,100,76.5625,71.875,25,93.75,100,43.75,59.375,100,100,96.875,92.1875,100,100,64.0625,75,98.4375,62.5,64.0625,100,100,60.9375,70.3125,100,95.3125,32.8125,67.1875,100,100,100,100,43.75,100,59.375,39.0625,87.5,64.0625,100,100,100,51.5625,62.5,100,54.6875,98.4375,100,59.375,100,62.5,100,68.75,84.375,100,100,100,68.75,100,90.625,100,85.9375,100,100
"6123",87.5,100,39.0625,100,100,81.25,93.75,92.1875,21.875,93.75,53.125,100,100,100,100,75,81.25,79.6875,100,100,96.875,95.3125,100,100,76.5625,100,100,93.75,85.9375,100,65.625,100,100,89.0625,100,96.875,82.8125,100,100,100,95.3125,62.5,82.8125,100,100,100,100,100,65.625,78.125,75,100,100,78.125,100,100,6.25,100,84.375,45.3125,84.375,54.6875,98.4375,90.625,100,100,68.75,100,60.9375,100,59.375,67.1875,100,100,59.375,82.8125,100,100,56.25,100,76.5625,100,100,71.875,100,100,100,29.6875,100,100,54.6875,84.375,100,48.4375,73.4375,96.875,100,64.0625,100,100,96.875,100,100,92.1875,100,45.3125,100,59.375,53.125,100,59.375,98.4375,100,100,40.625,100,100,100,89.0625,100,89.0625,100,100,100,100,56.25,100,18.75,100,100,96.875,100,100,100,100,60.9375,59.375,79.6875,100,100,71.875,95.3125,48.4375,53.125,100,96.875,92.1875,100,60.9375,82.8125,54.6875,35.9375,78.125,93.75,96.875,93.75,75,100,100,100,100,100,75,100,89.0625,71.875,43.75,90.625,57.8125,100,76.5625,78.125,100,100,100,98.4375,89.0625,100,100,100,100,43.75,100,100,98.4375,100,54.6875,93.75,100,85.9375,81.25,100,87.5,100,100,100,100,64.0625,100,100,59.375,23.4375,98.4375,100,100,100,100,100,73.4375,100,65.625,67.1875,100,100,85.9375,78.125,100,48.4375,100,67.1875,68.75,70.3125,45.3125,100,100,59.375,100,100,82.8125,100,81.25,76.5625,100,100,100,100,89.0625,62.5,100,100,100,100,100,73.4375,100,34.375,100,85.9375,100,50,29.6875,78.125,73.4375,100,100,93.75,100,65.625,100,100,100,96.875,34.375,96.875,98.4375,95.3125,100,100,100,100,48.4375,53.125,100,100,81.25,32.8125,39.0625,100,89.0625,100,100,48.4375,73.4375,100,100,100,64.0625,96.875,100,100,82.8125,100,95.3125,51.5625,100,100,100,84.375,62.5,75,37.5,100,76.5625,73.4375,100,84.375,98.4375,100,90.625,100,89.0625,65.625,59.375,100,65.625,95.3125,100,100,64.0625,60.9375,89.0625,100,50,100,67.1875,67.1875,90.625,96.875,100,82.8125,100,84.375,75,96.875,100,40.625,67.1875,87.5,100,100,98.4375,78.125,42.1875,53.125,65.625,68.75,39.0625,100,98.4375,68.75,43.75,78.125,100,100,64.0625,100,43.75,78.125,45.3125,84.375,79.6875,87.5,100,100,79.6875,40.625,46.875,100,98.4375,100,100,100,89.0625,78.125,82.8125,100,93.75,100,71.875,100,87.5,87.5,100,100,100,31.25,100,100,64.0625,93.75,100,92.1875,100,100,100,79.6875,100,54.6875,98.4375,40.625,100,100,100,100,100,100,59.375,93.75,75,85.9375,100,96.875,96.875,96.875,100,87.5,34.375,53.125,100,76.5625,67.1875,87.5,40.625,100,100,34.375,100,100,100,100,82.8125,100,84.375,100,68.75,71.875,56.25,100,95.3125,100,32.8125,79.6875,100,81.25,100,100,100,100,82.8125,93.75,95.3125,100,100,100,84.375,70.3125,100,89.0625,100,100,76.5625,73.4375,100,100,35.9375,67.1875,100,100,100,65.625,70.3125,68.75,76.5625,100,100,70.3125,100,100,100,73.4375,78.125,100,100,62.5,82.8125,100,57.8125,100,70.3125,73.4375,100,78.125,79.6875,100,65.625,100,100,68.75,100,78.125,79.6875,100,96.875,100,90.625,68.75,100,82.8125,100,100,65.625,79.6875,68.75,87.5,100,100,100,100,100,17.1875,100,100,64.0625,60.9375,43.75,92.1875,100,100,56.25,100,35.9375,100,90.625,100,84.375,68.75,100,81.25,79.6875,84.375,87.5,59.375,100,35.9375,39.0625,100,81.25,100,100,68.75,84.375,100,100,100,100,51.5625,85.9375,100,100,100,95.3125,70.3125,100,100,100,100,31.25,87.5,100,100,67.1875,100,100,100,50,79.6875,100,67.1875,100,100,64.0625,100,100,100,82.8125,92.1875,100,78.125,100,62.5,100,65.625,100,100,100,100,92.1875,100,71.875,96.875,100,39.0625,100,85.9375,100,100,60.9375,39.0625,100,60.9375,100,100,75,100,64.0625,100,100,100,100,100,100,100,100,82.8125,100,79.6875,100,100,100,100,85.9375,100,100,100,100,100,100,82.8125,100,98.4375,90.625,100,60.9375,96.875,76.5625,76.5625,100,100,100,100,100,95.3125,90.625,100,42.1875,6.25,81.25,53.125,28.125,100,100,100,100,100,100,100,100,82.8125,54.6875,59.375,78.125,43.75,76.5625,98.4375,78.125,100,96.875,20.3125,78.125,82.8125,40.625,89.0625,95.3125,43.75,82.8125,100,100,100,100,100,100,76.5625,59.375,43.75,68.75,100,100,76.5625,56.25,70.3125,46.875,100,56.25,100,98.4375,100,100,100,100,73.4375,100,82.8125,62.5,65.625,100,100,73.4375,100,100,100,67.1875,100,62.5,100,100,100,100,100,100,81.25,79.6875,56.25,100,100,100,98.4375,100,100,100,96.875,100,100,68.75,100,100,100,43.75,100,100,35.9375,89.0625,100,71.875,39.0625,75,100,98.4375,68.75,93.75,100,100,100,75,100,65.625,85.9375,100,100,100,48.4375,56.25,68.75,71.875,4.6875,100,100,64.0625,45.3125,60.9375,39.0625,82.8125,100,31.25,82.8125,100,100,84.375,100,50,92.1875,90.625,100,54.6875,51.5625,100,100,64.0625,100,100,100,100,59.375,100,100,100,35.9375,93.75,100,100,82.8125,100,87.5,100,89.0625,100,100,40.625,68.75,100,100,51.5625,100,46.875,100,100,100,100,95.3125,62.5,81.25,100,81.25,85.9375,100,100,43.75,100,70.3125,78.125,79.6875,100,100,21.875,100,57.8125,100,100,73.4375,82.8125,62.5,100,100,100,84.375,89.0625,76.5625,21.875,67.1875,76.5625,100,84.375,100,85.9375,100,98.4375,100,56.25,100,100,100,100,100,100,100,100,67.1875,51.5625,100,70.3125,93.75,71.875,100,10.9375,76.5625,100,18.75,100,100,57.8125,100,59.375,76.5625,100,76.5625,100,96.875,100,59.375,100,34.375,73.4375,67.1875,100,100,100,98.4375,95.3125,70.3125,100,100,100,100,100,79.6875,100,20.3125,100,78.125,84.375,82.8125,56.25,100,65.625,43.75,92.1875,100,35.9375,100,85.9375,100,93.75,100,70.3125,62.5,100,100,70.3125,68.75,100,42.1875,75,81.25,78.125,100,64.0625,100,100,56.25,93.75,96.875,34.375,67.1875,100,100,100,90.625,100,100,93.75,100,100,100,92.1875,100,100,100,100,100,98.4375,100,100,59.375,65.625,100,100,60.9375,48.4375,100,100,100,100,100,98.4375,100,29.6875,100,23.4375,98.4375,65.625,70.3125,100,89.0625,92.1875,100,100,100,95.3125,100,100,100,100,100,67.1875,87.5,100,100,92.1875,62.5,93.75,59.375,71.875,100,100,95.3125,40.625,84.375,100,73.4375,100,62.5,100,100,100,100,95.3125,100,81.25,37.5,100,95.3125,85.9375,100,70.3125,100,96.875,98.4375,42.1875,100,100,100,81.25,93.75,100,100,76.5625,65.625,65.625,100,100,100,100,100,100,100,100,100,73.4375,51.5625,100,100,100,100,100,89.0625,100,95.3125,100,90.625,100,100,100,100,68.75,48.4375,100,84.375,73.4375,100,100,75,71.875,100,81.25,100,100,75,100,67.1875,100,100,71.875,100,100,40.625,100,100,85.9375,87.5,100,54.6875,76.5625,100,100,51.5625,60.9375,20.3125,100,100,78.125,100,100,65.625,100,100,100,82.8125,100,62.5,100,65.625,84.375,100,85.9375,100,87.5,100,100,100,100,100,75,71.875,100,93.75,68.75,100,82.8125,54.6875,100,81.25,100,54.6875,100,100,100,100,100,46.875,100,75,100,100,100,100,100,100,57.8125,65.625,100,93.75,100,85.9375,100,98.4375,54.6875,76.5625,100,100,100,100,100,100,100,100,40.625,20.3125,90.625,92.1875,100,100,100,100,79.6875,76.5625,100,78.125,100,60.9375,100,96.875,100,76.5625,75,100,100,100,85.9375,90.625,100,87.5,98.4375,76.5625,95.3125,100,100,89.0625,28.125,100,56.25,51.5625,62.5,100,67.1875,93.75,100,45.3125,100,84.375,51.5625,100,100,28.125,100,100,100,100,100,100,100,100,100,100,100,70.3125,95.3125,59.375,100,76.5625,100,100,100,70.3125,95.3125,81.25,100,71.875,37.5,100,100,65.625,100,87.5,100,100,100,71.875,100,71.875,78.125,48.4375,100,100,100,28.125,73.4375,100,60.9375,100,89.0625,53.125,100,39.0625,100,100,50,100,60.9375,50,100,73.4375,100,100,100,100,100,98.4375,68.75,51.5625,89.0625,70.3125,100,100,81.25,71.875,64.0625,67.1875,62.5,51.5625,100,96.875,64.0625,93.75,100,79.6875,57.8125,100,50,96.875,100,95.3125,100,100,100,96.875,100,75,100,100,100,76.5625,100,100,100,85.9375,82.8125,92.1875,100,71.875,100,100,32.8125,57.8125,100,100,59.375,60.9375,100,39.0625,100,96.875,100,89.0625,100,100,100,100,93.75,60.9375,100,100,100,68.75,100,43.75,100,100,53.125,67.1875,79.6875,84.375,100,100,93.75,68.75,67.1875,71.875,45.3125,100,100,76.5625,57.8125,60.9375,71.875,64.0625,92.1875,93.75,100,89.0625,100,53.125,60.9375,67.1875,75,100,100,95.3125,100,100,100,81.25,93.75,64.0625,98.4375,92.1875,100,100,100,57.8125,37.5,28.125,100,100,96.875,100,79.6875,100,48.4375,76.5625,62.5,100,90.625,100,100,100,100,42.1875,93.75,53.125,48.4375,78.125,64.0625,93.75,100,100,100,87.5,100,100,65.625,39.0625,85.9375,100,73.4375,71.875,100,100,60.9375,100,100,100,100,100,100,79.6875,100,100,92.1875,100,89.0625,100,100,100,100,100,95.3125,100,100,100,81.25,65.625,68.75,100,100,82.8125,100,73.4375,100,100,73.4375,68.75,100,92.1875,100,76.5625,68.75,78.125,100,100,79.6875,75,100,96.875,40.625,100,100,93.75,76.5625,76.5625,98.4375,100,45.3125,100,100,100,100,100,100,100,42.1875,65.625,71.875,100,67.1875,100,100,100,100,100,59.375,96.875,100,100,89.0625,100,100,93.75,100,100,100,100,100,100,100,100,73.4375,100,64.0625,100,92.1875,71.875,98.4375,100,95.3125,70.3125,96.875,75,37.5,100,46.875,100,100,100,100,92.1875,100,100,100,100,100,50,100,84.375,100,78.125,100,62.5,100,100,100,100,43.75,89.0625,100,100,93.75,93.75,100,100,95.3125,100,45.3125,100,76.5625,73.4375,81.25,54.6875,64.0625,100,81.25,73.4375,100,100,100,62.5,90.625,100,85.9375,79.6875,59.375,54.6875,100,100,81.25,15.625,100,78.125,100,100,100,100,54.6875,54.6875,100,100,84.375,100,20.3125,81.25,100,100,100,100,100,96.875,32.8125,96.875,100,90.625,85.9375,64.0625,100,100,100,100,100,98.4375,100,100,100,100,100,59.375,100,60.9375,95.3125,82.8125,100,100,82.8125,100,100,71.875,53.125,60.9375,100,100,100,100,100,71.875,70.3125,100,78.125,100,15.625,100,100,100,71.875,56.25,100,89.0625,100,100,87.5,85.9375,39.0625,32.8125,76.5625,60.9375,100,100,89.0625,100,100,75,100,95.3125,73.4375,57.8125,100,56.25,37.5,100,95.3125,29.6875,100,26.5625,87.5,100,100,100,95.3125,100,40.625,20.3125,100,100,100,100,87.5,100,100,100,100,100,14.0625,57.8125,96.875,100,100,89.0625,95.3125,100,96.875,100,100,100,100,64.0625,48.4375,100,100,100,67.1875,100,100,100,100,100,26.5625,70.3125,100,100,100,100,73.4375,100,96.875,70.3125,100,59.375,59.375,62.5,70.3125,84.375,100,100,100,79.6875,100,100,82.8125,100,100,100,100,85.9375,98.4375,100,100,100,100,100,90.625,100,23.4375,84.375,100,100,92.1875,100,100,60.9375,100,51.5625,78.125,100,100,56.25,100,100,100,100,100,100,76.5625,53.125,79.6875,100,37.5,100,70.3125,82.8125,100,100,100,92.1875,87.5,100,76.5625,100,93.75,71.875,68.75,100,18.75,100,54.6875,100,100,75,100,100,100,64.0625,65.625,100,100,100,100,92.1875,59.375,48.4375,46.875,67.1875,79.6875,73.4375,100,100,84.375,93.75,28.125,100,70.3125,100,100,100,100,31.25,81.25,100,100,100,65.625,84.375,89.0625,100,76.5625,100,85.9375,65.625,100,53.125,89.0625,93.75,100,75,100,100,64.0625,100,100,84.375,82.8125,100,67.1875,100,100,100,100,93.75,79.6875,28.125,100,100,45.3125,100,100,100,100,100,82.8125,100,82.8125,100,100,100,100,87.5,50,71.875,100,100,48.4375,100,100,100,23.4375,35.9375,100,71.875,79.6875,100,34.375,85.9375,100,100,90.625,68.75,96.875,57.8125,100,100,100,76.5625,32.8125,29.6875,59.375,68.75,100,100,90.625,65.625,100,56.25,37.5,100,100,73.4375,60.9375,89.0625,100,70.3125,85.9375,95.3125,100,100,100,40.625,100,100,57.8125,79.6875,100,100,98.4375,100,39.0625,100,100,100,100,84.375,100,100,100,29.6875,100,50,100,57.8125,57.8125,100,100,68.75,100,18.75,100,100,81.25,100,100,100,65.625,82.8125,81.25,100,84.375,100,100,100,100,100,82.8125,42.1875,54.6875,100,81.25,100,90.625,100,84.375,100,100,100,81.25,95.3125,100,87.5,87.5,35.9375,100,100,100,100,57.8125,95.3125,100,100,96.875,100,76.5625,79.6875,100,100,93.75,89.0625,89.0625,100,100,67.1875,100,82.8125,87.5,100,100,21.875,60.9375,81.25,81.25,100,100,73.4375,59.375,70.3125,100,100,100,100,100,29.6875,100,95.3125,100,100,93.75,100,98.4375,67.1875,45.3125,100,100,100,62.5,53.125,43.75,6.25,46.875,100,56.25,100,100,100,64.0625,90.625,84.375,100,100,100,75,100,100,100,100,100,100,71.875,100,100,84.375,100,100,84.375,100,100,100,100,100,100,95.3125,81.25,100,90.625,81.25,100,100,95.3125,100,84.375,100,64.0625,100,100,60.9375,100,70.3125,100,84.375,81.25,70.3125,75,100,100,100,100,98.4375,71.875,85.9375,100,100,100,53.125,59.375,82.8125,100,90.625,100,71.875,87.5,100,85.9375,60.9375,100,95.3125,82.8125,100,50,100,93.75,100,40.625,45.3125,79.6875,100,100,100,64.0625,84.375,26.5625,84.375,42.1875,100,100,59.375,100,100,65.625,59.375,100,89.0625,75,98.4375,85.9375,100,90.625,100,100,93.75,96.875,20.3125,65.625,73.4375,71.875,39.0625,100,87.5,100,100,54.6875,100,90.625,75,100,87.5,75,89.0625,67.1875,96.875,100,17.1875,100,87.5,71.875,100,81.25,75,100,100,20.3125,60.9375,95.3125,100,79.6875,100,50,79.6875,56.25,68.75,100,100,100,100,95.3125,100,100,85.9375,79.6875,64.0625,100,100,62.5,100,95.3125,85.9375,100,100,100,100,100,32.8125,100,100,100,100,70.3125,100,82.8125,35.9375,90.625,100,56.25,40.625,100,81.25,100,100,75,57.8125,100,100,60.9375,100,67.1875,67.1875,78.125,100,100,82.8125,93.75,100,54.6875,73.4375,100,100,100,76.5625,73.4375,51.5625,9.375,100,71.875,62.5,85.9375,75,42.1875,78.125,79.6875,20.3125,95.3125,54.6875,85.9375,100,100,95.3125,100,90.625,96.875,81.25,100,100,100,100,100,100,95.3125,100,100,98.4375,100,100,78.125,75,62.5,65.625,96.875,100,100,100,100,100,100,51.5625,92.1875,100,100,90.625,100,100,100,100,93.75,40.625,98.4375,100,100,100,87.5,100,35.9375,100,89.0625,100,100,100,100,100,89.0625,100,70.3125,100,100,92.1875,100,65.625,93.75,100,100,100,70.3125,57.8125,56.25,100,100,100,35.9375,81.25,100,100,100,100,93.75,100,100,40.625,65.625,100,92.1875,81.25,100,90.625,93.75,87.5,67.1875,87.5,100,100,93.75,100,100,100,67.1875,85.9375,21.875,84.375,100,100,100,100,100,100,100,100,100,100,93.75,59.375,90.625,64.0625,100,26.5625,100,100,87.5,54.6875,100,100,84.375,93.75,73.4375,89.0625,100,100,100,82.8125,81.25,82.8125,100,87.5,100,42.1875,100,100,81.25,62.5,78.125,100,100,100,98.4375,100,100,84.375,53.125,100,59.375,76.5625,67.1875,100,79.6875,98.4375,100,100,100,96.875,100,100,98.4375,100,100,100,68.75,71.875,78.125,59.375,100,100,64.0625,100,100,62.5,100,100,100,100,100,82.8125,100,56.25,70.3125,79.6875,100,64.0625,39.0625,54.6875,100,100,90.625,100,87.5,92.1875,100,100,73.4375,100,85.9375,81.25,64.0625,100,100,100,48.4375,89.0625,100,100,89.0625,100,100,100,46.875,96.875,100,100,100,100,96.875,100,100,100,73.4375,37.5,100,12.5,100,89.0625,100,54.6875,100,100,100,57.8125,92.1875,100,100,100,100,67.1875,100,100,54.6875,100,100,56.25,100,68.75,100,100,100,100,95.3125,100,62.5,100,100,92.1875,43.75,100,90.625,76.5625,59.375,100,100,87.5,100,96.875,100,53.125,100,100,37.5,10.9375,100,53.125,100,100,100,75,100,75,100,100,100,100,34.375,68.75,100,93.75,78.125,93.75,81.25,100,9.375,100,64.0625,62.5,100,100,89.0625,78.125,100,100,100,64.0625,73.4375,100,90.625,85.9375,87.5,92.1875,93.75,98.4375,96.875,87.5,100,100,100,81.25,96.875,81.25,100,100,100,96.875,100,100,95.3125,59.375,50,87.5,18.75,53.125,100,100,100,45.3125,81.25,100,100,100,100,78.125,79.6875,82.8125,89.0625,100,100,100,62.5,100,100,65.625,60.9375,100,59.375,100,67.1875,79.6875,75,100,67.1875,54.6875,100,100,100,100,75,45.3125,100,100,50,100,100,70.3125,35.9375,100,100,56.25,100,75,100,96.875,75,76.5625,100,100,100,100,46.875,100,73.4375,32.8125,100,100,46.875,100,100,82.8125,100,100,100,78.125,100,92.1875,98.4375,76.5625,100,100,68.75,65.625,100,59.375,100,90.625,100,59.375,87.5,100,100,73.4375,100,42.1875,46.875,56.25,56.25,64.0625,100,100,54.6875,100,84.375,90.625,100,64.0625,56.25,37.5,100,100,100,100,95.3125,81.25,100,85.9375,100,81.25,84.375,70.3125,100,78.125,100,100,73.4375,81.25,18.75,96.875,84.375,64.0625,56.25,37.5,100,100,90.625,100,56.25,89.0625,100,59.375,65.625,100,100,87.5,93.75,68.75,87.5,34.375,100,100,100,100,100,100,90.625,100,100,67.1875,84.375,100,100,23.4375,100,37.5,100,100,70.3125,100,46.875,100,82.8125,53.125,100,50,54.6875,87.5,98.4375,17.1875,85.9375,100,100,100,100,71.875,95.3125,18.75,100,70.3125,100,100,100,96.875,78.125,60.9375,100,100,48.4375,68.75,100,100,48.4375,100,100,46.875,100,57.8125,100,100,100,84.375,100,62.5,95.3125,100,95.3125,92.1875,54.6875,82.8125,53.125,100,100,100,98.4375,100,87.5,100,65.625,100,100,100,100,100,89.0625,84.375,100,93.75,100,100,90.625,95.3125,100,31.25,98.4375,100,85.9375,100,100,100,100,100,100,1.5625,100,71.875,28.125,100,76.5625,100,100,100,84.375,100,100,81.25,82.8125,100,100,32.8125,100,100,85.9375,100,95.3125,100,93.75,59.375,100,59.375,100,100,100,75,100,48.4375,65.625,100,100,64.0625,100,100,64.0625,100,100,90.625,100,100,82.8125,89.0625,92.1875,57.8125,28.125,100,79.6875,100,50,54.6875,90.625,62.5,100,67.1875,100,29.6875,68.75,100,73.4375,100,100,75,100,90.625,59.375,100,68.75,62.5,100,79.6875,100,29.6875,57.8125,100,100,96.875,95.3125,100,100,64.0625,76.5625,100,100,64.0625,100,100,54.6875,82.8125,100,90.625,32.8125,64.0625,14.0625,100,100,100,23.4375,100,59.375,39.0625,100,76.5625,100,100,100,100,90.625,100,54.6875,100,100,65.625,100,28.125,100,100,79.6875,100,100,25,76.5625,100,93.75,100,100,100,100
"6124",89.0625,100,35.9375,100,100,79.6875,95.3125,100,21.875,98.4375,54.6875,100,100,100,100,76.5625,82.8125,81.25,32.8125,100,96.875,100,100,100,76.5625,100,100,95.3125,87.5,100,100,100,100,93.75,100,95.3125,81.25,100,100,100,100,65.625,82.8125,100,100,100,100,100,65.625,87.5,75,100,100,70.3125,79.6875,100,6.25,100,82.8125,40.625,82.8125,65.625,98.4375,100,100,100,65.625,100,75,100,59.375,71.875,100,100,62.5,100,100,50,48.4375,100,76.5625,100,84.375,70.3125,100,100,100,95.3125,100,100,56.25,84.375,100,48.4375,82.8125,18.75,100,60.9375,100,100,93.75,100,100,92.1875,79.6875,43.75,92.1875,59.375,48.4375,100,64.0625,85.9375,67.1875,100,40.625,100,100,100,89.0625,100,85.9375,100,100,96.875,92.1875,54.6875,100,18.75,100,100,90.625,100,100,100,100,64.0625,59.375,78.125,100,100,100,71.875,46.875,65.625,100,98.4375,98.4375,100,60.9375,79.6875,46.875,35.9375,79.6875,92.1875,95.3125,90.625,76.5625,100,100,100,100,100,76.5625,100,89.0625,71.875,26.5625,92.1875,57.8125,100,85.9375,76.5625,84.375,100,100,98.4375,84.375,100,100,100,100,50,100,100,98.4375,100,54.6875,100,100,87.5,100,100,87.5,100,100,100,96.875,98.4375,100,100,62.5,100,96.875,100,100,100,100,100,78.125,87.5,65.625,100,100,100,79.6875,78.125,46.875,54.6875,100,100,89.0625,75,35.9375,100,100,57.8125,23.4375,100,73.4375,100,78.125,76.5625,10.9375,100,100,100,90.625,60.9375,100,100,100,100,100,71.875,100,31.25,100,87.5,100,100,100,76.5625,100,100,100,89.0625,100,57.8125,100,100,100,98.4375,32.8125,95.3125,87.5,100,100,100,93.75,100,79.6875,68.75,100,98.4375,92.1875,25,37.5,100,92.1875,100,100,45.3125,100,100,100,100,60.9375,98.4375,100,92.1875,84.375,100,90.625,37.5,100,100,100,87.5,67.1875,75,40.625,100,70.3125,67.1875,100,89.0625,98.4375,12.5,90.625,100,98.4375,100,57.8125,100,68.75,95.3125,100,100,64.0625,71.875,76.5625,100,50,100,82.8125,67.1875,100,96.875,100,62.5,87.5,100,76.5625,92.1875,100,40.625,100,87.5,100,100,95.3125,76.5625,39.0625,39.0625,64.0625,68.75,37.5,100,59.375,64.0625,100,67.1875,100,100,70.3125,100,50,75,46.875,87.5,92.1875,90.625,100,100,79.6875,34.375,29.6875,100,98.4375,100,100,100,98.4375,79.6875,100,100,87.5,100,100,100,85.9375,62.5,96.875,100,100,100,96.875,100,70.3125,92.1875,100,75,100,90.625,100,81.25,100,70.3125,96.875,54.6875,100,100,100,100,100,92.1875,59.375,100,76.5625,87.5,84.375,96.875,100,95.3125,100,68.75,39.0625,50,100,76.5625,64.0625,87.5,42.1875,100,100,37.5,45.3125,100,96.875,100,82.8125,100,84.375,100,75,73.4375,57.8125,100,100,100,100,93.75,57.8125,85.9375,100,100,100,100,100,93.75,60.9375,100,100,100,82.8125,71.875,100,100,100,100,76.5625,73.4375,93.75,100,84.375,100,100,100,100,100,67.1875,68.75,84.375,100,100,67.1875,100,100,100,54.6875,70.3125,93.75,100,76.5625,82.8125,100,53.125,100,70.3125,75,100,76.5625,79.6875,100,65.625,100,100,100,56.25,76.5625,73.4375,100,100,100,85.9375,82.8125,68.75,84.375,100,100,62.5,70.3125,68.75,100,100,45.3125,67.1875,100,100,46.875,100,100,100,68.75,39.0625,92.1875,100,100,53.125,100,39.0625,100,98.4375,92.1875,85.9375,70.3125,100,79.6875,56.25,100,96.875,67.1875,100,35.9375,37.5,100,50,100,100,70.3125,100,100,100,100,100,50,79.6875,100,93.75,96.875,100,70.3125,100,100,100,100,31.25,100,100,100,73.4375,100,73.4375,100,46.875,70.3125,100,84.375,82.8125,100,65.625,100,92.1875,100,95.3125,100,96.875,65.625,100,64.0625,100,65.625,100,100,100,100,81.25,100,71.875,96.875,100,100,100,67.1875,82.8125,100,92.1875,60.9375,100,54.6875,100,100,76.5625,100,64.0625,100,100,82.8125,100,100,100,100,96.875,84.375,100,100,100,100,100,79.6875,98.4375,100,100,100,100,100,100,84.375,100,100,95.3125,100,60.9375,96.875,40.625,76.5625,85.9375,100,100,100,100,92.1875,100,100,42.1875,6.25,100,54.6875,28.125,100,100,100,100,100,100,100,100,82.8125,54.6875,59.375,71.875,51.5625,76.5625,98.4375,76.5625,100,92.1875,84.375,81.25,85.9375,40.625,82.8125,95.3125,48.4375,78.125,100,90.625,100,100,39.0625,100,78.125,100,43.75,68.75,100,100,75,57.8125,70.3125,46.875,100,46.875,100,100,100,100,100,100,56.25,100,75,75,70.3125,100,100,68.75,100,100,100,67.1875,100,100,100,100,100,100,100,100,100,78.125,62.5,100,100,100,89.0625,100,100,100,73.4375,100,100,68.75,100,100,100,64.0625,100,100,35.9375,89.0625,100,84.375,39.0625,71.875,100,100,64.0625,93.75,100,100,100,75,100,65.625,78.125,100,100,100,50,15.625,68.75,76.5625,18.75,100,100,39.0625,45.3125,73.4375,100,82.8125,100,65.625,87.5,100,100,85.9375,98.4375,100,92.1875,84.375,100,51.5625,45.3125,100,100,92.1875,100,100,100,100,59.375,100,96.875,100,39.0625,93.75,35.9375,100,81.25,57.8125,85.9375,100,79.6875,95.3125,100,40.625,34.375,100,100,53.125,100,42.1875,100,100,100,100,95.3125,62.5,100,100,81.25,85.9375,100,100,32.8125,100,70.3125,92.1875,79.6875,100,100,57.8125,100,62.5,100,100,89.0625,81.25,64.0625,100,100,100,75,100,76.5625,6.25,64.0625,100,100,82.8125,100,100,100,93.75,100,56.25,100,100,100,100,100,100,100,100,64.0625,51.5625,100,68.75,96.875,73.4375,100,17.1875,73.4375,95.3125,21.875,100,100,53.125,100,76.5625,59.375,84.375,76.5625,100,96.875,87.5,60.9375,100,39.0625,71.875,67.1875,100,96.875,100,96.875,100,71.875,100,100,100,100,100,95.3125,100,28.125,100,79.6875,100,85.9375,50,100,67.1875,39.0625,96.875,100,35.9375,100,82.8125,100,100,100,70.3125,71.875,84.375,100,70.3125,76.5625,100,100,68.75,79.6875,73.4375,85.9375,76.5625,100,37.5,57.8125,100,90.625,34.375,70.3125,100,100,100,53.125,100,100,100,100,100,100,93.75,96.875,100,100,100,100,100,100,100,68.75,65.625,100,100,59.375,45.3125,100,98.4375,100,100,100,75,100,29.6875,100,43.75,95.3125,68.75,70.3125,100,89.0625,85.9375,100,100,100,92.1875,100,100,100,100,100,59.375,87.5,34.375,100,92.1875,65.625,93.75,78.125,62.5,100,100,100,68.75,84.375,100,75,100,59.375,100,56.25,100,78.125,100,100,73.4375,34.375,100,96.875,87.5,100,79.6875,100,90.625,100,100,100,100,100,81.25,100,100,100,76.5625,70.3125,62.5,100,100,100,100,100,100,100,93.75,100,82.8125,50,100,100,100,100,100,89.0625,100,90.625,70.3125,89.0625,100,100,87.5,100,68.75,96.875,100,100,75,100,95.3125,81.25,82.8125,100,78.125,95.3125,100,62.5,100,76.5625,100,100,73.4375,100,100,40.625,100,100,85.9375,79.6875,93.75,60.9375,81.25,100,100,100,67.1875,17.1875,100,100,100,100,100,100,100,100,92.1875,100,100,65.625,64.0625,90.625,92.1875,100,82.8125,100,87.5,100,100,100,100,100,75,70.3125,100,93.75,89.0625,100,82.8125,57.8125,100,82.8125,100,62.5,82.8125,100,100,100,100,42.1875,100,89.0625,100,100,100,45.3125,100,100,59.375,65.625,100,93.75,100,85.9375,100,100,57.8125,78.125,100,100,100,100,100,100,100,100,40.625,56.25,84.375,100,100,100,76.5625,100,79.6875,75,90.625,100,100,57.8125,100,92.1875,100,73.4375,75,100,100,34.375,85.9375,96.875,100,82.8125,100,100,53.125,100,100,100,25,100,50,51.5625,15.625,100,68.75,96.875,100,68.75,100,84.375,48.4375,100,100,28.125,100,100,100,100,100,100,100,100,100,100,100,70.3125,96.875,57.8125,100,76.5625,100,100,100,73.4375,95.3125,81.25,100,76.5625,37.5,100,100,73.4375,100,73.4375,100,100,100,68.75,100,73.4375,100,93.75,100,100,100,29.6875,75,100,100,100,89.0625,53.125,100,37.5,100,100,100,100,62.5,18.75,100,73.4375,100,89.0625,100,85.9375,100,25,68.75,53.125,89.0625,73.4375,100,100,81.25,82.8125,92.1875,67.1875,62.5,53.125,100,68.75,64.0625,57.8125,100,75,59.375,100,87.5,89.0625,100,93.75,100,100,100,100,100,75,100,100,95.3125,87.5,100,100,100,85.9375,76.5625,76.5625,100,100,100,100,100,87.5,100,92.1875,62.5,60.9375,100,100,100,100,100,89.0625,100,100,100,100,85.9375,57.8125,96.875,100,100,65.625,100,42.1875,100,100,100,68.75,81.25,70.3125,100,100,92.1875,62.5,68.75,54.6875,43.75,100,100,76.5625,59.375,64.0625,82.8125,79.6875,92.1875,95.3125,100,90.625,100,51.5625,67.1875,65.625,71.875,100,100,100,100,100,100,81.25,95.3125,70.3125,90.625,92.1875,100,100,100,70.3125,35.9375,28.125,100,100,81.25,100,78.125,100,35.9375,75,67.1875,68.75,81.25,100,100,100,100,39.0625,100,50,50,79.6875,60.9375,92.1875,28.125,100,93.75,87.5,100,85.9375,59.375,39.0625,92.1875,100,71.875,73.4375,100,100,65.625,100,100,73.4375,100,100,100,79.6875,18.75,100,92.1875,100,84.375,17.1875,100,100,100,100,92.1875,100,100,100,100,73.4375,75,100,100,84.375,96.875,73.4375,100,100,70.3125,68.75,100,92.1875,100,75,93.75,76.5625,100,98.4375,79.6875,100,100,95.3125,37.5,100,53.125,92.1875,75,78.125,100,100,100,100,100,100,100,100,100,100,42.1875,70.3125,70.3125,100,81.25,100,100,100,100,100,100,100,100,42.1875,92.1875,100,100,82.8125,100,100,100,100,100,100,100,100,82.8125,100,68.75,100,53.125,81.25,100,100,95.3125,71.875,100,92.1875,39.0625,100,46.875,100,85.9375,100,100,79.6875,89.0625,100,100,100,100,46.875,100,79.6875,100,71.875,100,75,100,100,100,100,39.0625,90.625,100,100,82.8125,95.3125,100,100,90.625,100,75,96.875,67.1875,67.1875,75,100,76.5625,71.875,59.375,73.4375,100,65.625,100,100,90.625,100,85.9375,78.125,59.375,76.5625,100,67.1875,78.125,100,100,59.375,100,100,100,100,51.5625,54.6875,100,100,100,100,20.3125,87.5,100,93.75,100,100,100,75,53.125,85.9375,100,100,89.0625,100,100,100,100,82.8125,100,100,100,100,100,85.9375,100,59.375,100,96.875,98.4375,82.8125,100,100,100,100,100,71.875,57.8125,71.875,100,100,78.125,100,100,90.625,70.3125,100,79.6875,100,39.0625,100,100,100,71.875,54.6875,100,89.0625,100,100,89.0625,100,40.625,32.8125,81.25,65.625,100,100,87.5,100,98.4375,100,100,73.4375,90.625,59.375,100,56.25,21.875,100,95.3125,53.125,100,25,87.5,100,100,100,95.3125,100,39.0625,20.3125,100,100,100,100,100,100,100,100,100,100,14.0625,40.625,100,100,100,81.25,100,100,100,100,100,90.625,95.3125,68.75,54.6875,100,100,100,70.3125,92.1875,23.4375,100,73.4375,100,12.5,68.75,100,100,100,54.6875,75,100,81.25,64.0625,100,59.375,60.9375,62.5,68.75,85.9375,100,100,100,62.5,100,100,92.1875,100,100,100,100,81.25,96.875,100,100,100,100,100,81.25,100,9.375,84.375,100,100,100,100,100,67.1875,100,51.5625,50,100,100,54.6875,89.0625,100,100,100,100,98.4375,73.4375,100,76.5625,100,34.375,100,70.3125,81.25,100,100,64.0625,100,85.9375,100,76.5625,100,89.0625,68.75,68.75,100,26.5625,100,67.1875,100,100,75,100,100,100,65.625,75,96.875,85.9375,100,100,93.75,59.375,53.125,53.125,67.1875,81.25,78.125,100,100,84.375,93.75,50,100,100,100,100,100,100,32.8125,67.1875,100,98.4375,100,100,85.9375,100,100,100,100,84.375,65.625,100,50,79.6875,100,100,73.4375,100,35.9375,70.3125,100,100,100,81.25,100,62.5,100,100,100,100,95.3125,92.1875,34.375,100,100,67.1875,100,100,100,84.375,100,82.8125,100,82.8125,100,100,25,100,90.625,48.4375,82.8125,100,100,53.125,85.9375,56.25,100,40.625,35.9375,100,78.125,48.4375,100,31.25,100,100,100,79.6875,100,95.3125,54.6875,100,100,100,92.1875,59.375,29.6875,100,70.3125,100,100,93.75,68.75,100,54.6875,37.5,7.8125,100,100,62.5,93.75,100,76.5625,85.9375,95.3125,100,65.625,100,42.1875,100,100,64.0625,98.4375,100,100,100,100,45.3125,100,100,100,100,95.3125,100,100,100,26.5625,73.4375,10.9375,100,56.25,100,100,100,70.3125,100,20.3125,100,100,76.5625,100,100,57.8125,81.25,85.9375,79.6875,100,87.5,100,100,100,100,100,82.8125,51.5625,51.5625,100,100,100,100,100,53.125,95.3125,100,100,98.4375,92.1875,100,90.625,92.1875,64.0625,100,100,100,64.0625,100,100,100,100,57.8125,100,76.5625,79.6875,100,100,100,87.5,60.9375,89.0625,100,67.1875,100,96.875,64.0625,100,100,26.5625,85.9375,81.25,85.9375,100,82.8125,75,57.8125,65.625,100,90.625,100,100,100,32.8125,100,95.3125,100,100,93.75,100,95.3125,67.1875,81.25,100,100,98.4375,60.9375,54.6875,100,6.25,45.3125,100,9.375,100,100,100,68.75,90.625,100,100,100,82.8125,81.25,100,100,100,100,100,100,71.875,100,100,93.75,100,100,85.9375,100,100,100,100,100,100,95.3125,81.25,100,89.0625,85.9375,100,100,100,100,84.375,100,67.1875,100,100,59.375,100,68.75,100,75,89.0625,70.3125,75,100,100,100,100,98.4375,76.5625,76.5625,100,100,100,59.375,59.375,100,100,90.625,100,100,85.9375,100,87.5,57.8125,100,75,59.375,100,50,100,93.75,100,100,45.3125,92.1875,100,100,100,65.625,62.5,32.8125,89.0625,50,100,100,59.375,100,100,65.625,59.375,100,95.3125,65.625,90.625,78.125,100,90.625,100,100,93.75,96.875,20.3125,53.125,76.5625,71.875,39.0625,100,87.5,100,100,54.6875,100,96.875,76.5625,100,87.5,75,89.0625,67.1875,73.4375,100,17.1875,100,96.875,75,100,90.625,75,100,100,42.1875,50,92.1875,100,81.25,100,50,75,57.8125,59.375,100,100,100,71.875,95.3125,100,100,90.625,70.3125,64.0625,100,90.625,82.8125,100,84.375,81.25,100,100,100,96.875,100,32.8125,100,40.625,100,100,98.4375,100,90.625,34.375,75,100,56.25,40.625,71.875,81.25,100,100,75,100,100,100,68.75,100,67.1875,67.1875,79.6875,100,100,100,100,100,53.125,78.125,100,100,100,85.9375,65.625,39.0625,9.375,100,73.4375,64.0625,100,79.6875,57.8125,71.875,81.25,20.3125,93.75,54.6875,85.9375,76.5625,67.1875,100,25,90.625,100,81.25,100,100,100,17.1875,100,100,93.75,85.9375,100,89.0625,100,100,79.6875,82.8125,56.25,65.625,92.1875,100,100,100,100,100,68.75,42.1875,90.625,100,100,100,82.8125,100,100,100,100,93.75,100,100,100,100,85.9375,100,31.25,100,71.875,100,100,65.625,95.3125,100,89.0625,100,90.625,100,100,92.1875,100,73.4375,98.4375,100,100,100,79.6875,60.9375,75,100,100,100,35.9375,85.9375,100,100,100,100,67.1875,100,100,71.875,64.0625,100,85.9375,79.6875,100,71.875,93.75,100,67.1875,87.5,100,100,84.375,100,45.3125,100,82.8125,40.625,21.875,85.9375,100,100,100,39.0625,100,100,100,100,100,54.6875,93.75,20.3125,34.375,62.5,100,26.5625,100,100,23.4375,57.8125,100,100,100,100,87.5,90.625,100,100,100,79.6875,78.125,79.6875,100,81.25,100,40.625,100,100,81.25,57.8125,78.125,100,100,100,96.875,100,100,84.375,64.0625,100,59.375,68.75,100,100,75,100,100,100,100,100,100,100,98.4375,100,100,93.75,68.75,67.1875,89.0625,62.5,100,100,64.0625,100,98.4375,62.5,100,100,100,100,100,89.0625,100,57.8125,71.875,98.4375,100,62.5,76.5625,57.8125,100,100,78.125,100,79.6875,92.1875,100,100,73.4375,100,87.5,100,59.375,100,100,68.75,54.6875,92.1875,100,100,92.1875,100,100,76.5625,78.125,100,100,100,100,100,100,100,100,100,76.5625,85.9375,100,53.125,100,92.1875,100,54.6875,100,100,100,57.8125,100,100,100,100,100,70.3125,100,100,64.0625,100,100,81.25,100,70.3125,100,100,100,87.5,93.75,100,62.5,100,100,100,46.875,100,89.0625,100,60.9375,100,87.5,82.8125,100,46.875,100,53.125,100,100,37.5,10.9375,100,53.125,100,100,100,73.4375,92.1875,70.3125,100,100,100,100,34.375,100,100,96.875,93.75,95.3125,100,100,28.125,84.375,64.0625,78.125,100,100,82.8125,79.6875,98.4375,100,45.3125,65.625,85.9375,100,92.1875,100,92.1875,92.1875,92.1875,98.4375,92.1875,100,100,100,76.5625,81.25,85.9375,81.25,100,100,100,96.875,92.1875,100,85.9375,85.9375,53.125,87.5,23.4375,9.375,100,100,100,45.3125,100,100,100,100,100,89.0625,78.125,64.0625,90.625,76.5625,100,100,68.75,100,100,81.25,85.9375,100,57.8125,100,50,79.6875,79.6875,100,67.1875,54.6875,100,100,100,100,75,43.75,100,100,50,100,100,67.1875,40.625,100,100,64.0625,93.75,76.5625,100,100,84.375,100,100,100,100,100,42.1875,100,73.4375,100,100,100,75,100,100,65.625,100,100,100,100,100,98.4375,92.1875,82.8125,100,100,73.4375,100,100,59.375,100,85.9375,100,62.5,87.5,100,100,81.25,100,35.9375,46.875,56.25,100,59.375,100,100,100,92.1875,98.4375,89.0625,100,54.6875,54.6875,35.9375,93.75,100,100,100,93.75,70.3125,100,81.25,100,70.3125,89.0625,71.875,100,78.125,100,100,78.125,98.4375,18.75,96.875,65.625,100,56.25,40.625,100,100,100,100,57.8125,68.75,100,59.375,81.25,73.4375,64.0625,100,76.5625,73.4375,85.9375,67.1875,100,93.75,100,62.5,100,100,89.0625,100,100,76.5625,87.5,100,100,23.4375,100,40.625,100,100,100,100,45.3125,100,81.25,50,100,50,51.5625,89.0625,92.1875,32.8125,85.9375,100,100,37.5,100,71.875,100,28.125,100,65.625,100,100,100,100,51.5625,57.8125,100,100,14.0625,67.1875,100,100,100,100,100,39.0625,100,57.8125,100,100,100,84.375,100,53.125,87.5,100,95.3125,92.1875,53.125,68.75,53.125,100,100,100,100,100,87.5,100,54.6875,100,100,100,100,100,90.625,81.25,100,93.75,100,100,100,100,100,45.3125,84.375,100,81.25,100,100,100,100,100,100,1.5625,100,31.25,32.8125,100,79.6875,100,100,100,76.5625,100,100,51.5625,85.9375,100,100,100,100,100,85.9375,100,100,100,100,59.375,100,62.5,43.75,100,100,76.5625,100,45.3125,64.0625,100,100,64.0625,100,100,56.25,100,100,73.4375,100,100,89.0625,89.0625,51.5625,54.6875,35.9375,100,100,98.4375,100,56.25,100,62.5,100,92.1875,100,79.6875,71.875,100,100,71.875,100,81.25,100,95.3125,59.375,100,68.75,62.5,98.4375,90.625,100,39.0625,59.375,100,100,96.875,90.625,84.375,100,64.0625,82.8125,100,78.125,76.5625,100,100,82.8125,78.125,100,82.8125,29.6875,67.1875,29.6875,100,100,100,64.0625,100,59.375,37.5,100,84.375,100,100,100,56.25,70.3125,100,54.6875,100,100,53.125,100,26.5625,100,51.5625,100,100,92.1875,100,60.9375,100,90.625,84.375,75,100,100
"6125",89.0625,100,45.3125,100,100,76.5625,95.3125,100,21.875,98.4375,56.25,100,100,100,79.6875,78.125,84.375,84.375,81.25,100,96.875,100,100,100,73.4375,100,100,93.75,84.375,100,100,100,100,92.1875,100,92.1875,78.125,100,100,100,85.9375,9.375,87.5,100,100,96.875,100,100,67.1875,82.8125,75,100,100,70.3125,82.8125,100,21.875,100,100,45.3125,87.5,56.25,98.4375,37.5,100,100,60.9375,100,59.375,100,57.8125,71.875,100,95.3125,64.0625,82.8125,100,54.6875,100,100,76.5625,100,40.625,70.3125,85.9375,100,100,50,100,100,56.25,82.8125,100,48.4375,90.625,70.3125,100,56.25,100,100,90.625,98.4375,87.5,92.1875,100,42.1875,93.75,100,85.9375,100,73.4375,68.75,100,82.8125,40.625,100,100,100,100,100,87.5,100,100,100,100,56.25,100,18.75,100,100,100,100,100,20.3125,100,64.0625,67.1875,78.125,100,100,100,78.125,45.3125,54.6875,100,100,93.75,39.0625,39.0625,84.375,57.8125,43.75,79.6875,93.75,95.3125,90.625,76.5625,100,100,100,100,100,75,100,89.0625,71.875,62.5,90.625,57.8125,100,78.125,89.0625,100,100,100,95.3125,89.0625,100,100,100,100,31.25,100,100,100,65.625,53.125,46.875,100,85.9375,100,100,87.5,100,100,100,81.25,79.6875,100,100,37.5,100,96.875,100,100,100,100,100,73.4375,100,68.75,82.8125,100,100,81.25,78.125,45.3125,46.875,100,100,100,71.875,53.125,100,100,59.375,57.8125,100,87.5,100,37.5,78.125,100,100,100,100,92.1875,60.9375,100,100,100,100,100,100,100,29.6875,100,92.1875,100,46.875,100,79.6875,14.0625,93.75,100,98.4375,100,59.375,100,100,100,98.4375,32.8125,96.875,67.1875,89.0625,100,100,100,100,75,71.875,100,100,100,56.25,35.9375,100,93.75,100,82.8125,43.75,100,100,100,100,59.375,100,100,93.75,84.375,100,92.1875,46.875,100,100,100,87.5,75,75,40.625,100,67.1875,65.625,100,87.5,85.9375,25,85.9375,100,100,100,56.25,100,100,95.3125,100,100,78.125,56.25,89.0625,100,50,100,73.4375,65.625,95.3125,96.875,100,71.875,85.9375,100,76.5625,92.1875,100,40.625,96.875,87.5,100,100,100,76.5625,39.0625,39.0625,100,68.75,34.375,100,100,67.1875,100,78.125,100,100,67.1875,100,67.1875,75,39.0625,71.875,89.0625,92.1875,100,100,76.5625,45.3125,29.6875,100,98.4375,100,100,100,96.875,78.125,90.625,100,96.875,100,71.875,100,85.9375,87.5,90.625,100,100,17.1875,93.75,42.1875,62.5,93.75,100,73.4375,100,100,100,57.8125,100,100,100,46.875,100,100,100,100,100,90.625,59.375,100,75,85.9375,78.125,100,100,98.4375,100,95.3125,39.0625,51.5625,100,76.5625,60.9375,87.5,100,100,100,42.1875,100,100,96.875,100,82.8125,100,87.5,100,75,65.625,64.0625,100,100,100,76.5625,90.625,78.125,90.625,100,100,100,100,89.0625,93.75,100,100,100,100,82.8125,71.875,100,100,100,100,76.5625,68.75,92.1875,100,60.9375,60.9375,100,100,100,95.3125,82.8125,67.1875,100,100,100,67.1875,100,100,100,100,70.3125,100,100,65.625,82.8125,100,48.4375,100,70.3125,75,100,15.625,78.125,100,65.625,100,100,100,75,76.5625,79.6875,100,100,100,84.375,60.9375,65.625,82.8125,31.25,100,65.625,67.1875,68.75,100,100,100,100,100,100,100,100,100,78.125,67.1875,34.375,92.1875,100,100,46.875,100,39.0625,100,93.75,92.1875,84.375,71.875,100,79.6875,79.6875,100,100,64.0625,100,35.9375,68.75,100,85.9375,100,100,70.3125,100,100,100,100,100,43.75,78.125,100,85.9375,96.875,96.875,71.875,98.4375,100,100,100,35.9375,87.5,100,100,60.9375,100,78.125,100,46.875,76.5625,100,75,73.4375,100,65.625,100,100,100,100,100,92.1875,62.5,100,64.0625,100,59.375,100,100,100,100,87.5,100,76.5625,96.875,100,100,100,79.6875,82.8125,100,59.375,68.75,100,56.25,100,100,81.25,100,43.75,100,100,89.0625,100,100,100,100,100,87.5,100,82.8125,100,100,100,85.9375,100,100,100,100,100,100,100,68.75,100,96.875,100,100,60.9375,96.875,73.4375,76.5625,87.5,100,100,100,100,93.75,90.625,100,42.1875,4.6875,87.5,50,28.125,100,100,100,100,100,100,98.4375,100,82.8125,53.125,59.375,79.6875,46.875,76.5625,98.4375,78.125,100,93.75,100,81.25,82.8125,40.625,81.25,95.3125,46.875,84.375,100,87.5,100,100,100,100,76.5625,100,45.3125,68.75,100,100,70.3125,59.375,73.4375,48.4375,100,57.8125,100,100,100,100,100,100,57.8125,100,76.5625,90.625,71.875,100,100,71.875,100,100,100,65.625,100,68.75,100,100,100,81.25,100,100,100,79.6875,60.9375,100,100,100,82.8125,100,100,100,90.625,100,100,68.75,100,100,100,53.125,100,100,34.375,87.5,87.5,65.625,40.625,78.125,100,100,98.4375,100,100,100,100,100,67.1875,64.0625,92.1875,100,100,89.0625,48.4375,28.125,71.875,71.875,4.6875,100,100,32.8125,43.75,40.625,100,82.8125,100,100,82.8125,100,100,82.8125,100,81.25,90.625,70.3125,100,56.25,46.875,100,100,100,100,100,100,100,57.8125,82.8125,100,100,73.4375,90.625,100,100,73.4375,100,87.5,100,78.125,93.75,100,40.625,87.5,100,100,53.125,100,10.9375,100,100,100,100,95.3125,62.5,90.625,100,81.25,100,100,71.875,42.1875,100,70.3125,78.125,81.25,100,100,54.6875,100,68.75,100,100,81.25,82.8125,65.625,100,100,100,81.25,100,76.5625,23.4375,65.625,100,100,81.25,100,95.3125,100,92.1875,92.1875,56.25,100,100,100,100,100,100,100,100,67.1875,46.875,100,70.3125,98.4375,70.3125,100,25,78.125,100,67.1875,100,100,54.6875,89.0625,65.625,100,76.5625,76.5625,100,98.4375,100,54.6875,100,62.5,71.875,67.1875,100,100,100,96.875,96.875,100,100,100,100,100,100,100,100,100,100,79.6875,92.1875,90.625,60.9375,100,76.5625,40.625,100,100,35.9375,100,79.6875,100,81.25,100,70.3125,60.9375,100,100,68.75,70.3125,84.375,100,73.4375,81.25,93.75,100,68.75,100,100,64.0625,98.4375,100,40.625,100,100,100,100,54.6875,100,100,100,100,100,100,93.75,100,100,100,100,100,100,100,100,57.8125,60.9375,75,100,59.375,40.625,100,100,100,48.4375,100,82.8125,100,29.6875,100,43.75,100,65.625,70.3125,100,89.0625,90.625,100,95.3125,100,100,100,100,100,100,100,59.375,87.5,64.0625,100,92.1875,100,93.75,65.625,57.8125,100,100,100,48.4375,84.375,100,78.125,100,45.3125,100,100,100,64.0625,100,100,82.8125,32.8125,100,65.625,87.5,100,73.4375,100,93.75,100,100,100,100,100,81.25,93.75,100,100,76.5625,71.875,68.75,100,100,59.375,100,100,100,100,78.125,87.5,78.125,25,96.875,100,92.1875,100,100,93.75,100,90.625,100,95.3125,100,100,100,100,62.5,96.875,100,100,21.875,100,98.4375,71.875,79.6875,100,81.25,100,100,73.4375,100,68.75,100,100,89.0625,100,100,39.0625,100,100,85.9375,85.9375,92.1875,53.125,76.5625,100,100,100,100,18.75,100,100,78.125,100,100,100,100,100,100,93.75,100,62.5,62.5,92.1875,90.625,100,85.9375,100,87.5,100,100,100,100,100,75,59.375,100,95.3125,100,100,82.8125,57.8125,100,81.25,100,51.5625,100,89.0625,100,100,100,82.8125,79.6875,92.1875,100,100,100,54.6875,100,100,71.875,65.625,100,93.75,100,87.5,100,95.3125,64.0625,76.5625,98.4375,100,100,100,100,100,100,100,40.625,100,100,100,100,100,100,100,85.9375,71.875,92.1875,100,100,60.9375,100,96.875,100,75,75,100,100,100,85.9375,98.4375,100,84.375,93.75,100,98.4375,100,100,85.9375,20.3125,100,100,51.5625,15.625,100,68.75,79.6875,100,18.75,100,81.25,50,100,95.3125,26.5625,100,70.3125,100,100,100,100,100,100,100,100,79.6875,67.1875,96.875,56.25,100,76.5625,100,100,100,71.875,95.3125,81.25,100,54.6875,48.4375,100,100,82.8125,100,89.0625,100,100,100,64.0625,100,73.4375,84.375,100,100,100,100,28.125,71.875,100,100,79.6875,89.0625,53.125,100,37.5,100,100,100,100,60.9375,67.1875,100,73.4375,100,100,100,84.375,100,85.9375,73.4375,54.6875,89.0625,70.3125,100,100,81.25,71.875,92.1875,67.1875,62.5,53.125,100,96.875,62.5,93.75,100,76.5625,60.9375,100,43.75,93.75,100,89.0625,100,100,100,100,100,73.4375,85.9375,100,100,93.75,100,96.875,100,85.9375,89.0625,100,100,73.4375,100,100,100,57.8125,100,95.3125,100,62.5,100,9.375,100,100,100,89.0625,100,100,100,100,90.625,56.25,96.875,100,100,87.5,100,42.1875,96.875,100,100,62.5,82.8125,67.1875,100,100,89.0625,56.25,76.5625,46.875,43.75,100,100,76.5625,56.25,60.9375,89.0625,81.25,84.375,95.3125,100,90.625,100,51.5625,100,82.8125,64.0625,82.8125,100,90.625,100,100,100,79.6875,93.75,59.375,84.375,93.75,100,42.1875,100,71.875,35.9375,28.125,100,100,96.875,100,82.8125,100,35.9375,75,75,100,85.9375,100,100,100,100,31.25,100,53.125,50,78.125,65.625,93.75,100,100,100,84.375,100,100,62.5,35.9375,89.0625,100,76.5625,76.5625,98.4375,100,62.5,100,100,75,100,100,100,82.8125,100,93.75,92.1875,100,87.5,100,96.875,100,100,100,92.1875,100,100,100,43.75,68.75,100,100,100,82.8125,100,71.875,100,100,73.4375,82.8125,100,100,100,71.875,93.75,78.125,100,100,79.6875,100,100,76.5625,43.75,100,100,93.75,76.5625,76.5625,100,100,98.4375,100,100,100,100,100,100,100,46.875,62.5,68.75,100,76.5625,100,93.75,100,100,100,100,100,100,100,92.1875,100,100,95.3125,100,100,100,100,100,82.8125,100,100,21.875,100,70.3125,100,90.625,100,100,100,95.3125,71.875,89.0625,87.5,39.0625,100,45.3125,100,100,100,100,48.4375,79.6875,14.0625,100,100,100,54.6875,100,81.25,100,79.6875,92.1875,67.1875,100,100,100,100,43.75,96.875,100,100,73.4375,96.875,100,100,100,100,7.8125,100,79.6875,67.1875,78.125,60.9375,29.6875,48.4375,60.9375,73.4375,100,75,100,100,90.625,100,87.5,79.6875,57.8125,50,100,100,75,100,100,68.75,100,100,100,100,48.4375,53.125,100,100,95.3125,100,20.3125,92.1875,100,100,100,100,100,82.8125,100,93.75,100,100,87.5,82.8125,100,100,34.375,82.8125,100,100,100,100,100,100,100,59.375,100,100,100,82.8125,100,100,100,100,100,71.875,56.25,62.5,100,100,89.0625,100,100,90.625,71.875,100,87.5,100,53.125,100,100,100,75,54.6875,78.125,85.9375,100,100,89.0625,100,39.0625,84.375,75,65.625,100,100,87.5,100,100,100,100,100,59.375,57.8125,100,56.25,40.625,100,95.3125,48.4375,100,26.5625,87.5,100,100,100,95.3125,100,37.5,18.75,100,100,100,100,100,100,100,100,100,100,12.5,100,100,100,100,78.125,90.625,100,100,100,100,87.5,90.625,60.9375,50,100,100,34.375,85.9375,92.1875,100,100,100,100,37.5,71.875,100,100,100,43.75,76.5625,100,87.5,68.75,100,57.8125,60.9375,62.5,76.5625,85.9375,100,100,100,90.625,100,85.9375,68.75,90.625,100,96.875,100,81.25,100,100,100,100,100,100,84.375,100,25,85.9375,100,100,28.125,100,100,71.875,81.25,51.5625,59.375,100,100,54.6875,84.375,100,100,100,100,100,76.5625,100,82.8125,100,35.9375,100,70.3125,84.375,100,65.625,100,96.875,92.1875,100,75,100,92.1875,65.625,68.75,100,18.75,100,81.25,100,100,75,89.0625,100,100,68.75,71.875,100,81.25,100,100,78.125,73.4375,100,59.375,67.1875,76.5625,73.4375,100,43.75,85.9375,93.75,46.875,100,70.3125,100,100,100,100,50,78.125,100,65.625,100,60.9375,87.5,100,100,75,100,84.375,65.625,100,51.5625,76.5625,100,100,75,100,25,76.5625,100,100,48.4375,81.25,100,35.9375,100,100,100,100,95.3125,98.4375,35.9375,100,100,70.3125,100,100,100,100,100,82.8125,100,84.375,100,100,68.75,100,96.875,48.4375,100,100,100,54.6875,100,62.5,100,39.0625,35.9375,100,67.1875,76.5625,100,31.25,85.9375,100,100,89.0625,21.875,98.4375,67.1875,100,100,100,93.75,60.9375,28.125,43.75,70.3125,100,100,92.1875,67.1875,79.6875,54.6875,37.5,100,100,34.375,60.9375,89.0625,100,73.4375,85.9375,95.3125,100,67.1875,100,42.1875,100,100,60.9375,100,100,100,100,100,42.1875,100,100,100,100,100,100,100,90.625,7.8125,100,14.0625,100,62.5,68.75,100,100,64.0625,100,20.3125,100,100,84.375,100,100,100,70.3125,87.5,79.6875,100,90.625,100,100,100,100,100,84.375,50,59.375,100,100,100,100,100,37.5,100,100,100,96.875,93.75,100,92.1875,95.3125,68.75,100,100,100,53.125,100,89.0625,100,100,96.875,100,76.5625,79.6875,100,100,100,85.9375,100,92.1875,100,67.1875,100,62.5,64.0625,100,100,25,75,81.25,79.6875,100,73.4375,73.4375,59.375,67.1875,100,100,100,100,100,32.8125,100,95.3125,100,100,93.75,100,93.75,67.1875,25,100,100,100,59.375,51.5625,73.4375,17.1875,45.3125,100,56.25,100,100,100,76.5625,90.625,100,100,100,98.4375,81.25,100,100,100,100,100,100,81.25,100,100,98.4375,100,100,85.9375,100,76.5625,100,100,100,100,90.625,81.25,31.25,96.875,82.8125,100,100,100,100,82.8125,100,79.6875,100,100,59.375,100,70.3125,100,76.5625,90.625,70.3125,76.5625,100,21.875,100,100,93.75,76.5625,84.375,100,98.4375,100,56.25,59.375,100,100,90.625,100,100,81.25,100,87.5,59.375,98.4375,100,87.5,100,50,100,95.3125,100,100,45.3125,90.625,100,100,100,64.0625,78.125,31.25,92.1875,93.75,100,100,60.9375,100,100,67.1875,59.375,100,84.375,73.4375,92.1875,75,100,71.875,100,100,93.75,96.875,20.3125,51.5625,87.5,71.875,37.5,100,85.9375,100,100,62.5,100,90.625,70.3125,100,89.0625,75,90.625,67.1875,100,100,100,100,81.25,73.4375,100,92.1875,70.3125,59.375,100,34.375,53.125,89.0625,100,79.6875,100,64.0625,96.875,57.8125,59.375,100,100,100,100,95.3125,100,100,78.125,75,64.0625,100,100,81.25,100,79.6875,79.6875,100,100,84.375,98.4375,100,31.25,100,100,100,100,65.625,98.4375,87.5,32.8125,71.875,100,43.75,39.0625,100,81.25,100,100,71.875,82.8125,100,100,67.1875,100,67.1875,67.1875,78.125,100,100,100,96.875,100,53.125,90.625,100,100,100,87.5,79.6875,100,9.375,100,71.875,64.0625,100,76.5625,46.875,71.875,100,21.875,93.75,54.6875,95.3125,20.3125,100,75,68.75,100,84.375,81.25,100,100,100,26.5625,100,90.625,95.3125,70.3125,100,92.1875,100,100,64.0625,65.625,82.8125,67.1875,95.3125,100,100,100,100,100,64.0625,42.1875,92.1875,100,100,100,100,100,100,100,100,62.5,100,100,90.625,100,87.5,100,34.375,100,67.1875,100,100,100,100,100,84.375,95.3125,81.25,100,100,92.1875,82.8125,81.25,100,100,100,100,75,56.25,45.3125,100,100,100,32.8125,82.8125,100,100,100,100,100,100,100,51.5625,68.75,100,85.9375,100,100,100,93.75,95.3125,65.625,89.0625,100,100,100,98.4375,51.5625,100,73.4375,21.875,23.4375,89.0625,100,100,100,100,100,100,98.4375,100,93.75,73.4375,100,67.1875,79.6875,64.0625,100,26.5625,100,100,100,56.25,100,100,100,100,87.5,90.625,100,100,100,81.25,75,95.3125,100,85.9375,96.875,39.0625,100,100,81.25,60.9375,32.8125,100,18.75,100,98.4375,100,100,84.375,65.625,100,59.375,75,100,100,78.125,100,100,95.3125,100,100,96.875,100,98.4375,100,100,100,68.75,57.8125,84.375,59.375,100,100,68.75,100,100,62.5,100,100,100,100,100,81.25,100,56.25,71.875,100,100,62.5,78.125,21.875,100,100,100,100,84.375,92.1875,100,100,73.4375,100,89.0625,100,64.0625,100,100,100,48.4375,79.6875,100,26.5625,75,100,100,79.6875,100,100,100,98.4375,100,100,100,100,100,100,73.4375,73.4375,100,100,100,92.1875,100,53.125,100,100,40.625,57.8125,100,43.75,100,100,100,67.1875,100,100,59.375,100,100,71.875,100,73.4375,100,100,100,100,96.875,100,50,100,81.25,100,50,100,87.5,100,62.5,100,100,82.8125,100,93.75,100,51.5625,100,100,39.0625,10.9375,100,54.6875,100,100,100,75,98.4375,75,100,100,100,100,34.375,96.875,100,98.4375,100,93.75,100,100,39.0625,90.625,64.0625,56.25,100,100,100,78.125,100,100,100,62.5,85.9375,95.3125,84.375,56.25,92.1875,92.1875,89.0625,98.4375,87.5,96.875,78.125,100,89.0625,82.8125,89.0625,81.25,100,100,100,96.875,100,100,95.3125,62.5,79.6875,87.5,18.75,51.5625,100,100,100,45.3125,46.875,100,100,100,100,73.4375,78.125,57.8125,81.25,100,100,100,62.5,100,100,62.5,46.875,100,59.375,100,46.875,75,81.25,100,93.75,54.6875,100,100,100,100,75,45.3125,100,81.25,50,100,100,87.5,42.1875,100,100,59.375,93.75,78.125,100,100,79.6875,100,100,100,100,100,45.3125,100,73.4375,9.375,100,100,67.1875,100,100,81.25,100,100,100,85.9375,100,93.75,90.625,100,100,100,68.75,54.6875,100,59.375,100,87.5,100,54.6875,87.5,100,100,81.25,100,35.9375,68.75,50,70.3125,59.375,100,100,76.5625,93.75,96.875,89.0625,100,56.25,56.25,35.9375,98.4375,100,100,100,100,68.75,100,89.0625,100,76.5625,87.5,71.875,100,76.5625,100,42.1875,78.125,85.9375,20.3125,95.3125,82.8125,54.6875,54.6875,34.375,100,100,34.375,100,57.8125,100,78.125,59.375,78.125,100,100,59.375,81.25,79.6875,84.375,51.5625,100,100,100,60.9375,100,100,90.625,100,100,81.25,87.5,100,100,23.4375,100,51.5625,100,100,43.75,100,43.75,100,90.625,96.875,100,46.875,57.8125,92.1875,95.3125,17.1875,85.9375,100,100,73.4375,100,76.5625,92.1875,23.4375,100,73.4375,100,68.75,100,79.6875,56.25,54.6875,100,100,48.4375,62.5,100,100,100,100,100,35.9375,100,53.125,100,100,100,84.375,100,53.125,84.375,100,93.75,92.1875,46.875,57.8125,53.125,100,100,100,100,100,84.375,100,48.4375,100,100,100,100,100,100,84.375,100,100,100,100,96.875,100,100,48.4375,84.375,100,82.8125,100,100,100,100,100,100,1.5625,96.875,100,32.8125,100,75,100,100,100,100,100,100,100,82.8125,100,100,100,100,100,85.9375,100,100,100,25,59.375,100,56.25,100,82.8125,100,75,100,50,64.0625,100,31.25,81.25,100,100,56.25,100,100,75,100,100,100,89.0625,35.9375,85.9375,28.125,100,85.9375,100,100,64.0625,100,62.5,100,76.5625,71.875,79.6875,71.875,100,100,73.4375,100,75,100,95.3125,59.375,100,73.4375,51.5625,95.3125,90.625,100,31.25,59.375,100,100,96.875,85.9375,100,100,59.375,100,100,43.75,64.0625,100,100,71.875,85.9375,93.75,79.6875,31.25,60.9375,92.1875,100,100,100,42.1875,100,59.375,35.9375,100,85.9375,100,100,100,10.9375,64.0625,100,54.6875,81.25,100,53.125,100,59.375,79.6875,53.125,84.375,100,90.625,32.8125,56.25,100,84.375,89.0625,98.4375,100,100
"6126",90.625,100,40.625,100,40.625,70.3125,95.3125,100,21.875,98.4375,56.25,100,100,100,90.625,65.625,100,84.375,100,100,95.3125,96.875,100,100,76.5625,100,100,95.3125,85.9375,100,71.875,100,100,100,100,95.3125,65.625,100,100,100,100,9.375,78.125,100,100,100,90.625,100,65.625,85.9375,73.4375,100,100,70.3125,81.25,100,9.375,100,18.75,43.75,100,53.125,98.4375,100,100,100,59.375,100,60.9375,100,57.8125,62.5,76.5625,96.875,65.625,84.375,100,100,53.125,100,78.125,100,50,68.75,78.125,100,100,18.75,100,100,56.25,82.8125,40.625,46.875,100,82.8125,100,59.375,100,100,93.75,98.4375,62.5,92.1875,100,40.625,98.4375,48.4375,85.9375,100,87.5,71.875,100,100,45.3125,100,100,100,100,100,85.9375,100,50,81.25,89.0625,56.25,100,18.75,100,100,78.125,100,100,26.5625,100,65.625,54.6875,79.6875,100,100,89.0625,98.4375,50,60.9375,100,95.3125,96.875,92.1875,60.9375,81.25,60.9375,28.125,85.9375,93.75,98.4375,89.0625,75,100,100,100,100,100,73.4375,100,89.0625,71.875,100,92.1875,51.5625,100,82.8125,79.6875,100,100,100,100,87.5,100,100,100,81.25,48.4375,100,100,98.4375,15.625,51.5625,100,100,87.5,100,100,87.5,100,100,100,87.5,67.1875,100,82.8125,37.5,100,95.3125,100,100,100,100,20.3125,70.3125,100,70.3125,100,100,100,75,78.125,40.625,56.25,100,100,100,73.4375,42.1875,100,100,57.8125,34.375,100,95.3125,96.875,73.4375,79.6875,100,100,100,100,92.1875,75,100,100,100,100,100,95.3125,100,28.125,100,84.375,98.4375,57.8125,100,76.5625,50,96.875,100,93.75,100,60.9375,100,100,78.125,98.4375,31.25,87.5,93.75,100,100,100,96.875,100,76.5625,93.75,100,100,93.75,40.625,37.5,100,93.75,64.0625,92.1875,42.1875,82.8125,100,100,100,54.6875,98.4375,100,82.8125,84.375,100,92.1875,34.375,100,100,100,85.9375,71.875,75,51.5625,100,89.0625,62.5,100,89.0625,76.5625,43.75,73.4375,100,100,59.375,53.125,100,78.125,95.3125,100,100,75,60.9375,89.0625,96.875,53.125,100,71.875,65.625,96.875,96.875,100,81.25,85.9375,100,76.5625,100,95.3125,39.0625,100,87.5,100,100,100,82.8125,40.625,35.9375,65.625,68.75,31.25,100,92.1875,76.5625,100,76.5625,100,100,70.3125,100,42.1875,100,100,87.5,93.75,85.9375,100,100,85.9375,50,29.6875,100,98.4375,100,100,100,92.1875,75,71.875,100,93.75,100,95.3125,84.375,79.6875,89.0625,100,100,100,28.125,96.875,59.375,54.6875,89.0625,100,78.125,100,100,100,81.25,100,78.125,100,40.625,100,100,100,32.8125,100,96.875,57.8125,64.0625,67.1875,95.3125,87.5,92.1875,100,100,100,84.375,39.0625,51.5625,100,76.5625,39.0625,89.0625,100,100,100,100,76.5625,100,100,100,82.8125,100,92.1875,100,75,78.125,73.4375,100,100,100,100,93.75,92.1875,71.875,100,100,100,100,79.6875,93.75,90.625,100,100,100,84.375,71.875,100,67.1875,100,100,76.5625,73.4375,84.375,100,100,57.8125,100,100,100,76.5625,65.625,67.1875,81.25,100,100,65.625,100,100,100,96.875,79.6875,100,100,78.125,82.8125,100,48.4375,100,67.1875,75,100,15.625,78.125,100,65.625,100,100,100,60.9375,68.75,76.5625,100,100,100,85.9375,81.25,79.6875,84.375,100,100,67.1875,68.75,68.75,100,100,92.1875,100,100,100,100,100,76.5625,100,64.0625,35.9375,93.75,100,96.875,46.875,100,37.5,100,93.75,92.1875,84.375,71.875,100,79.6875,82.8125,100,98.4375,54.6875,100,35.9375,100,100,84.375,100,100,70.3125,100,100,100,100,90.625,45.3125,79.6875,100,76.5625,100,100,71.875,100,100,100,100,37.5,100,100,96.875,62.5,100,64.0625,100,46.875,100,100,71.875,73.4375,100,68.75,98.4375,95.3125,100,100,100,100,100,100,64.0625,100,65.625,100,100,100,100,82.8125,100,70.3125,100,84.375,100,100,84.375,96.875,100,59.375,35.9375,100,60.9375,100,100,76.5625,100,65.625,100,100,95.3125,100,100,100,100,85.9375,87.5,100,100,100,14.0625,100,78.125,100,100,100,100,100,18.75,100,79.6875,100,93.75,100,100,60.9375,96.875,68.75,81.25,81.25,100,100,100,100,92.1875,90.625,100,42.1875,6.25,84.375,53.125,28.125,100,100,71.875,100,100,100,87.5,100,82.8125,46.875,59.375,79.6875,60.9375,75,98.4375,75,100,93.75,51.5625,81.25,87.5,40.625,85.9375,95.3125,46.875,85.9375,100,100,100,100,100,100,75,59.375,45.3125,68.75,100,26.5625,81.25,56.25,62.5,46.875,100,48.4375,100,100,100,100,100,100,75,100,71.875,78.125,68.75,100,100,71.875,100,100,100,65.625,100,100,100,29.6875,100,100,100,100,71.875,100,57.8125,100,100,100,89.0625,100,100,100,84.375,48.4375,100,68.75,100,100,100,48.4375,100,100,34.375,87.5,100,100,40.625,75,100,100,68.75,81.25,100,100,89.0625,73.4375,100,68.75,92.1875,100,100,89.0625,48.4375,48.4375,70.3125,71.875,10.9375,100,100,100,42.1875,98.4375,9.375,82.8125,100,100,100,100,100,89.0625,100,98.4375,92.1875,90.625,100,57.8125,46.875,100,100,100,100,100,100,100,56.25,96.875,96.875,100,26.5625,87.5,100,100,70.3125,100,85.9375,100,78.125,87.5,100,42.1875,89.0625,100,100,54.6875,100,67.1875,100,100,100,100,95.3125,62.5,100,100,54.6875,100,100,100,34.375,100,68.75,85.9375,85.9375,100,100,32.8125,100,53.125,100,100,79.6875,82.8125,64.0625,100,100,100,73.4375,100,75,17.1875,65.625,70.3125,100,84.375,95.3125,78.125,100,90.625,100,54.6875,100,100,100,100,100,100,100,100,67.1875,45.3125,100,65.625,96.875,70.3125,93.75,21.875,75,100,73.4375,100,100,56.25,100,60.9375,79.6875,100,78.125,100,98.4375,100,84.375,100,39.0625,73.4375,67.1875,100,100,100,96.875,75,100,100,100,100,100,100,87.5,100,79.6875,100,79.6875,100,82.8125,60.9375,100,53.125,43.75,93.75,100,35.9375,100,78.125,100,93.75,93.75,71.875,57.8125,60.9375,100,70.3125,100,90.625,100,81.25,82.8125,68.75,100,70.3125,100,95.3125,59.375,95.3125,90.625,39.0625,68.75,100,100,100,60.9375,100,100,100,100,100,21.875,93.75,100,100,100,100,100,100,100,100,57.8125,65.625,100,100,59.375,28.125,100,100,100,100,71.875,81.25,100,29.6875,100,42.1875,100,98.4375,70.3125,100,89.0625,85.9375,100,100,100,92.1875,100,100,100,100,100,59.375,89.0625,100,100,92.1875,70.3125,95.3125,59.375,57.8125,100,100,100,53.125,84.375,100,67.1875,100,75,100,100,100,53.125,100,100,87.5,35.9375,100,100,87.5,100,57.8125,100,96.875,98.4375,100,100,100,100,81.25,64.0625,100,100,78.125,79.6875,100,100,100,54.6875,100,100,100,100,89.0625,100,82.8125,14.0625,100,100,100,100,100,89.0625,100,100,81.25,95.3125,100,100,100,100,64.0625,96.875,100,79.6875,37.5,100,100,75,81.25,100,79.6875,84.375,100,73.4375,100,65.625,100,100,78.125,100,100,37.5,100,100,71.875,100,100,51.5625,78.125,100,100,29.6875,100,17.1875,100,100,64.0625,100,100,100,100,100,90.625,100,89.0625,64.0625,100,90.625,96.875,100,82.8125,100,87.5,65.625,100,100,100,100,75,85.9375,100,93.75,100,100,84.375,57.8125,100,82.8125,100,51.5625,100,68.75,100,100,100,85.9375,100,81.25,100,100,100,56.25,100,100,57.8125,65.625,100,93.75,100,84.375,100,100,62.5,76.5625,100,100,100,100,100,100,100,100,42.1875,57.8125,100,100,100,100,100,100,71.875,78.125,90.625,100,100,59.375,100,96.875,100,79.6875,75,100,100,100,87.5,96.875,100,82.8125,78.125,75,96.875,100,100,87.5,48.4375,100,53.125,51.5625,29.6875,100,68.75,84.375,100,100,100,87.5,40.625,100,93.75,28.125,100,100,100,45.3125,100,100,100,100,100,100,71.875,68.75,96.875,56.25,18.75,76.5625,100,92.1875,100,70.3125,95.3125,81.25,100,84.375,46.875,100,100,84.375,100,100,100,100,100,62.5,100,75,98.4375,100,100,60.9375,100,28.125,71.875,100,100,100,89.0625,51.5625,100,40.625,100,100,100,65.625,60.9375,68.75,100,73.4375,100,100,100,89.0625,100,89.0625,76.5625,57.8125,89.0625,75,100,100,81.25,84.375,92.1875,67.1875,100,53.125,100,96.875,64.0625,85.9375,100,75,60.9375,100,39.0625,92.1875,100,100,100,100,100,100,100,75,100,100,100,81.25,100,96.875,100,85.9375,100,95.3125,100,79.6875,100,84.375,100,57.8125,100,100,60.9375,62.5,100,17.1875,100,100,100,89.0625,100,31.25,100,100,93.75,60.9375,100,100,100,76.5625,100,48.4375,98.4375,100,57.8125,62.5,79.6875,87.5,100,100,85.9375,57.8125,79.6875,57.8125,45.3125,100,100,75,60.9375,64.0625,100,78.125,92.1875,95.3125,98.4375,90.625,100,28.125,84.375,54.6875,68.75,100,100,85.9375,100,70.3125,100,82.8125,100,65.625,87.5,93.75,100,40.625,100,73.4375,32.8125,28.125,100,100,82.8125,100,85.9375,100,40.625,73.4375,76.5625,100,76.5625,100,100,100,100,39.0625,93.75,51.5625,46.875,85.9375,54.6875,95.3125,100,100,100,87.5,100,100,67.1875,35.9375,89.0625,100,73.4375,71.875,100,100,60.9375,95.3125,100,67.1875,100,100,100,84.375,100,100,92.1875,100,89.0625,100,93.75,100,100,100,95.3125,100,100,100,7.8125,76.5625,78.125,100,100,82.8125,89.0625,71.875,100,100,76.5625,70.3125,100,92.1875,100,17.1875,95.3125,76.5625,84.375,100,84.375,100,100,81.25,40.625,100,100,89.0625,79.6875,76.5625,100,100,95.3125,100,100,100,100,100,100,100,42.1875,57.8125,76.5625,100,75,100,100,100,100,100,100,89.0625,100,100,90.625,90.625,92.1875,89.0625,100,100,100,100,100,78.125,100,100,59.375,100,71.875,100,85.9375,87.5,100,100,95.3125,73.4375,90.625,90.625,39.0625,100,46.875,100,100,100,100,87.5,85.9375,100,100,100,100,57.8125,100,79.6875,100,100,87.5,70.3125,100,100,100,100,40.625,95.3125,100,100,65.625,96.875,100,100,95.3125,100,10.9375,76.5625,70.3125,67.1875,76.5625,76.5625,100,46.875,60.9375,73.4375,100,100,100,100,90.625,100,85.9375,82.8125,57.8125,53.125,100,100,100,100,100,71.875,100,100,100,100,67.1875,53.125,100,100,100,100,23.4375,87.5,100,70.3125,100,100,100,79.6875,100,100,100,92.1875,90.625,100,100,100,100,100,100,100,100,100,100,100,100,56.25,100,100,96.875,82.8125,100,90.625,100,100,100,71.875,78.125,65.625,100,100,100,100,100,89.0625,70.3125,25,84.375,100,37.5,100,100,100,68.75,54.6875,100,89.0625,100,100,89.0625,100,37.5,84.375,78.125,62.5,100,100,85.9375,100,100,100,100,100,71.875,62.5,100,56.25,39.0625,100,95.3125,75,42.1875,31.25,87.5,100,100,100,95.3125,100,37.5,20.3125,100,100,100,100,96.875,100,100,100,100,100,12.5,54.6875,100,100,100,84.375,95.3125,100,98.4375,100,100,84.375,100,68.75,54.6875,100,100,100,84.375,90.625,100,100,100,100,100,67.1875,100,100,100,64.0625,75,100,93.75,100,100,56.25,59.375,62.5,34.375,81.25,100,98.4375,100,100,100,85.9375,85.9375,100,100,100,100,85.9375,100,100,100,100,100,100,90.625,100,25,87.5,100,100,100,100,100,48.4375,100,51.5625,57.8125,95.3125,100,59.375,100,100,100,100,100,100,75,57.8125,82.8125,100,39.0625,100,70.3125,81.25,100,100,18.75,100,85.9375,17.1875,76.5625,100,93.75,68.75,68.75,100,29.6875,100,100,100,100,75,100,100,100,67.1875,87.5,100,79.6875,100,100,95.3125,35.9375,42.1875,76.5625,75,82.8125,76.5625,100,64.0625,82.8125,93.75,42.1875,100,68.75,100,100,100,100,35.9375,79.6875,100,96.875,56.25,78.125,59.375,100,100,79.6875,35.9375,92.1875,65.625,100,53.125,79.6875,87.5,100,73.4375,100,87.5,81.25,100,100,100,81.25,100,37.5,100,100,100,100,95.3125,65.625,43.75,100,100,73.4375,100,100,100,100,73.4375,81.25,100,84.375,100,100,50,100,84.375,46.875,73.4375,100,98.4375,68.75,100,70.3125,100,35.9375,35.9375,100,70.3125,78.125,100,31.25,100,100,100,87.5,100,96.875,53.125,100,100,100,90.625,60.9375,29.6875,57.8125,70.3125,100,100,93.75,68.75,53.125,54.6875,37.5,10.9375,100,89.0625,60.9375,100,100,75,84.375,95.3125,100,59.375,100,100,100,100,64.0625,81.25,87.5,100,100,100,50,100,100,100,100,96.875,100,100,56.25,9.375,100,60.9375,100,62.5,68.75,100,100,81.25,100,18.75,100,100,67.1875,100,100,100,73.4375,78.125,71.875,75,87.5,100,100,100,100,100,84.375,46.875,53.125,100,100,100,92.1875,100,56.25,100,100,100,100,92.1875,100,95.3125,100,75,100,100,100,64.0625,100,95.3125,100,100,87.5,100,76.5625,73.4375,100,100,100,92.1875,100,100,98.4375,67.1875,35.9375,84.375,64.0625,100,100,20.3125,87.5,79.6875,100,100,70.3125,79.6875,59.375,68.75,100,98.4375,100,100,100,29.6875,100,95.3125,100,100,93.75,100,93.75,67.1875,76.5625,85.9375,100,95.3125,57.8125,45.3125,67.1875,4.6875,45.3125,100,9.375,100,100,68.75,29.6875,92.1875,100,100,100,85.9375,100,100,100,100,100,100,100,81.25,100,100,92.1875,100,100,84.375,100,62.5,100,100,100,100,98.4375,81.25,100,89.0625,100,100,100,95.3125,100,87.5,100,64.0625,100,100,59.375,100,70.3125,100,78.125,89.0625,70.3125,75,100,100,100,64.0625,100,81.25,85.9375,100,100,100,60.9375,60.9375,90.625,100,87.5,100,75,87.5,100,85.9375,59.375,100,100,100,100,50,100,100,100,100,50,64.0625,100,100,92.1875,64.0625,67.1875,26.5625,93.75,48.4375,100,100,60.9375,53.125,100,71.875,59.375,100,90.625,25,85.9375,78.125,100,42.1875,100,100,93.75,96.875,23.4375,48.4375,73.4375,71.875,39.0625,100,87.5,100,100,54.6875,100,96.875,70.3125,100,85.9375,75,89.0625,59.375,93.75,100,17.1875,100,100,75,100,84.375,73.4375,70.3125,100,43.75,57.8125,85.9375,100,100,100,71.875,100,62.5,100,100,100,100,100,95.3125,100,100,89.0625,78.125,64.0625,90.625,98.4375,62.5,100,82.8125,75,100,100,64.0625,100,100,21.875,90.625,100,100,100,100,100,85.9375,31.25,100,100,40.625,40.625,40.625,81.25,100,100,75,100,100,100,68.75,100,67.1875,68.75,79.6875,100,100,100,100,100,100,87.5,100,100,100,64.0625,62.5,50,17.1875,100,82.8125,64.0625,100,82.8125,51.5625,82.8125,100,20.3125,93.75,54.6875,85.9375,100,100,87.5,100,100,100,82.8125,100,100,100,100,100,79.6875,95.3125,79.6875,100,85.9375,100,100,73.4375,73.4375,85.9375,67.1875,95.3125,100,100,100,100,96.875,56.25,42.1875,98.4375,100,100,100,96.875,100,100,100,81.25,60.9375,100,93.75,100,100,85.9375,100,26.5625,100,100,100,100,100,100,100,87.5,100,85.9375,100,100,92.1875,100,87.5,89.0625,100,100,100,67.1875,53.125,51.5625,100,100,100,32.8125,85.9375,100,100,100,100,100,100,100,39.0625,68.75,100,84.375,100,100,100,92.1875,98.4375,70.3125,89.0625,100,100,71.875,100,60.9375,100,76.5625,64.0625,26.5625,95.3125,100,100,100,100,100,100,100,100,100,87.5,100,82.8125,79.6875,32.8125,100,28.125,100,100,100,54.6875,100,100,100,100,73.4375,90.625,100,100,95.3125,82.8125,85.9375,79.6875,100,82.8125,100,40.625,100,100,81.25,78.125,28.125,100,100,100,96.875,100,100,82.8125,64.0625,100,59.375,76.5625,96.875,100,79.6875,100,100,100,100,100,93.75,100,98.4375,100,100,100,68.75,70.3125,79.6875,59.375,100,100,64.0625,100,53.125,62.5,100,100,100,100,100,85.9375,100,56.25,70.3125,85.9375,100,57.8125,78.125,42.1875,100,100,100,100,90.625,93.75,100,100,75,100,87.5,100,64.0625,100,100,100,48.4375,95.3125,100,100,71.875,34.375,100,78.125,100,98.4375,100,43.75,100,100,98.4375,100,100,100,73.4375,46.875,100,100,100,92.1875,100,51.5625,100,100,70.3125,60.9375,59.375,100,100,100,100,67.1875,100,100,43.75,100,100,79.6875,100,75,100,100,100,100,93.75,100,53.125,100,59.375,100,46.875,92.1875,89.0625,93.75,62.5,100,100,87.5,100,92.1875,100,53.125,100,100,39.0625,10.9375,100,65.625,100,100,100,71.875,100,71.875,100,100,100,100,35.9375,89.0625,100,96.875,100,95.3125,100,100,12.5,100,64.0625,56.25,100,100,98.4375,73.4375,96.875,100,100,62.5,81.25,100,92.1875,100,79.6875,92.1875,93.75,98.4375,85.9375,100,100,100,87.5,81.25,100,81.25,100,100,100,96.875,100,100,93.75,31.25,98.4375,87.5,17.1875,45.3125,100,100,100,45.3125,100,100,100,100,100,82.8125,78.125,81.25,82.8125,100,92.1875,100,64.0625,100,100,71.875,56.25,100,57.8125,100,60.9375,79.6875,81.25,100,67.1875,54.6875,100,100,100,100,75,43.75,100,100,50,100,100,67.1875,70.3125,100,100,56.25,92.1875,76.5625,100,100,85.9375,100,100,100,100,100,51.5625,100,73.4375,100,100,100,68.75,100,100,98.4375,100,100,100,100,100,92.1875,90.625,100,100,100,60.9375,64.0625,100,60.9375,100,76.5625,100,100,85.9375,100,100,81.25,100,35.9375,71.875,56.25,60.9375,65.625,100,100,100,81.25,96.875,79.6875,100,100,59.375,35.9375,100,100,100,100,100,81.25,18.75,89.0625,100,76.5625,95.3125,70.3125,100,85.9375,100,100,73.4375,85.9375,21.875,96.875,64.0625,100,53.125,25,100,100,98.4375,100,56.25,93.75,98.4375,59.375,73.4375,100,100,100,90.625,79.6875,82.8125,65.625,100,100,100,59.375,100,100,90.625,100,96.875,100,87.5,100,100,23.4375,100,56.25,100,100,45.3125,100,43.75,100,82.8125,53.125,100,53.125,40.625,95.3125,100,17.1875,84.375,100,100,76.5625,100,73.4375,78.125,29.6875,100,70.3125,100,89.0625,100,85.9375,84.375,54.6875,100,100,48.4375,60.9375,100,100,67.1875,100,100,39.0625,100,64.0625,100,100,100,85.9375,100,100,95.3125,100,92.1875,92.1875,53.125,53.125,53.125,100,100,100,100,100,84.375,100,62.5,100,100,100,90.625,100,29.6875,85.9375,100,98.4375,100,100,100,100,100,50,85.9375,100,82.8125,100,100,100,100,100,100,1.5625,96.875,92.1875,31.25,100,93.75,100,100,100,90.625,100,100,100,84.375,100,96.875,100,100,98.4375,85.9375,100,81.25,100,71.875,56.25,100,60.9375,100,100,100,76.5625,98.4375,45.3125,64.0625,100,100,79.6875,100,100,53.125,100,100,82.8125,100,100,100,89.0625,100,54.6875,28.125,100,90.625,100,48.4375,100,100,62.5,100,71.875,85.9375,81.25,64.0625,100,100,70.3125,100,79.6875,100,89.0625,53.125,100,78.125,46.875,90.625,92.1875,100,98.4375,50,100,100,96.875,100,100,100,56.25,100,100,53.125,64.0625,100,100,60.9375,84.375,100,85.9375,29.6875,68.75,29.6875,100,100,100,34.375,100,59.375,35.9375,100,100,100,100,100,31.25,68.75,100,56.25,100,100,53.125,100,54.6875,87.5,73.4375,79.6875,100,84.375,100,57.8125,100,95.3125,100,85.9375,100,100
"6127",95.3125,100,35.9375,100,100,78.125,95.3125,100,35.9375,96.875,60.9375,100,100,100,100,76.5625,100,90.625,100,100,96.875,96.875,100,100,76.5625,100,100,81.25,87.5,100,60.9375,100,100,84.375,100,100,71.875,100,93.75,100,95.3125,42.1875,95.3125,100,85.9375,100,100,100,84.375,82.8125,45.3125,100,100,70.3125,73.4375,100,15.625,100,31.25,39.0625,92.1875,56.25,85.9375,100,100,84.375,60.9375,100,78.125,100,57.8125,65.625,100,95.3125,100,79.6875,100,62.5,50,100,76.5625,100,14.0625,68.75,68.75,100,100,28.125,100,100,65.625,82.8125,100,46.875,85.9375,93.75,100,62.5,100,100,100,100,62.5,90.625,100,46.875,95.3125,100,84.375,100,89.0625,78.125,100,100,40.625,100,100,100,100,100,64.0625,100,100,100,96.875,53.125,100,18.75,100,35.9375,100,100,100,100,100,64.0625,57.8125,79.6875,100,100,100,78.125,39.0625,64.0625,100,100,95.3125,100,100,79.6875,56.25,43.75,87.5,92.1875,95.3125,90.625,76.5625,100,100,100,100,100,73.4375,100,89.0625,71.875,100,92.1875,46.875,98.4375,78.125,75,100,100,100,100,84.375,100,100,100,100,67.1875,100,100,92.1875,71.875,50,93.75,100,87.5,100,100,84.375,100,100,100,79.6875,64.0625,100,100,34.375,100,96.875,100,100,100,100,18.75,85.9375,100,70.3125,100,100,92.1875,85.9375,78.125,40.625,84.375,100,100,100,76.5625,48.4375,100,100,57.8125,100,100,73.4375,93.75,100,78.125,100,100,100,100,89.0625,100,100,100,100,100,100,79.6875,100,29.6875,100,89.0625,100,100,100,51.5625,65.625,100,100,92.1875,100,75,100,100,100,96.875,32.8125,95.3125,90.625,100,100,100,100,100,73.4375,59.375,100,100,95.3125,42.1875,35.9375,46.875,93.75,100,85.9375,42.1875,32.8125,100,100,71.875,51.5625,100,100,87.5,81.25,100,87.5,54.6875,100,100,100,87.5,65.625,75,100,100,81.25,73.4375,100,84.375,100,12.5,100,100,100,100,50,100,100,95.3125,100,70.3125,89.0625,60.9375,90.625,100,50,100,81.25,65.625,90.625,96.875,100,73.4375,85.9375,100,53.125,100,100,35.9375,100,87.5,95.3125,100,100,82.8125,39.0625,39.0625,65.625,68.75,35.9375,100,100,76.5625,100,42.1875,100,100,67.1875,100,54.6875,100,100,82.8125,84.375,87.5,100,100,84.375,45.3125,31.25,100,98.4375,100,96.875,100,95.3125,76.5625,76.5625,100,92.1875,96.875,100,100,84.375,100,100,100,100,100,100,100,62.5,92.1875,100,79.6875,100,100,100,79.6875,100,57.8125,96.875,31.25,100,100,100,100,100,79.6875,59.375,100,79.6875,87.5,100,98.4375,100,98.4375,100,89.0625,39.0625,46.875,100,76.5625,67.1875,92.1875,100,100,98.4375,37.5,100,100,100,100,82.8125,100,81.25,100,75,78.125,73.4375,100,100,100,100,84.375,100,84.375,100,100,100,100,90.625,93.75,90.625,100,100,100,85.9375,70.3125,100,78.125,100,100,76.5625,73.4375,78.125,100,100,59.375,100,100,100,100,60.9375,62.5,71.875,100,100,87.5,100,100,100,81.25,93.75,100,71.875,60.9375,100,100,54.6875,100,68.75,75,100,26.5625,79.6875,100,64.0625,40.625,100,100,62.5,73.4375,78.125,100,100,100,92.1875,57.8125,95.3125,84.375,100,100,67.1875,79.6875,100,100,100,100,100,100,100,100,100,84.375,87.5,65.625,31.25,93.75,100,93.75,50,100,39.0625,100,96.875,92.1875,84.375,70.3125,100,79.6875,78.125,100,100,62.5,100,35.9375,100,100,85.9375,100,100,73.4375,75,100,100,100,100,46.875,100,100,73.4375,95.3125,100,71.875,100,70.3125,98.4375,100,31.25,100,100,100,76.5625,100,76.5625,100,48.4375,73.4375,100,75,87.5,100,100,100,37.5,100,100,100,100,68.75,100,62.5,100,64.0625,100,18.75,100,100,81.25,100,68.75,100,23.4375,100,100,75,96.875,100,59.375,6.25,100,51.5625,100,100,75,100,71.875,100,39.0625,90.625,100,100,100,100,73.4375,84.375,100,89.0625,100,100,100,81.25,85.9375,100,100,100,100,100,100,82.8125,73.4375,93.75,100,100,57.8125,96.875,67.1875,65.625,75,100,100,100,100,87.5,90.625,100,42.1875,6.25,95.3125,56.25,28.125,100,100,100,100,100,100,75,100,87.5,45.3125,59.375,78.125,48.4375,71.875,98.4375,62.5,100,100,28.125,79.6875,85.9375,40.625,82.8125,95.3125,57.8125,90.625,100,100,100,100,100,100,75,57.8125,45.3125,68.75,100,31.25,75,68.75,90.625,46.875,100,48.4375,100,100,100,100,100,100,67.1875,100,73.4375,90.625,75,100,100,60.9375,100,100,100,62.5,100,100,100,68.75,100,100,100,100,100,85.9375,59.375,100,100,100,89.0625,100,100,100,67.1875,100,100,68.75,100,96.875,100,56.25,100,100,35.9375,89.0625,100,76.5625,57.8125,75,100,100,67.1875,82.8125,100,100,100,73.4375,57.8125,67.1875,82.8125,100,100,92.1875,48.4375,100,92.1875,70.3125,4.6875,100,100,50,43.75,75,9.375,84.375,100,37.5,73.4375,100,100,98.4375,100,100,96.875,71.875,100,54.6875,46.875,100,100,84.375,100,100,100,100,57.8125,96.875,81.25,100,37.5,95.3125,82.8125,100,100,100,87.5,100,79.6875,81.25,100,40.625,84.375,100,100,56.25,25,78.125,100,100,100,100,95.3125,53.125,100,100,82.8125,82.8125,82.8125,100,28.125,100,70.3125,75,93.75,42.1875,100,39.0625,100,100,100,100,81.25,84.375,62.5,100,100,100,75,100,76.5625,7.8125,67.1875,25,100,85.9375,100,62.5,100,92.1875,100,56.25,100,100,100,100,100,100,100,100,70.3125,40.625,100,40.625,95.3125,73.4375,100,12.5,76.5625,100,40.625,100,100,56.25,100,57.8125,100,81.25,92.1875,100,98.4375,100,59.375,100,53.125,71.875,67.1875,100,100,100,96.875,93.75,59.375,100,100,100,100,100,81.25,100,89.0625,100,79.6875,100,100,56.25,100,71.875,59.375,100,100,35.9375,100,89.0625,100,84.375,100,100,100,60.9375,100,68.75,79.6875,93.75,100,90.625,81.25,56.25,71.875,68.75,100,100,59.375,96.875,100,39.0625,67.1875,93.75,100,100,56.25,100,100,93.75,100,73.4375,60.9375,93.75,100,100,100,95.3125,100,100,100,87.5,70.3125,100,100,100,59.375,21.875,100,100,100,100,100,82.8125,100,29.6875,100,40.625,92.1875,68.75,71.875,100,89.0625,89.0625,100,100,100,100,100,100,100,100,100,59.375,87.5,87.5,100,92.1875,100,95.3125,68.75,45.3125,100,92.1875,96.875,23.4375,84.375,100,65.625,100,81.25,100,46.875,100,79.6875,93.75,100,96.875,28.125,100,100,85.9375,100,71.875,100,65.625,98.4375,100,100,100,100,81.25,100,100,100,78.125,73.4375,48.4375,100,100,50,100,100,100,100,68.75,100,79.6875,37.5,32.8125,100,100,100,100,89.0625,100,92.1875,100,100,100,100,87.5,100,65.625,51.5625,100,82.8125,75,100,98.4375,78.125,73.4375,100,85.9375,100,100,73.4375,100,65.625,100,95.3125,87.5,100,100,39.0625,100,100,85.9375,95.3125,100,53.125,85.9375,100,100,56.25,100,17.1875,100,100,100,100,100,100,100,100,100,100,96.875,65.625,100,92.1875,93.75,100,84.375,100,87.5,100,100,100,100,73.4375,73.4375,100,100,93.75,48.4375,28.125,82.8125,59.375,100,82.8125,100,51.5625,45.3125,76.5625,100,100,100,67.1875,100,57.8125,100,100,100,53.125,100,100,59.375,65.625,100,93.75,98.4375,84.375,100,65.625,62.5,92.1875,92.1875,100,100,100,100,100,100,100,42.1875,100,100,100,100,100,100,100,71.875,71.875,87.5,100,100,54.6875,100,43.75,100,73.4375,75,100,100,100,87.5,96.875,100,85.9375,73.4375,100,96.875,100,100,90.625,29.6875,100,98.4375,51.5625,40.625,100,70.3125,84.375,100,100,100,84.375,43.75,100,95.3125,29.6875,100,100,100,45.3125,100,100,100,100,100,100,75,68.75,98.4375,54.6875,67.1875,75,100,100,100,70.3125,93.75,82.8125,100,100,48.4375,100,100,75,100,85.9375,100,100,100,48.4375,100,73.4375,100,100,100,100,100,29.6875,73.4375,100,100,96.875,89.0625,51.5625,100,40.625,100,100,100,100,40.625,67.1875,100,73.4375,100,100,100,84.375,100,85.9375,75,53.125,89.0625,71.875,100,100,75,70.3125,90.625,67.1875,62.5,51.5625,100,100,67.1875,100,100,81.25,60.9375,100,48.4375,93.75,100,100,100,100,100,84.375,60.9375,75,100,100,100,100,100,92.1875,100,90.625,68.75,100,100,71.875,100,79.6875,100,87.5,100,100,60.9375,65.625,100,100,100,96.875,100,89.0625,100,100,100,64.0625,90.625,89.0625,100,100,100,70.3125,100,42.1875,93.75,100,62.5,56.25,81.25,89.0625,100,100,85.9375,59.375,78.125,54.6875,43.75,100,100,76.5625,59.375,100,81.25,81.25,90.625,95.3125,100,89.0625,100,50,100,62.5,64.0625,100,100,84.375,100,100,100,81.25,100,64.0625,89.0625,90.625,100,100,100,73.4375,34.375,29.6875,100,98.4375,100,100,100,100,35.9375,71.875,89.0625,100,76.5625,100,100,100,100,39.0625,92.1875,51.5625,42.1875,75,62.5,92.1875,100,20.3125,100,81.25,100,64.0625,62.5,35.9375,89.0625,84.375,71.875,68.75,100,100,64.0625,100,100,100,100,100,100,81.25,100,100,92.1875,100,87.5,100,100,100,100,100,73.4375,100,100,100,73.4375,81.25,95.3125,100,100,82.8125,81.25,71.875,100,100,68.75,70.3125,100,93.75,100,100,95.3125,73.4375,100,98.4375,87.5,100,100,98.4375,40.625,100,100,100,81.25,78.125,100,100,100,100,100,100,100,100,100,100,42.1875,54.6875,68.75,100,84.375,100,100,100,100,100,100,100,100,100,92.1875,56.25,100,93.75,100,100,100,100,100,81.25,100,100,40.625,100,71.875,100,93.75,100,100,100,95.3125,73.4375,93.75,87.5,39.0625,100,45.3125,100,100,100,100,78.125,100,100,100,100,100,59.375,100,81.25,100,73.4375,92.1875,65.625,100,100,100,100,50,100,100,100,78.125,96.875,100,100,93.75,100,31.25,100,73.4375,71.875,79.6875,81.25,100,100,79.6875,73.4375,100,100,100,100,32.8125,100,89.0625,85.9375,78.125,57.8125,100,100,87.5,21.875,25,78.125,82.8125,100,100,100,48.4375,50,92.1875,100,98.4375,100,46.875,82.8125,100,100,100,100,100,84.375,100,64.0625,100,100,82.8125,100,100,100,100,96.875,100,98.4375,100,98.4375,100,100,100,37.5,100,84.375,100,82.8125,100,100,100,100,90.625,71.875,68.75,71.875,100,100,75,100,100,90.625,71.875,100,92.1875,56.25,90.625,100,100,100,92.1875,56.25,100,79.6875,100,100,31.25,100,39.0625,78.125,79.6875,100,100,100,87.5,100,89.0625,100,100,100,64.0625,100,100,57.8125,20.3125,100,95.3125,100,100,32.8125,84.375,100,100,100,95.3125,100,40.625,20.3125,100,100,100,100,100,100,100,100,100,100,12.5,100,100,100,100,93.75,89.0625,100,73.4375,100,100,100,96.875,60.9375,100,100,100,100,100,92.1875,100,100,100,100,100,67.1875,100,75,100,45.3125,76.5625,43.75,85.9375,78.125,100,54.6875,59.375,62.5,51.5625,81.25,100,100,100,100,100,73.4375,100,93.75,100,100,100,89.0625,98.4375,100,100,100,100,100,89.0625,100,31.25,85.9375,100,100,100,100,100,81.25,45.3125,50,57.8125,100,100,57.8125,100,100,100,100,100,100,75,76.5625,81.25,100,39.0625,100,68.75,87.5,100,90.625,67.1875,79.6875,95.3125,100,65.625,100,98.4375,60.9375,68.75,100,29.6875,100,100,100,100,75,100,100,100,67.1875,60.9375,98.4375,81.25,84.375,100,95.3125,59.375,50,31.25,73.4375,82.8125,78.125,100,64.0625,85.9375,93.75,29.6875,100,100,100,100,100,100,35.9375,84.375,100,100,100,100,56.25,100,100,70.3125,100,90.625,65.625,100,59.375,85.9375,100,100,73.4375,100,100,43.75,100,100,81.25,81.25,100,31.25,100,100,100,100,93.75,96.875,39.0625,31.25,100,71.875,100,100,100,100,100,82.8125,100,84.375,100,39.0625,100,100,68.75,42.1875,71.875,100,96.875,56.25,93.75,62.5,100,42.1875,35.9375,100,59.375,78.125,100,31.25,100,100,100,90.625,100,92.1875,42.1875,100,100,100,79.6875,71.875,26.5625,59.375,70.3125,100,100,92.1875,79.6875,100,100,37.5,100,100,45.3125,35.9375,89.0625,100,75,85.9375,93.75,100,100,100,37.5,100,100,64.0625,79.6875,100,100,100,87.5,46.875,100,100,100,100,96.875,100,100,100,85.9375,100,7.8125,50,100,67.1875,100,100,20.3125,95.3125,20.3125,100,100,45.3125,100,98.4375,100,78.125,87.5,82.8125,100,89.0625,100,100,100,100,100,84.375,43.75,95.3125,100,81.25,100,100,100,29.6875,100,100,100,95.3125,96.875,100,93.75,87.5,82.8125,100,100,100,65.625,100,85.9375,100,100,89.0625,100,76.5625,90.625,100,100,100,100,100,100,100,67.1875,100,95.3125,64.0625,100,100,53.125,95.3125,73.4375,84.375,100,71.875,81.25,59.375,68.75,100,95.3125,18.75,100,100,31.25,100,95.3125,100,100,93.75,100,100,67.1875,100,82.8125,100,100,56.25,35.9375,93.75,4.6875,42.1875,100,56.25,100,100,100,89.0625,90.625,100,100,100,87.5,82.8125,100,100,12.5,100,100,100,78.125,100,100,100,100,100,59.375,100,100,100,100,100,100,89.0625,40.625,100,93.75,82.8125,100,100,26.5625,100,78.125,100,67.1875,100,100,59.375,100,70.3125,100,78.125,87.5,70.3125,73.4375,100,100,100,100,100,100,78.125,100,96.875,100,50,60.9375,100,100,59.375,100,70.3125,82.8125,100,85.9375,60.9375,92.1875,100,100,100,50,100,95.3125,100,39.0625,45.3125,89.0625,100,100,100,62.5,64.0625,25,82.8125,95.3125,100,100,39.0625,100,37.5,25,59.375,100,93.75,100,82.8125,100,100,43.75,100,100,90.625,96.875,29.6875,50,71.875,70.3125,34.375,100,87.5,100,100,54.6875,100,87.5,70.3125,100,90.625,75,92.1875,28.125,100,100,17.1875,100,100,73.4375,100,82.8125,100,100,100,37.5,59.375,90.625,100,98.4375,100,100,95.3125,57.8125,71.875,100,73.4375,100,100,98.4375,100,100,78.125,78.125,64.0625,84.375,90.625,62.5,100,79.6875,73.4375,82.8125,95.3125,90.625,85.9375,100,28.125,100,87.5,100,100,73.4375,100,84.375,37.5,79.6875,100,57.8125,40.625,100,81.25,100,100,75,100,100,100,93.75,100,67.1875,67.1875,78.125,96.875,92.1875,100,100,100,100,95.3125,100,43.75,100,76.5625,78.125,48.4375,10.9375,100,34.375,62.5,100,81.25,65.625,75,79.6875,21.875,95.3125,54.6875,85.9375,100,100,78.125,62.5,100,57.8125,98.4375,100,100,100,100,100,87.5,96.875,71.875,100,92.1875,100,100,81.25,100,100,67.1875,95.3125,100,100,100,100,98.4375,65.625,42.1875,89.0625,100,100,100,98.4375,100,100,100,100,62.5,100,100,100,100,85.9375,100,26.5625,100,62.5,100,100,100,100,100,84.375,92.1875,100,100,100,79.6875,100,92.1875,96.875,100,100,96.875,73.4375,53.125,43.75,100,100,100,31.25,81.25,100,100,100,100,14.0625,100,100,60.9375,65.625,100,79.6875,84.375,100,100,100,98.4375,70.3125,85.9375,100,100,87.5,100,100,100,65.625,84.375,48.4375,79.6875,100,100,100,100,100,100,98.4375,100,100,48.4375,100,65.625,75,57.8125,100,25,100,100,9.375,54.6875,100,100,73.4375,100,73.4375,90.625,100,100,87.5,82.8125,79.6875,79.6875,100,79.6875,100,35.9375,100,100,81.25,60.9375,100,100,100,100,98.4375,100,100,84.375,64.0625,100,59.375,78.125,100,100,78.125,100,100,100,100,100,98.4375,100,93.75,100,100,89.0625,70.3125,57.8125,85.9375,59.375,100,100,64.0625,100,100,62.5,100,100,100,100,100,81.25,100,56.25,70.3125,100,100,54.6875,78.125,100,100,100,100,100,90.625,93.75,100,100,73.4375,100,84.375,100,56.25,100,100,62.5,48.4375,89.0625,100,68.75,73.4375,100,100,76.5625,100,84.375,100,95.3125,100,100,100,100,100,100,73.4375,79.6875,100,100,100,92.1875,100,50,100,100,100,59.375,100,100,100,100,100,85.9375,100,100,100,100,100,81.25,100,73.4375,100,100,100,100,85.9375,100,62.5,100,100,100,60.9375,100,71.875,100,62.5,100,100,84.375,100,89.0625,100,53.125,100,100,40.625,10.9375,100,54.6875,100,100,100,75,100,70.3125,100,100,100,100,34.375,54.6875,100,96.875,100,93.75,84.375,100,21.875,100,64.0625,53.125,100,100,95.3125,89.0625,92.1875,100,100,62.5,75,100,92.1875,100,70.3125,92.1875,100,98.4375,98.4375,100,100,100,96.875,81.25,95.3125,81.25,100,100,100,96.875,100,96.875,95.3125,60.9375,48.4375,89.0625,18.75,46.875,45.3125,100,96.875,43.75,100,100,100,100,100,81.25,78.125,95.3125,85.9375,100,93.75,100,68.75,100,57.8125,79.6875,48.4375,100,59.375,100,75,79.6875,79.6875,100,84.375,54.6875,100,100,98.4375,100,75,46.875,100,100,100,100,39.0625,67.1875,42.1875,100,100,57.8125,92.1875,75,100,100,82.8125,75,100,100,100,100,56.25,100,73.4375,100,100,87.5,67.1875,100,87.5,95.3125,100,100,100,100,100,96.875,92.1875,100,100,100,67.1875,64.0625,60.9375,60.9375,100,79.6875,100,51.5625,87.5,100,100,76.5625,100,35.9375,23.4375,51.5625,68.75,62.5,100,100,100,100,92.1875,90.625,100,100,56.25,35.9375,100,100,100,100,82.8125,40.625,100,79.6875,100,73.4375,100,70.3125,100,79.6875,100,29.6875,75,98.4375,25,98.4375,64.0625,100,51.5625,31.25,100,100,100,100,53.125,100,100,59.375,56.25,100,100,75,73.4375,78.125,87.5,100,100,100,100,64.0625,100,100,89.0625,100,90.625,78.125,87.5,100,100,21.875,93.75,56.25,100,100,89.0625,100,43.75,100,84.375,43.75,100,50,43.75,100,100,17.1875,85.9375,100,100,100,100,76.5625,92.1875,23.4375,100,64.0625,100,100,100,100,100,48.4375,100,100,48.4375,62.5,100,100,78.125,100,100,26.5625,100,46.875,100,100,100,84.375,100,50,100,100,93.75,90.625,79.6875,53.125,53.125,100,100,100,100,100,100,100,62.5,100,100,100,100,100,100,84.375,100,100,100,100,100,93.75,100,48.4375,92.1875,100,79.6875,100,100,100,100,100,100,1.5625,96.875,93.75,26.5625,100,87.5,100,100,100,85.9375,100,100,100,96.875,100,98.4375,100,100,100,95.3125,100,93.75,100,100,57.8125,100,70.3125,100,100,100,75,98.4375,39.0625,64.0625,100,100,56.25,100,100,57.8125,100,100,87.5,100,100,90.625,89.0625,100,75,28.125,100,100,100,96.875,51.5625,100,62.5,100,78.125,68.75,73.4375,73.4375,100,100,71.875,100,71.875,100,100,59.375,100,73.4375,35.9375,100,46.875,100,70.3125,87.5,100,100,96.875,76.5625,100,100,53.125,100,100,48.4375,64.0625,100,100,57.8125,78.125,100,84.375,28.125,45.3125,78.125,100,100,100,31.25,71.875,60.9375,37.5,98.4375,71.875,100,100,100,100,65.625,100,48.4375,93.75,100,51.5625,100,54.6875,79.6875,84.375,81.25,100,100,12.5,57.8125,100,85.9375,100,68.75,100,100
"6128",89.0625,100,51.5625,100,100,76.5625,93.75,100,34.375,92.1875,100,100,100,100,100,75,100,84.375,79.6875,100,96.875,100,100,100,76.5625,100,100,93.75,85.9375,100,100,100,100,90.625,100,71.875,81.25,100,93.75,100,93.75,68.75,40.625,100,100,100,100,100,68.75,100,42.1875,100,100,70.3125,68.75,100,4.6875,100,100,39.0625,100,53.125,85.9375,84.375,100,93.75,62.5,100,65.625,100,56.25,76.5625,100,84.375,68.75,100,100,100,51.5625,100,78.125,100,85.9375,75,76.5625,100,100,39.0625,100,100,54.6875,93.75,100,46.875,92.1875,100,100,64.0625,100,89.0625,90.625,100,100,92.1875,100,51.5625,89.0625,100,85.9375,100,81.25,100,100,100,40.625,100,100,100,100,100,73.4375,100,100,78.125,100,62.5,100,18.75,100,100,100,100,100,100,100,64.0625,73.4375,78.125,100,100,100,78.125,39.0625,53.125,100,100,89.0625,100,100,78.125,54.6875,37.5,84.375,93.75,85.9375,87.5,75,100,50,100,100,100,73.4375,100,89.0625,71.875,45.3125,90.625,45.3125,100,100,82.8125,100,100,100,85.9375,82.8125,100,100,100,100,62.5,100,100,100,60.9375,48.4375,100,100,96.875,100,100,81.25,100,92.1875,100,100,71.875,100,100,35.9375,100,96.875,100,100,100,100,14.0625,96.875,100,67.1875,100,100,100,85.9375,78.125,48.4375,95.3125,100,100,70.3125,75,43.75,100,100,59.375,82.8125,100,93.75,100,100,75,46.875,100,100,100,87.5,100,100,100,100,100,100,100,100,28.125,100,85.9375,100,100,100,76.5625,60.9375,92.1875,100,96.875,100,100,100,100,100,98.4375,31.25,100,53.125,100,100,100,76.5625,100,68.75,56.25,100,100,100,71.875,37.5,100,89.0625,100,31.25,70.3125,26.5625,100,100,73.4375,50,100,100,84.375,79.6875,100,89.0625,56.25,100,100,100,85.9375,64.0625,75,100,100,82.8125,65.625,100,81.25,85.9375,32.8125,89.0625,100,100,98.4375,48.4375,100,100,95.3125,100,100,98.4375,59.375,89.0625,100,50,62.5,75,100,90.625,96.875,100,85.9375,85.9375,100,68.75,100,100,35.9375,100,85.9375,100,100,100,81.25,37.5,37.5,65.625,64.0625,29.6875,100,100,68.75,100,75,100,100,57.8125,100,65.625,87.5,100,100,76.5625,82.8125,100,100,78.125,100,31.25,100,98.4375,100,100,100,100,71.875,100,100,100,100,65.625,100,79.6875,100,76.5625,100,100,100,95.3125,100,76.5625,32.8125,100,87.5,100,100,100,81.25,100,67.1875,100,39.0625,100,100,100,100,100,98.4375,59.375,100,78.125,98.4375,95.3125,100,100,90.625,100,98.4375,32.8125,53.125,100,76.5625,59.375,100,100,100,100,34.375,100,100,100,100,82.8125,100,84.375,100,68.75,60.9375,85.9375,100,100,100,100,92.1875,100,68.75,100,100,100,100,100,93.75,92.1875,100,100,100,82.8125,32.8125,100,96.875,100,100,76.5625,73.4375,78.125,100,82.8125,56.25,100,100,100,100,75,59.375,79.6875,100,100,67.1875,100,100,100,81.25,100,100,100,62.5,100,100,56.25,100,68.75,57.8125,100,76.5625,78.125,100,62.5,100,100,100,57.8125,73.4375,100,100,100,100,85.9375,57.8125,100,84.375,100,100,64.0625,68.75,100,100,100,100,100,100,100,100,84.375,100,100,60.9375,29.6875,93.75,100,98.4375,46.875,56.25,40.625,100,98.4375,92.1875,84.375,71.875,100,81.25,84.375,96.875,100,50,100,34.375,100,100,85.9375,100,100,100,100,100,100,100,100,46.875,100,100,70.3125,95.3125,100,71.875,100,42.1875,59.375,100,31.25,100,100,100,59.375,79.6875,71.875,100,45.3125,76.5625,100,73.4375,82.8125,100,100,100,100,100,100,100,100,64.0625,100,75,82.8125,68.75,100,100,100,100,93.75,100,70.3125,100,100,100,100,100,85.9375,100,62.5,34.375,98.4375,67.1875,100,100,76.5625,100,59.375,100,100,100,100,70.3125,100,100,100,81.25,100,100,100,100,100,100,90.625,100,100,100,100,100,100,100,100,93.75,100,100,56.25,96.875,68.75,100,87.5,100,96.875,100,100,92.1875,90.625,100,42.1875,28.125,73.4375,73.4375,28.125,100,100,100,100,100,100,71.875,100,85.9375,43.75,21.875,78.125,51.5625,67.1875,98.4375,57.8125,100,100,64.0625,76.5625,70.3125,42.1875,18.75,95.3125,46.875,85.9375,100,100,100,100,100,100,76.5625,53.125,43.75,68.75,100,29.6875,76.5625,100,93.75,46.875,100,62.5,100,68.75,100,100,100,100,57.8125,100,71.875,82.8125,78.125,100,100,67.1875,89.0625,100,46.875,64.0625,100,100,100,70.3125,100,100,100,100,100,100,87.5,100,100,100,87.5,100,100,100,100,100,100,68.75,100,43.75,100,53.125,92.1875,100,34.375,89.0625,100,82.8125,40.625,68.75,100,100,68.75,81.25,100,100,100,62.5,37.5,62.5,100,100,42.1875,87.5,48.4375,34.375,78.125,79.6875,4.6875,100,100,100,43.75,100,9.375,82.8125,100,100,87.5,100,100,92.1875,100,100,100,100,100,54.6875,45.3125,100,100,82.8125,98.4375,100,100,100,57.8125,98.4375,100,100,53.125,90.625,100,100,54.6875,100,87.5,100,89.0625,85.9375,100,79.6875,93.75,100,100,78.125,100,100,100,100,100,100,95.3125,46.875,100,100,82.8125,100,100,100,29.6875,100,70.3125,78.125,92.1875,42.1875,100,62.5,100,62.5,100,100,87.5,82.8125,64.0625,96.875,100,100,100,100,76.5625,25,100,100,54.6875,79.6875,100,93.75,100,92.1875,100,56.25,100,100,100,100,100,100,100,100,67.1875,40.625,100,40.625,93.75,73.4375,95.3125,59.375,78.125,100,7.8125,100,100,53.125,85.9375,67.1875,100,46.875,76.5625,100,98.4375,98.4375,60.9375,100,89.0625,73.4375,67.1875,100,100,100,96.875,93.75,56.25,43.75,100,100,100,100,70.3125,100,90.625,100,79.6875,100,93.75,56.25,100,60.9375,64.0625,100,100,35.9375,100,81.25,100,84.375,95.3125,100,100,100,100,70.3125,71.875,79.6875,100,60.9375,87.5,68.75,92.1875,59.375,100,100,51.5625,95.3125,100,40.625,100,100,100,100,68.75,100,100,96.875,100,73.4375,100,93.75,100,37.5,100,100,100,100,100,100,57.8125,100,100,43.75,59.375,23.4375,98.4375,100,100,100,100,100,100,29.6875,100,40.625,89.0625,81.25,71.875,100,89.0625,85.9375,100,100,100,100,100,100,100,100,100,59.375,89.0625,10.9375,100,92.1875,100,95.3125,60.9375,100,100,100,95.3125,100,84.375,100,79.6875,100,34.375,100,100,100,65.625,100,100,93.75,28.125,100,75,82.8125,100,64.0625,100,100,100,100,100,100,100,81.25,29.6875,100,100,76.5625,70.3125,65.625,100,100,100,100,100,100,100,75,100,68.75,100,100,100,100,100,100,85.9375,100,89.0625,100,100,100,100,100,100,68.75,100,100,82.8125,75,100,100,50,100,100,81.25,90.625,100,68.75,40.625,62.5,100,96.875,76.5625,100,50,37.5,100,100,87.5,100,100,51.5625,82.8125,100,100,81.25,100,17.1875,100,100,71.875,100,100,100,100,100,100,100,100,62.5,100,92.1875,100,100,84.375,100,87.5,100,100,100,100,68.75,73.4375,100,100,93.75,64.0625,100,82.8125,57.8125,100,81.25,100,59.375,85.9375,100,100,100,100,51.5625,100,71.875,100,100,100,62.5,100,100,59.375,65.625,100,93.75,100,84.375,100,100,100,67.1875,100,20.3125,100,100,100,100,100,100,42.1875,100,100,100,100,100,100,100,71.875,100,90.625,100,100,100,100,43.75,100,81.25,75,100,100,100,85.9375,100,100,84.375,79.6875,100,100,100,100,85.9375,32.8125,100,51.5625,51.5625,40.625,100,68.75,85.9375,100,100,100,81.25,51.5625,15.625,93.75,29.6875,100,100,100,50,100,100,100,100,100,100,67.1875,50,100,50,100,76.5625,100,100,100,20.3125,95.3125,82.8125,35.9375,100,51.5625,15.625,100,73.4375,100,90.625,100,100,100,48.4375,100,75,100,100,100,100,100,28.125,29.6875,100,100,100,90.625,50,100,54.6875,100,67.1875,100,100,34.375,68.75,100,73.4375,53.125,90.625,100,100,100,100,71.875,53.125,89.0625,71.875,95.3125,100,78.125,81.25,100,67.1875,62.5,51.5625,81.25,100,67.1875,100,100,71.875,62.5,100,53.125,87.5,100,100,100,100,100,93.75,100,75,100,100,100,92.1875,100,31.25,100,37.5,75,100,100,67.1875,100,100,100,67.1875,75,90.625,62.5,51.5625,100,100,100,100,100,89.0625,100,100,100,60.9375,93.75,100,100,100,100,87.5,100,43.75,100,100,67.1875,56.25,81.25,100,100,93.75,84.375,62.5,76.5625,65.625,62.5,100,100,78.125,75,100,100,81.25,89.0625,95.3125,40.625,90.625,64.0625,48.4375,62.5,59.375,100,100,100,82.8125,100,100,100,81.25,90.625,67.1875,100,93.75,100,100,100,73.4375,31.25,100,100,32.8125,82.8125,100,93.75,100,100,68.75,76.5625,100,90.625,100,100,100,100,76.5625,90.625,56.25,50,73.4375,57.8125,95.3125,100,100,100,100,100,76.5625,70.3125,34.375,89.0625,100,71.875,70.3125,100,100,64.0625,100,100,68.75,100,85.9375,100,89.0625,100,100,92.1875,100,89.0625,100,100,100,100,100,71.875,100,100,100,96.875,82.8125,93.75,100,100,84.375,100,100,100,100,68.75,71.875,100,100,100,89.0625,95.3125,70.3125,39.0625,98.4375,87.5,100,100,100,42.1875,100,92.1875,100,76.5625,46.875,96.875,100,100,100,71.875,100,100,100,100,100,42.1875,51.5625,70.3125,100,71.875,100,100,100,100,100,100,96.875,100,100,95.3125,100,100,85.9375,100,100,100,100,100,100,100,100,67.1875,100,70.3125,100,93.75,100,100,100,93.75,76.5625,96.875,82.8125,90.625,100,45.3125,100,100,100,100,81.25,81.25,100,100,20.3125,100,57.8125,100,78.125,100,79.6875,93.75,59.375,100,100,100,100,57.8125,100,100,100,76.5625,54.6875,100,76.5625,100,100,81.25,100,75,70.3125,100,100,79.6875,60.9375,62.5,73.4375,100,100,100,100,29.6875,100,87.5,76.5625,82.8125,65.625,100,100,78.125,100,100,68.75,100,100,100,100,48.4375,48.4375,92.1875,68.75,100,100,25,79.6875,100,100,100,100,100,100,100,75,100,100,89.0625,100,100,100,100,100,100,29.6875,100,100,100,100,100,37.5,54.6875,100,81.25,81.25,100,34.375,100,100,84.375,70.3125,53.125,70.3125,100,100,100,100,100,89.0625,71.875,100,85.9375,100,45.3125,100,100,100,76.5625,59.375,100,95.3125,100,100,15.625,100,42.1875,53.125,75,64.0625,100,100,100,100,100,100,100,96.875,68.75,84.375,100,56.25,50,100,95.3125,59.375,100,35.9375,67.1875,100,100,100,95.3125,100,37.5,20.3125,100,100,100,98.4375,100,100,100,100,100,100,15.625,100,100,100,100,100,100,100,96.875,100,100,100,100,68.75,100,100,100,25,100,89.0625,100,100,34.375,100,100,71.875,100,75,100,71.875,89.0625,43.75,98.4375,71.875,100,51.5625,60.9375,62.5,60.9375,82.8125,100,100,100,100,100,100,100,96.875,100,93.75,100,81.25,98.4375,100,100,100,100,100,89.0625,100,10.9375,85.9375,100,100,93.75,100,100,87.5,100,50,59.375,100,100,60.9375,89.0625,100,100,100,100,100,79.6875,100,82.8125,100,35.9375,100,45.3125,81.25,100,26.5625,65.625,96.875,100,100,76.5625,100,100,54.6875,98.4375,100,18.75,100,100,100,100,73.4375,100,100,100,68.75,100,81.25,79.6875,96.875,100,48.4375,57.8125,40.625,53.125,70.3125,78.125,79.6875,100,65.625,81.25,93.75,39.0625,100,78.125,100,59.375,100,100,32.8125,82.8125,87.5,100,100,100,31.25,100,100,71.875,100,73.4375,65.625,100,59.375,100,100,100,73.4375,100,81.25,81.25,100,100,14.0625,23.4375,100,39.0625,100,100,100,100,96.875,98.4375,43.75,100,100,84.375,100,100,100,34.375,79.6875,82.8125,100,84.375,100,100,100,100,95.3125,39.0625,96.875,100,95.3125,62.5,100,57.8125,100,37.5,35.9375,100,71.875,64.0625,100,31.25,100,100,100,89.0625,100,90.625,56.25,100,100,100,92.1875,60.9375,26.5625,100,70.3125,100,100,93.75,68.75,100,100,35.9375,34.375,35.9375,40.625,34.375,89.0625,100,75,84.375,95.3125,100,45.3125,100,42.1875,100,100,100,68.75,100,100,95.3125,98.4375,43.75,100,100,100,100,95.3125,100,100,100,85.9375,100,100,100,100,67.1875,100,100,100,100,34.375,100,84.375,87.5,100,84.375,100,68.75,76.5625,82.8125,100,87.5,100,100,100,100,100,84.375,46.875,65.625,100,87.5,100,100,100,37.5,100,100,100,85.9375,96.875,100,92.1875,92.1875,67.1875,100,100,100,60.9375,100,100,100,100,100,100,76.5625,84.375,100,100,100,87.5,79.6875,100,100,67.1875,100,100,64.0625,100,100,100,92.1875,68.75,85.9375,98.4375,73.4375,81.25,59.375,71.875,100,100,100,100,100,39.0625,100,95.3125,15.625,100,93.75,100,100,67.1875,100,81.25,100,100,54.6875,46.875,50,6.25,40.625,100,9.375,100,100,100,100,20.3125,100,100,100,100,81.25,100,100,39.0625,100,100,100,71.875,100,100,84.375,100,100,85.9375,100,81.25,100,92.1875,100,100,79.6875,81.25,100,100,98.4375,100,100,51.5625,100,79.6875,100,68.75,100,100,54.6875,100,70.3125,92.1875,73.4375,10.9375,76.5625,75,100,100,100,100,100,85.9375,79.6875,100,100,100,60.9375,62.5,100,100,56.25,100,64.0625,79.6875,100,89.0625,59.375,100,87.5,100,100,81.25,100,92.1875,100,32.8125,50,85.9375,100,100,100,62.5,85.9375,28.125,71.875,89.0625,100,100,40.625,100,100,23.4375,57.8125,100,84.375,73.4375,100,89.0625,100,90.625,100,100,82.8125,96.875,26.5625,46.875,78.125,70.3125,39.0625,100,87.5,100,100,54.6875,100,95.3125,60.9375,100,89.0625,75,85.9375,67.1875,100,100,17.1875,100,84.375,75,100,75,76.5625,100,100,90.625,62.5,85.9375,100,85.9375,100,100,96.875,56.25,64.0625,100,100,100,100,96.875,100,100,84.375,70.3125,67.1875,76.5625,100,62.5,100,100,96.875,100,93.75,100,96.875,100,34.375,100,100,100,100,100,85.9375,28.125,29.6875,100,100,56.25,40.625,67.1875,81.25,100,100,75,64.0625,100,54.6875,70.3125,100,65.625,67.1875,78.125,100,100,100,93.75,100,51.5625,90.625,73.4375,54.6875,100,53.125,100,50,26.5625,100,34.375,62.5,100,84.375,100,73.4375,54.6875,20.3125,95.3125,54.6875,87.5,100,100,79.6875,100,96.875,100,98.4375,100,100,100,100,100,84.375,98.4375,100,100,92.1875,100,100,64.0625,100,100,67.1875,89.0625,96.875,50,100,100,96.875,70.3125,42.1875,90.625,100,100,100,100,100,100,100,100,40.625,95.3125,100,100,100,90.625,100,25,100,68.75,100,100,100,100,100,85.9375,100,84.375,100,87.5,78.125,100,82.8125,95.3125,100,100,100,71.875,56.25,45.3125,100,100,100,31.25,56.25,100,100,100,100,98.4375,100,100,65.625,64.0625,95.3125,93.75,90.625,100,100,98.4375,100,67.1875,89.0625,100,100,100,100,54.6875,31.25,89.0625,89.0625,34.375,87.5,85.9375,100,100,100,100,100,100,100,100,59.375,100,81.25,100,64.0625,100,25,100,100,84.375,68.75,100,100,100,100,100,100,100,100,100,85.9375,100,84.375,100,82.8125,100,35.9375,100,67.1875,67.1875,67.1875,48.4375,100,100,100,98.4375,100,100,84.375,62.5,100,62.5,76.5625,75,100,79.6875,100,100,100,100,100,100,100,100,100,82.8125,100,67.1875,56.25,100,59.375,100,100,68.75,100,100,62.5,100,100,100,100,100,89.0625,100,56.25,70.3125,98.4375,100,51.5625,76.5625,100,100,100,100,100,90.625,98.4375,100,100,76.5625,100,81.25,100,100,100,100,100,51.5625,78.125,100,43.75,85.9375,100,100,98.4375,81.25,79.6875,100,82.8125,100,100,100,100,100,100,68.75,46.875,100,100,100,92.1875,100,48.4375,100,100,100,60.9375,100,100,100,100,100,68.75,100,100,100,100,100,81.25,100,75,100,100,100,100,81.25,100,65.625,21.875,100,100,45.3125,100,100,53.125,62.5,100,100,71.875,100,90.625,100,54.6875,100,100,43.75,10.9375,100,54.6875,100,100,100,75,96.875,73.4375,100,100,100,100,34.375,100,100,100,100,93.75,92.1875,100,10.9375,100,64.0625,53.125,100,100,90.625,98.4375,100,100,100,100,87.5,100,100,23.4375,68.75,14.0625,82.8125,98.4375,93.75,100,100,100,100,82.8125,90.625,81.25,100,100,100,96.875,65.625,100,93.75,59.375,67.1875,87.5,20.3125,45.3125,100,100,100,46.875,98.4375,100,100,100,100,84.375,78.125,95.3125,87.5,100,100,100,64.0625,100,100,78.125,100,100,57.8125,100,68.75,78.125,79.6875,100,68.75,54.6875,100,100,100,100,45.3125,43.75,100,100,100,100,100,68.75,56.25,100,100,70.3125,93.75,78.125,100,96.875,93.75,100,100,100,100,100,53.125,100,73.4375,56.25,100,100,100,100,100,93.75,100,100,100,100,100,95.3125,90.625,100,100,100,100,100,100,57.8125,100,100,100,57.8125,89.0625,100,100,75,100,35.9375,62.5,53.125,100,60.9375,100,100,95.3125,87.5,100,87.5,100,100,56.25,37.5,100,53.125,100,100,100,76.5625,48.4375,87.5,100,73.4375,100,68.75,21.875,78.125,100,100,68.75,98.4375,28.125,100,64.0625,100,45.3125,20.3125,100,96.875,45.3125,100,50,100,100,59.375,100,100,100,73.4375,81.25,81.25,85.9375,100,100,89.0625,98.4375,57.8125,100,100,87.5,100,100,100,87.5,100,100,21.875,100,59.375,100,100,82.8125,100,40.625,100,95.3125,100,100,48.4375,48.4375,87.5,100,25,78.125,100,100,18.75,26.5625,76.5625,100,48.4375,100,68.75,100,100,100,98.4375,100,46.875,100,100,48.4375,62.5,100,100,98.4375,100,100,34.375,100,48.4375,100,100,100,84.375,100,65.625,100,100,92.1875,89.0625,79.6875,50,53.125,100,100,100,100,100,89.0625,100,64.0625,100,100,100,100,100,100,84.375,100,93.75,100,100,100,100,100,68.75,84.375,100,87.5,100,100,100,100,100,100,1.5625,96.875,9.375,28.125,100,93.75,100,100,29.6875,95.3125,100,100,100,100,100,100,100,100,90.625,84.375,100,93.75,100,100,57.8125,100,64.0625,100,100,100,75,100,34.375,64.0625,100,100,100,100,100,65.625,100,100,73.4375,100,100,100,89.0625,100,57.8125,28.125,100,100,100,100,100,100,62.5,100,100,100,79.6875,71.875,100,100,79.6875,100,78.125,100,87.5,59.375,100,70.3125,43.75,64.0625,92.1875,100,45.3125,46.875,100,100,96.875,67.1875,100,100,50,100,100,45.3125,85.9375,100,100,64.0625,79.6875,100,81.25,29.6875,68.75,57.8125,100,100,100,26.5625,100,60.9375,32.8125,100,73.4375,100,100,100,50,89.0625,100,50,98.4375,100,53.125,100,62.5,100,56.25,90.625,89.0625,100,79.6875,100,100,100,100,92.1875,100,100
"6129",90.625,100,65.625,100,100,64.0625,93.75,100,28.125,93.75,54.6875,100,100,100,100,76.5625,100,84.375,100,100,96.875,100,100,100,75,100,100,89.0625,87.5,100,100,100,100,100,100,100,95.3125,100,100,100,95.3125,60.9375,100,100,100,100,95.3125,100,82.8125,79.6875,75,100,100,70.3125,84.375,100,4.6875,100,100,42.1875,100,100,98.4375,53.125,100,100,100,100,79.6875,100,54.6875,70.3125,100,100,100,82.8125,100,100,53.125,100,75,100,100,71.875,100,100,100,53.125,100,100,100,87.5,100,46.875,79.6875,90.625,100,57.8125,100,100,100,100,100,92.1875,71.875,51.5625,79.6875,100,85.9375,100,87.5,70.3125,100,100,40.625,100,100,100,100,100,100,100,100,75,100,60.9375,100,18.75,100,100,100,100,100,100,100,51.5625,100,79.6875,100,100,100,100,100,60.9375,100,100,95.3125,100,100,73.4375,54.6875,46.875,82.8125,92.1875,96.875,90.625,73.4375,100,100,100,71.875,100,71.875,100,89.0625,71.875,34.375,87.5,40.625,100,100,93.75,100,100,100,100,82.8125,100,100,100,100,100,100,100,95.3125,100,46.875,100,100,87.5,100,100,78.125,60.9375,90.625,100,100,56.25,100,100,71.875,100,100,100,100,100,100,12.5,100,100,67.1875,100,100,82.8125,82.8125,78.125,73.4375,95.3125,100,100,70.3125,100,40.625,100,100,57.8125,87.5,98.4375,100,100,100,79.6875,100,100,100,100,90.625,60.9375,100,100,100,51.5625,100,100,100,28.125,100,90.625,100,100,100,76.5625,18.75,100,100,96.875,100,100,100,100,100,98.4375,31.25,92.1875,100,100,81.25,100,75,100,100,34.375,100,100,98.4375,64.0625,35.9375,100,87.5,25,100,42.1875,62.5,100,100,100,48.4375,100,100,89.0625,79.6875,100,81.25,56.25,100,100,39.0625,87.5,70.3125,75,100,100,100,68.75,100,81.25,76.5625,18.75,100,100,100,100,46.875,100,100,93.75,100,100,84.375,73.4375,89.0625,100,50,100,82.8125,62.5,93.75,96.875,100,100,90.625,100,76.5625,100,100,35.9375,100,87.5,100,100,100,82.8125,37.5,71.875,65.625,67.1875,29.6875,100,100,100,100,76.5625,100,100,67.1875,42.1875,100,78.125,28.125,100,93.75,89.0625,100,100,79.6875,48.4375,31.25,100,98.4375,100,100,100,98.4375,73.4375,100,100,96.875,100,70.3125,100,70.3125,100,100,100,100,100,100,100,54.6875,32.8125,100,100,100,100,53.125,79.6875,100,56.25,100,56.25,100,100,100,100,100,87.5,59.375,100,73.4375,89.0625,100,95.3125,100,100,100,100,34.375,50,100,76.5625,64.0625,100,100,100,100,51.5625,42.1875,100,100,100,81.25,100,87.5,100,100,100,59.375,100,100,100,100,92.1875,100,100,100,100,100,100,85.9375,92.1875,95.3125,100,100,100,84.375,100,100,76.5625,100,100,76.5625,71.875,73.4375,42.1875,100,59.375,100,100,57.8125,100,100,57.8125,75,100,100,65.625,100,100,100,59.375,100,100,100,87.5,82.8125,100,51.5625,100,67.1875,71.875,100,76.5625,79.6875,100,64.0625,100,100,100,60.9375,100,76.5625,100,100,100,85.9375,57.8125,100,84.375,100,100,62.5,37.5,68.75,100,100,100,100,100,100,100,100,100,60.9375,65.625,28.125,93.75,100,90.625,46.875,100,40.625,100,93.75,92.1875,84.375,71.875,100,79.6875,100,81.25,84.375,54.6875,100,35.9375,100,100,85.9375,100,100,68.75,20.3125,100,100,100,100,42.1875,87.5,100,73.4375,100,100,71.875,73.4375,100,60.9375,100,76.5625,92.1875,100,100,78.125,100,93.75,100,45.3125,100,100,70.3125,76.5625,100,100,48.4375,100,100,100,100,21.875,67.1875,100,100,100,100,100,100,100,100,100,93.75,68.75,100,100,100,100,100,82.8125,100,100,60.9375,100,64.0625,100,100,75,100,12.5,100,100,100,100,100,100,100,100,78.125,100,100,100,100,59.375,100,100,100,100,100,100,100,100,78.125,76.5625,100,100,100,54.6875,96.875,100,64.0625,100,100,100,81.25,100,93.75,90.625,100,42.1875,6.25,42.1875,51.5625,28.125,25,100,100,100,100,100,70.3125,100,85.9375,42.1875,21.875,76.5625,54.6875,64.0625,98.4375,78.125,100,92.1875,68.75,78.125,59.375,40.625,92.1875,95.3125,85.9375,71.875,100,100,76.5625,100,100,100,76.5625,100,45.3125,68.75,100,100,70.3125,62.5,100,46.875,100,100,100,100,100,100,100,100,65.625,100,100,90.625,73.4375,23.4375,100,67.1875,39.0625,100,100,62.5,100,100,100,100,100,100,100,100,100,100,100,100,100,100,100,100,100,100,93.75,100,100,68.75,100,98.4375,100,100,100,100,35.9375,87.5,87.5,34.375,39.0625,59.375,100,100,89.0625,96.875,100,100,100,75,100,59.375,85.9375,100,100,62.5,48.4375,50,100,68.75,25,100,100,100,39.0625,100,9.375,84.375,100,100,100,100,100,98.4375,53.125,100,90.625,100,100,59.375,45.3125,100,100,70.3125,100,100,100,62.5,57.8125,98.4375,100,100,59.375,100,70.3125,100,100,100,100,100,100,85.9375,100,37.5,92.1875,100,100,87.5,67.1875,29.6875,100,100,100,100,95.3125,48.4375,100,100,82.8125,100,100,100,28.125,100,70.3125,100,81.25,43.75,100,32.8125,100,67.1875,100,100,100,81.25,64.0625,100,100,100,100,100,76.5625,18.75,100,29.6875,100,93.75,98.4375,100,100,95.3125,100,56.25,100,100,32.8125,100,93.75,100,100,100,64.0625,37.5,100,70.3125,100,78.125,100,60.9375,78.125,96.875,35.9375,100,100,100,100,65.625,100,76.5625,75,100,98.4375,92.1875,39.0625,100,100,71.875,42.1875,100,100,100,96.875,100,67.1875,100,75,100,100,100,70.3125,100,100,100,79.6875,100,100,53.125,50,70.3125,67.1875,100,100,35.9375,100,82.8125,100,81.25,96.875,100,100,48.4375,100,68.75,100,73.4375,100,75,92.1875,100,100,78.125,100,100,48.4375,95.3125,100,42.1875,68.75,100,100,100,68.75,45.3125,100,100,100,100,100,93.75,100,100,100,100,100,100,100,100,70.3125,100,100,100,60.9375,29.6875,100,100,20.3125,100,89.0625,75,100,29.6875,100,42.1875,100,100,71.875,29.6875,89.0625,84.375,100,100,100,100,26.5625,100,100,100,100,57.8125,89.0625,100,100,96.875,100,95.3125,64.0625,100,100,100,100,100,84.375,100,71.875,100,100,73.4375,100,100,100,100,100,100,26.5625,100,100,85.9375,100,73.4375,100,100,76.5625,100,100,100,100,82.8125,100,100,100,76.5625,100,67.1875,100,100,65.625,100,100,100,100,100,100,82.8125,81.25,93.75,100,17.1875,28.125,100,100,100,85.9375,100,100,100,100,57.8125,100,45.3125,37.5,100,81.25,46.875,100,76.5625,71.875,81.25,100,100,100,100,68.75,40.625,56.25,100,100,76.5625,100,100,35.9375,100,100,100,100,89.0625,100,76.5625,100,100,78.125,100,17.1875,100,100,100,100,100,100,100,100,100,78.125,96.875,64.0625,78.125,92.1875,89.0625,100,84.375,100,87.5,100,100,100,34.375,71.875,73.4375,100,100,93.75,100,100,84.375,59.375,100,67.1875,100,100,100,100,100,100,100,100,100,71.875,100,100,100,42.1875,100,100,59.375,65.625,100,93.75,100,85.9375,100,98.4375,100,64.0625,100,93.75,100,100,100,100,100,100,42.1875,100,95.3125,100,100,100,100,100,100,68.75,92.1875,100,17.1875,100,39.0625,96.875,100,100,75,100,100,100,85.9375,98.4375,82.8125,85.9375,100,100,89.0625,50,100,87.5,21.875,100,100,53.125,100,100,68.75,100,100,100,100,85.9375,51.5625,25,92.1875,28.125,100,100,100,100,100,100,100,100,100,100,85.9375,71.875,98.4375,57.8125,70.3125,68.75,100,100,100,68.75,95.3125,81.25,100,100,54.6875,100,100,65.625,100,100,70.3125,100,100,43.75,100,71.875,100,100,100,100,100,31.25,51.5625,29.6875,100,100,89.0625,48.4375,100,40.625,100,100,100,100,34.375,68.75,100,73.4375,100,98.4375,100,100,100,100,68.75,57.8125,89.0625,71.875,100,100,76.5625,84.375,87.5,67.1875,62.5,90.625,100,98.4375,67.1875,100,100,68.75,62.5,100,100,87.5,100,100,100,64.0625,100,100,50,75,100,100,56.25,100,100,81.25,100,37.5,90.625,100,100,67.1875,100,100,100,87.5,100,98.4375,60.9375,48.4375,100,100,100,100,100,89.0625,100,100,100,100,93.75,100,100,100,100,70.3125,100,43.75,100,34.375,64.0625,54.6875,89.0625,42.1875,100,96.875,98.4375,51.5625,78.125,75,48.4375,100,78.125,96.875,67.1875,100,100,81.25,92.1875,95.3125,100,89.0625,98.4375,46.875,100,85.9375,75,28.125,100,76.5625,100,100,98.4375,81.25,100,100,93.75,90.625,100,100,100,73.4375,31.25,100,100,39.0625,42.1875,100,87.5,100,35.9375,68.75,90.625,100,92.1875,100,100,100,100,100,100,51.5625,71.875,76.5625,56.25,95.3125,100,100,14.0625,85.9375,100,100,71.875,34.375,15.625,64.0625,73.4375,70.3125,100,100,64.0625,100,100,67.1875,100,100,100,100,100,100,92.1875,100,89.0625,100,93.75,85.9375,59.375,100,71.875,100,100,100,42.1875,100,100,100,100,82.8125,100,73.4375,100,100,68.75,100,100,98.4375,100,100,93.75,70.3125,100,100,100,100,100,100,100,98.4375,100,100,73.4375,76.5625,100,100,100,100,68.75,100,100,100,39.0625,100,42.1875,51.5625,70.3125,100,85.9375,100,100,100,100,100,100,100,100,100,92.1875,35.9375,100,100,100,100,100,100,100,100,100,100,78.125,100,67.1875,100,93.75,100,100,100,89.0625,85.9375,90.625,75,28.125,100,45.3125,100,100,100,100,95.3125,100,100,100,100,100,59.375,100,79.6875,100,100,100,60.9375,100,100,100,100,82.8125,100,100,100,40.625,21.875,100,100,100,100,65.625,100,100,81.25,82.8125,65.625,100,100,79.6875,71.875,100,100,100,100,90.625,62.5,100,93.75,79.6875,100,100,100,82.8125,100,26.5625,81.25,100,100,100,100,50,46.875,23.4375,100,100,100,26.5625,89.0625,100,92.1875,100,100,100,90.625,100,59.375,100,100,85.9375,100,100,100,100,100,100,100,100,100,100,100,100,59.375,100,98.4375,79.6875,79.6875,100,79.6875,87.5,100,84.375,71.875,100,71.875,100,100,92.1875,100,100,87.5,70.3125,100,90.625,100,100,100,40.625,100,100,56.25,100,100,100,100,18.75,100,42.1875,46.875,35.9375,64.0625,100,100,87.5,26.5625,98.4375,100,100,100,100,100,100,56.25,45.3125,42.1875,100,78.125,100,45.3125,50,100,100,100,95.3125,100,35.9375,20.3125,18.75,100,100,100,95.3125,100,100,100,100,100,14.0625,100,100,100,96.875,100,98.4375,100,100,100,100,84.375,100,68.75,67.1875,100,100,100,100,95.3125,100,100,100,100,100,57.8125,100,100,100,100,100,100,92.1875,100,100,50,59.375,62.5,89.0625,79.6875,100,100,29.6875,96.875,100,81.25,100,100,100,100,100,79.6875,100,100,100,100,100,100,90.625,100,100,85.9375,100,100,71.875,100,100,59.375,100,51.5625,50,96.875,100,100,93.75,100,100,17.1875,95.3125,100,73.4375,100,84.375,100,35.9375,100,37.5,35.9375,82.8125,100,100,100,87.5,100,43.75,100,35.9375,53.125,98.4375,100,29.6875,100,100,100,100,73.4375,100,100,100,100,100,100,89.0625,62.5,100,95.3125,59.375,42.1875,75,100,78.125,79.6875,100,62.5,82.8125,93.75,45.3125,100,73.4375,100,100,100,100,35.9375,75,100,100,100,53.125,45.3125,100,100,90.625,100,87.5,65.625,100,56.25,100,96.875,29.6875,73.4375,100,39.0625,84.375,100,100,100,28.125,100,35.9375,70.3125,100,100,100,93.75,100,43.75,100,100,84.375,100,100,92.1875,90.625,100,81.25,100,84.375,100,100,100,100,93.75,37.5,100,100,93.75,59.375,100,54.6875,100,29.6875,35.9375,100,68.75,54.6875,100,31.25,100,100,100,90.625,100,100,89.0625,100,100,100,100,67.1875,26.5625,100,70.3125,100,100,93.75,100,100,56.25,35.9375,100,100,68.75,34.375,89.0625,100,76.5625,75,95.3125,100,51.5625,100,46.875,100,100,64.0625,100,100,100,34.375,100,37.5,100,100,100,100,100,100,100,100,85.9375,100,20.3125,100,100,73.4375,100,100,100,62.5,20.3125,100,100,81.25,100,71.875,100,73.4375,81.25,82.8125,100,89.0625,28.125,100,100,100,100,84.375,65.625,100,100,100,100,100,100,9.375,95.3125,100,100,98.4375,93.75,100,92.1875,100,78.125,100,100,100,100,100,100,100,100,100,100,76.5625,89.0625,100,100,100,84.375,67.1875,100,100,67.1875,100,100,100,100,100,28.125,82.8125,75,100,100,100,79.6875,59.375,100,100,100,100,100,100,29.6875,100,95.3125,100,100,92.1875,100,100,67.1875,100,81.25,100,7.8125,56.25,39.0625,100,4.6875,39.0625,100,54.6875,100,100,100,100,100,100,100,100,100,79.6875,100,100,62.5,100,100,100,76.5625,100,93.75,100,100,100,81.25,100,100,100,92.1875,100,39.0625,60.9375,81.25,100,95.3125,79.6875,100,100,100,100,75,100,67.1875,100,100,54.6875,100,70.3125,100,75,23.4375,70.3125,73.4375,100,100,100,100,90.625,100,81.25,100,100,100,56.25,64.0625,100,100,90.625,100,100,79.6875,100,34.375,59.375,100,100,100,100,46.875,100,100,100,28.125,46.875,93.75,100,100,100,60.9375,64.0625,79.6875,71.875,73.4375,100,100,46.875,100,100,67.1875,59.375,100,84.375,100,98.4375,100,100,90.625,75,100,81.25,96.875,26.5625,42.1875,73.4375,70.3125,29.6875,100,87.5,100,100,53.125,100,100,57.8125,100,100,75,92.1875,60.9375,78.125,100,95.3125,100,85.9375,73.4375,100,62.5,100,42.1875,100,20.3125,56.25,87.5,100,81.25,100,65.625,93.75,57.8125,62.5,100,100,100,100,95.3125,100,100,84.375,100,46.875,67.1875,100,62.5,100,100,89.0625,100,100,100,89.0625,100,34.375,100,100,100,100,100,89.0625,85.9375,28.125,85.9375,100,46.875,40.625,100,81.25,100,100,75,70.3125,45.3125,85.9375,75,100,67.1875,67.1875,73.4375,100,100,100,100,100,53.125,78.125,100,46.875,100,84.375,100,50,7.8125,100,71.875,62.5,100,82.8125,100,79.6875,100,20.3125,93.75,54.6875,85.9375,84.375,100,90.625,100,95.3125,100,84.375,100,100,100,100,100,100,98.4375,96.875,100,96.875,100,100,68.75,46.875,100,64.0625,98.4375,100,100,100,100,95.3125,100,40.625,39.0625,100,100,43.75,90.625,100,100,79.6875,65.625,56.25,100,96.875,98.4375,100,90.625,100,25,100,71.875,100,100,100,100,100,90.625,96.875,100,100,87.5,78.125,100,87.5,95.3125,23.4375,100,100,100,57.8125,73.4375,100,100,100,31.25,81.25,100,100,100,100,100,100,100,54.6875,65.625,100,100,100,100,100,100,100,68.75,100,100,100,100,100,73.4375,100,100,100,35.9375,81.25,100,100,100,100,100,100,100,100,100,67.1875,93.75,100,95.3125,67.1875,70.3125,26.5625,100,100,100,56.25,100,100,100,100,75,92.1875,100,100,84.375,82.8125,100,100,100,82.8125,100,35.9375,100,12.5,81.25,56.25,78.125,100,57.8125,100,98.4375,100,100,82.8125,100,100,59.375,68.75,54.6875,100,78.125,100,100,100,100,90.625,100,100,100,100,100,100,68.75,57.8125,79.6875,62.5,100,100,64.0625,100,100,62.5,100,100,100,100,100,78.125,100,57.8125,70.3125,100,100,50,100,68.75,100,100,100,89.0625,85.9375,100,100,100,73.4375,100,82.8125,100,100,100,100,100,57.8125,100,100,65.625,84.375,25,100,76.5625,100,78.125,100,100,100,100,100,100,100,100,71.875,40.625,100,100,100,92.1875,100,48.4375,100,100,100,59.375,100,64.0625,100,100,100,67.1875,100,100,100,100,100,100,100,75,100,100,100,100,95.3125,100,71.875,100,100,60.9375,73.4375,100,89.0625,42.1875,60.9375,100,100,87.5,79.6875,79.6875,100,48.4375,100,100,37.5,10.9375,100,81.25,100,100,100,75,100,67.1875,100,100,45.3125,100,34.375,100,59.375,100,100,95.3125,100,34.375,32.8125,90.625,64.0625,89.0625,100,100,92.1875,79.6875,90.625,100,100,100,67.1875,100,46.875,32.8125,67.1875,21.875,93.75,100,90.625,100,100,100,100,81.25,100,81.25,100,100,100,96.875,100,100,89.0625,100,46.875,89.0625,17.1875,39.0625,100,100,100,45.3125,100,100,100,100,100,76.5625,78.125,95.3125,87.5,100,100,100,68.75,100,100,100,100,100,57.8125,100,100,79.6875,79.6875,100,78.125,54.6875,100,100,100,100,62.5,34.375,100,100,100,100,100,100,100,100,100,75,90.625,76.5625,100,95.3125,100,100,100,100,100,100,56.25,100,73.4375,100,100,100,75,100,100,78.125,100,100,100,67.1875,100,98.4375,93.75,100,100,100,62.5,100,100,67.1875,21.875,84.375,100,100,85.9375,100,100,73.4375,100,35.9375,29.6875,54.6875,100,62.5,100,100,100,100,93.75,32.8125,100,100,73.4375,35.9375,100,100,100,100,71.875,81.25,100,92.1875,100,100,100,70.3125,100,76.5625,100,64.0625,71.875,96.875,29.6875,95.3125,75,70.3125,43.75,26.5625,100,100,100,100,50,100,82.8125,57.8125,100,79.6875,100,62.5,100,81.25,87.5,21.875,100,100,100,100,100,100,89.0625,100,100,68.75,87.5,100,100,21.875,21.875,59.375,100,100,100,100,40.625,100,84.375,100,100,54.6875,100,89.0625,100,17.1875,85.9375,100,100,100,100,100,76.5625,67.1875,100,78.125,100,100,100,100,60.9375,46.875,100,100,50,37.5,100,100,62.5,100,100,37.5,100,79.6875,100,100,100,82.8125,100,57.8125,93.75,100,90.625,82.8125,48.4375,56.25,53.125,100,100,100,98.4375,100,100,100,81.25,100,100,100,100,100,90.625,84.375,100,96.875,100,100,100,96.875,100,68.75,82.8125,100,68.75,100,100,100,93.75,100,100,1.5625,96.875,10.9375,37.5,100,82.8125,100,100,100,100,100,100,37.5,100,100,15.625,100,100,100,87.5,100,100,100,100,53.125,100,71.875,100,100,100,78.125,98.4375,34.375,64.0625,100,100,46.875,100,100,79.6875,100,100,73.4375,100,100,100,89.0625,100,59.375,51.5625,100,100,100,100,76.5625,100,62.5,35.9375,73.4375,79.6875,81.25,64.0625,100,100,84.375,100,98.4375,100,100,59.375,100,65.625,29.6875,95.3125,100,100,100,100,100,100,96.875,100,84.375,100,50,100,100,100,64.0625,100,100,54.6875,85.9375,100,82.8125,29.6875,68.75,89.0625,100,100,100,100,100,70.3125,34.375,100,76.5625,100,100,100,100,45.3125,100,54.6875,100,100,51.5625,100,62.5,23.4375,100,100,100,100,40.625,60.9375,100,100,100,100,100,100
"6130",89.0625,100,39.0625,100,100,67.1875,95.3125,100,32.8125,98.4375,46.875,100,100,100,100,75,100,82.8125,100,100,96.875,100,100,100,76.5625,100,100,90.625,84.375,100,100,100,100,81.25,100,65.625,84.375,100,100,100,92.1875,62.5,100,100,100,100,100,100,82.8125,85.9375,75,100,100,70.3125,81.25,100,6.25,100,100,39.0625,89.0625,51.5625,98.4375,100,100,100,100,100,68.75,100,57.8125,73.4375,100,93.75,100,82.8125,100,100,50,100,78.125,81.25,34.375,73.4375,79.6875,100,100,62.5,100,100,57.8125,84.375,100,46.875,73.4375,84.375,100,64.0625,100,100,85.9375,100,100,92.1875,100,50,100,100,85.9375,100,87.5,71.875,100,100,40.625,100,100,100,100,100,71.875,100,100,76.5625,59.375,60.9375,100,18.75,100,100,100,100,100,100,100,64.0625,51.5625,79.6875,100,100,100,89.0625,48.4375,45.3125,100,100,100,100,59.375,75,56.25,34.375,82.8125,93.75,100,90.625,76.5625,100,100,100,100,100,75,100,82.8125,71.875,7.8125,87.5,39.0625,100,93.75,78.125,100,100,82.8125,100,89.0625,100,100,100,100,35.9375,100,100,95.3125,100,45.3125,100,100,87.5,100,100,87.5,100,89.0625,100,100,64.0625,100,100,35.9375,100,96.875,100,100,100,100,26.5625,84.375,100,65.625,100,100,100,89.0625,78.125,42.1875,95.3125,100,100,100,82.8125,37.5,100,100,57.8125,89.0625,100,75,100,100,79.6875,100,96.875,100,100,87.5,60.9375,100,100,100,100,100,100,100,28.125,100,87.5,100,100,100,79.6875,81.25,100,95.3125,93.75,100,67.1875,100,100,100,98.4375,31.25,98.4375,57.8125,100,100,100,76.5625,100,46.875,59.375,100,100,95.3125,35.9375,37.5,100,87.5,100,57.8125,39.0625,98.4375,100,100,100,48.4375,98.4375,100,85.9375,82.8125,100,71.875,54.6875,100,100,100,93.75,62.5,75,45.3125,100,79.6875,60.9375,100,81.25,100,39.0625,90.625,100,100,100,46.875,100,100,95.3125,100,100,98.4375,60.9375,89.0625,100,50,95.3125,76.5625,68.75,85.9375,96.875,100,76.5625,100,100,75,100,100,34.375,100,87.5,100,100,100,81.25,35.9375,45.3125,68.75,65.625,29.6875,100,95.3125,100,100,76.5625,100,100,48.4375,100,54.6875,75,26.5625,100,78.125,81.25,100,85.9375,60.9375,48.4375,29.6875,100,98.4375,100,100,100,93.75,71.875,100,100,92.1875,84.375,76.5625,100,85.9375,100,60.9375,100,100,100,93.75,100,64.0625,89.0625,100,100,100,100,100,81.25,100,56.25,65.625,39.0625,100,100,100,100,100,85.9375,59.375,79.6875,78.125,96.875,89.0625,96.875,87.5,78.125,100,100,34.375,50,100,76.5625,60.9375,100,100,100,100,35.9375,48.4375,100,96.875,100,82.8125,100,100,100,71.875,59.375,35.9375,100,100,100,100,93.75,98.4375,100,100,100,100,100,100,92.1875,92.1875,100,100,100,85.9375,67.1875,100,75,100,100,76.5625,73.4375,71.875,100,100,54.6875,100,73.4375,100,71.875,78.125,57.8125,79.6875,100,100,87.5,100,100,100,100,100,100,100,64.0625,82.8125,100,48.4375,100,67.1875,75,100,78.125,79.6875,100,64.0625,100,100,100,60.9375,79.6875,82.8125,100,100,100,89.0625,59.375,100,82.8125,100,100,62.5,70.3125,68.75,100,100,100,100,100,100,96.875,51.5625,100,100,62.5,29.6875,92.1875,100,100,43.75,95.3125,37.5,100,98.4375,92.1875,84.375,71.875,100,81.25,84.375,100,87.5,59.375,100,34.375,100,100,85.9375,100,100,70.3125,100,78.125,100,100,100,45.3125,100,100,70.3125,100,95.3125,71.875,100,31.25,60.9375,100,29.6875,79.6875,100,67.1875,67.1875,100,73.4375,96.875,43.75,60.9375,100,68.75,85.9375,100,100,100,100,29.6875,100,100,100,71.875,100,84.375,100,100,100,100,100,100,100,100,65.625,98.4375,100,100,100,79.6875,40.625,100,56.25,62.5,100,59.375,100,100,75,100,75,100,100,95.3125,100,100,100,100,100,78.125,100,100,100,100,100,100,87.5,100,100,100,100,100,100,100,100,100,100,100,54.6875,96.875,70.3125,78.125,100,100,98.4375,50,100,93.75,90.625,100,42.1875,6.25,71.875,54.6875,29.6875,100,100,100,100,100,42.1875,71.875,100,82.8125,42.1875,21.875,73.4375,57.8125,57.8125,98.4375,76.5625,100,92.1875,100,79.6875,60.9375,40.625,82.8125,95.3125,43.75,84.375,100,100,100,100,100,100,75,53.125,45.3125,68.75,100,100,73.4375,54.6875,90.625,46.875,100,43.75,100,100,100,100,100,100,60.9375,100,73.4375,89.0625,71.875,100,42.1875,65.625,100,100,100,62.5,100,100,100,71.875,100,100,100,100,100,100,64.0625,100,100,100,92.1875,100,100,100,98.4375,100,100,68.75,100,81.25,100,60.9375,70.3125,100,35.9375,89.0625,100,68.75,39.0625,59.375,90.625,100,57.8125,100,100,100,100,73.4375,100,57.8125,87.5,100,100,100,56.25,100,100,71.875,4.6875,100,100,37.5,43.75,100,9.375,84.375,100,100,87.5,100,100,87.5,100,100,93.75,93.75,100,54.6875,45.3125,100,100,67.1875,100,100,100,60.9375,51.5625,87.5,100,100,100,100,100,100,100,100,100,100,100,81.25,100,37.5,93.75,100,100,78.125,100,84.375,100,100,100,100,95.3125,62.5,100,100,81.25,64.0625,100,100,32.8125,100,70.3125,81.25,79.6875,43.75,100,100,93.75,81.25,100,100,73.4375,78.125,64.0625,100,100,100,67.1875,76.5625,76.5625,12.5,89.0625,25,100,90.625,100,98.4375,100,92.1875,92.1875,56.25,100,100,70.3125,100,100,100,100,100,64.0625,39.0625,100,68.75,100,75,100,60.9375,76.5625,100,17.1875,100,100,56.25,100,60.9375,89.0625,70.3125,75,100,98.4375,100,62.5,100,59.375,71.875,62.5,100,100,100,98.4375,48.4375,60.9375,100,100,100,100,100,82.8125,100,84.375,100,79.6875,96.875,98.4375,48.4375,100,82.8125,70.3125,87.5,100,35.9375,100,81.25,93.75,81.25,96.875,70.3125,51.5625,100,100,67.1875,96.875,96.875,100,62.5,84.375,100,100,54.6875,100,100,51.5625,93.75,100,42.1875,67.1875,90.625,100,100,70.3125,100,100,95.3125,100,40.625,100,93.75,100,18.75,100,100,100,100,100,100,64.0625,53.125,100,100,59.375,46.875,100,100,100,100,100,78.125,100,29.6875,100,40.625,95.3125,70.3125,70.3125,100,89.0625,85.9375,100,100,100,100,100,100,100,100,100,59.375,89.0625,31.25,100,93.75,71.875,93.75,60.9375,57.8125,100,100,93.75,100,84.375,100,70.3125,100,71.875,95.3125,100,100,70.3125,100,100,67.1875,26.5625,100,95.3125,84.375,100,78.125,100,100,100,100,100,100,100,81.25,100,100,100,76.5625,82.8125,70.3125,100,100,95.3125,100,98.4375,100,100,78.125,100,81.25,98.4375,100,100,100,100,100,87.5,100,87.5,100,95.3125,100,100,96.875,100,65.625,100,100,81.25,46.875,100,100,71.875,81.25,100,81.25,100,100,71.875,39.0625,62.5,100,100,76.5625,100,100,37.5,100,100,82.8125,100,90.625,53.125,82.8125,100,100,100,79.6875,17.1875,100,100,71.875,100,100,95.3125,100,100,100,85.9375,100,60.9375,100,90.625,100,100,84.375,100,87.5,100,100,100,100,100,75,100,100,93.75,53.125,100,84.375,70.3125,100,79.6875,100,76.5625,95.3125,40.625,100,100,100,42.1875,100,87.5,100,100,100,95.3125,100,100,57.8125,65.625,100,93.75,100,85.9375,100,95.3125,100,76.5625,96.875,100,100,100,100,100,100,100,42.1875,46.875,100,100,100,100,100,100,79.6875,53.125,95.3125,100,100,100,100,98.4375,100,76.5625,75,100,100,100,85.9375,96.875,100,75,73.4375,100,96.875,100,100,82.8125,34.375,100,48.4375,51.5625,37.5,100,70.3125,90.625,100,100,100,84.375,51.5625,100,98.4375,26.5625,100,100,100,32.8125,100,100,100,100,100,100,95.3125,70.3125,100,57.8125,20.3125,76.5625,100,89.0625,100,71.875,95.3125,76.5625,100,100,53.125,100,100,48.4375,100,100,100,100,100,45.3125,100,70.3125,100,100,100,100,100,31.25,62.5,100,100,96.875,89.0625,50,100,39.0625,100,100,100,100,64.0625,68.75,100,73.4375,100,100,12.5,73.4375,100,100,75,53.125,89.0625,71.875,100,100,73.4375,70.3125,89.0625,67.1875,62.5,50,100,100,67.1875,93.75,42.1875,82.8125,62.5,100,42.1875,98.4375,100,100,100,100,100,89.0625,100,75,100,100,98.4375,76.5625,100,92.1875,100,85.9375,75,100,100,57.8125,100,79.6875,100,78.125,100,89.0625,62.5,62.5,100,53.125,100,100,100,89.0625,100,100,100,100,92.1875,100,100,100,100,71.875,100,43.75,95.3125,100,65.625,53.125,81.25,89.0625,100,84.375,81.25,51.5625,76.5625,64.0625,43.75,100,100,96.875,68.75,62.5,100,81.25,81.25,95.3125,100,89.0625,98.4375,57.8125,93.75,79.6875,65.625,100,100,71.875,100,100,100,85.9375,100,85.9375,100,92.1875,100,100,92.1875,73.4375,31.25,100,50,39.0625,84.375,100,75,100,39.0625,70.3125,89.0625,100,93.75,100,100,100,100,50,96.875,51.5625,50,76.5625,43.75,95.3125,68.75,100,100,81.25,100,100,100,32.8125,85.9375,100,76.5625,68.75,100,100,67.1875,100,100,100,100,100,100,85.9375,100,100,92.1875,42.1875,87.5,100,95.3125,100,100,100,93.75,100,100,100,39.0625,68.75,85.9375,100,100,82.8125,100,71.875,100,100,70.3125,100,100,93.75,100,100,90.625,71.875,100,98.4375,79.6875,100,100,100,45.3125,100,100,95.3125,79.6875,78.125,98.4375,100,100,100,50,100,100,98.4375,100,100,40.625,50,68.75,100,67.1875,100,100,100,100,100,100,100,90.625,100,90.625,59.375,100,100,100,100,100,100,98.4375,100,100,100,78.125,100,59.375,100,93.75,100,100,100,87.5,78.125,100,78.125,82.8125,100,43.75,100,56.25,100,100,75,100,100,100,100,100,59.375,100,84.375,100,78.125,100,68.75,100,100,100,100,100,100,100,100,82.8125,93.75,100,87.5,100,100,42.1875,100,79.6875,89.0625,78.125,67.1875,100,100,62.5,71.875,100,100,100,79.6875,90.625,100,100,95.3125,81.25,57.8125,100,100,82.8125,100,17.1875,76.5625,100,100,100,100,60.9375,45.3125,90.625,100,98.4375,100,26.5625,79.6875,81.25,92.1875,100,100,100,81.25,100,68.75,100,100,85.9375,100,100,100,100,90.625,100,31.25,100,100,100,100,100,57.8125,100,100,96.875,79.6875,100,95.3125,100,100,84.375,71.875,68.75,67.1875,100,100,84.375,100,57.8125,90.625,68.75,100,90.625,100,56.25,100,100,100,21.875,57.8125,100,87.5,100,100,89.0625,90.625,57.8125,76.5625,79.6875,64.0625,100,100,87.5,100,100,79.6875,100,100,95.3125,57.8125,100,54.6875,42.1875,100,95.3125,70.3125,100,46.875,48.4375,100,100,100,95.3125,100,35.9375,23.4375,100,100,100,100,93.75,100,100,100,100,100,12.5,57.8125,100,100,100,100,98.4375,100,96.875,100,100,92.1875,100,65.625,53.125,100,100,29.6875,100,90.625,100,100,25,100,100,73.4375,100,100,100,56.25,70.3125,100,87.5,78.125,100,50,46.875,62.5,95.3125,84.375,100,95.3125,100,100,100,79.6875,81.25,100,100,100,100,85.9375,100,100,100,100,100,100,89.0625,100,10.9375,84.375,100,100,85.9375,100,100,62.5,100,50,56.25,90.625,100,56.25,100,100,100,100,100,100,75,92.1875,84.375,100,34.375,100,28.125,84.375,100,100,100,93.75,89.0625,100,73.4375,100,100,54.6875,85.9375,100,18.75,100,56.25,100,76.5625,75,100,90.625,100,68.75,71.875,100,87.5,7.8125,100,95.3125,59.375,42.1875,56.25,67.1875,46.875,75,100,21.875,82.8125,93.75,29.6875,100,76.5625,100,100,100,100,32.8125,76.5625,100,100,100,68.75,31.25,26.5625,100,79.6875,100,75,64.0625,100,57.8125,100,34.375,100,73.4375,93.75,100,85.9375,100,100,100,28.125,100,60.9375,100,100,100,100,95.3125,96.875,43.75,100,100,84.375,100,67.1875,100,92.1875,100,81.25,20.3125,84.375,100,100,89.0625,100,64.0625,35.9375,82.8125,100,92.1875,65.625,100,53.125,100,48.4375,35.9375,100,76.5625,76.5625,100,31.25,71.875,100,100,89.0625,100,93.75,59.375,100,100,100,100,57.8125,26.5625,100,70.3125,100,100,92.1875,68.75,100,56.25,31.25,100,100,10.9375,60.9375,89.0625,100,73.4375,85.9375,95.3125,100,42.1875,100,57.8125,100,100,62.5,71.875,100,100,100,85.9375,43.75,100,100,100,100,92.1875,100,100,100,100,100,71.875,100,60.9375,70.3125,100,100,50,100,21.875,100,75,81.25,100,64.0625,100,71.875,67.1875,82.8125,100,87.5,100,100,100,100,100,82.8125,45.3125,53.125,100,100,100,100,100,32.8125,100,100,100,93.75,96.875,100,90.625,93.75,29.6875,100,100,100,100,100,95.3125,100,100,100,100,76.5625,70.3125,100,100,100,92.1875,84.375,100,100,67.1875,100,100,64.0625,100,100,28.125,84.375,81.25,78.125,100,70.3125,79.6875,59.375,100,100,93.75,90.625,100,100,32.8125,100,95.3125,100,90.625,93.75,100,100,67.1875,100,79.6875,100,100,54.6875,39.0625,68.75,4.6875,37.5,100,9.375,100,100,100,100,100,100,100,100,100,81.25,100,100,100,100,100,100,75,100,96.875,93.75,100,100,81.25,100,71.875,100,100,100,100,60.9375,81.25,100,100,81.25,100,100,25,100,76.5625,100,65.625,100,100,54.6875,100,70.3125,100,78.125,89.0625,70.3125,75,100,96.875,100,100,98.4375,73.4375,82.8125,100,100,100,60.9375,62.5,100,100,90.625,100,56.25,79.6875,100,34.375,60.9375,100,85.9375,100,100,46.875,100,90.625,65.625,28.125,45.3125,98.4375,100,100,92.1875,60.9375,64.0625,26.5625,75,53.125,100,100,59.375,100,76.5625,65.625,59.375,100,84.375,100,82.8125,100,100,92.1875,100,100,79.6875,95.3125,25,45.3125,75,67.1875,39.0625,100,84.375,100,100,54.6875,100,100,60.9375,100,87.5,75,90.625,62.5,100,100,17.1875,100,84.375,65.625,100,90.625,79.6875,100,100,45.3125,62.5,85.9375,100,87.5,100,92.1875,98.4375,57.8125,64.0625,100,100,100,100,93.75,100,100,79.6875,82.8125,46.875,71.875,87.5,71.875,100,98.4375,100,100,100,68.75,96.875,100,34.375,100,31.25,100,42.1875,93.75,34.375,62.5,28.125,62.5,100,35.9375,40.625,100,81.25,100,100,73.4375,62.5,100,93.75,81.25,100,65.625,56.25,76.5625,62.5,100,100,100,100,48.4375,75,100,54.6875,100,87.5,68.75,40.625,17.1875,100,71.875,62.5,100,67.1875,48.4375,78.125,71.875,20.3125,93.75,54.6875,87.5,100,100,81.25,100,100,100,92.1875,100,100,100,100,100,92.1875,98.4375,79.6875,78.125,85.9375,100,100,81.25,79.6875,100,64.0625,100,100,100,100,100,100,65.625,42.1875,90.625,100,100,100,84.375,100,100,100,100,21.875,100,100,100,100,92.1875,100,26.5625,100,70.3125,100,100,100,90.625,100,84.375,93.75,85.9375,100,100,92.1875,100,85.9375,96.875,100,100,100,100,57.8125,60.9375,100,100,100,31.25,75,100,100,100,100,29.6875,100,100,43.75,57.8125,100,89.0625,87.5,100,100,100,100,68.75,32.8125,100,100,100,98.4375,100,89.0625,82.8125,84.375,28.125,82.8125,100,100,100,100,100,100,98.4375,100,73.4375,51.5625,93.75,70.3125,79.6875,67.1875,100,25,100,100,100,54.6875,85.9375,100,62.5,90.625,73.4375,100,90.625,100,90.625,85.9375,84.375,100,100,90.625,100,35.9375,100,100,79.6875,68.75,81.25,100,100,100,98.4375,100,100,84.375,65.625,100,59.375,76.5625,100,100,79.6875,100,100,100,100,100,98.4375,100,98.4375,100,100,34.375,67.1875,53.125,81.25,59.375,100,100,64.0625,100,70.3125,60.9375,100,100,84.375,100,100,79.6875,100,56.25,68.75,100,100,46.875,73.4375,68.75,100,100,79.6875,100,87.5,100,100,100,75,100,81.25,100,71.875,100,100,100,48.4375,100,100,65.625,84.375,100,100,100,100,70.3125,100,39.0625,100,100,100,100,100,100,73.4375,62.5,100,100,100,93.75,100,46.875,100,100,100,59.375,43.75,100,100,100,100,20.3125,100,100,100,100,100,50,100,75,100,100,100,100,95.3125,100,64.0625,100,100,100,60.9375,95.3125,87.5,70.3125,62.5,100,100,82.8125,100,87.5,100,50,100,100,42.1875,10.9375,100,62.5,100,100,100,73.4375,100,73.4375,100,100,100,100,34.375,57.8125,100,98.4375,84.375,100,100,100,31.25,93.75,64.0625,54.6875,100,100,95.3125,90.625,100,100,100,65.625,78.125,92.1875,92.1875,100,64.0625,92.1875,95.3125,100,89.0625,96.875,100,100,93.75,79.6875,100,81.25,100,100,100,96.875,100,100,85.9375,68.75,70.3125,87.5,21.875,46.875,45.3125,100,98.4375,46.875,29.6875,100,100,100,100,68.75,78.125,96.875,89.0625,100,95.3125,100,65.625,100,100,79.6875,59.375,100,59.375,79.6875,82.8125,79.6875,81.25,100,100,54.6875,100,100,100,100,70.3125,43.75,100,100,50,100,100,67.1875,100,100,100,67.1875,93.75,78.125,100,100,100,100,100,100,100,100,57.8125,100,75,100,100,100,64.0625,28.125,100,75,100,100,100,90.625,100,96.875,89.0625,100,100,100,93.75,57.8125,100,67.1875,100,85.9375,100,54.6875,87.5,100,100,76.5625,100,35.9375,64.0625,42.1875,73.4375,68.75,100,100,100,96.875,92.1875,100,100,54.6875,56.25,35.9375,100,57.8125,100,100,78.125,78.125,100,92.1875,100,79.6875,100,68.75,100,82.8125,42.1875,87.5,75,85.9375,25,98.4375,82.8125,62.5,45.3125,37.5,100,78.125,100,100,48.4375,100,76.5625,59.375,76.5625,73.4375,100,50,92.1875,75,87.5,71.875,78.125,90.625,100,62.5,100,100,90.625,100,96.875,73.4375,89.0625,100,100,21.875,100,56.25,100,100,62.5,100,40.625,100,81.25,60.9375,100,53.125,43.75,100,100,17.1875,85.9375,100,100,95.3125,100,76.5625,96.875,21.875,100,54.6875,100,87.5,100,79.6875,62.5,46.875,100,100,48.4375,68.75,100,100,65.625,100,100,39.0625,100,56.25,100,100,100,78.125,100,67.1875,90.625,100,95.3125,82.8125,50,46.875,53.125,100,100,100,67.1875,100,100,100,87.5,100,100,100,100,100,85.9375,84.375,100,100,100,100,100,90.625,100,70.3125,95.3125,100,85.9375,100,100,100,100,100,100,1.5625,100,18.75,32.8125,100,84.375,100,100,100,89.0625,100,100,37.5,84.375,100,100,96.875,100,95.3125,93.75,100,100,100,100,51.5625,100,71.875,100,100,89.0625,76.5625,98.4375,50,64.0625,100,100,54.6875,100,100,85.9375,100,100,85.9375,100,100,100,89.0625,100,59.375,26.5625,96.875,100,98.4375,75,100,100,62.5,32.8125,78.125,87.5,100,84.375,100,100,73.4375,100,76.5625,100,100,59.375,100,67.1875,20.3125,81.25,92.1875,100,46.875,59.375,100,100,96.875,98.4375,54.6875,100,50,100,100,100,100,100,100,78.125,85.9375,100,79.6875,28.125,68.75,89.0625,100,87.5,100,100,100,64.0625,34.375,100,100,100,100,100,53.125,68.75,100,54.6875,100,100,51.5625,100,53.125,100,60.9375,100,67.1875,100,17.1875,78.125,100,100,100,73.4375,100,100
"6131",89.0625,100,35.9375,100,100,56.25,95.3125,100,32.8125,95.3125,100,100,100,100,96.875,76.5625,100,75,92.1875,100,96.875,95.3125,100,100,75,100,100,93.75,89.0625,100,100,100,100,92.1875,100,43.75,82.8125,100,100,100,71.875,60.9375,100,100,100,100,100,100,68.75,84.375,75,100,100,71.875,68.75,100,17.1875,100,60.9375,40.625,95.3125,100,98.4375,100,100,100,100,100,59.375,100,51.5625,64.0625,100,98.4375,100,84.375,100,75,53.125,100,73.4375,100,82.8125,68.75,65.625,100,100,82.8125,100,100,57.8125,84.375,100,46.875,87.5,100,100,62.5,100,100,78.125,100,100,92.1875,100,46.875,87.5,100,85.9375,100,84.375,64.0625,100,100,40.625,100,100,100,100,100,82.8125,100,92.1875,89.0625,65.625,62.5,100,18.75,100,100,79.6875,100,100,100,100,57.8125,67.1875,78.125,100,100,100,89.0625,50,57.8125,100,100,100,100,60.9375,75,42.1875,31.25,79.6875,93.75,96.875,87.5,75,100,100,100,100,100,71.875,100,89.0625,71.875,68.75,89.0625,32.8125,92.1875,81.25,78.125,100,100,100,100,87.5,100,100,100,100,46.875,100,100,100,100,45.3125,100,100,85.9375,100,100,87.5,100,89.0625,100,96.875,85.9375,100,100,39.0625,100,96.875,100,100,100,100,100,75,100,65.625,87.5,100,100,82.8125,78.125,100,95.3125,100,100,100,73.4375,39.0625,100,100,57.8125,75,100,70.3125,98.4375,100,81.25,100,100,100,100,93.75,64.0625,100,100,100,12.5,100,100,100,28.125,100,89.0625,100,84.375,100,76.5625,78.125,95.3125,100,89.0625,100,100,100,100,100,96.875,31.25,95.3125,57.8125,100,100,100,59.375,100,45.3125,54.6875,100,100,98.4375,60.9375,34.375,100,79.6875,67.1875,100,50,100,100,100,100,48.4375,100,100,92.1875,79.6875,96.875,71.875,39.0625,100,100,100,92.1875,60.9375,75,46.875,100,79.6875,59.375,100,85.9375,84.375,42.1875,90.625,100,100,100,48.4375,100,100,95.3125,100,93.75,100,57.8125,25,100,50,100,73.4375,71.875,92.1875,96.875,100,100,100,100,75,100,100,34.375,100,87.5,100,100,100,79.6875,39.0625,37.5,67.1875,62.5,29.6875,100,100,15.625,100,100,100,100,43.75,100,79.6875,71.875,28.125,96.875,76.5625,81.25,100,45.3125,84.375,46.875,29.6875,100,100,100,100,60.9375,98.4375,68.75,100,100,90.625,73.4375,76.5625,100,84.375,85.9375,96.875,100,100,90.625,95.3125,100,92.1875,93.75,100,100,100,45.3125,100,79.6875,100,79.6875,100,67.1875,100,100,100,100,100,92.1875,59.375,81.25,73.4375,73.4375,81.25,96.875,79.6875,98.4375,100,98.4375,35.9375,48.4375,100,75,57.8125,100,100,100,100,31.25,43.75,100,95.3125,100,70.3125,100,89.0625,100,75,64.0625,57.8125,100,100,100,100,92.1875,100,78.125,93.75,62.5,100,100,82.8125,92.1875,90.625,100,100,100,84.375,71.875,100,65.625,100,100,76.5625,73.4375,75,100,96.875,53.125,100,85.9375,100,62.5,73.4375,59.375,82.8125,100,100,87.5,100,100,100,48.4375,100,100,100,64.0625,82.8125,100,48.4375,100,68.75,75,100,79.6875,79.6875,100,64.0625,100,100,100,57.8125,79.6875,82.8125,100,100,100,85.9375,60.9375,100,82.8125,100,100,65.625,75,68.75,100,100,100,100,100,100,100,100,100,100,59.375,29.6875,92.1875,100,100,43.75,100,37.5,100,95.3125,92.1875,84.375,71.875,100,81.25,84.375,100,92.1875,57.8125,100,35.9375,100,100,84.375,100,100,70.3125,100,100,100,100,100,42.1875,100,100,73.4375,96.875,100,71.875,100,100,100,100,32.8125,100,100,100,60.9375,100,95.3125,100,45.3125,68.75,100,65.625,85.9375,100,100,100,100,100,70.3125,100,100,65.625,100,78.125,100,71.875,100,100,100,100,81.25,100,70.3125,100,100,100,100,93.75,37.5,100,60.9375,64.0625,100,89.0625,100,100,78.125,100,76.5625,100,100,100,100,100,100,100,87.5,82.8125,65.625,95.3125,100,95.3125,100,100,85.9375,100,100,53.125,96.875,100,100,96.875,100,100,93.75,100,53.125,96.875,71.875,100,84.375,100,100,100,100,93.75,93.75,100,42.1875,4.6875,90.625,51.5625,28.125,100,100,100,100,100,100,60.9375,100,84.375,39.0625,59.375,73.4375,57.8125,56.25,98.4375,76.5625,100,90.625,100,75,62.5,39.0625,75,95.3125,43.75,76.5625,100,100,100,100,100,100,76.5625,56.25,45.3125,68.75,100,100,71.875,100,79.6875,46.875,89.0625,59.375,100,100,100,100,100,100,67.1875,100,75,78.125,73.4375,100,100,73.4375,48.4375,100,100,62.5,100,100,100,71.875,100,100,100,100,100,78.125,54.6875,100,100,100,100,100,100,100,95.3125,100,100,68.75,100,100,100,42.1875,100,100,34.375,89.0625,100,78.125,42.1875,59.375,100,100,62.5,92.1875,100,81.25,100,64.0625,100,57.8125,85.9375,100,100,85.9375,48.4375,59.375,93.75,71.875,4.6875,100,100,93.75,40.625,100,9.375,84.375,100,100,87.5,100,100,78.125,39.0625,100,89.0625,85.9375,100,45.3125,45.3125,93.75,100,73.4375,100,100,100,62.5,53.125,82.8125,98.4375,100,67.1875,100,100,100,100,100,100,100,89.0625,79.6875,100,39.0625,93.75,100,100,78.125,100,53.125,90.625,100,100,100,95.3125,62.5,100,100,82.8125,46.875,100,100,34.375,100,68.75,84.375,81.25,45.3125,100,100,100,81.25,100,100,78.125,81.25,68.75,100,100,100,67.1875,96.875,76.5625,50,46.875,32.8125,100,76.5625,100,93.75,100,89.0625,100,54.6875,100,100,100,100,100,100,100,100,75,42.1875,100,70.3125,95.3125,78.125,100,60.9375,78.125,100,23.4375,100,100,57.8125,90.625,65.625,68.75,60.9375,78.125,100,98.4375,100,60.9375,100,62.5,70.3125,56.25,100,100,100,98.4375,81.25,51.5625,100,100,100,100,100,76.5625,100,76.5625,100,79.6875,100,95.3125,53.125,82.8125,65.625,70.3125,95.3125,100,35.9375,100,78.125,100,85.9375,95.3125,71.875,42.1875,95.3125,100,71.875,79.6875,93.75,100,59.375,82.8125,87.5,100,65.625,100,100,53.125,93.75,85.9375,42.1875,100,100,100,100,71.875,100,67.1875,100,100,100,100,93.75,100,100,100,100,100,100,100,100,57.8125,100,100,100,59.375,48.4375,100,100,100,100,95.3125,100,100,29.6875,100,42.1875,96.875,70.3125,70.3125,100,89.0625,87.5,100,100,100,100,100,100,100,100,100,60.9375,89.0625,100,71.875,92.1875,59.375,93.75,60.9375,57.8125,100,100,95.3125,75,84.375,100,73.4375,100,81.25,87.5,100,54.6875,50,78.125,100,73.4375,26.5625,100,85.9375,84.375,100,76.5625,100,100,100,100,100,100,100,82.8125,92.1875,100,100,76.5625,73.4375,70.3125,100,100,100,100,100,100,100,96.875,100,82.8125,100,100,100,100,100,100,85.9375,100,87.5,92.1875,90.625,100,100,100,100,62.5,95.3125,100,79.6875,76.5625,100,96.875,70.3125,82.8125,100,81.25,100,100,70.3125,100,56.25,100,100,79.6875,100,100,35.9375,100,100,87.5,96.875,100,53.125,78.125,100,100,14.0625,79.6875,18.75,100,100,96.875,100,100,100,100,100,100,82.8125,92.1875,65.625,100,75,100,100,82.8125,100,87.5,100,100,100,100,100,75,100,100,93.75,53.125,100,82.8125,57.8125,37.5,82.8125,100,62.5,100,54.6875,100,100,100,46.875,100,85.9375,100,100,100,40.625,100,100,59.375,65.625,100,93.75,100,82.8125,100,82.8125,68.75,73.4375,93.75,100,100,100,100,100,100,100,40.625,64.0625,100,100,100,100,100,100,68.75,100,96.875,100,100,100,100,95.3125,100,84.375,75,100,100,100,87.5,100,100,85.9375,78.125,100,98.4375,100,100,92.1875,25,100,45.3125,51.5625,25,100,68.75,93.75,100,100,100,85.9375,48.4375,56.25,93.75,28.125,100,100,14.0625,23.4375,100,100,100,100,100,100,100,71.875,75,57.8125,100,76.5625,100,84.375,100,70.3125,95.3125,71.875,100,100,54.6875,100,100,53.125,100,87.5,100,100,100,45.3125,92.1875,70.3125,56.25,100,100,100,100,32.8125,64.0625,100,100,98.4375,89.0625,39.0625,100,42.1875,100,100,100,100,60.9375,68.75,100,73.4375,100,100,34.375,93.75,100,100,76.5625,50,89.0625,71.875,100,100,81.25,75,84.375,67.1875,100,51.5625,100,100,67.1875,43.75,100,82.8125,62.5,100,82.8125,92.1875,100,100,100,100,100,100,68.75,75,100,100,100,89.0625,100,95.3125,100,87.5,90.625,100,100,57.8125,100,54.6875,100,68.75,100,87.5,59.375,62.5,100,54.6875,100,87.5,100,89.0625,100,100,100,100,89.0625,76.5625,100,100,100,65.625,100,43.75,100,100,64.0625,51.5625,79.6875,64.0625,100,100,78.125,51.5625,78.125,73.4375,45.3125,100,100,75,62.5,64.0625,79.6875,81.25,90.625,96.875,92.1875,90.625,98.4375,54.6875,71.875,90.625,90.625,100,100,76.5625,75,100,100,82.8125,92.1875,100,96.875,92.1875,100,100,100,73.4375,31.25,100,100,100,100,100,100,100,48.4375,67.1875,90.625,100,67.1875,100,100,100,95.3125,39.0625,100,59.375,48.4375,81.25,54.6875,92.1875,100,100,100,100,100,100,85.9375,32.8125,87.5,29.6875,76.5625,70.3125,100,100,64.0625,75,100,56.25,100,100,100,81.25,100,89.0625,92.1875,46.875,87.5,100,93.75,100,100,100,96.875,100,100,100,10.9375,67.1875,93.75,100,100,82.8125,85.9375,73.4375,100,100,68.75,100,100,92.1875,100,76.5625,92.1875,67.1875,100,100,100,100,100,85.9375,35.9375,100,96.875,92.1875,79.6875,78.125,100,100,100,100,100,100,100,100,100,100,48.4375,48.4375,68.75,100,62.5,100,100,100,100,100,100,92.1875,95.3125,100,90.625,14.0625,100,100,100,100,100,100,98.4375,100,100,100,17.1875,100,53.125,100,85.9375,100,100,100,95.3125,100,95.3125,92.1875,87.5,100,42.1875,100,100,100,100,70.3125,100,100,100,100,100,60.9375,100,85.9375,100,73.4375,100,64.0625,100,100,100,100,100,100,100,100,79.6875,85.9375,100,100,100,100,73.4375,100,70.3125,68.75,67.1875,59.375,100,18.75,81.25,68.75,100,90.625,100,100,90.625,100,87.5,93.75,84.375,100,100,67.1875,78.125,46.875,21.875,81.25,100,100,95.3125,100,51.5625,43.75,84.375,100,92.1875,100,25,78.125,100,100,100,100,100,82.8125,100,75,100,100,84.375,100,100,100,100,100,100,100,100,100,100,67.1875,100,59.375,100,100,96.875,81.25,100,87.5,100,100,84.375,71.875,62.5,60.9375,100,100,84.375,100,100,92.1875,100,100,92.1875,100,64.0625,100,100,100,76.5625,60.9375,100,93.75,100,100,89.0625,100,100,78.125,79.6875,62.5,100,100,85.9375,100,100,45.3125,100,76.5625,28.125,53.125,100,54.6875,54.6875,100,95.3125,78.125,100,54.6875,87.5,100,100,100,93.75,100,34.375,20.3125,100,100,100,100,100,100,100,100,100,100,12.5,51.5625,84.375,100,100,75,89.0625,100,100,100,100,100,100,70.3125,100,100,100,25,62.5,93.75,89.0625,100,100,100,100,73.4375,100,100,100,100,71.875,85.9375,92.1875,92.1875,100,51.5625,45.3125,62.5,95.3125,79.6875,100,100,100,92.1875,100,81.25,92.1875,100,100,95.3125,100,92.1875,98.4375,100,100,100,100,100,87.5,100,18.75,84.375,100,100,100,100,100,70.3125,100,45.3125,59.375,100,100,53.125,85.9375,25,100,100,93.75,98.4375,73.4375,100,84.375,100,34.375,100,76.5625,89.0625,100,100,46.875,100,89.0625,100,18.75,100,100,50,68.75,100,26.5625,100,57.8125,100,81.25,75,100,92.1875,100,65.625,70.3125,100,75,17.1875,100,95.3125,59.375,100,79.6875,67.1875,45.3125,75,100,48.4375,84.375,93.75,48.4375,100,71.875,100,100,100,100,37.5,70.3125,100,100,100,73.4375,32.8125,100,100,82.8125,100,78.125,64.0625,100,54.6875,100,100,100,75,92.1875,100,85.9375,100,100,100,81.25,100,100,100,100,100,100,84.375,98.4375,50,100,100,50,100,64.0625,100,100,54.6875,81.25,100,82.8125,100,100,43.75,100,85.9375,34.375,79.6875,100,87.5,59.375,100,62.5,100,25,35.9375,100,54.6875,76.5625,100,31.25,100,100,100,90.625,100,87.5,64.0625,100,100,100,100,62.5,26.5625,100,70.3125,100,100,93.75,73.4375,100,56.25,29.6875,14.0625,100,65.625,60.9375,89.0625,100,75,85.9375,92.1875,100,43.75,100,34.375,100,100,59.375,67.1875,25,100,100,84.375,48.4375,100,100,100,100,93.75,100,100,73.4375,100,100,56.25,100,59.375,65.625,100,100,51.5625,100,23.4375,100,98.4375,85.9375,100,68.75,100,84.375,67.1875,82.8125,100,84.375,100,100,100,100,100,79.6875,45.3125,56.25,100,100,100,100,100,18.75,96.875,100,100,79.6875,89.0625,100,92.1875,87.5,75,100,100,100,100,100,100,81.25,100,100,100,76.5625,75,100,100,81.25,89.0625,67.1875,100,100,67.1875,100,87.5,76.5625,100,100,23.4375,79.6875,81.25,100,100,70.3125,81.25,59.375,100,100,100,100,100,100,34.375,100,95.3125,100,100,92.1875,96.875,98.4375,67.1875,100,79.6875,100,93.75,51.5625,100,100,4.6875,35.9375,100,56.25,100,100,100,57.8125,85.9375,100,100,100,100,75,100,100,100,100,100,100,71.875,100,100,92.1875,100,100,75,100,81.25,100,96.875,100,100,54.6875,79.6875,100,100,81.25,100,100,100,100,79.6875,100,60.9375,100,100,54.6875,100,70.3125,89.0625,82.8125,90.625,70.3125,75,100,100,100,100,100,82.8125,84.375,100,96.875,100,51.5625,62.5,79.6875,100,92.1875,100,64.0625,78.125,100,89.0625,65.625,100,96.875,100,100,45.3125,100,92.1875,98.4375,34.375,45.3125,95.3125,37.5,100,100,59.375,100,25,70.3125,51.5625,100,100,59.375,100,35.9375,67.1875,6.25,100,85.9375,67.1875,82.8125,100,100,92.1875,100,100,79.6875,95.3125,25,39.0625,93.75,68.75,39.0625,100,85.9375,100,100,53.125,100,84.375,57.8125,100,89.0625,75,92.1875,65.625,100,100,18.75,100,100,68.75,100,87.5,78.125,95.3125,100,46.875,62.5,84.375,100,87.5,100,76.5625,96.875,57.8125,65.625,100,100,100,100,93.75,100,100,79.6875,85.9375,64.0625,76.5625,100,64.0625,98.4375,79.6875,82.8125,96.875,98.4375,100,95.3125,100,34.375,100,90.625,100,84.375,87.5,40.625,43.75,28.125,65.625,100,57.8125,40.625,100,81.25,100,100,75,79.6875,100,87.5,68.75,100,65.625,23.4375,71.875,100,96.875,100,100,100,57.8125,75,100,100,100,82.8125,73.4375,53.125,9.375,100,71.875,64.0625,100,78.125,45.3125,78.125,100,20.3125,95.3125,54.6875,85.9375,100,100,76.5625,23.4375,100,93.75,84.375,100,100,100,100,100,95.3125,98.4375,73.4375,100,95.3125,100,100,81.25,76.5625,100,64.0625,100,100,100,100,100,100,64.0625,42.1875,90.625,100,100,100,100,100,100,100,100,57.8125,100,32.8125,75,100,89.0625,100,28.125,100,48.4375,100,100,100,87.5,100,85.9375,96.875,92.1875,100,100,92.1875,100,85.9375,95.3125,100,100,100,64.0625,59.375,67.1875,100,100,100,31.25,78.125,100,100,90.625,100,100,100,100,40.625,59.375,100,84.375,81.25,100,100,100,78.125,70.3125,89.0625,100,100,84.375,100,100,100,79.6875,87.5,28.125,93.75,100,100,100,71.875,100,100,100,100,98.4375,100,93.75,68.75,64.0625,60.9375,100,37.5,100,100,40.625,56.25,100,100,56.25,31.25,82.8125,100,100,100,100,85.9375,100,82.8125,100,81.25,100,34.375,100,100,81.25,54.6875,82.8125,100,76.5625,100,98.4375,100,100,84.375,62.5,100,59.375,78.125,100,100,78.125,100,100,100,100,100,100,100,73.4375,100,78.125,25,68.75,54.6875,73.4375,60.9375,100,100,64.0625,100,100,62.5,100,100,90.625,100,100,79.6875,100,56.25,68.75,100,100,50,71.875,42.1875,100,100,79.6875,100,79.6875,95.3125,96.875,100,75,100,82.8125,100,57.8125,100,100,100,50,95.3125,100,65.625,84.375,100,100,79.6875,96.875,73.4375,100,100,100,95.3125,100,100,100,100,71.875,37.5,100,100,100,78.125,100,46.875,100,100,57.8125,59.375,100,100,100,100,89.0625,67.1875,100,100,20.3125,100,100,60.9375,100,75,100,100,100,100,95.3125,100,53.125,100,100,100,51.5625,82.8125,90.625,100,60.9375,100,100,87.5,100,85.9375,82.8125,53.125,100,100,43.75,10.9375,100,48.4375,100,100,100,75,100,75,100,100,100,100,32.8125,68.75,100,96.875,81.25,95.3125,100,100,18.75,95.3125,64.0625,51.5625,100,100,85.9375,79.6875,92.1875,100,100,100,73.4375,100,40.625,100,54.6875,92.1875,90.625,98.4375,93.75,98.4375,100,100,100,81.25,84.375,81.25,64.0625,100,100,96.875,53.125,100,95.3125,29.6875,98.4375,89.0625,17.1875,42.1875,100,100,100,31.25,100,100,100,100,100,79.6875,78.125,96.875,89.0625,100,100,100,62.5,100,100,79.6875,53.125,100,57.8125,100,78.125,79.6875,81.25,100,73.4375,54.6875,100,100,100,100,73.4375,43.75,100,100,50,100,100,67.1875,100,100,100,65.625,90.625,78.125,100,100,100,100,100,100,100,100,56.25,100,73.4375,100,100,100,81.25,100,100,73.4375,100,100,87.5,90.625,100,96.875,90.625,100,100,100,100,62.5,51.5625,65.625,100,90.625,100,50,85.9375,100,100,68.75,100,35.9375,40.625,37.5,65.625,67.1875,100,100,100,100,98.4375,79.6875,100,53.125,56.25,37.5,100,100,100,100,95.3125,76.5625,100,87.5,100,65.625,95.3125,70.3125,100,85.9375,56.25,100,78.125,98.4375,23.4375,96.875,84.375,100,48.4375,31.25,100,100,100,100,50,100,100,59.375,75,73.4375,100,70.3125,95.3125,78.125,82.8125,34.375,100,100,100,81.25,100,100,85.9375,100,98.4375,75,87.5,100,100,21.875,100,57.8125,100,100,68.75,100,40.625,100,82.8125,40.625,100,48.4375,28.125,90.625,100,18.75,85.9375,100,100,84.375,100,71.875,100,35.9375,100,51.5625,100,87.5,100,81.25,67.1875,45.3125,100,100,50,68.75,100,100,68.75,100,100,23.4375,100,46.875,100,100,100,81.25,100,87.5,95.3125,100,95.3125,76.5625,51.5625,45.3125,53.125,100,100,100,100,100,100,100,100,100,100,100,100,100,100,84.375,100,92.1875,100,100,100,100,100,70.3125,78.125,100,85.9375,100,100,100,100,100,100,1.5625,100,100,43.75,100,89.0625,100,100,100,95.3125,100,100,67.1875,82.8125,100,100,98.4375,100,100,82.8125,100,90.625,100,100,37.5,100,71.875,100,100,96.875,78.125,100,43.75,65.625,100,100,73.4375,100,100,84.375,100,100,92.1875,100,100,100,89.0625,100,81.25,28.125,96.875,100,100,51.5625,100,100,62.5,100,70.3125,71.875,78.125,73.4375,100,100,73.4375,100,75,100,100,59.375,100,67.1875,10.9375,96.875,82.8125,100,51.5625,56.25,100,100,96.875,100,32.8125,100,48.4375,100,100,46.875,100,100,100,60.9375,79.6875,100,82.8125,29.6875,64.0625,87.5,100,100,100,100,100,75,32.8125,100,76.5625,100,100,100,46.875,76.5625,100,54.6875,100,100,51.5625,100,85.9375,87.5,46.875,100,64.0625,100,100,79.6875,100,100,100,81.25,100,100
"6132",87.5,100,43.75,100,100,56.25,95.3125,100,29.6875,93.75,100,100,100,100,100,76.5625,100,75,20.3125,100,96.875,100,100,100,75,100,100,93.75,84.375,100,100,100,100,84.375,100,76.5625,65.625,100,100,100,100,60.9375,84.375,100,100,100,100,100,67.1875,89.0625,75,100,100,70.3125,56.25,100,6.25,100,100,40.625,89.0625,67.1875,98.4375,100,100,100,45.3125,100,79.6875,100,53.125,76.5625,100,100,59.375,84.375,100,96.875,50,100,78.125,100,100,73.4375,100,100,100,81.25,100,100,57.8125,84.375,100,45.3125,84.375,26.5625,100,64.0625,100,100,81.25,96.875,100,89.0625,100,35.9375,100,90.625,85.9375,100,79.6875,70.3125,100,100,40.625,100,100,100,100,100,85.9375,100,100,95.3125,62.5,53.125,100,18.75,100,100,100,100,92.1875,100,100,64.0625,57.8125,78.125,100,100,100,79.6875,59.375,64.0625,100,100,95.3125,100,60.9375,81.25,46.875,34.375,78.125,92.1875,100,89.0625,75,100,100,100,100,100,73.4375,100,89.0625,67.1875,37.5,87.5,29.6875,54.6875,90.625,76.5625,100,100,100,93.75,85.9375,100,100,100,100,31.25,100,100,100,100,46.875,43.75,100,87.5,100,100,87.5,100,89.0625,100,92.1875,84.375,100,100,54.6875,100,96.875,100,100,100,100,100,73.4375,100,65.625,51.5625,100,100,82.8125,78.125,45.3125,95.3125,100,100,100,76.5625,81.25,100,100,57.8125,100,95.3125,65.625,100,100,81.25,54.6875,100,100,100,93.75,60.9375,100,100,100,100,100,23.4375,100,31.25,100,20.3125,100,100,100,79.6875,54.6875,100,100,89.0625,100,100,100,32.8125,78.125,98.4375,31.25,96.875,59.375,100,100,100,60.9375,100,73.4375,67.1875,100,100,92.1875,76.5625,35.9375,100,73.4375,79.6875,100,45.3125,100,100,100,100,48.4375,100,100,100,82.8125,100,79.6875,56.25,100,100,100,84.375,60.9375,75,46.875,100,92.1875,65.625,100,89.0625,100,60.9375,92.1875,100,100,100,45.3125,100,100,95.3125,100,100,100,59.375,89.0625,73.4375,50,75,81.25,62.5,93.75,95.3125,100,100,100,100,71.875,100,98.4375,37.5,100,90.625,100,100,100,79.6875,34.375,37.5,67.1875,62.5,31.25,100,100,71.875,100,68.75,100,100,46.875,100,57.8125,100,26.5625,70.3125,79.6875,93.75,100,100,75,35.9375,28.125,100,100,100,100,100,96.875,79.6875,67.1875,100,98.4375,78.125,81.25,100,79.6875,78.125,85.9375,100,100,73.4375,93.75,100,54.6875,89.0625,100,100,100,54.6875,100,78.125,100,70.3125,87.5,42.1875,100,100,100,100,100,85.9375,59.375,79.6875,73.4375,76.5625,90.625,100,100,89.0625,100,100,39.0625,57.8125,100,75,64.0625,100,100,100,100,46.875,42.1875,100,92.1875,100,70.3125,100,79.6875,100,95.3125,65.625,48.4375,100,100,100,100,92.1875,100,78.125,93.75,100,100,100,93.75,92.1875,95.3125,100,100,100,85.9375,60.9375,100,68.75,100,100,76.5625,73.4375,73.4375,100,100,53.125,100,100,100,100,62.5,59.375,84.375,100,100,67.1875,42.1875,100,100,25,71.875,100,76.5625,64.0625,82.8125,100,56.25,100,67.1875,75,100,79.6875,79.6875,100,64.0625,100,100,100,59.375,67.1875,70.3125,100,100,100,84.375,57.8125,100,84.375,100,100,65.625,70.3125,68.75,100,100,100,100,100,100,100,100,100,100,60.9375,32.8125,92.1875,100,100,46.875,100,39.0625,81.25,93.75,92.1875,84.375,71.875,100,79.6875,70.3125,100,89.0625,53.125,100,35.9375,43.75,100,84.375,100,100,70.3125,100,100,100,100,92.1875,40.625,100,100,71.875,100,100,71.875,100,100,100,100,29.6875,100,100,100,78.125,100,78.125,95.3125,45.3125,71.875,100,93.75,84.375,100,100,100,100,100,96.875,96.875,85.9375,65.625,100,62.5,100,70.3125,100,100,48.4375,82.8125,87.5,100,68.75,96.875,100,100,100,90.625,43.75,100,93.75,42.1875,100,64.0625,100,100,75,100,79.6875,100,100,100,100,100,100,100,100,70.3125,100,100,100,100,100,93.75,100,100,100,100,100,100,100,82.8125,31.25,100,90.625,100,53.125,96.875,73.4375,100,100,100,95.3125,87.5,100,92.1875,90.625,100,42.1875,6.25,90.625,51.5625,28.125,100,100,100,100,100,100,62.5,100,85.9375,35.9375,59.375,78.125,53.125,59.375,96.875,78.125,100,92.1875,35.9375,78.125,70.3125,40.625,100,95.3125,43.75,76.5625,100,100,100,100,100,100,76.5625,53.125,43.75,68.75,100,100,79.6875,100,76.5625,46.875,100,100,100,100,100,100,100,100,65.625,100,73.4375,87.5,73.4375,100,100,71.875,60.9375,100,100,59.375,100,100,100,92.1875,100,100,100,100,100,84.375,62.5,100,100,100,87.5,100,100,100,100,100,100,68.75,100,100,100,50,100,100,34.375,87.5,100,76.5625,59.375,65.625,100,100,65.625,81.25,100,100,39.0625,73.4375,40.625,56.25,78.125,100,100,92.1875,48.4375,45.3125,75,75,4.6875,100,100,100,40.625,100,9.375,84.375,100,92.1875,81.25,100,100,78.125,100,100,89.0625,62.5,79.6875,46.875,45.3125,100,100,68.75,100,100,100,60.9375,56.25,93.75,100,100,42.1875,82.8125,100,100,15.625,100,96.875,100,84.375,100,84.375,40.625,93.75,100,100,75,100,71.875,100,100,100,100,95.3125,62.5,100,100,67.1875,100,100,100,42.1875,100,68.75,92.1875,79.6875,42.1875,100,62.5,100,79.6875,100,100,78.125,84.375,64.0625,100,100,100,67.1875,100,76.5625,48.4375,100,100,100,79.6875,100,100,100,89.0625,100,54.6875,100,100,100,100,100,100,100,100,65.625,39.0625,100,68.75,100,81.25,100,60.9375,78.125,100,42.1875,100,100,59.375,100,67.1875,67.1875,85.9375,95.3125,100,100,100,59.375,100,75,73.4375,100,100,100,100,98.4375,100,51.5625,100,100,100,100,96.875,75,100,76.5625,100,79.6875,93.75,82.8125,51.5625,100,87.5,70.3125,89.0625,100,35.9375,100,78.125,42.1875,100,96.875,70.3125,39.0625,46.875,100,70.3125,84.375,100,100,75,81.25,82.8125,100,46.875,100,100,45.3125,98.4375,79.6875,43.75,68.75,84.375,100,100,70.3125,100,100,100,100,100,100,92.1875,100,100,100,45.3125,100,100,100,100,70.3125,40.625,100,100,60.9375,37.5,100,100,100,100,87.5,87.5,100,29.6875,100,42.1875,100,67.1875,70.3125,100,85.9375,85.9375,100,100,100,100,100,100,100,100,100,59.375,87.5,18.75,100,92.1875,76.5625,93.75,76.5625,68.75,100,78.125,98.4375,57.8125,84.375,43.75,81.25,100,81.25,93.75,100,100,70.3125,100,100,79.6875,31.25,100,81.25,85.9375,100,75,100,90.625,100,100,100,100,100,81.25,35.9375,100,100,76.5625,68.75,65.625,100,100,100,100,100,100,100,79.6875,100,78.125,70.3125,100,100,100,100,100,100,100,87.5,100,93.75,100,100,100,100,65.625,96.875,100,78.125,23.4375,100,84.375,78.125,82.8125,100,81.25,100,100,46.875,100,64.0625,100,93.75,85.9375,100,100,39.0625,93.75,56.25,95.3125,92.1875,81.25,57.8125,82.8125,100,100,25,68.75,17.1875,100,100,59.375,98.4375,100,100,100,100,98.4375,82.8125,100,62.5,100,90.625,100,100,90.625,100,87.5,100,100,100,100,100,75,100,100,93.75,75,100,84.375,70.3125,100,79.6875,100,64.0625,79.6875,100,100,100,100,42.1875,100,81.25,100,100,100,40.625,100,100,57.8125,65.625,100,93.75,100,84.375,100,100,70.3125,76.5625,100,100,100,100,100,100,100,100,40.625,100,100,100,100,100,81.25,100,56.25,79.6875,92.1875,100,100,65.625,100,96.875,100,79.6875,75,100,100,100,85.9375,98.4375,100,87.5,75,100,100,100,100,87.5,23.4375,100,51.5625,51.5625,60.9375,100,68.75,96.875,100,100,100,79.6875,53.125,100,87.5,31.25,100,100,62.5,53.125,100,100,90.625,100,100,100,62.5,71.875,75,59.375,100,73.4375,100,100,100,71.875,95.3125,73.4375,100,89.0625,54.6875,100,100,53.125,100,90.625,100,100,100,43.75,100,70.3125,68.75,100,100,100,100,34.375,73.4375,100,84.375,100,89.0625,39.0625,100,48.4375,100,100,100,100,65.625,68.75,100,73.4375,100,95.3125,90.625,84.375,100,100,73.4375,54.6875,89.0625,73.4375,100,100,78.125,78.125,89.0625,67.1875,62.5,50,100,100,65.625,100,100,82.8125,62.5,100,46.875,92.1875,100,100,100,100,100,100,100,75,100,100,48.4375,67.1875,100,89.0625,100,85.9375,76.5625,100,100,100,100,100,100,87.5,100,100,62.5,62.5,100,79.6875,100,100,100,89.0625,100,100,100,100,90.625,78.125,100,100,100,82.8125,100,43.75,87.5,100,65.625,53.125,84.375,89.0625,100,81.25,64.0625,53.125,75,62.5,45.3125,100,100,76.5625,62.5,65.625,90.625,81.25,92.1875,95.3125,100,89.0625,100,53.125,87.5,57.8125,65.625,100,100,78.125,85.9375,100,100,85.9375,90.625,100,100,89.0625,100,100,100,73.4375,31.25,75,100,93.75,100,100,82.8125,100,100,70.3125,82.8125,100,76.5625,100,100,100,100,100,92.1875,48.4375,42.1875,78.125,54.6875,93.75,68.75,100,100,100,100,100,100,32.8125,84.375,100,75,70.3125,96.875,100,64.0625,100,100,48.4375,100,100,100,84.375,100,100,92.1875,100,87.5,100,96.875,100,100,100,92.1875,100,100,100,79.6875,67.1875,75,100,100,82.8125,90.625,76.5625,100,100,68.75,71.875,100,100,100,76.5625,93.75,64.0625,100,100,100,100,100,93.75,35.9375,100,100,92.1875,79.6875,78.125,100,100,100,100,70.3125,100,100,81.25,100,100,53.125,48.4375,76.5625,100,62.5,100,71.875,95.3125,100,100,100,95.3125,92.1875,100,89.0625,100,81.25,100,100,100,100,100,100,100,100,100,78.125,100,51.5625,100,92.1875,100,100,100,84.375,73.4375,92.1875,87.5,64.0625,93.75,45.3125,100,100,100,100,70.3125,100,100,100,100,100,60.9375,100,82.8125,100,78.125,100,59.375,100,100,100,100,82.8125,100,100,100,71.875,98.4375,100,87.5,98.4375,100,54.6875,100,71.875,64.0625,45.3125,53.125,57.8125,31.25,62.5,62.5,100,100,100,84.375,89.0625,100,89.0625,82.8125,82.8125,62.5,100,100,73.4375,100,100,78.125,100,100,96.875,100,51.5625,48.4375,90.625,100,100,100,25,81.25,100,85.9375,100,100,95.3125,98.4375,100,65.625,100,100,84.375,100,100,100,100,56.25,100,32.8125,100,100,100,100,100,25,100,56.25,100,79.6875,85.9375,100,100,100,84.375,70.3125,51.5625,73.4375,100,100,73.4375,100,100,93.75,71.875,100,90.625,100,29.6875,100,100,100,75,18.75,100,90.625,100,100,85.9375,100,100,81.25,75,65.625,100,100,100,100,100,84.375,100,96.875,21.875,59.375,100,53.125,54.6875,100,95.3125,65.625,100,62.5,87.5,100,100,100,95.3125,100,37.5,18.75,100,100,100,100,100,100,100,100,100,100,15.625,59.375,96.875,100,100,78.125,90.625,100,98.4375,100,100,84.375,100,64.0625,100,100,100,20.3125,85.9375,100,40.625,100,100,100,100,59.375,100,100,100,84.375,75,100,93.75,79.6875,100,50,56.25,62.5,96.875,82.8125,100,100,100,100,100,82.8125,48.4375,100,100,100,100,92.1875,100,100,100,100,100,100,67.1875,100,14.0625,84.375,100,100,79.6875,100,100,89.0625,100,46.875,56.25,100,100,54.6875,87.5,100,100,100,100,98.4375,73.4375,100,84.375,100,34.375,100,73.4375,85.9375,100,100,100,100,79.6875,100,75,100,100,56.25,71.875,100,18.75,100,51.5625,100,100,75,100,100,100,68.75,67.1875,100,100,100,100,92.1875,59.375,40.625,82.8125,65.625,53.125,79.6875,100,59.375,84.375,93.75,46.875,100,70.3125,100,100,100,100,34.375,76.5625,100,100,100,100,31.25,100,100,100,100,76.5625,64.0625,100,56.25,100,31.25,100,73.4375,67.1875,100,85.9375,100,90.625,76.5625,75,100,39.0625,100,100,100,100,84.375,96.875,50,100,100,60.9375,100,90.625,100,90.625,100,82.8125,100,84.375,75,100,71.875,100,95.3125,31.25,82.8125,100,90.625,65.625,100,59.375,100,42.1875,35.9375,100,73.4375,75,100,31.25,93.75,100,100,90.625,82.8125,96.875,60.9375,100,100,100,100,89.0625,28.125,100,70.3125,100,100,90.625,70.3125,100,60.9375,32.8125,100,100,100,62.5,89.0625,100,75,85.9375,92.1875,100,40.625,100,46.875,100,100,73.4375,60.9375,65.625,100,100,85.9375,50,81.25,100,84.375,100,95.3125,100,100,71.875,100,100,70.3125,100,57.8125,68.75,100,100,50,95.3125,21.875,100,100,82.8125,100,57.8125,56.25,82.8125,59.375,82.8125,100,87.5,100,100,100,100,100,82.8125,42.1875,54.6875,100,82.8125,100,100,100,20.3125,98.4375,100,100,87.5,93.75,100,89.0625,87.5,40.625,100,100,100,100,100,100,100,100,100,100,76.5625,71.875,100,92.1875,96.875,87.5,46.875,68.75,100,67.1875,100,100,64.0625,100,100,20.3125,82.8125,79.6875,90.625,100,78.125,79.6875,59.375,96.875,100,100,100,100,100,37.5,100,95.3125,100,100,93.75,93.75,98.4375,67.1875,100,76.5625,100,96.875,53.125,59.375,53.125,18.75,32.8125,100,9.375,100,100,100,100,90.625,100,95.3125,100,95.3125,78.125,100,100,100,100,100,100,75,100,100,92.1875,100,100,85.9375,100,67.1875,100,93.75,100,78.125,65.625,81.25,100,100,81.25,100,100,18.75,100,82.8125,100,45.3125,100,100,57.8125,100,70.3125,81.25,73.4375,93.75,70.3125,76.5625,100,100,100,100,100,100,85.9375,100,100,100,59.375,62.5,95.3125,100,90.625,100,75,95.3125,100,85.9375,59.375,100,100,100,100,46.875,100,100,92.1875,29.6875,45.3125,87.5,100,100,100,59.375,100,26.5625,85.9375,56.25,100,100,59.375,100,100,65.625,9.375,100,84.375,78.125,98.4375,96.875,100,92.1875,100,100,75,95.3125,25,43.75,65.625,68.75,39.0625,100,81.25,100,100,54.6875,100,84.375,56.25,100,85.9375,75,85.9375,67.1875,100,100,17.1875,100,100,75,100,90.625,78.125,51.5625,100,100,62.5,82.8125,100,82.8125,100,73.4375,92.1875,59.375,62.5,100,100,100,100,95.3125,32.8125,100,81.25,26.5625,64.0625,96.875,100,62.5,100,82.8125,78.125,100,100,100,78.125,100,35.9375,100,100,100,100,95.3125,92.1875,85.9375,29.6875,70.3125,100,57.8125,40.625,75,81.25,100,100,73.4375,64.0625,100,75,90.625,100,65.625,35.9375,76.5625,46.875,100,100,100,100,79.6875,92.1875,53.125,100,100,84.375,73.4375,54.6875,9.375,100,73.4375,57.8125,100,76.5625,46.875,75,100,20.3125,95.3125,54.6875,85.9375,100,100,85.9375,53.125,100,93.75,90.625,100,100,100,100,100,90.625,98.4375,71.875,100,85.9375,100,100,81.25,68.75,100,62.5,100,100,100,100,100,100,57.8125,40.625,92.1875,100,100,100,100,100,100,100,100,59.375,100,87.5,84.375,100,90.625,100,26.5625,100,50,100,100,100,100,100,85.9375,100,84.375,100,100,92.1875,89.0625,87.5,95.3125,82.8125,100,100,64.0625,56.25,45.3125,100,78.125,100,31.25,85.9375,100,100,100,100,100,100,100,64.0625,62.5,100,82.8125,26.5625,100,92.1875,98.4375,98.4375,70.3125,87.5,100,100,78.125,100,100,100,76.5625,87.5,26.5625,84.375,100,100,100,79.6875,100,100,96.875,100,67.1875,96.875,92.1875,93.75,48.4375,65.625,100,26.5625,100,100,57.8125,56.25,100,100,100,100,75,87.5,81.25,100,93.75,82.8125,100,89.0625,100,82.8125,100,37.5,100,100,73.4375,68.75,73.4375,100,100,100,98.4375,100,100,84.375,62.5,100,59.375,70.3125,100,100,78.125,100,100,100,100,98.4375,100,100,98.4375,100,67.1875,100,68.75,54.6875,81.25,59.375,100,100,65.625,100,100,60.9375,100,100,89.0625,100,100,81.25,100,56.25,70.3125,100,100,51.5625,76.5625,42.1875,100,85.9375,100,100,81.25,93.75,100,100,73.4375,81.25,87.5,100,57.8125,100,20.3125,100,50,96.875,100,71.875,75,57.8125,100,100,100,79.6875,100,82.8125,100,96.875,100,100,100,100,73.4375,39.0625,100,100,100,76.5625,100,51.5625,100,100,60.9375,59.375,89.0625,48.4375,100,100,100,70.3125,100,100,51.5625,100,100,45.3125,100,75,100,100,100,100,82.8125,100,57.8125,59.375,100,100,50,100,90.625,92.1875,60.9375,100,100,100,100,93.75,82.8125,45.3125,100,100,35.9375,10.9375,100,50,100,100,100,73.4375,100,68.75,100,100,100,100,35.9375,78.125,100,98.4375,79.6875,95.3125,100,100,12.5,98.4375,64.0625,78.125,100,100,85.9375,82.8125,100,100,100,100,76.5625,100,100,40.625,60.9375,75,85.9375,100,85.9375,100,100,100,100,81.25,93.75,81.25,100,100,100,96.875,100,100,85.9375,70.3125,82.8125,89.0625,59.375,51.5625,100,100,100,45.3125,35.9375,67.1875,100,100,100,82.8125,76.5625,42.1875,89.0625,100,18.75,100,68.75,100,100,100,46.875,100,65.625,100,68.75,79.6875,81.25,100,87.5,54.6875,100,100,100,100,73.4375,43.75,100,100,56.25,100,100,67.1875,100,100,100,60.9375,92.1875,76.5625,100,100,96.875,100,100,100,100,100,57.8125,100,73.4375,100,100,100,78.125,100,35.9375,81.25,100,100,100,85.9375,100,93.75,85.9375,100,100,100,100,100,65.625,48.4375,100,100,100,76.5625,90.625,100,100,76.5625,100,32.8125,75,40.625,100,60.9375,100,100,100,100,100,92.1875,100,50,54.6875,37.5,100,100,100,100,78.125,76.5625,100,85.9375,100,75,90.625,70.3125,100,87.5,100,89.0625,71.875,98.4375,23.4375,95.3125,85.9375,100,43.75,35.9375,100,92.1875,100,100,48.4375,100,100,59.375,73.4375,76.5625,100,65.625,95.3125,76.5625,87.5,43.75,100,87.5,100,62.5,100,100,82.8125,100,100,70.3125,87.5,100,100,21.875,100,56.25,100,100,64.0625,100,40.625,100,78.125,78.125,100,50,60.9375,89.0625,100,17.1875,85.9375,100,100,100,100,76.5625,100,31.25,100,48.4375,100,100,100,81.25,60.9375,43.75,100,100,15.625,68.75,100,100,70.3125,100,100,35.9375,100,46.875,100,100,100,84.375,89.0625,93.75,100,100,93.75,79.6875,46.875,43.75,53.125,100,100,100,100,100,100,100,100,100,100,100,100,100,68.75,78.125,100,100,100,100,100,95.3125,100,70.3125,100,100,82.8125,100,100,54.6875,100,100,100,1.5625,100,100,28.125,100,81.25,100,100,100,100,100,100,25,85.9375,100,100,100,100,100,87.5,100,100,100,100,35.9375,100,60.9375,100,100,100,76.5625,95.3125,60.9375,64.0625,100,100,79.6875,100,100,53.125,100,100,73.4375,100,100,96.875,89.0625,100,60.9375,28.125,100,100,98.4375,85.9375,100,100,62.5,70.3125,79.6875,65.625,76.5625,65.625,100,100,71.875,100,82.8125,100,87.5,59.375,100,67.1875,26.5625,71.875,93.75,100,39.0625,60.9375,100,100,96.875,100,100,100,48.4375,100,100,75,62.5,100,100,60.9375,82.8125,100,82.8125,26.5625,68.75,89.0625,67.1875,100,100,76.5625,100,59.375,34.375,100,73.4375,100,100,100,54.6875,89.0625,100,56.25,100,100,51.5625,98.4375,64.0625,82.8125,90.625,64.0625,90.625,100,10.9375,56.25,100,100,100,85.9375,100,100
"6133",87.5,100,46.875,100,100,46.875,95.3125,100,26.5625,98.4375,89.0625,100,100,100,100,76.5625,100,98.4375,100,100,96.875,100,100,100,73.4375,100,100,76.5625,85.9375,100,100,100,100,95.3125,100,100,79.6875,100,100,100,95.3125,64.0625,90.625,100,100,100,100,100,68.75,89.0625,75,100,100,68.75,39.0625,100,6.25,100,51.5625,46.875,95.3125,53.125,98.4375,100,100,100,42.1875,100,68.75,100,53.125,71.875,98.4375,98.4375,59.375,78.125,100,79.6875,51.5625,100,67.1875,100,100,70.3125,76.5625,100,100,100,100,100,57.8125,84.375,100,46.875,70.3125,90.625,100,57.8125,100,100,87.5,96.875,100,92.1875,100,31.25,93.75,70.3125,85.9375,100,73.4375,84.375,100,100,40.625,100,100,100,100,100,76.5625,100,100,79.6875,54.6875,45.3125,100,18.75,100,100,64.0625,100,98.4375,100,100,65.625,79.6875,78.125,100,100,100,73.4375,45.3125,50,100,100,100,100,60.9375,84.375,45.3125,17.1875,81.25,92.1875,98.4375,92.1875,76.5625,100,100,100,100,100,84.375,100,82.8125,64.0625,48.4375,90.625,25,85.9375,73.4375,84.375,100,100,100,100,82.8125,100,100,100,100,64.0625,100,100,93.75,46.875,45.3125,51.5625,23.4375,84.375,75,73.4375,87.5,100,87.5,100,96.875,68.75,100,100,35.9375,100,96.875,100,100,100,100,100,78.125,100,68.75,100,100,100,79.6875,78.125,35.9375,90.625,100,100,100,75,54.6875,100,100,57.8125,57.8125,26.5625,75,100,100,82.8125,84.375,100,90.625,100,87.5,60.9375,100,100,100,100,100,57.8125,100,32.8125,100,39.0625,100,100,100,81.25,100,100,100,93.75,100,100,100,100,54.6875,98.4375,32.8125,100,50,100,100,100,87.5,100,54.6875,84.375,100,100,93.75,64.0625,42.1875,100,70.3125,100,100,39.0625,100,100,100,100,50,100,100,87.5,81.25,100,73.4375,48.4375,100,87.5,100,84.375,57.8125,75,67.1875,100,75,76.5625,100,81.25,76.5625,42.1875,100,62.5,100,100,46.875,100,100,95.3125,100,100,100,59.375,89.0625,100,50,100,81.25,64.0625,92.1875,96.875,100,90.625,100,100,76.5625,100,100,39.0625,100,92.1875,92.1875,100,96.875,82.8125,37.5,37.5,100,62.5,34.375,31.25,100,68.75,100,76.5625,100,100,56.25,100,54.6875,81.25,26.5625,81.25,64.0625,87.5,100,100,81.25,48.4375,29.6875,100,98.4375,100,100,100,89.0625,75,100,100,89.0625,89.0625,82.8125,81.25,85.9375,81.25,76.5625,100,100,87.5,93.75,100,64.0625,92.1875,100,85.9375,100,100,100,78.125,100,100,100,26.5625,100,100,100,100,100,100,57.8125,84.375,70.3125,85.9375,85.9375,93.75,62.5,100,100,100,39.0625,50,100,75,65.625,100,100,100,100,32.8125,46.875,100,95.3125,100,82.8125,100,82.8125,100,70.3125,76.5625,57.8125,100,100,100,100,90.625,100,100,100,100,100,100,100,90.625,92.1875,100,100,100,85.9375,56.25,100,75,100,100,76.5625,62.5,79.6875,100,100,50,100,68.75,100,85.9375,76.5625,56.25,65.625,100,100,67.1875,100,100,100,62.5,93.75,100,78.125,64.0625,82.8125,100,53.125,100,68.75,75,100,78.125,79.6875,100,65.625,100,98.4375,100,59.375,75,21.875,100,100,100,85.9375,73.4375,65.625,84.375,100,100,67.1875,73.4375,71.875,100,100,100,100,100,100,100,81.25,100,92.1875,60.9375,31.25,92.1875,100,100,46.875,100,35.9375,100,96.875,92.1875,84.375,68.75,100,79.6875,78.125,100,98.4375,57.8125,100,35.9375,56.25,100,85.9375,100,100,70.3125,100,100,100,100,90.625,37.5,78.125,100,73.4375,100,100,71.875,87.5,100,100,100,34.375,100,100,100,67.1875,100,75,95.3125,45.3125,70.3125,100,65.625,98.4375,100,100,100,100,100,100,95.3125,100,68.75,100,62.5,100,71.875,100,100,100,100,81.25,100,79.6875,98.4375,100,98.4375,100,89.0625,56.25,79.6875,59.375,14.0625,100,78.125,100,100,76.5625,100,60.9375,100,100,100,100,100,100,100,89.0625,68.75,100,100,100,87.5,100,67.1875,100,100,100,17.1875,96.875,100,100,79.6875,100,100,100,100,51.5625,96.875,76.5625,79.6875,89.0625,100,84.375,56.25,100,92.1875,90.625,100,42.1875,6.25,100,64.0625,28.125,100,100,100,100,98.4375,100,56.25,100,89.0625,37.5,59.375,78.125,57.8125,68.75,92.1875,75,81.25,92.1875,64.0625,78.125,73.4375,40.625,100,95.3125,45.3125,73.4375,100,100,100,100,100,100,76.5625,76.5625,45.3125,68.75,100,100,70.3125,100,75,48.4375,100,100,100,100,100,100,100,100,59.375,100,100,84.375,73.4375,100,100,65.625,100,100,100,60.9375,100,45.3125,100,71.875,100,100,100,100,100,87.5,79.6875,100,100,100,84.375,100,100,100,100,100,100,68.75,100,100,100,42.1875,100,100,34.375,87.5,100,82.8125,54.6875,68.75,100,100,87.5,81.25,100,100,100,100,70.3125,56.25,75,100,100,98.4375,48.4375,43.75,92.1875,71.875,6.25,100,98.4375,100,42.1875,100,9.375,84.375,100,100,100,100,100,84.375,93.75,100,90.625,100,100,35.9375,45.3125,89.0625,100,81.25,100,100,100,100,57.8125,100,100,100,53.125,100,100,100,17.1875,78.125,100,100,89.0625,84.375,100,40.625,92.1875,100,100,78.125,75,50,100,100,100,100,93.75,62.5,100,100,84.375,68.75,100,100,32.8125,100,70.3125,87.5,81.25,45.3125,100,100,100,59.375,100,100,100,84.375,93.75,100,100,100,67.1875,100,76.5625,54.6875,100,100,100,100,100,100,100,92.1875,92.1875,54.6875,100,100,100,67.1875,96.875,100,100,100,62.5,37.5,100,70.3125,100,73.4375,100,59.375,53.125,100,34.375,100,100,56.25,100,64.0625,100,84.375,90.625,100,98.4375,98.4375,90.625,100,95.3125,73.4375,100,100,100,100,98.4375,100,60.9375,100,100,100,100,100,100,100,78.125,100,79.6875,84.375,100,48.4375,92.1875,71.875,68.75,81.25,100,35.9375,100,78.125,100,87.5,100,71.875,51.5625,89.0625,100,70.3125,85.9375,100,100,100,81.25,81.25,100,32.8125,100,100,45.3125,96.875,100,42.1875,82.8125,92.1875,100,100,59.375,100,100,93.75,100,100,62.5,92.1875,76.5625,100,100,53.125,100,100,100,100,62.5,23.4375,100,96.875,59.375,32.8125,100,100,100,100,100,95.3125,100,29.6875,100,42.1875,90.625,90.625,70.3125,100,89.0625,90.625,100,100,100,100,100,100,100,100,100,59.375,87.5,98.4375,100,92.1875,65.625,93.75,62.5,65.625,100,100,100,100,84.375,100,82.8125,100,48.4375,96.875,100,100,79.6875,96.875,100,79.6875,35.9375,100,95.3125,82.8125,100,73.4375,100,100,100,93.75,100,100,100,82.8125,100,100,34.375,76.5625,68.75,65.625,100,100,95.3125,100,100,100,100,81.25,100,81.25,98.4375,100,100,100,100,100,92.1875,100,89.0625,76.5625,95.3125,100,100,100,100,62.5,79.6875,100,76.5625,40.625,100,100,71.875,100,100,81.25,95.3125,100,65.625,100,73.4375,100,100,75,100,100,40.625,59.375,100,89.0625,79.6875,93.75,59.375,81.25,100,100,21.875,57.8125,17.1875,100,100,70.3125,100,100,100,100,100,100,84.375,85.9375,62.5,100,92.1875,100,100,84.375,100,87.5,100,53.125,75,100,100,75,100,100,93.75,67.1875,100,84.375,59.375,100,79.6875,100,53.125,92.1875,100,100,98.4375,100,71.875,100,92.1875,100,100,100,42.1875,100,100,59.375,65.625,100,93.75,100,84.375,100,95.3125,81.25,73.4375,100,100,100,100,100,100,100,100,40.625,65.625,100,100,100,100,100,100,70.3125,60.9375,90.625,100,100,68.75,100,96.875,100,79.6875,75,100,100,100,85.9375,96.875,100,85.9375,84.375,100,98.4375,100,100,87.5,31.25,100,51.5625,51.5625,45.3125,100,68.75,100,100,100,100,87.5,50,100,93.75,34.375,100,96.875,100,50,100,100,100,100,100,100,82.8125,65.625,100,57.8125,100,75,100,100,100,68.75,95.3125,73.4375,100,100,54.6875,100,100,54.6875,100,90.625,100,100,100,43.75,100,75,76.5625,100,100,100,100,31.25,53.125,100,100,95.3125,89.0625,35.9375,100,48.4375,100,100,100,100,64.0625,68.75,100,70.3125,100,95.3125,85.9375,100,100,89.0625,76.5625,54.6875,87.5,78.125,100,100,73.4375,35.9375,48.4375,67.1875,62.5,56.25,100,100,67.1875,56.25,100,70.3125,62.5,100,40.625,92.1875,100,100,100,100,100,87.5,100,75,100,100,100,89.0625,100,92.1875,100,87.5,87.5,100,100,70.3125,100,100,100,68.75,100,93.75,100,60.9375,100,46.875,87.5,100,100,89.0625,100,100,100,100,87.5,53.125,100,100,100,100,100,43.75,100,100,73.4375,53.125,84.375,18.75,100,100,53.125,56.25,79.6875,57.8125,43.75,100,100,76.5625,65.625,62.5,100,76.5625,79.6875,95.3125,96.875,90.625,100,53.125,100,75,90.625,29.6875,100,71.875,78.125,42.1875,100,81.25,92.1875,100,100,85.9375,100,100,95.3125,73.4375,31.25,100,100,100,100,100,75,100,100,59.375,81.25,100,87.5,100,100,100,100,21.875,100,57.8125,50,78.125,46.875,93.75,100,100,100,87.5,100,100,96.875,34.375,87.5,73.4375,76.5625,67.1875,62.5,100,64.0625,100,100,71.875,100,100,100,87.5,100,100,92.1875,98.4375,89.0625,100,93.75,100,100,100,93.75,100,100,100,90.625,64.0625,100,100,100,82.8125,100,73.4375,100,100,68.75,70.3125,100,93.75,100,100,95.3125,62.5,100,98.4375,76.5625,100,100,82.8125,48.4375,90.625,100,92.1875,76.5625,73.4375,100,100,82.8125,100,76.5625,100,100,100,100,100,42.1875,50,71.875,100,57.8125,100,100,100,100,100,100,98.4375,90.625,100,89.0625,100,100,64.0625,100,100,100,100,100,100,100,100,85.9375,100,46.875,100,87.5,100,100,100,93.75,100,100,89.0625,53.125,100,37.5,100,100,100,100,60.9375,100,100,100,100,100,60.9375,100,84.375,100,78.125,100,64.0625,100,100,100,100,85.9375,100,100,100,23.4375,93.75,100,100,95.3125,100,54.6875,15.625,81.25,73.4375,73.4375,64.0625,64.0625,15.625,81.25,67.1875,100,100,100,100,84.375,100,87.5,92.1875,81.25,62.5,100,100,82.8125,100,100,35.9375,100,100,100,100,56.25,45.3125,92.1875,100,100,100,25,71.875,100,100,100,100,92.1875,100,100,89.0625,100,100,84.375,100,100,100,100,100,100,100,100,100,100,100,100,59.375,100,48.4375,100,78.125,100,100,100,100,84.375,70.3125,100,65.625,100,100,79.6875,100,100,92.1875,68.75,100,90.625,100,42.1875,100,100,100,71.875,92.1875,100,90.625,100,100,89.0625,100,42.1875,81.25,76.5625,65.625,100,100,100,100,100,56.25,100,100,31.25,100,100,53.125,43.75,100,95.3125,35.9375,100,62.5,87.5,100,100,100,95.3125,100,39.0625,18.75,100,100,100,100,96.875,100,100,100,100,100,12.5,100,90.625,31.25,100,78.125,98.4375,100,100,100,100,92.1875,98.4375,67.1875,100,100,100,100,56.25,84.375,100,100,100,100,100,59.375,100,100,100,100,76.5625,100,85.9375,89.0625,100,53.125,59.375,62.5,96.875,82.8125,100,96.875,100,92.1875,100,70.3125,93.75,100,100,100,100,82.8125,100,100,100,100,100,100,87.5,100,21.875,84.375,100,100,73.4375,46.875,100,90.625,100,45.3125,48.4375,96.875,100,54.6875,100,100,100,100,89.0625,100,82.8125,100,81.25,100,35.9375,98.4375,100,89.0625,100,100,100,95.3125,96.875,100,60.9375,100,100,50,68.75,100,21.875,100,54.6875,100,100,75,100,100,100,56.25,90.625,93.75,78.125,100,100,95.3125,60.9375,40.625,96.875,64.0625,54.6875,75,100,57.8125,82.8125,93.75,43.75,100,75,100,100,100,100,31.25,70.3125,100,75,100,92.1875,31.25,32.8125,100,82.8125,100,76.5625,64.0625,100,60.9375,100,35.9375,100,73.4375,98.4375,17.1875,85.9375,100,100,93.75,81.25,100,62.5,100,100,100,100,87.5,68.75,51.5625,100,100,84.375,100,67.1875,100,93.75,100,82.8125,100,81.25,100,100,57.8125,100,98.4375,28.125,100,100,87.5,70.3125,100,100,100,18.75,35.9375,100,75,76.5625,100,31.25,100,100,100,90.625,81.25,89.0625,53.125,84.375,87.5,100,67.1875,60.9375,29.6875,100,70.3125,100,100,92.1875,73.4375,100,56.25,29.6875,4.6875,100,82.8125,60.9375,89.0625,100,73.4375,85.9375,90.625,100,39.0625,100,39.0625,100,100,57.8125,100,26.5625,100,100,87.5,45.3125,75,100,100,100,90.625,100,100,100,100,59.375,53.125,100,60.9375,67.1875,100,100,56.25,100,21.875,100,100,82.8125,100,76.5625,100,71.875,60.9375,82.8125,100,89.0625,100,100,100,100,100,71.875,43.75,53.125,100,79.6875,100,100,100,26.5625,100,100,100,89.0625,98.4375,100,93.75,85.9375,85.9375,100,100,100,100,100,100,100,100,100,100,76.5625,76.5625,100,96.875,93.75,89.0625,93.75,100,100,67.1875,100,98.4375,62.5,100,100,53.125,79.6875,81.25,82.8125,100,90.625,73.4375,57.8125,87.5,100,100,100,100,100,37.5,100,95.3125,100,100,87.5,98.4375,96.875,67.1875,100,71.875,100,96.875,51.5625,48.4375,100,4.6875,31.25,100,56.25,100,100,100,100,92.1875,100,100,100,85.9375,78.125,100,100,31.25,100,100,100,73.4375,100,100,100,100,100,64.0625,100,82.8125,100,89.0625,100,76.5625,54.6875,81.25,100,100,82.8125,100,100,26.5625,100,92.1875,100,45.3125,100,100,56.25,100,65.625,100,78.125,87.5,70.3125,67.1875,100,100,100,100,100,100,81.25,100,96.875,100,51.5625,62.5,100,100,90.625,100,65.625,78.125,100,89.0625,60.9375,100,100,100,100,50,100,100,100,29.6875,45.3125,84.375,100,100,100,60.9375,67.1875,29.6875,85.9375,20.3125,100,100,59.375,100,100,67.1875,6.25,100,85.9375,100,98.4375,62.5,100,90.625,100,100,71.875,95.3125,25,43.75,68.75,68.75,37.5,100,82.8125,100,100,57.8125,100,82.8125,53.125,100,87.5,75,87.5,67.1875,73.4375,100,100,100,93.75,70.3125,100,92.1875,76.5625,57.8125,100,100,57.8125,90.625,100,87.5,100,67.1875,93.75,57.8125,65.625,100,100,100,100,95.3125,100,100,82.8125,100,64.0625,48.4375,100,62.5,100,85.9375,82.8125,100,100,100,51.5625,67.1875,34.375,100,100,100,100,100,23.4375,87.5,32.8125,75,100,43.75,40.625,68.75,81.25,100,100,73.4375,81.25,100,79.6875,82.8125,70.3125,65.625,65.625,76.5625,100,100,100,100,100,50,82.8125,100,100,100,85.9375,100,53.125,12.5,100,71.875,51.5625,100,81.25,42.1875,78.125,100,20.3125,93.75,54.6875,85.9375,100,100,62.5,100,85.9375,100,84.375,100,100,100,100,100,89.0625,98.4375,100,100,92.1875,100,100,76.5625,65.625,100,67.1875,98.4375,100,100,100,100,100,70.3125,43.75,90.625,100,100,100,100,100,100,100,100,62.5,100,100,98.4375,100,90.625,100,31.25,100,46.875,100,100,100,68.75,100,84.375,100,78.125,100,100,89.0625,93.75,90.625,95.3125,100,100,100,73.4375,59.375,68.75,100,100,100,31.25,85.9375,100,100,100,100,100,100,100,43.75,64.0625,100,82.8125,73.4375,100,100,65.625,64.0625,70.3125,85.9375,100,100,78.125,96.875,100,100,92.1875,81.25,29.6875,81.25,100,100,100,100,100,100,100,100,64.0625,100,95.3125,67.1875,85.9375,67.1875,100,26.5625,100,100,28.125,56.25,100,100,59.375,100,98.4375,92.1875,100,100,100,85.9375,100,79.6875,100,87.5,100,39.0625,100,100,79.6875,57.8125,73.4375,100,100,100,98.4375,100,100,81.25,65.625,100,59.375,81.25,100,100,78.125,100,100,100,100,87.5,96.875,100,98.4375,100,100,100,68.75,60.9375,82.8125,60.9375,100,100,64.0625,100,100,60.9375,100,100,85.9375,100,100,92.1875,100,56.25,70.3125,100,100,48.4375,78.125,9.375,100,100,68.75,100,70.3125,98.4375,64.0625,100,73.4375,100,84.375,34.375,62.5,100,70.3125,100,51.5625,90.625,100,65.625,84.375,100,100,90.625,100,75,100,59.375,100,75,100,100,100,100,73.4375,46.875,100,100,100,90.625,100,50,100,100,100,25,100,100,100,100,100,70.3125,100,100,48.4375,100,100,67.1875,100,75,100,100,100,100,78.125,100,64.0625,43.75,56.25,93.75,54.6875,100,85.9375,100,62.5,100,100,65.625,84.375,89.0625,82.8125,37.5,100,100,39.0625,10.9375,100,54.6875,100,100,100,75,100,71.875,100,42.1875,100,100,35.9375,56.25,100,100,81.25,93.75,100,100,17.1875,98.4375,64.0625,56.25,100,100,98.4375,79.6875,98.4375,100,98.4375,76.5625,70.3125,100,46.875,100,64.0625,92.1875,92.1875,100,89.0625,100,100,100,100,79.6875,90.625,81.25,100,100,100,96.875,81.25,100,90.625,68.75,46.875,90.625,18.75,45.3125,100,100,100,46.875,51.5625,100,100,100,100,81.25,78.125,37.5,89.0625,100,100,100,65.625,100,100,100,98.4375,100,59.375,100,71.875,79.6875,81.25,100,70.3125,54.6875,100,100,100,100,75,43.75,100,100,50,100,100,87.5,100,100,100,65.625,93.75,76.5625,100,98.4375,68.75,95.3125,100,100,100,100,59.375,100,75,76.5625,100,100,81.25,100,100,64.0625,100,100,100,87.5,100,98.4375,81.25,100,100,100,92.1875,100,100,54.6875,100,46.875,100,70.3125,85.9375,100,100,85.9375,100,35.9375,35.9375,39.0625,100,62.5,100,100,100,95.3125,100,100,100,51.5625,57.8125,35.9375,100,100,100,100,100,79.6875,100,85.9375,100,76.5625,100,70.3125,100,81.25,40.625,54.6875,78.125,98.4375,28.125,96.875,64.0625,100,46.875,35.9375,100,100,100,100,46.875,100,18.75,59.375,75,76.5625,100,57.8125,82.8125,79.6875,85.9375,39.0625,100,93.75,100,65.625,100,100,89.0625,100,100,73.4375,87.5,100,100,21.875,100,59.375,100,100,59.375,100,40.625,100,81.25,85.9375,100,46.875,54.6875,85.9375,76.5625,15.625,85.9375,100,100,89.0625,100,73.4375,100,18.75,100,51.5625,100,100,100,93.75,93.75,43.75,100,100,48.4375,68.75,100,100,50,100,100,28.125,100,48.4375,100,100,100,78.125,100,95.3125,89.0625,100,75,71.875,54.6875,48.4375,53.125,100,100,100,39.0625,100,96.875,100,81.25,100,100,65.625,96.875,100,45.3125,84.375,100,43.75,100,100,100,95.3125,100,70.3125,78.125,100,68.75,20.3125,100,100,100,100,100,1.5625,65.625,100,25,100,89.0625,100,100,100,100,100,100,34.375,82.8125,100,100,100,100,100,93.75,100,100,100,100,37.5,100,60.9375,34.375,100,100,73.4375,100,43.75,64.0625,100,100,81.25,100,100,56.25,100,100,73.4375,100,100,100,89.0625,100,59.375,29.6875,96.875,100,100,100,64.0625,100,62.5,70.3125,89.0625,100,75,70.3125,100,100,100,100,78.125,100,93.75,59.375,100,67.1875,28.125,92.1875,93.75,100,46.875,57.8125,100,100,96.875,100,100,100,48.4375,100,100,100,65.625,100,100,75,67.1875,95.3125,85.9375,31.25,68.75,82.8125,100,100,100,100,100,59.375,35.9375,100,85.9375,100,100,100,100,82.8125,100,54.6875,100,100,51.5625,85.9375,54.6875,100,68.75,70.3125,98.4375,92.1875,57.8125,65.625,100,100,100,59.375,100,100
"6134",89.0625,100,35.9375,100,100,53.125,95.3125,100,34.375,93.75,68.75,100,100,100,100,54.6875,100,73.4375,82.8125,100,96.875,93.75,100,100,76.5625,100,100,89.0625,82.8125,100,100,100,100,87.5,100,62.5,100,92.1875,100,100,87.5,60.9375,90.625,100,100,100,100,100,65.625,82.8125,75,100,100,100,81.25,100,6.25,100,100,56.25,85.9375,100,98.4375,100,100,100,42.1875,100,79.6875,100,53.125,70.3125,100,100,70.3125,85.9375,100,96.875,54.6875,100,60.9375,100,78.125,68.75,68.75,100,100,100,100,100,56.25,82.8125,100,46.875,100,100,100,56.25,100,100,100,100,100,92.1875,100,28.125,87.5,75,85.9375,100,78.125,100,100,100,40.625,96.875,73.4375,100,100,100,70.3125,100,100,85.9375,89.0625,37.5,100,18.75,100,100,92.1875,100,100,100,100,64.0625,53.125,79.6875,100,100,100,79.6875,46.875,50,100,100,100,100,46.875,84.375,48.4375,18.75,81.25,92.1875,96.875,90.625,75,100,100,100,100,100,84.375,100,89.0625,64.0625,100,90.625,23.4375,100,82.8125,76.5625,100,100,100,98.4375,85.9375,100,100,87.5,100,62.5,100,100,98.4375,100,46.875,100,48.4375,85.9375,98.4375,31.25,87.5,100,90.625,100,100,79.6875,100,78.125,35.9375,45.3125,96.875,100,100,100,100,14.0625,81.25,100,62.5,100,100,100,65.625,78.125,100,95.3125,100,100,100,71.875,100,100,100,57.8125,65.625,95.3125,70.3125,100,100,82.8125,100,37.5,100,100,85.9375,60.9375,100,100,100,67.1875,100,17.1875,100,34.375,100,87.5,100,100,100,76.5625,46.875,100,100,98.4375,100,100,100,100,60.9375,98.4375,32.8125,100,29.6875,100,100,100,21.875,100,45.3125,93.75,100,100,89.0625,21.875,45.3125,100,73.4375,100,82.8125,43.75,100,100,100,100,48.4375,98.4375,100,95.3125,79.6875,98.4375,73.4375,56.25,100,100,100,82.8125,54.6875,75,43.75,100,90.625,60.9375,100,90.625,82.8125,37.5,84.375,96.875,100,100,45.3125,100,100,95.3125,100,100,68.75,60.9375,87.5,100,54.6875,100,76.5625,29.6875,98.4375,96.875,100,81.25,100,100,76.5625,100,100,40.625,100,89.0625,84.375,100,68.75,82.8125,37.5,35.9375,70.3125,65.625,39.0625,100,73.4375,28.125,100,79.6875,100,100,28.125,100,76.5625,96.875,26.5625,93.75,60.9375,93.75,100,100,82.8125,50,31.25,100,98.4375,100,100,14.0625,93.75,76.5625,75,100,93.75,87.5,65.625,100,79.6875,92.1875,100,100,100,87.5,93.75,100,64.0625,92.1875,100,100,100,100,100,79.6875,100,54.6875,100,17.1875,100,100,100,89.0625,100,100,59.375,100,71.875,98.4375,78.125,100,68.75,82.8125,100,98.4375,39.0625,50,100,76.5625,62.5,100,100,100,100,37.5,46.875,100,95.3125,100,82.8125,100,92.1875,100,84.375,93.75,73.4375,100,100,100,100,92.1875,76.5625,100,100,100,100,100,85.9375,90.625,85.9375,100,100,100,85.9375,67.1875,100,87.5,100,100,76.5625,73.4375,70.3125,100,64.0625,57.8125,100,90.625,100,79.6875,65.625,59.375,84.375,100,100,65.625,100,100,100,37.5,67.1875,100,59.375,70.3125,82.8125,100,50,100,70.3125,73.4375,100,78.125,79.6875,100,64.0625,100,100,100,56.25,76.5625,100,100,100,100,85.9375,92.1875,62.5,82.8125,100,100,67.1875,67.1875,70.3125,100,100,100,100,87.5,100,100,57.8125,100,100,60.9375,40.625,92.1875,100,100,43.75,100,34.375,100,98.4375,93.75,84.375,71.875,100,75,84.375,89.0625,100,56.25,100,34.375,53.125,100,81.25,100,100,70.3125,93.75,100,100,100,100,43.75,76.5625,100,70.3125,96.875,100,71.875,71.875,100,100,100,37.5,84.375,100,100,78.125,32.8125,78.125,100,48.4375,100,100,62.5,93.75,100,100,100,100,100,100,92.1875,100,64.0625,100,64.0625,100,62.5,100,100,100,89.0625,82.8125,45.3125,68.75,98.4375,100,100,100,96.875,43.75,100,60.9375,25,100,100,100,100,75,100,45.3125,100,82.8125,70.3125,100,100,100,100,87.5,64.0625,100,95.3125,100,85.9375,100,75,100,100,100,100,93.75,71.875,100,100,100,98.4375,92.1875,100,53.125,96.875,71.875,75,90.625,100,78.125,20.3125,100,93.75,90.625,100,42.1875,4.6875,85.9375,70.3125,28.125,100,100,62.5,100,100,100,57.8125,100,87.5,40.625,59.375,76.5625,43.75,70.3125,70.3125,76.5625,100,92.1875,100,76.5625,78.125,40.625,100,95.3125,43.75,85.9375,100,100,100,100,100,100,76.5625,57.8125,45.3125,68.75,100,100,75,56.25,65.625,46.875,100,46.875,100,100,100,100,100,100,57.8125,100,100,78.125,68.75,100,100,67.1875,75,100,100,59.375,100,100,100,71.875,100,100,100,100,100,100,62.5,100,100,100,90.625,100,100,100,51.5625,100,100,68.75,100,93.75,100,53.125,100,100,34.375,89.0625,100,78.125,39.0625,59.375,100,100,71.875,98.4375,100,100,18.75,79.6875,76.5625,60.9375,90.625,96.875,100,85.9375,51.5625,57.8125,68.75,79.6875,25,100,100,100,43.75,100,9.375,84.375,100,93.75,100,100,100,81.25,48.4375,40.625,90.625,100,100,42.1875,45.3125,100,100,100,100,100,100,100,56.25,100,100,100,59.375,100,100,100,17.1875,100,98.4375,100,87.5,82.8125,100,56.25,92.1875,100,100,78.125,21.875,56.25,100,100,100,100,96.875,62.5,100,100,84.375,50,96.875,100,46.875,100,68.75,79.6875,79.6875,43.75,100,100,100,78.125,100,100,100,82.8125,64.0625,100,100,100,67.1875,100,76.5625,48.4375,100,100,100,75,100,68.75,100,92.1875,100,54.6875,79.6875,100,100,100,93.75,100,100,100,62.5,40.625,100,70.3125,100,73.4375,100,60.9375,57.8125,100,32.8125,100,100,59.375,100,65.625,82.8125,100,85.9375,100,98.4375,100,82.8125,100,100,73.4375,48.4375,100,100,100,98.4375,100,59.375,100,100,100,100,100,81.25,100,78.125,100,79.6875,100,100,59.375,100,71.875,46.875,100,100,35.9375,100,76.5625,100,89.0625,100,70.3125,53.125,100,100,71.875,100,87.5,37.5,100,84.375,65.625,100,35.9375,100,100,56.25,93.75,100,42.1875,100,92.1875,100,100,46.875,100,100,96.875,100,100,100,92.1875,100,100,100,100,100,100,100,100,70.3125,29.6875,100,100,59.375,26.5625,100,98.4375,100,100,100,87.5,100,29.6875,100,48.4375,100,68.75,70.3125,100,89.0625,100,100,100,100,100,100,100,100,100,100,59.375,87.5,100,100,93.75,73.4375,95.3125,57.8125,56.25,100,100,95.3125,100,84.375,100,82.8125,100,81.25,92.1875,100,100,79.6875,98.4375,100,79.6875,40.625,100,100,82.8125,100,67.1875,100,76.5625,100,100,100,40.625,100,82.8125,68.75,100,100,76.5625,100,93.75,100,100,100,100,100,100,100,84.375,100,75,100,100,100,100,100,100,85.9375,100,89.0625,100,92.1875,100,100,100,100,100,92.1875,100,75,45.3125,100,100,75,100,100,79.6875,76.5625,100,73.4375,100,65.625,100,100,73.4375,100,100,40.625,100,100,84.375,100,100,51.5625,78.125,100,100,26.5625,100,15.625,100,100,76.5625,100,100,100,100,100,100,100,96.875,64.0625,100,90.625,100,100,90.625,100,85.9375,100,100,100,100,100,75,100,78.125,93.75,45.3125,100,82.8125,67.1875,100,76.5625,100,54.6875,95.3125,62.5,100,100,100,51.5625,60.9375,70.3125,100,100,100,50,100,100,73.4375,65.625,100,93.75,100,87.5,100,100,76.5625,76.5625,100,53.125,100,100,100,100,100,100,45.3125,60.9375,100,100,100,100,100,100,60.9375,100,92.1875,100,100,84.375,100,96.875,100,73.4375,75,100,100,100,85.9375,95.3125,100,78.125,75,100,96.875,100,100,46.875,45.3125,100,51.5625,51.5625,76.5625,100,68.75,100,100,100,100,85.9375,50,100,92.1875,35.9375,100,100,100,54.6875,100,100,100,100,100,100,65.625,46.875,100,100,100,76.5625,100,92.1875,78.125,71.875,95.3125,75,100,100,54.6875,100,100,54.6875,100,100,100,100,100,43.75,100,75,59.375,100,100,96.875,100,31.25,65.625,100,100,100,89.0625,34.375,100,45.3125,100,100,100,100,64.0625,67.1875,100,70.3125,18.75,100,100,84.375,100,100,84.375,54.6875,89.0625,76.5625,100,100,76.5625,73.4375,70.3125,67.1875,62.5,50,100,100,67.1875,92.1875,100,75,62.5,100,46.875,100,100,100,100,100,100,100,100,73.4375,100,100,100,87.5,100,90.625,100,87.5,82.8125,100,100,45.3125,100,100,100,87.5,100,95.3125,64.0625,62.5,100,82.8125,100,100,100,89.0625,100,100,100,100,84.375,40.625,100,100,100,100,100,43.75,95.3125,100,67.1875,54.6875,85.9375,100,100,100,43.75,54.6875,76.5625,59.375,43.75,100,100,76.5625,60.9375,60.9375,100,78.125,90.625,95.3125,100,89.0625,100,50,100,100,90.625,100,100,78.125,76.5625,67.1875,100,79.6875,92.1875,100,85.9375,90.625,100,100,100,73.4375,34.375,100,100,100,85.9375,100,73.4375,100,70.3125,51.5625,79.6875,100,85.9375,100,100,100,100,100,96.875,48.4375,50,79.6875,50,95.3125,100,100,100,70.3125,100,100,89.0625,35.9375,89.0625,75,71.875,70.3125,100,100,65.625,100,100,100,100,78.125,90.625,84.375,100,100,92.1875,100,89.0625,100,93.75,100,100,100,87.5,4.6875,100,100,45.3125,78.125,89.0625,100,100,81.25,90.625,70.3125,100,100,71.875,70.3125,100,95.3125,100,100,93.75,62.5,100,98.4375,75,100,100,100,42.1875,89.0625,100,93.75,81.25,78.125,100,100,100,100,100,100,100,100,100,100,48.4375,46.875,67.1875,100,57.8125,100,100,100,100,100,100,100,100,100,89.0625,100,100,100,100,100,100,100,100,100,100,100,90.625,100,51.5625,100,92.1875,100,100,100,93.75,100,92.1875,87.5,60.9375,100,35.9375,100,100,100,100,62.5,100,100,50,100,100,60.9375,100,76.5625,100,78.125,100,62.5,100,100,100,64.0625,76.5625,100,100,25,34.375,100,100,100,100,100,7.8125,100,73.4375,64.0625,50,100,100,34.375,56.25,64.0625,100,100,100,100,90.625,100,87.5,93.75,78.125,60.9375,100,100,82.8125,82.8125,100,51.5625,100,100,100,100,71.875,42.1875,100,100,100,100,31.25,70.3125,100,89.0625,100,100,78.125,100,100,100,100,40.625,84.375,100,100,100,100,100,100,79.6875,100,100,100,100,100,59.375,100,100,98.4375,81.25,100,20.3125,100,100,84.375,71.875,100,71.875,100,100,73.4375,100,100,100,71.875,100,84.375,100,59.375,100,100,100,75,60.9375,100,100,100,100,89.0625,95.3125,100,26.5625,76.5625,65.625,100,100,95.3125,100,100,81.25,100,100,20.3125,59.375,100,51.5625,42.1875,100,95.3125,71.875,100,62.5,87.5,100,100,100,95.3125,100,39.0625,20.3125,100,100,100,100,100,100,100,100,100,100,14.0625,100,98.4375,32.8125,100,81.25,89.0625,100,98.4375,100,100,79.6875,100,68.75,100,100,100,100,79.6875,95.3125,100,100,100,100,100,70.3125,100,100,100,75,75,100,84.375,100,100,51.5625,59.375,62.5,98.4375,82.8125,100,96.875,100,96.875,100,100,87.5,100,100,100,100,81.25,100,100,100,100,100,100,90.625,100,18.75,84.375,100,100,89.0625,60.9375,100,90.625,21.875,46.875,54.6875,95.3125,100,65.625,100,100,100,100,100,100,89.0625,100,76.5625,100,34.375,100,70.3125,85.9375,100,100,76.5625,89.0625,85.9375,35.9375,75,100,100,54.6875,68.75,100,21.875,100,56.25,100,100,75,100,100,100,68.75,75,100,85.9375,100,100,93.75,35.9375,40.625,67.1875,62.5,54.6875,76.5625,100,56.25,81.25,93.75,28.125,100,75,100,100,100,100,25,81.25,100,82.8125,100,65.625,37.5,100,100,67.1875,100,79.6875,64.0625,100,57.8125,100,75,100,75,95.3125,71.875,85.9375,100,100,100,79.6875,100,37.5,100,100,100,100,93.75,84.375,50,100,100,56.25,100,100,100,84.375,100,82.8125,100,84.375,100,100,100,100,76.5625,26.5625,92.1875,35.9375,87.5,79.6875,90.625,84.375,100,42.1875,35.9375,100,70.3125,75,100,31.25,100,100,100,79.6875,100,89.0625,70.3125,100,96.875,100,53.125,60.9375,32.8125,100,70.3125,100,100,90.625,59.375,100,54.6875,31.25,100,100,76.5625,60.9375,89.0625,100,73.4375,84.375,92.1875,100,39.0625,100,100,100,100,67.1875,59.375,100,100,100,75,42.1875,100,100,100,100,95.3125,100,100,100,100,100,65.625,100,57.8125,67.1875,100,100,51.5625,100,20.3125,100,100,87.5,100,85.9375,100,73.4375,57.8125,82.8125,100,87.5,100,100,100,100,100,68.75,46.875,53.125,100,87.5,100,100,100,32.8125,100,100,100,78.125,96.875,100,87.5,100,67.1875,100,100,100,100,100,65.625,100,100,100,100,76.5625,82.8125,100,100,100,92.1875,100,100,100,67.1875,100,81.25,68.75,100,100,25,78.125,81.25,100,100,100,45.3125,59.375,65.625,100,100,100,100,100,40.625,100,95.3125,100,100,87.5,100,100,67.1875,100,75,100,100,50,100,98.4375,4.6875,28.125,100,10.9375,100,100,100,100,89.0625,100,95.3125,100,76.5625,78.125,100,81.25,64.0625,100,100,100,71.875,100,100,82.8125,100,100,50,100,53.125,100,90.625,100,93.75,54.6875,81.25,100,100,95.3125,100,100,25,100,93.75,87.5,43.75,100,100,54.6875,100,60.9375,100,76.5625,90.625,71.875,60.9375,100,100,100,100,100,100,81.25,100,96.875,53.125,53.125,62.5,75,100,90.625,100,67.1875,100,100,87.5,59.375,100,100,96.875,100,48.4375,100,93.75,87.5,100,45.3125,96.875,100,100,100,59.375,64.0625,25,73.4375,14.0625,100,100,59.375,100,100,67.1875,4.6875,100,87.5,100,98.4375,73.4375,100,90.625,100,100,68.75,93.75,25,45.3125,71.875,68.75,39.0625,100,84.375,100,100,54.6875,100,82.8125,53.125,100,89.0625,75,90.625,67.1875,100,100,18.75,100,100,42.1875,100,81.25,78.125,100,100,100,56.25,98.4375,100,100,100,100,96.875,70.3125,71.875,100,100,100,100,93.75,100,100,34.375,100,64.0625,100,100,62.5,100,92.1875,81.25,100,100,100,81.25,100,35.9375,100,100,100,100,89.0625,100,75,34.375,98.4375,100,42.1875,40.625,100,81.25,100,100,73.4375,64.0625,100,62.5,85.9375,81.25,65.625,64.0625,79.6875,32.8125,100,100,100,100,56.25,93.75,40.625,100,100,85.9375,79.6875,53.125,9.375,100,73.4375,56.25,100,78.125,64.0625,89.0625,92.1875,20.3125,93.75,54.6875,85.9375,100,100,62.5,100,92.1875,100,84.375,100,100,90.625,100,100,100,98.4375,95.3125,100,84.375,100,100,78.125,65.625,100,67.1875,96.875,100,100,100,100,100,67.1875,42.1875,98.4375,100,100,100,81.25,100,100,100,100,15.625,100,100,87.5,100,87.5,100,32.8125,100,68.75,100,100,100,71.875,100,85.9375,100,92.1875,100,100,92.1875,100,85.9375,98.4375,100,100,100,70.3125,100,51.5625,100,100,100,34.375,85.9375,100,100,15.625,100,100,100,100,67.1875,64.0625,100,81.25,100,100,100,89.0625,98.4375,68.75,87.5,100,100,79.6875,98.4375,100,100,73.4375,65.625,31.25,100,100,100,100,85.9375,100,100,100,100,48.4375,100,92.1875,71.875,51.5625,9.375,100,26.5625,100,100,100,54.6875,100,100,100,100,75,90.625,100,100,100,85.9375,92.1875,82.8125,100,81.25,100,42.1875,100,100,81.25,51.5625,71.875,100,100,100,98.4375,100,100,82.8125,64.0625,100,59.375,79.6875,100,100,75,100,100,95.3125,100,93.75,100,100,100,100,100,100,73.4375,64.0625,78.125,59.375,100,100,64.0625,100,81.25,62.5,100,100,71.875,100,64.0625,100,100,57.8125,70.3125,95.3125,100,46.875,76.5625,100,100,100,100,100,85.9375,98.4375,100,100,73.4375,100,79.6875,100,65.625,100,92.1875,100,50,98.4375,100,67.1875,92.1875,100,100,89.0625,100,70.3125,100,42.1875,100,78.125,96.875,100,100,100,76.5625,39.0625,100,100,100,90.625,100,50,100,100,100,23.4375,71.875,100,100,100,100,65.625,100,100,50,100,100,81.25,100,75,100,100,100,100,81.25,100,60.9375,100,100,100,64.0625,100,89.0625,100,60.9375,100,96.875,70.3125,100,81.25,84.375,35.9375,100,100,35.9375,10.9375,100,79.6875,100,100,100,75,98.4375,92.1875,100,100,100,100,35.9375,100,100,100,79.6875,95.3125,100,100,25,96.875,64.0625,56.25,100,100,93.75,79.6875,100,100,100,71.875,71.875,100,100,100,60.9375,92.1875,84.375,98.4375,85.9375,90.625,100,100,100,81.25,75,81.25,100,100,100,96.875,100,100,93.75,100,62.5,89.0625,32.8125,48.4375,100,100,100,42.1875,100,100,100,100,100,71.875,78.125,42.1875,89.0625,100,100,100,68.75,100,100,100,78.125,100,59.375,100,79.6875,79.6875,81.25,100,65.625,54.6875,51.5625,100,100,100,45.3125,43.75,100,100,50,100,100,65.625,100,100,100,59.375,92.1875,68.75,100,96.875,65.625,79.6875,100,100,100,100,59.375,100,75,84.375,100,100,75,100,100,90.625,100,100,100,98.4375,100,90.625,85.9375,100,100,100,65.625,100,100,45.3125,100,34.375,100,98.4375,85.9375,100,100,98.4375,46.875,34.375,59.375,35.9375,100,59.375,100,100,100,78.125,100,100,100,43.75,54.6875,37.5,75,98.4375,100,100,92.1875,79.6875,70.3125,89.0625,100,71.875,87.5,71.875,18.75,82.8125,25,39.0625,75,85.9375,28.125,95.3125,70.3125,100,46.875,31.25,100,100,100,100,46.875,100,100,57.8125,100,100,100,75,78.125,79.6875,85.9375,40.625,54.6875,100,100,76.5625,100,100,85.9375,100,100,100,87.5,100,100,21.875,100,59.375,100,100,60.9375,100,42.1875,100,81.25,100,100,51.5625,45.3125,95.3125,95.3125,25,64.0625,100,100,92.1875,100,85.9375,90.625,21.875,100,50,93.75,81.25,100,93.75,87.5,45.3125,100,100,51.5625,68.75,100,100,100,100,100,35.9375,100,51.5625,100,100,100,43.75,53.125,100,100,100,43.75,78.125,50,51.5625,53.125,100,100,100,100,100,100,100,100,100,100,100,100,100,68.75,85.9375,100,100,100,100,100,92.1875,68.75,60.9375,67.1875,100,85.9375,100,100,100,100,100,100,1.5625,65.625,100,31.25,100,87.5,100,100,100,87.5,100,100,15.625,82.8125,98.4375,100,100,100,93.75,85.9375,100,100,100,100,35.9375,100,71.875,100,100,100,73.4375,100,45.3125,64.0625,100,100,76.5625,100,100,68.75,100,100,87.5,100,100,100,89.0625,100,57.8125,28.125,100,100,100,100,100,100,62.5,100,68.75,95.3125,46.875,84.375,100,62.5,71.875,100,78.125,100,100,57.8125,100,76.5625,62.5,100,85.9375,100,87.5,64.0625,100,100,96.875,100,100,82.8125,48.4375,100,100,100,62.5,100,100,71.875,85.9375,100,81.25,28.125,65.625,14.0625,100,100,100,73.4375,100,62.5,39.0625,79.6875,100,100,100,100,79.6875,67.1875,100,54.6875,100,100,51.5625,95.3125,54.6875,100,100,67.1875,89.0625,100,93.75,56.25,100,100,100,100,100,100
"6135",87.5,100,100,100,100,42.1875,93.75,100,35.9375,98.4375,70.3125,100,100,100,100,68.75,100,75,100,100,96.875,100,100,100,76.5625,100,100,82.8125,85.9375,100,42.1875,100,100,100,100,43.75,100,100,100,100,95.3125,60.9375,98.4375,100,100,100,81.25,100,68.75,82.8125,75,100,100,70.3125,100,100,4.6875,100,100,45.3125,89.0625,54.6875,98.4375,100,100,100,40.625,100,60.9375,100,54.6875,60.9375,100,100,57.8125,84.375,100,100,50,100,64.0625,100,79.6875,70.3125,62.5,100,100,23.4375,100,100,56.25,89.0625,100,46.875,85.9375,98.4375,100,60.9375,100,100,85.9375,96.875,100,92.1875,100,28.125,93.75,75,85.9375,100,70.3125,100,100,100,40.625,98.4375,100,100,100,100,79.6875,100,100,100,20.3125,54.6875,100,18.75,100,100,100,100,100,100,100,64.0625,57.8125,79.6875,100,100,100,100,46.875,100,100,100,95.3125,100,51.5625,84.375,46.875,32.8125,79.6875,92.1875,98.4375,93.75,39.0625,100,100,100,100,100,100,100,87.5,64.0625,100,87.5,21.875,100,87.5,82.8125,100,100,21.875,100,82.8125,100,100,100,100,70.3125,100,100,93.75,34.375,46.875,100,57.8125,85.9375,78.125,79.6875,87.5,100,89.0625,100,79.6875,59.375,100,85.9375,39.0625,54.6875,96.875,100,100,100,100,34.375,84.375,100,64.0625,87.5,100,98.4375,85.9375,78.125,12.5,89.0625,75,98.4375,71.875,75,100,100,100,57.8125,23.4375,100,67.1875,100,100,79.6875,100,100,100,100,87.5,60.9375,100,100,100,100,42.1875,18.75,100,40.625,100,85.9375,100,100,100,79.6875,71.875,100,100,92.1875,100,100,100,100,96.875,96.875,34.375,100,25,100,100,100,100,100,65.625,100,100,100,100,60.9375,43.75,95.3125,76.5625,100,76.5625,43.75,96.875,100,100,100,48.4375,98.4375,100,85.9375,81.25,100,75,57.8125,100,100,100,82.8125,59.375,75,46.875,100,82.8125,68.75,100,81.25,87.5,21.875,100,100,100,100,45.3125,100,100,95.3125,100,100,35.9375,57.8125,87.5,100,50,100,76.5625,65.625,100,96.875,100,92.1875,100,98.4375,48.4375,100,100,40.625,100,89.0625,100,100,93.75,84.375,39.0625,9.375,65.625,65.625,42.1875,100,70.3125,65.625,100,40.625,100,100,31.25,100,57.8125,70.3125,26.5625,92.1875,73.4375,81.25,100,100,64.0625,45.3125,29.6875,100,98.4375,100,100,48.4375,92.1875,73.4375,73.4375,100,95.3125,90.625,89.0625,89.0625,85.9375,100,100,100,100,100,93.75,100,65.625,92.1875,100,100,100,100,100,81.25,100,57.8125,100,20.3125,100,100,100,100,100,95.3125,59.375,95.3125,68.75,87.5,73.4375,98.4375,100,100,100,79.6875,39.0625,51.5625,100,76.5625,67.1875,100,100,100,100,37.5,51.5625,100,95.3125,100,82.8125,100,84.375,100,82.8125,39.0625,70.3125,100,100,100,100,93.75,100,100,100,100,100,100,82.8125,90.625,89.0625,100,100,100,82.8125,100,100,98.4375,90.625,100,75,71.875,78.125,100,53.125,60.9375,100,100,100,100,75,56.25,67.1875,95.3125,100,67.1875,100,100,100,62.5,50,100,100,60.9375,82.8125,90.625,48.4375,100,68.75,64.0625,100,75,79.6875,100,65.625,100,100,100,56.25,78.125,100,100,100,100,89.0625,57.8125,75,84.375,100,100,67.1875,67.1875,68.75,100,100,100,100,100,100,100,62.5,100,60.9375,65.625,37.5,92.1875,100,100,45.3125,100,34.375,100,96.875,92.1875,84.375,71.875,100,70.3125,75,95.3125,92.1875,59.375,100,35.9375,50,100,85.9375,100,100,70.3125,100,100,100,100,98.4375,43.75,67.1875,100,70.3125,100,100,71.875,96.875,100,100,100,32.8125,96.875,100,100,60.9375,73.4375,85.9375,100,48.4375,79.6875,100,65.625,96.875,100,70.3125,100,100,100,100,96.875,100,65.625,100,78.125,100,68.75,100,100,100,100,81.25,100,75,96.875,100,100,100,85.9375,46.875,100,54.6875,65.625,98.4375,100,100,100,76.5625,100,75,100,100,53.125,100,100,100,100,90.625,68.75,100,85.9375,100,78.125,100,70.3125,95.3125,100,100,100,100,100,100,100,100,95.3125,90.625,100,50,96.875,76.5625,79.6875,79.6875,100,73.4375,100,100,85.9375,90.625,100,42.1875,6.25,87.5,51.5625,32.8125,100,100,100,100,100,100,59.375,100,87.5,46.875,59.375,79.6875,50,73.4375,71.875,78.125,100,92.1875,100,76.5625,73.4375,40.625,92.1875,95.3125,57.8125,100,100,100,100,100,100,100,75,57.8125,45.3125,68.75,100,100,76.5625,62.5,68.75,48.4375,100,48.4375,100,100,100,100,100,100,53.125,100,85.9375,82.8125,70.3125,100,100,65.625,48.4375,100,100,60.9375,100,100,100,71.875,100,100,100,100,100,92.1875,64.0625,100,100,100,82.8125,100,100,100,100,100,100,68.75,100,100,100,56.25,100,100,35.9375,89.0625,100,70.3125,39.0625,57.8125,96.875,100,73.4375,100,100,100,100,81.25,54.6875,54.6875,89.0625,93.75,100,84.375,54.6875,51.5625,71.875,73.4375,4.6875,100,100,100,39.0625,100,9.375,84.375,100,100,100,100,100,79.6875,100,100,100,100,100,42.1875,45.3125,100,100,67.1875,100,100,100,73.4375,57.8125,100,100,100,53.125,95.3125,100,100,57.8125,100,100,100,100,79.6875,100,40.625,93.75,100,100,76.5625,100,65.625,100,81.25,100,100,95.3125,62.5,100,100,84.375,46.875,100,100,29.6875,100,68.75,82.8125,79.6875,40.625,100,17.1875,100,53.125,100,100,100,82.8125,65.625,100,100,100,70.3125,100,76.5625,54.6875,100,100,100,75,100,95.3125,100,90.625,100,54.6875,100,100,100,57.8125,100,100,100,100,64.0625,37.5,100,70.3125,100,78.125,100,59.375,67.1875,100,17.1875,100,100,56.25,100,65.625,45.3125,85.9375,84.375,100,98.4375,34.375,57.8125,100,100,73.4375,21.875,100,100,100,100,87.5,46.875,100,100,100,100,100,84.375,100,76.5625,100,79.6875,100,100,54.6875,90.625,60.9375,40.625,90.625,100,35.9375,100,78.125,100,82.8125,100,70.3125,95.3125,57.8125,100,71.875,100,85.9375,100,75,81.25,100,92.1875,37.5,100,100,59.375,92.1875,100,40.625,70.3125,92.1875,100,100,56.25,100,100,100,100,89.0625,100,93.75,100,100,100,51.5625,100,100,100,100,57.8125,50,100,100,59.375,23.4375,100,100,100,100,100,70.3125,48.4375,29.6875,100,45.3125,100,70.3125,70.3125,100,89.0625,20.3125,100,100,100,100,100,100,100,100,100,4.6875,87.5,68.75,100,93.75,68.75,95.3125,65.625,54.6875,100,100,98.4375,100,84.375,100,82.8125,100,81.25,100,100,100,78.125,93.75,100,73.4375,37.5,100,96.875,78.125,100,79.6875,100,87.5,100,100,100,100,100,81.25,100,100,100,76.5625,100,70.3125,100,100,100,100,100,100,100,87.5,100,53.125,95.3125,92.1875,100,100,100,100,84.375,100,87.5,100,93.75,100,100,100,100,64.0625,96.875,100,70.3125,75,100,100,71.875,81.25,100,79.6875,100,100,68.75,100,60.9375,100,93.75,67.1875,100,100,42.1875,100,100,85.9375,95.3125,100,51.5625,79.6875,100,100,17.1875,85.9375,15.625,100,100,100,96.875,100,100,100,100,100,78.125,89.0625,65.625,100,92.1875,89.0625,100,89.0625,100,82.8125,100,100,100,100,100,73.4375,100,100,93.75,57.8125,100,82.8125,57.8125,100,75,100,54.6875,100,100,100,100,100,53.125,100,89.0625,100,100,100,48.4375,100,100,60.9375,65.625,100,93.75,93.75,87.5,100,65.625,76.5625,65.625,96.875,96.875,100,100,100,100,100,100,40.625,67.1875,100,100,100,100,100,100,56.25,68.75,89.0625,100,100,65.625,100,96.875,100,43.75,75,100,100,100,85.9375,96.875,100,70.3125,75,100,96.875,100,100,85.9375,20.3125,100,73.4375,51.5625,57.8125,100,68.75,90.625,100,100,100,85.9375,48.4375,100,92.1875,37.5,100,100,100,51.5625,100,100,100,100,100,100,70.3125,71.875,96.875,100,100,76.5625,100,82.8125,100,68.75,93.75,70.3125,100,100,54.6875,100,100,56.25,75,79.6875,100,100,100,42.1875,100,100,57.8125,100,100,100,100,28.125,75,100,100,100,89.0625,45.3125,100,43.75,100,100,100,100,60.9375,57.8125,100,70.3125,96.875,85.9375,100,67.1875,100,39.0625,85.9375,51.5625,87.5,71.875,100,100,78.125,84.375,100,67.1875,62.5,50,100,100,67.1875,93.75,100,82.8125,62.5,100,96.875,92.1875,100,100,100,100,100,100,100,75,100,100,98.4375,100,100,90.625,100,85.9375,84.375,100,100,64.0625,100,100,100,57.8125,100,93.75,59.375,62.5,100,50,100,100,100,89.0625,100,100,100,100,90.625,54.6875,100,100,100,71.875,100,42.1875,100,100,67.1875,51.5625,87.5,100,100,87.5,39.0625,57.8125,75,57.8125,43.75,100,100,75,59.375,60.9375,100,73.4375,84.375,93.75,100,89.0625,81.25,54.6875,85.9375,57.8125,79.6875,100,100,62.5,100,100,100,85.9375,100,93.75,85.9375,93.75,100,100,100,73.4375,35.9375,100,100,100,100,100,100,100,100,56.25,67.1875,100,100,100,100,100,100,53.125,96.875,64.0625,50,78.125,42.1875,92.1875,37.5,70.3125,87.5,76.5625,100,92.1875,96.875,39.0625,100,34.375,73.4375,68.75,100,100,65.625,100,98.4375,71.875,100,75,100,100,100,100,92.1875,85.9375,89.0625,100,93.75,100,100,100,98.4375,100,100,100,4.6875,95.3125,70.3125,100,100,81.25,100,71.875,100,100,68.75,68.75,100,92.1875,100,42.1875,78.125,62.5,100,100,76.5625,100,100,100,40.625,98.4375,100,93.75,79.6875,78.125,100,100,100,100,100,100,100,100,73.4375,100,43.75,48.4375,68.75,100,62.5,100,79.6875,100,100,100,100,85.9375,100,100,89.0625,100,100,100,100,100,100,100,96.875,96.875,100,100,87.5,100,64.0625,100,87.5,45.3125,100,100,95.3125,93.75,95.3125,75,34.375,100,40.625,100,100,100,100,62.5,100,100,45.3125,100,100,60.9375,100,78.125,100,78.125,100,62.5,100,100,100,100,85.9375,100,100,21.875,68.75,98.4375,100,100,98.4375,100,23.4375,100,71.875,60.9375,78.125,84.375,81.25,100,79.6875,67.1875,100,100,100,100,90.625,100,89.0625,85.9375,92.1875,60.9375,100,100,82.8125,18.75,100,57.8125,100,100,87.5,100,48.4375,42.1875,100,100,100,100,23.4375,76.5625,100,96.875,100,100,100,98.4375,100,79.6875,100,37.5,81.25,89.0625,100,100,100,92.1875,100,100,100,100,100,90.625,100,59.375,100,100,98.4375,76.5625,100,100,100,100,87.5,71.875,70.3125,64.0625,100,37.5,79.6875,100,100,92.1875,70.3125,100,90.625,100,39.0625,100,100,100,48.4375,59.375,100,100,100,100,85.9375,100,45.3125,32.8125,76.5625,60.9375,100,100,85.9375,100,100,56.25,65.625,60.9375,28.125,100,100,54.6875,56.25,100,95.3125,100,93.75,57.8125,87.5,100,100,100,95.3125,100,42.1875,23.4375,100,100,100,100,95.3125,100,100,100,100,100,15.625,100,90.625,100,100,79.6875,100,100,100,100,100,92.1875,85.9375,60.9375,100,14.0625,100,100,43.75,90.625,100,98.4375,100,100,100,62.5,100,100,100,59.375,75,100,82.8125,82.8125,100,48.4375,59.375,62.5,96.875,81.25,100,95.3125,100,93.75,100,96.875,18.75,100,100,100,100,92.1875,100,100,100,92.1875,100,100,89.0625,100,90.625,84.375,100,100,79.6875,48.4375,100,79.6875,67.1875,46.875,71.875,100,100,50,100,100,100,100,92.1875,100,87.5,100,79.6875,100,34.375,60.9375,59.375,100,100,100,71.875,90.625,87.5,100,46.875,100,100,46.875,68.75,100,18.75,100,56.25,100,100,75,100,100,100,68.75,73.4375,100,87.5,100,100,95.3125,60.9375,40.625,54.6875,65.625,54.6875,78.125,100,39.0625,82.8125,93.75,32.8125,100,78.125,100,100,100,100,23.4375,76.5625,92.1875,81.25,100,100,34.375,96.875,100,82.8125,100,73.4375,64.0625,96.875,59.375,100,37.5,42.1875,75,100,73.4375,73.4375,100,100,31.25,81.25,100,43.75,100,100,100,100,89.0625,26.5625,51.5625,100,100,81.25,100,68.75,100,100,54.6875,82.8125,87.5,84.375,100,100,79.6875,18.75,65.625,21.875,81.25,100,90.625,57.8125,89.0625,100,100,37.5,35.9375,100,65.625,75,100,31.25,100,100,100,76.5625,100,89.0625,75,100,82.8125,100,90.625,60.9375,31.25,100,68.75,100,100,92.1875,68.75,100,54.6875,29.6875,50,100,50,60.9375,89.0625,100,73.4375,84.375,95.3125,92.1875,43.75,100,100,100,100,59.375,59.375,100,100,100,76.5625,18.75,100,100,100,100,98.4375,100,100,100,100,29.6875,59.375,100,57.8125,73.4375,100,93.75,57.8125,100,20.3125,100,100,81.25,100,93.75,100,78.125,60.9375,81.25,100,89.0625,100,100,100,82.8125,100,65.625,46.875,90.625,100,100,100,100,100,78.125,93.75,100,100,70.3125,96.875,100,92.1875,81.25,81.25,100,100,100,100,100,89.0625,100,100,100,100,76.5625,79.6875,100,100,100,100,42.1875,100,100,67.1875,100,98.4375,62.5,100,100,93.75,75,81.25,87.5,100,89.0625,43.75,59.375,60.9375,100,100,100,100,100,46.875,100,93.75,100,100,85.9375,96.875,90.625,65.625,100,78.125,100,96.875,50,100,60.9375,4.6875,26.5625,100,56.25,100,100,100,100,92.1875,100,93.75,100,82.8125,78.125,100,100,39.0625,100,100,100,78.125,100,100,100,100,100,46.875,100,100,100,95.3125,100,100,67.1875,81.25,100,100,81.25,100,100,79.6875,100,89.0625,100,46.875,100,100,59.375,100,64.0625,82.8125,78.125,90.625,70.3125,60.9375,100,100,100,100,100,100,85.9375,100,98.4375,90.625,59.375,62.5,100,100,92.1875,100,64.0625,100,100,85.9375,60.9375,100,100,100,100,48.4375,100,96.875,95.3125,34.375,45.3125,87.5,100,100,100,59.375,57.8125,31.25,87.5,25,100,100,59.375,100,100,67.1875,4.6875,100,84.375,81.25,98.4375,64.0625,100,90.625,100,100,75,93.75,23.4375,45.3125,73.4375,67.1875,39.0625,100,82.8125,100,100,79.6875,100,85.9375,56.25,100,89.0625,75,84.375,67.1875,93.75,100,17.1875,100,79.6875,75,76.5625,79.6875,95.3125,100,100,42.1875,59.375,98.4375,100,78.125,100,87.5,92.1875,56.25,65.625,100,100,29.6875,100,100,100,100,89.0625,82.8125,64.0625,100,100,62.5,82.8125,84.375,81.25,100,100,68.75,100,100,34.375,100,48.4375,100,100,90.625,78.125,79.6875,42.1875,95.3125,100,56.25,40.625,42.1875,81.25,100,100,75,62.5,100,95.3125,85.9375,100,67.1875,62.5,78.125,45.3125,100,100,100,100,65.625,78.125,100,100,100,81.25,71.875,48.4375,23.4375,100,70.3125,59.375,100,78.125,50,76.5625,25,20.3125,95.3125,54.6875,87.5,25,100,57.8125,85.9375,100,100,84.375,100,100,100,37.5,100,100,98.4375,100,100,100,100,100,79.6875,100,100,65.625,98.4375,100,100,100,100,100,57.8125,57.8125,100,100,100,100,64.0625,50,85.9375,100,100,62.5,100,98.4375,100,100,87.5,100,34.375,100,56.25,95.3125,100,100,64.0625,100,84.375,100,84.375,100,100,92.1875,100,81.25,92.1875,100,100,100,73.4375,60.9375,67.1875,100,87.5,100,32.8125,84.375,100,100,100,100,100,100,100,68.75,59.375,79.6875,95.3125,100,100,67.1875,87.5,89.0625,68.75,84.375,100,100,82.8125,96.875,100,100,76.5625,34.375,26.5625,100,100,100,100,82.8125,100,100,90.625,100,71.875,100,93.75,71.875,75,64.0625,100,26.5625,100,100,28.125,54.6875,100,100,67.1875,76.5625,73.4375,87.5,100,100,100,87.5,78.125,82.8125,100,81.25,100,40.625,100,100,81.25,75,71.875,100,48.4375,100,98.4375,100,100,84.375,54.6875,100,62.5,79.6875,100,100,78.125,100,100,93.75,100,95.3125,100,100,100,100,100,100,71.875,60.9375,76.5625,59.375,100,100,65.625,100,100,60.9375,100,100,100,100,100,98.4375,100,59.375,67.1875,100,100,46.875,78.125,67.1875,100,100,75,100,79.6875,92.1875,100,92.1875,73.4375,76.5625,85.9375,100,75,100,100,100,50,100,100,70.3125,60.9375,71.875,100,84.375,70.3125,76.5625,100,95.3125,100,93.75,100,100,100,100,71.875,68.75,100,100,100,90.625,100,51.5625,100,100,50,59.375,26.5625,100,100,100,100,70.3125,100,100,54.6875,100,100,81.25,100,73.4375,100,100,100,100,90.625,100,60.9375,100,100,100,67.1875,100,46.875,93.75,62.5,100,100,51.5625,100,96.875,82.8125,37.5,100,100,43.75,10.9375,100,51.5625,100,100,100,75,100,96.875,100,100,93.75,100,35.9375,53.125,84.375,100,81.25,98.4375,100,100,46.875,95.3125,64.0625,57.8125,100,100,93.75,81.25,100,100,100,84.375,79.6875,100,100,54.6875,59.375,92.1875,100,100,82.8125,60.9375,100,100,100,81.25,98.4375,81.25,43.75,100,100,96.875,100,100,93.75,17.1875,100,89.0625,17.1875,42.1875,100,100,40.625,46.875,79.6875,100,100,100,100,76.5625,78.125,25,84.375,100,90.625,100,62.5,100,57.8125,79.6875,71.875,100,57.8125,100,90.625,79.6875,81.25,100,84.375,54.6875,100,100,100,100,43.75,45.3125,100,100,50,100,100,73.4375,100,100,100,56.25,93.75,56.25,100,100,67.1875,100,100,100,100,100,59.375,100,76.5625,59.375,100,100,62.5,100,100,68.75,100,100,100,93.75,100,93.75,78.125,93.75,100,100,62.5,100,100,51.5625,100,87.5,100,93.75,85.9375,100,100,89.0625,100,32.8125,73.4375,39.0625,79.6875,62.5,100,100,100,85.9375,92.1875,90.625,100,64.0625,56.25,35.9375,100,100,100,100,82.8125,73.4375,100,87.5,100,73.4375,84.375,68.75,100,85.9375,28.125,89.0625,73.4375,98.4375,23.4375,96.875,85.9375,100,46.875,26.5625,100,95.3125,100,100,45.3125,100,100,59.375,100,75,100,76.5625,98.4375,76.5625,87.5,53.125,100,100,100,62.5,100,100,89.0625,100,100,70.3125,87.5,100,100,21.875,100,59.375,100,100,60.9375,100,45.3125,100,79.6875,56.25,100,50,59.375,85.9375,100,17.1875,70.3125,100,100,100,100,71.875,100,20.3125,100,53.125,100,100,100,100,84.375,43.75,100,100,48.4375,68.75,100,100,100,100,100,31.25,100,51.5625,100,100,100,81.25,100,100,98.4375,100,34.375,78.125,59.375,56.25,53.125,100,100,100,92.1875,100,100,100,100,62.5,100,100,100,100,21.875,84.375,100,100,100,100,100,90.625,100,68.75,78.125,100,85.9375,100,100,100,100,100,100,1.5625,100,7.8125,35.9375,100,82.8125,100,100,100,89.0625,100,100,26.5625,85.9375,100,100,68.75,100,100,85.9375,64.0625,100,100,85.9375,42.1875,100,60.9375,100,100,100,73.4375,100,56.25,64.0625,100,100,79.6875,100,100,60.9375,100,100,87.5,100,100,100,89.0625,100,81.25,26.5625,76.5625,100,100,60.9375,100,6.25,62.5,75,100,100,78.125,59.375,100,95.3125,75,100,75,100,96.875,57.8125,100,65.625,25,100,93.75,100,60.9375,100,98.4375,100,96.875,100,100,31.25,48.4375,100,100,35.9375,62.5,100,100,67.1875,81.25,100,81.25,28.125,42.1875,76.5625,100,100,100,100,100,62.5,39.0625,100,64.0625,100,100,100,75,68.75,100,54.6875,100,100,51.5625,92.1875,54.6875,100,70.3125,90.625,92.1875,82.8125,43.75,59.375,100,100,95.3125,92.1875,100,100
"6136",89.0625,100,42.1875,100,100,40.625,95.3125,59.375,34.375,98.4375,56.25,100,100,100,90.625,76.5625,100,78.125,98.4375,100,96.875,100,100,100,75,100,100,93.75,90.625,100,100,100,100,84.375,100,46.875,79.6875,100,100,100,89.0625,62.5,89.0625,100,100,100,100,100,68.75,79.6875,75,100,100,68.75,73.4375,100,9.375,100,100,45.3125,84.375,54.6875,98.4375,64.0625,100,100,45.3125,100,59.375,100,54.6875,75,14.0625,90.625,59.375,100,100,100,50,100,67.1875,100,87.5,70.3125,65.625,100,100,25,100,100,57.8125,89.0625,100,48.4375,84.375,96.875,100,64.0625,100,100,95.3125,100,100,70.3125,10.9375,35.9375,96.875,100,85.9375,100,64.0625,82.8125,100,100,40.625,100,100,100,100,100,79.6875,100,100,78.125,28.125,39.0625,100,18.75,100,100,100,100,100,100,100,65.625,56.25,78.125,100,100,100,79.6875,45.3125,42.1875,57.8125,100,93.75,100,35.9375,84.375,32.8125,28.125,79.6875,93.75,96.875,93.75,37.5,100,100,100,100,100,84.375,100,89.0625,51.5625,46.875,87.5,21.875,100,100,76.5625,100,100,100,100,82.8125,90.625,100,100,100,26.5625,98.4375,100,90.625,100,45.3125,100,42.1875,96.875,100,42.1875,87.5,100,92.1875,100,71.875,70.3125,100,100,35.9375,31.25,95.3125,100,100,100,100,12.5,82.8125,100,65.625,100,100,100,84.375,78.125,37.5,92.1875,100,100,100,75,93.75,100,100,56.25,42.1875,98.4375,90.625,100,100,82.8125,29.6875,100,100,100,89.0625,59.375,100,100,100,100,100,17.1875,100,39.0625,100,84.375,100,100,100,76.5625,84.375,100,100,96.875,100,100,100,100,98.4375,98.4375,34.375,100,100,100,100,100,18.75,100,40.625,100,100,71.875,76.5625,53.125,48.4375,100,73.4375,98.4375,79.6875,45.3125,37.5,100,100,100,48.4375,100,100,93.75,81.25,100,65.625,56.25,100,100,100,89.0625,62.5,75,45.3125,100,95.3125,71.875,100,89.0625,95.3125,48.4375,100,100,100,100,45.3125,100,87.5,95.3125,100,100,17.1875,59.375,89.0625,100,50,100,76.5625,65.625,95.3125,96.875,100,92.1875,100,100,70.3125,100,100,40.625,100,87.5,100,100,100,84.375,37.5,90.625,64.0625,62.5,40.625,100,96.875,71.875,100,79.6875,100,100,34.375,100,57.8125,79.6875,26.5625,90.625,81.25,82.8125,100,100,81.25,50,29.6875,87.5,98.4375,100,100,100,93.75,70.3125,79.6875,100,90.625,92.1875,67.1875,100,85.9375,100,100,100,100,100,93.75,100,64.0625,92.1875,100,100,100,100,100,81.25,100,51.5625,100,17.1875,100,78.125,100,100,100,100,57.8125,100,79.6875,93.75,89.0625,89.0625,84.375,78.125,100,79.6875,35.9375,53.125,100,76.5625,65.625,100,100,100,100,23.4375,32.8125,100,95.3125,100,82.8125,100,85.9375,100,75,100,67.1875,100,100,100,100,93.75,100,100,100,100,100,100,84.375,90.625,92.1875,100,100,100,82.8125,71.875,100,84.375,100,100,76.5625,73.4375,68.75,100,51.5625,57.8125,100,82.8125,100,81.25,71.875,57.8125,87.5,100,100,67.1875,100,100,100,100,82.8125,100,100,62.5,82.8125,100,48.4375,100,67.1875,100,100,79.6875,78.125,100,64.0625,100,100,100,57.8125,71.875,79.6875,100,100,100,92.1875,79.6875,71.875,84.375,100,100,65.625,71.875,68.75,100,100,100,100,100,100,100,100,100,100,64.0625,37.5,93.75,100,100,48.4375,100,37.5,100,87.5,92.1875,85.9375,68.75,100,73.4375,79.6875,100,100,56.25,100,35.9375,51.5625,100,85.9375,100,100,70.3125,57.8125,100,100,100,96.875,43.75,71.875,100,70.3125,100,100,71.875,71.875,15.625,100,100,32.8125,100,100,100,60.9375,100,67.1875,100,48.4375,79.6875,100,60.9375,100,100,100,100,100,100,100,100,98.4375,65.625,100,67.1875,100,62.5,100,76.5625,100,100,92.1875,100,73.4375,95.3125,100,100,100,84.375,56.25,100,73.4375,59.375,100,64.0625,100,100,78.125,100,100,100,87.5,57.8125,100,100,100,100,100,60.9375,78.125,85.9375,100,100,100,100,89.0625,50,37.5,100,100,100,100,79.6875,100,100,90.625,100,51.5625,96.875,71.875,59.375,85.9375,100,90.625,96.875,100,92.1875,90.625,100,42.1875,28.125,85.9375,62.5,32.8125,100,100,100,100,100,100,56.25,100,85.9375,46.875,59.375,79.6875,57.8125,76.5625,67.1875,76.5625,82.8125,95.3125,96.875,78.125,100,42.1875,92.1875,95.3125,45.3125,96.875,100,100,100,100,100,100,73.4375,53.125,45.3125,68.75,100,100,75,54.6875,73.4375,46.875,100,48.4375,100,100,100,100,100,100,54.6875,100,76.5625,78.125,73.4375,100,81.25,62.5,100,100,100,64.0625,100,100,100,79.6875,100,100,100,100,100,82.8125,100,100,100,100,89.0625,100,100,100,84.375,100,100,68.75,100,100,100,48.4375,100,100,35.9375,89.0625,100,100,39.0625,56.25,95.3125,100,68.75,81.25,100,100,100,75,59.375,56.25,92.1875,31.25,100,93.75,48.4375,59.375,78.125,70.3125,4.6875,100,100,59.375,39.0625,100,9.375,84.375,100,100,100,100,100,78.125,100,100,92.1875,60.9375,100,39.0625,45.3125,78.125,100,68.75,100,100,100,100,56.25,100,78.125,100,51.5625,67.1875,100,100,17.1875,76.5625,100,15.625,87.5,76.5625,100,40.625,92.1875,100,100,75,100,100,100,100,100,100,95.3125,62.5,100,100,81.25,98.4375,100,42.1875,31.25,100,70.3125,76.5625,79.6875,42.1875,100,95.3125,93.75,73.4375,100,100,100,81.25,64.0625,100,100,100,68.75,100,76.5625,48.4375,100,100,100,76.5625,100,100,100,90.625,92.1875,54.6875,100,100,100,100,100,100,100,100,67.1875,37.5,100,70.3125,100,82.8125,67.1875,57.8125,76.5625,100,7.8125,100,15.625,57.8125,100,59.375,100,62.5,82.8125,100,96.875,84.375,57.8125,100,54.6875,71.875,26.5625,100,100,100,98.4375,100,51.5625,100,100,100,100,100,65.625,100,79.6875,100,79.6875,100,100,51.5625,100,67.1875,70.3125,100,100,35.9375,100,78.125,100,84.375,95.3125,71.875,76.5625,100,100,71.875,79.6875,82.8125,84.375,78.125,100,75,100,32.8125,100,100,50,92.1875,100,39.0625,68.75,92.1875,100,100,71.875,100,100,96.875,100,48.4375,100,93.75,100,100,100,100,100,100,100,100,57.8125,34.375,90.625,100,60.9375,73.4375,70.3125,100,100,100,100,87.5,57.8125,29.6875,100,40.625,89.0625,71.875,70.3125,100,89.0625,100,100,100,100,100,100,100,100,100,100,4.6875,87.5,51.5625,100,95.3125,85.9375,95.3125,62.5,67.1875,100,100,96.875,100,84.375,100,64.0625,32.8125,68.75,100,100,100,89.0625,100,100,85.9375,40.625,100,93.75,82.8125,100,78.125,100,96.875,100,100,100,100,100,82.8125,100,100,100,76.5625,100,68.75,100,100,100,100,100,100,100,81.25,100,78.125,100,100,100,100,100,100,85.9375,100,87.5,98.4375,90.625,100,100,100,100,40.625,57.8125,100,79.6875,75,100,95.3125,75,48.4375,100,60.9375,100,40.625,73.4375,100,60.9375,100,92.1875,65.625,100,100,42.1875,100,100,87.5,100,100,53.125,76.5625,100,100,20.3125,85.9375,15.625,100,100,67.1875,100,100,100,100,100,100,84.375,85.9375,64.0625,100,92.1875,93.75,100,87.5,100,82.8125,100,100,100,100,100,75,100,100,93.75,71.875,100,82.8125,62.5,100,82.8125,100,51.5625,100,100,100,100,100,48.4375,100,73.4375,100,100,100,60.9375,100,100,67.1875,65.625,100,93.75,100,87.5,100,98.4375,84.375,75,98.4375,57.8125,100,100,100,100,43.75,100,40.625,100,100,100,100,100,100,100,100,71.875,93.75,100,100,64.0625,100,96.875,100,75,75,100,100,100,85.9375,93.75,100,65.625,76.5625,100,96.875,100,100,87.5,39.0625,100,37.5,51.5625,76.5625,100,68.75,100,100,100,100,87.5,51.5625,100,93.75,35.9375,100,100,100,81.25,100,100,100,100,100,100,100,70.3125,95.3125,50,100,76.5625,100,81.25,100,73.4375,95.3125,79.6875,100,100,54.6875,100,100,56.25,100,100,100,100,100,42.1875,100,60.9375,79.6875,100,100,100,100,28.125,73.4375,100,100,100,89.0625,34.375,100,39.0625,100,100,65.625,100,68.75,67.1875,100,73.4375,100,100,100,68.75,100,100,85.9375,57.8125,87.5,71.875,100,100,79.6875,82.8125,89.0625,67.1875,62.5,48.4375,100,100,65.625,71.875,100,81.25,62.5,100,53.125,84.375,100,100,100,100,100,100,100,75,100,100,100,93.75,100,84.375,100,85.9375,78.125,100,100,87.5,100,92.1875,100,59.375,100,100,62.5,62.5,100,70.3125,98.4375,95.3125,100,89.0625,100,100,100,100,90.625,56.25,57.8125,100,100,23.4375,100,42.1875,100,54.6875,67.1875,53.125,85.9375,68.75,57.8125,100,42.1875,60.9375,75,60.9375,43.75,100,100,76.5625,59.375,60.9375,54.6875,67.1875,84.375,96.875,100,89.0625,100,51.5625,100,75,100,60.9375,100,65.625,100,100,100,85.9375,100,100,93.75,92.1875,100,100,100,67.1875,37.5,100,100,100,100,100,73.4375,100,100,57.8125,62.5,100,100,100,100,100,100,100,100,59.375,48.4375,78.125,45.3125,93.75,100,100,100,76.5625,100,100,93.75,40.625,100,18.75,71.875,71.875,98.4375,100,65.625,100,98.4375,64.0625,100,100,100,87.5,100,100,92.1875,100,87.5,100,95.3125,100,100,100,89.0625,100,100,100,90.625,65.625,87.5,100,100,81.25,100,100,100,100,68.75,73.4375,100,92.1875,100,23.4375,90.625,68.75,100,100,76.5625,100,100,100,59.375,92.1875,100,89.0625,78.125,76.5625,98.4375,100,100,100,96.875,79.6875,100,100,100,100,42.1875,48.4375,67.1875,100,62.5,100,100,60.9375,100,100,100,100,98.4375,100,89.0625,100,100,92.1875,100,100,100,100,96.875,100,100,100,87.5,100,71.875,100,87.5,100,100,100,95.3125,71.875,100,89.0625,21.875,100,39.0625,100,100,100,100,51.5625,100,100,50,100,100,60.9375,82.8125,76.5625,100,73.4375,100,62.5,98.4375,76.5625,100,100,98.4375,100,100,100,60.9375,100,100,100,100,100,85.9375,100,76.5625,65.625,78.125,53.125,71.875,15.625,62.5,56.25,100,100,100,100,90.625,100,87.5,85.9375,92.1875,70.3125,100,67.1875,78.125,100,100,64.0625,87.5,100,89.0625,100,53.125,43.75,100,100,95.3125,100,26.5625,79.6875,100,92.1875,100,100,100,100,100,75,100,62.5,84.375,100,100,100,100,100,87.5,23.4375,100,100,100,87.5,100,59.375,100,100,98.4375,82.8125,100,85.9375,100,100,84.375,71.875,100,62.5,100,100,71.875,100,100,85.9375,68.75,100,92.1875,100,23.4375,100,100,100,76.5625,60.9375,100,95.3125,100,100,89.0625,100,100,85.9375,76.5625,65.625,100,100,87.5,100,98.4375,100,100,100,18.75,96.875,100,54.6875,56.25,100,95.3125,32.8125,100,62.5,87.5,100,92.1875,100,95.3125,100,42.1875,18.75,100,100,100,100,100,100,100,100,100,100,15.625,100,100,100,100,96.875,100,100,98.4375,100,100,93.75,100,68.75,93.75,40.625,100,20.3125,100,90.625,100,98.4375,100,100,18.75,46.875,100,100,100,70.3125,75,100,90.625,68.75,100,48.4375,59.375,62.5,98.4375,82.8125,100,100,100,100,100,84.375,87.5,100,100,100,100,85.9375,98.4375,100,100,100,100,100,89.0625,100,17.1875,85.9375,100,100,82.8125,57.8125,100,76.5625,100,43.75,53.125,92.1875,100,57.8125,100,100,100,100,100,100,79.6875,59.375,78.125,100,34.375,84.375,60.9375,100,100,100,100,87.5,87.5,100,71.875,100,100,50,68.75,100,18.75,100,95.3125,100,100,75,100,100,100,62.5,87.5,100,90.625,100,100,95.3125,10.9375,42.1875,57.8125,59.375,62.5,76.5625,100,53.125,81.25,93.75,56.25,100,75,100,100,100,100,43.75,70.3125,100,90.625,100,81.25,32.8125,100,100,71.875,100,71.875,64.0625,100,57.8125,100,89.0625,95.3125,75,100,43.75,85.9375,100,89.0625,100,81.25,100,39.0625,100,92.1875,100,100,98.4375,21.875,50,100,100,81.25,100,100,100,100,100,81.25,100,84.375,81.25,100,48.4375,100,85.9375,21.875,71.875,90.625,79.6875,42.1875,100,90.625,100,40.625,35.9375,100,60.9375,75,100,31.25,100,100,100,82.8125,100,85.9375,100,100,82.8125,100,92.1875,56.25,32.8125,100,68.75,100,100,92.1875,71.875,100,54.6875,31.25,100,100,79.6875,60.9375,89.0625,100,71.875,84.375,92.1875,95.3125,40.625,100,98.4375,100,100,75,71.875,100,100,100,100,42.1875,100,100,100,100,85.9375,100,100,100,100,100,57.8125,100,62.5,78.125,100,95.3125,78.125,100,20.3125,100,100,87.5,100,100,100,84.375,56.25,81.25,100,90.625,100,100,100,100,100,73.4375,43.75,53.125,100,100,100,100,100,60.9375,92.1875,100,100,45.3125,84.375,100,89.0625,90.625,67.1875,100,100,100,100,100,89.0625,100,100,81.25,100,76.5625,73.4375,100,100,95.3125,96.875,62.5,100,100,67.1875,100,98.4375,67.1875,100,100,29.6875,75,79.6875,90.625,100,87.5,43.75,59.375,65.625,100,96.875,100,100,100,32.8125,100,95.3125,100,100,92.1875,100,100,65.625,100,76.5625,100,100,50,89.0625,100,6.25,23.4375,100,9.375,100,100,100,98.4375,92.1875,100,100,100,71.875,78.125,100,100,26.5625,100,100,100,78.125,100,100,84.375,100,100,50,100,85.9375,100,100,100,100,73.4375,81.25,100,98.4375,81.25,100,100,62.5,100,82.8125,100,51.5625,100,100,57.8125,100,64.0625,96.875,78.125,90.625,71.875,70.3125,100,100,100,85.9375,100,100,82.8125,100,98.4375,92.1875,51.5625,62.5,100,100,90.625,100,89.0625,78.125,100,87.5,60.9375,100,78.125,100,100,48.4375,100,89.0625,98.4375,28.125,45.3125,76.5625,100,100,100,60.9375,60.9375,25,78.125,100,100,100,59.375,100,95.3125,64.0625,4.6875,100,85.9375,81.25,98.4375,70.3125,100,90.625,100,100,71.875,96.875,21.875,51.5625,71.875,71.875,39.0625,100,84.375,100,100,75,81.25,93.75,57.8125,100,100,75,56.25,67.1875,100,100,17.1875,100,100,65.625,76.5625,76.5625,93.75,100,100,23.4375,62.5,87.5,100,81.25,100,100,93.75,57.8125,64.0625,100,100,100,100,95.3125,100,100,93.75,78.125,64.0625,100,100,62.5,53.125,100,98.4375,100,100,81.25,100,100,35.9375,100,54.6875,100,100,90.625,100,62.5,37.5,95.3125,100,57.8125,40.625,100,81.25,100,100,73.4375,64.0625,100,68.75,90.625,100,67.1875,65.625,78.125,31.25,75,100,92.1875,100,46.875,92.1875,100,100,100,87.5,100,53.125,4.6875,100,73.4375,53.125,100,78.125,100,75,100,20.3125,95.3125,54.6875,95.3125,100,100,70.3125,84.375,75,78.125,85.9375,100,100,100,100,100,89.0625,98.4375,81.25,100,96.875,100,100,81.25,65.625,100,67.1875,100,100,100,100,100,100,59.375,42.1875,100,100,100,100,65.625,87.5,100,100,100,60.9375,100,100,95.3125,100,84.375,100,34.375,100,40.625,100,100,100,100,100,92.1875,100,18.75,100,100,92.1875,100,85.9375,95.3125,100,100,100,67.1875,59.375,79.6875,100,100,100,34.375,82.8125,100,100,100,100,48.4375,100,100,59.375,62.5,100,85.9375,23.4375,100,62.5,100,100,65.625,87.5,100,100,71.875,100,100,100,76.5625,100,29.6875,85.9375,100,100,100,100,100,100,96.875,100,70.3125,96.875,93.75,67.1875,64.0625,67.1875,100,25,100,100,57.8125,54.6875,100,100,89.0625,100,71.875,89.0625,100,100,100,85.9375,81.25,90.625,100,84.375,100,42.1875,100,100,81.25,70.3125,81.25,100,100,100,98.4375,100,100,82.8125,100,100,59.375,76.5625,100,100,79.6875,100,100,100,100,100,100,100,96.875,100,100,100,68.75,78.125,85.9375,62.5,100,100,65.625,100,100,60.9375,100,100,92.1875,100,100,92.1875,100,56.25,71.875,57.8125,100,45.3125,76.5625,68.75,100,100,100,100,81.25,95.3125,100,95.3125,73.4375,100,87.5,100,100,100,100,100,48.4375,100,100,70.3125,57.8125,96.875,100,98.4375,87.5,65.625,100,67.1875,100,90.625,95.3125,100,100,100,76.5625,39.0625,100,100,100,90.625,100,50,100,100,100,60.9375,100,100,100,100,100,60.9375,100,100,79.6875,100,100,35.9375,100,73.4375,100,100,100,100,84.375,100,64.0625,100,100,100,51.5625,100,100,70.3125,62.5,100,96.875,53.125,100,81.25,82.8125,42.1875,100,100,39.0625,20.3125,95.3125,60.9375,100,100,100,71.875,100,93.75,100,100,100,100,37.5,100,100,100,79.6875,95.3125,100,100,39.0625,96.875,64.0625,64.0625,100,100,100,100,100,100,100,70.3125,79.6875,100,100,65.625,60.9375,92.1875,89.0625,100,85.9375,100,100,71.875,100,70.3125,100,81.25,100,100,100,96.875,23.4375,100,95.3125,68.75,96.875,87.5,26.5625,46.875,100,100,100,45.3125,92.1875,100,100,100,100,73.4375,78.125,37.5,84.375,100,100,100,62.5,100,100,82.8125,70.3125,100,57.8125,100,100,79.6875,78.125,100,81.25,54.6875,92.1875,100,100,100,45.3125,43.75,100,90.625,51.5625,100,100,67.1875,100,76.5625,34.375,62.5,92.1875,56.25,100,100,95.3125,71.875,100,100,100,100,59.375,100,73.4375,57.8125,100,100,73.4375,100,100,59.375,100,100,90.625,96.875,100,98.4375,81.25,100,100,100,60.9375,57.8125,100,65.625,100,85.9375,100,53.125,85.9375,100,100,81.25,100,35.9375,71.875,39.0625,70.3125,65.625,100,100,100,100,26.5625,100,100,93.75,56.25,37.5,100,100,100,100,78.125,67.1875,100,93.75,100,84.375,87.5,71.875,100,84.375,21.875,100,73.4375,100,21.875,96.875,65.625,100,48.4375,10.9375,100,100,100,100,46.875,100,100,59.375,100,67.1875,100,79.6875,98.4375,75,85.9375,53.125,100,100,100,87.5,100,100,89.0625,100,100,70.3125,85.9375,100,100,21.875,100,59.375,100,100,60.9375,100,45.3125,100,79.6875,75,100,48.4375,100,87.5,100,17.1875,85.9375,100,100,100,100,70.3125,100,39.0625,100,53.125,100,100,100,100,85.9375,42.1875,100,100,48.4375,68.75,100,100,100,100,100,23.4375,100,57.8125,100,100,100,85.9375,100,96.875,100,100,95.3125,71.875,50,56.25,53.125,100,100,90.625,100,100,100,100,89.0625,73.4375,100,100,90.625,100,84.375,85.9375,100,96.875,100,50,100,89.0625,100,100,65.625,100,87.5,100,100,100,100,100,100,1.5625,100,57.8125,31.25,48.4375,89.0625,100,100,100,87.5,100,100,39.0625,82.8125,100,100,100,100,93.75,84.375,100,100,100,100,48.4375,100,62.5,57.8125,100,100,73.4375,98.4375,57.8125,64.0625,100,100,84.375,100,100,59.375,100,100,73.4375,100,100,100,89.0625,100,60.9375,28.125,100,100,100,60.9375,42.1875,98.4375,62.5,71.875,100,73.4375,67.1875,92.1875,100,100,73.4375,100,76.5625,100,85.9375,57.8125,100,71.875,35.9375,82.8125,100,100,34.375,65.625,100,100,96.875,100,100,76.5625,48.4375,100,92.1875,28.125,65.625,100,100,71.875,76.5625,100,79.6875,31.25,62.5,85.9375,100,100,100,100,100,59.375,39.0625,100,85.9375,100,100,100,100,73.4375,100,54.6875,92.1875,100,53.125,100,57.8125,100,70.3125,73.4375,70.3125,100,67.1875,59.375,100,100,100,70.3125,100,100
"6137",89.0625,100,43.75,100,100,62.5,95.3125,75,31.25,98.4375,53.125,100,100,100,100,78.125,100,75,100,100,95.3125,100,100,100,78.125,100,100,78.125,85.9375,100,100,96.875,100,100,100,40.625,82.8125,100,100,100,95.3125,64.0625,87.5,100,100,100,100,100,64.0625,82.8125,75,100,100,68.75,82.8125,100,7.8125,100,100,43.75,85.9375,100,98.4375,100,100,100,53.125,100,78.125,100,54.6875,60.9375,100,100,70.3125,85.9375,100,100,50,100,78.125,67.1875,84.375,73.4375,68.75,100,43.75,28.125,100,100,56.25,89.0625,100,48.4375,87.5,93.75,100,64.0625,100,100,87.5,100,100,71.875,14.0625,46.875,87.5,68.75,85.9375,100,64.0625,100,100,100,40.625,100,100,100,100,100,79.6875,100,87.5,75,89.0625,50,100,18.75,100,15.625,100,100,100,100,100,67.1875,51.5625,78.125,100,100,100,100,73.4375,50,100,100,98.4375,23.4375,60.9375,82.8125,46.875,39.0625,79.6875,92.1875,98.4375,93.75,39.0625,100,100,100,100,100,76.5625,100,89.0625,51.5625,76.5625,89.0625,21.875,100,78.125,85.9375,82.8125,100,84.375,100,84.375,100,100,50,100,51.5625,100,100,100,100,43.75,95.3125,60.9375,87.5,100,68.75,87.5,100,90.625,100,100,71.875,100,100,37.5,100,96.875,100,100,100,100,12.5,98.4375,100,65.625,81.25,100,100,81.25,79.6875,96.875,89.0625,100,100,100,75,35.9375,100,100,57.8125,100,100,67.1875,100,100,82.8125,18.75,100,100,100,87.5,60.9375,100,100,100,100,100,54.6875,100,42.1875,100,87.5,100,100,100,78.125,82.8125,90.625,100,96.875,100,100,100,100,98.4375,98.4375,34.375,100,71.875,100,100,100,96.875,100,45.3125,100,100,100,100,67.1875,50,100,78.125,100,56.25,42.1875,21.875,100,100,100,50,98.4375,100,79.6875,79.6875,100,71.875,56.25,100,100,100,84.375,62.5,75,57.8125,100,71.875,65.625,100,89.0625,96.875,60.9375,100,100,100,100,45.3125,100,100,95.3125,100,100,21.875,57.8125,89.0625,100,50,100,79.6875,100,100,96.875,100,100,100,100,76.5625,100,100,39.0625,100,87.5,96.875,100,100,84.375,39.0625,39.0625,67.1875,68.75,40.625,100,85.9375,62.5,100,76.5625,100,100,43.75,100,76.5625,45.3125,26.5625,100,76.5625,79.6875,100,100,82.8125,45.3125,29.6875,100,98.4375,100,100,100,93.75,79.6875,71.875,100,98.4375,92.1875,93.75,100,82.8125,100,90.625,100,100,100,100,100,62.5,87.5,100,100,100,100,100,81.25,100,51.5625,100,59.375,100,75,100,100,100,100,57.8125,89.0625,70.3125,60.9375,89.0625,84.375,64.0625,100,100,96.875,39.0625,48.4375,100,76.5625,23.4375,100,100,100,100,39.0625,45.3125,100,95.3125,100,82.8125,100,84.375,100,82.8125,100,48.4375,100,100,100,100,93.75,100,100,100,100,100,100,85.9375,90.625,89.0625,100,100,100,85.9375,32.8125,100,87.5,79.6875,100,76.5625,73.4375,64.0625,100,87.5,59.375,100,100,100,73.4375,57.8125,57.8125,76.5625,100,100,71.875,100,100,100,73.4375,100,100,59.375,68.75,82.8125,100,50,100,67.1875,57.8125,100,79.6875,79.6875,100,65.625,100,100,100,57.8125,76.5625,53.125,100,100,100,89.0625,82.8125,100,84.375,100,100,64.0625,75,68.75,100,51.5625,100,85.9375,100,100,100,100,100,59.375,57.8125,37.5,95.3125,100,96.875,46.875,100,35.9375,100,96.875,92.1875,84.375,68.75,100,76.5625,78.125,92.1875,90.625,57.8125,100,35.9375,48.4375,100,84.375,100,100,70.3125,100,100,100,100,100,45.3125,76.5625,100,67.1875,100,45.3125,71.875,98.4375,100,100,100,31.25,73.4375,100,100,78.125,84.375,57.8125,100,50,67.1875,100,64.0625,100,100,100,100,100,85.9375,89.0625,95.3125,18.75,71.875,100,65.625,100,71.875,100,100,100,71.875,87.5,28.125,76.5625,95.3125,100,100,100,100,54.6875,100,100,46.875,100,100,100,100,75,100,100,100,100,100,100,100,100,100,100,78.125,100,87.5,100,93.75,100,95.3125,92.1875,100,100,100,100,100,100,87.5,100,100,90.625,100,51.5625,96.875,70.3125,84.375,84.375,100,71.875,100,100,93.75,90.625,100,42.1875,6.25,100,57.8125,28.125,100,100,100,100,100,100,54.6875,100,84.375,43.75,59.375,81.25,46.875,76.5625,67.1875,78.125,53.125,92.1875,100,82.8125,64.0625,39.0625,93.75,95.3125,46.875,100,100,100,100,100,100,100,75,53.125,45.3125,68.75,100,100,79.6875,54.6875,82.8125,48.4375,100,54.6875,100,100,100,100,100,100,65.625,100,76.5625,89.0625,70.3125,100,93.75,64.0625,100,100,100,62.5,59.375,100,100,78.125,100,100,100,100,100,79.6875,65.625,100,100,100,98.4375,100,100,100,98.4375,100,100,68.75,100,87.5,100,59.375,100,100,35.9375,87.5,100,87.5,37.5,60.9375,100,100,70.3125,93.75,100,100,100,71.875,51.5625,53.125,82.8125,100,100,87.5,50,60.9375,92.1875,68.75,6.25,100,100,20.3125,40.625,90.625,9.375,84.375,100,100,100,100,100,76.5625,100,100,100,100,100,40.625,45.3125,67.1875,100,73.4375,100,100,100,100,59.375,100,31.25,100,57.8125,73.4375,100,100,79.6875,95.3125,100,100,89.0625,70.3125,100,35.9375,92.1875,100,100,79.6875,100,67.1875,96.875,100,100,100,96.875,62.5,100,100,82.8125,71.875,45.3125,100,31.25,100,68.75,89.0625,79.6875,43.75,100,100,100,79.6875,100,100,100,82.8125,67.1875,100,100,100,67.1875,100,76.5625,48.4375,100,100,100,92.1875,96.875,96.875,100,90.625,98.4375,56.25,100,100,100,100,100,100,85.9375,100,60.9375,39.0625,100,68.75,100,81.25,100,59.375,78.125,100,42.1875,100,100,57.8125,95.3125,59.375,82.8125,85.9375,82.8125,100,96.875,98.4375,64.0625,100,100,71.875,18.75,100,100,100,98.4375,85.9375,40.625,100,100,60.9375,100,100,60.9375,100,81.25,100,79.6875,100,100,53.125,100,84.375,57.8125,89.0625,100,35.9375,100,79.6875,100,87.5,96.875,70.3125,68.75,100,100,68.75,70.3125,95.3125,100,93.75,100,87.5,100,40.625,100,100,50,93.75,100,37.5,100,100,100,100,71.875,100,23.4375,96.875,100,100,100,93.75,100,100,100,84.375,100,100,100,100,70.3125,50,100,100,59.375,40.625,100,98.4375,100,100,100,78.125,62.5,29.6875,100,43.75,95.3125,73.4375,70.3125,100,89.0625,90.625,100,100,100,100,100,68.75,100,100,92.1875,3.125,89.0625,96.875,100,95.3125,62.5,95.3125,64.0625,54.6875,100,93.75,100,100,84.375,100,79.6875,96.875,81.25,90.625,81.25,100,62.5,100,100,85.9375,42.1875,100,87.5,84.375,100,73.4375,100,96.875,93.75,100,100,100,100,82.8125,100,100,100,76.5625,84.375,67.1875,100,100,100,89.0625,100,100,100,79.6875,100,76.5625,68.75,92.1875,100,100,100,87.5,85.9375,100,92.1875,100,93.75,100,100,93.75,100,64.0625,100,100,84.375,76.5625,100,100,70.3125,81.25,100,95.3125,100,100,73.4375,100,57.8125,100,87.5,68.75,100,62.5,42.1875,100,100,96.875,100,100,100,84.375,100,100,60.9375,79.6875,17.1875,100,100,67.1875,100,100,100,100,100,100,100,98.4375,65.625,100,90.625,96.875,96.875,82.8125,100,82.8125,100,100,100,100,100,75,100,100,93.75,51.5625,100,84.375,48.4375,100,75,100,54.6875,100,100,100,100,100,53.125,100,87.5,100,100,100,45.3125,100,100,57.8125,65.625,100,93.75,100,87.5,100,84.375,70.3125,76.5625,100,100,100,90.625,100,100,100,100,42.1875,59.375,100,100,100,100,100,100,100,100,92.1875,100,100,59.375,100,96.875,100,100,75,100,100,100,85.9375,100,100,71.875,87.5,100,96.875,92.1875,100,56.25,17.1875,100,46.875,51.5625,100,100,67.1875,15.625,100,65.625,100,84.375,50,100,87.5,32.8125,100,46.875,81.25,100,100,100,100,100,100,100,82.8125,68.75,96.875,60.9375,100,71.875,100,71.875,100,68.75,95.3125,71.875,100,70.3125,53.125,100,100,64.0625,100,100,100,100,100,43.75,100,12.5,98.4375,100,100,100,100,28.125,73.4375,100,100,100,89.0625,40.625,100,39.0625,100,100,100,100,60.9375,67.1875,100,73.4375,100,89.0625,100,82.8125,100,100,82.8125,57.8125,87.5,71.875,100,100,81.25,70.3125,100,67.1875,60.9375,56.25,100,100,67.1875,87.5,100,81.25,62.5,100,60.9375,87.5,100,100,100,100,100,100,100,73.4375,100,100,100,96.875,100,87.5,100,85.9375,84.375,39.0625,100,62.5,100,96.875,100,87.5,100,100,59.375,62.5,100,100,100,75,100,89.0625,100,100,100,100,85.9375,76.5625,100,100,100,60.9375,100,40.625,100,100,67.1875,54.6875,87.5,53.125,100,100,79.6875,62.5,75,56.25,17.1875,100,100,75,59.375,60.9375,64.0625,68.75,90.625,96.875,100,90.625,100,56.25,65.625,73.4375,56.25,71.875,100,65.625,100,100,100,85.9375,100,100,92.1875,92.1875,100,100,100,73.4375,39.0625,100,100,100,100,100,100,100,59.375,60.9375,68.75,100,57.8125,100,100,98.4375,100,56.25,100,53.125,43.75,79.6875,43.75,95.3125,100,95.3125,100,85.9375,100,100,90.625,40.625,100,100,71.875,68.75,100,100,53.125,100,100,64.0625,100,73.4375,100,79.6875,100,100,92.1875,100,87.5,100,96.875,100,100,100,95.3125,100,100,100,100,64.0625,93.75,100,100,85.9375,100,100,100,100,67.1875,68.75,100,100,100,18.75,93.75,76.5625,100,100,76.5625,100,100,100,100,89.0625,100,93.75,82.8125,75,100,100,100,100,100,100,100,100,100,100,42.1875,45.3125,67.1875,100,65.625,100,100,100,100,100,81.25,100,100,92.1875,89.0625,53.125,100,92.1875,100,100,100,100,95.3125,85.9375,100,100,93.75,100,68.75,100,93.75,100,100,100,92.1875,73.4375,100,85.9375,31.25,100,40.625,100,34.375,100,100,50,100,100,51.5625,100,100,60.9375,100,76.5625,100,76.5625,100,65.625,100,100,100,100,87.5,100,100,98.4375,100,100,100,98.4375,100,100,31.25,100,59.375,65.625,81.25,48.4375,76.5625,29.6875,78.125,57.8125,100,100,100,100,90.625,100,87.5,84.375,92.1875,56.25,100,100,84.375,90.625,100,76.5625,100,100,100,100,56.25,43.75,100,100,100,100,25,78.125,100,82.8125,100,100,98.4375,84.375,100,100,100,100,84.375,100,100,100,100,100,100,100,100,100,100,100,100,59.375,100,54.6875,100,82.8125,100,87.5,100,100,100,71.875,100,71.875,100,100,71.875,100,100,90.625,71.875,100,90.625,100,18.75,100,100,100,76.5625,54.6875,100,68.75,100,100,85.9375,100,40.625,84.375,78.125,64.0625,100,100,87.5,100,98.4375,85.9375,100,100,23.4375,100,100,53.125,56.25,100,95.3125,68.75,100,53.125,87.5,100,100,100,95.3125,100,42.1875,18.75,100,100,100,100,98.4375,100,100,100,100,100,14.0625,59.375,90.625,100,100,93.75,85.9375,100,98.4375,100,100,85.9375,92.1875,68.75,84.375,100,100,100,60.9375,90.625,100,100,100,100,51.5625,60.9375,100,100,100,53.125,67.1875,100,81.25,82.8125,100,48.4375,59.375,62.5,96.875,85.9375,100,100,100,100,100,100,29.6875,100,100,100,100,82.8125,100,100,100,100,100,100,90.625,100,17.1875,87.5,92.1875,100,100,48.4375,100,87.5,62.5,43.75,50,98.4375,100,54.6875,84.375,100,100,100,100,100,75,71.875,78.125,100,34.375,100,62.5,100,100,100,100,87.5,87.5,100,100,100,100,51.5625,68.75,100,17.1875,14.0625,60.9375,100,100,75,100,100,100,39.0625,76.5625,100,81.25,100,100,92.1875,59.375,43.75,26.5625,62.5,64.0625,76.5625,100,54.6875,45.3125,78.125,50,100,70.3125,100,100,95.3125,100,23.4375,67.1875,100,79.6875,81.25,70.3125,32.8125,100,100,75,100,73.4375,64.0625,100,59.375,100,92.1875,85.9375,73.4375,100,100,84.375,100,100,54.6875,78.125,100,35.9375,100,100,100,100,89.0625,98.4375,48.4375,90.625,100,78.125,100,73.4375,96.875,96.875,100,82.8125,100,82.8125,100,100,100,100,64.0625,21.875,79.6875,100,81.25,45.3125,87.5,100,100,26.5625,35.9375,100,71.875,78.125,100,31.25,100,100,100,67.1875,100,54.6875,100,100,84.375,100,92.1875,67.1875,34.375,100,68.75,100,100,92.1875,100,100,56.25,34.375,37.5,100,76.5625,60.9375,89.0625,100,71.875,84.375,95.3125,95.3125,42.1875,100,100,100,100,87.5,64.0625,100,100,100,67.1875,45.3125,100,100,100,100,75,100,100,100,100,100,57.8125,100,59.375,68.75,100,100,51.5625,100,20.3125,100,79.6875,81.25,100,100,100,70.3125,57.8125,81.25,100,90.625,100,100,100,100,100,75,46.875,54.6875,100,100,100,100,7.8125,57.8125,92.1875,100,100,100,96.875,100,92.1875,90.625,70.3125,100,100,100,100,100,85.9375,100,100,59.375,100,76.5625,73.4375,100,100,93.75,92.1875,68.75,100,100,67.1875,100,100,57.8125,100,100,20.3125,75,79.6875,82.8125,100,100,42.1875,59.375,67.1875,100,90.625,95.3125,100,100,37.5,100,95.3125,100,100,93.75,92.1875,100,65.625,100,78.125,100,100,50,100,75,4.6875,23.4375,100,56.25,100,100,68.75,100,79.6875,96.875,100,100,78.125,78.125,100,100,15.625,100,100,100,79.6875,100,98.4375,100,100,100,57.8125,100,71.875,100,93.75,100,100,100,46.875,18.75,75,82.8125,100,100,45.3125,100,89.0625,100,43.75,100,100,53.125,100,70.3125,92.1875,76.5625,93.75,70.3125,76.5625,100,95.3125,100,100,89.0625,100,85.9375,100,100,76.5625,57.8125,65.625,100,100,90.625,100,68.75,79.6875,100,87.5,59.375,100,73.4375,100,100,50,100,90.625,92.1875,37.5,45.3125,89.0625,100,100,100,59.375,62.5,25,73.4375,76.5625,100,100,59.375,100,100,67.1875,4.6875,100,85.9375,81.25,98.4375,64.0625,100,92.1875,100,100,79.6875,93.75,23.4375,51.5625,71.875,67.1875,39.0625,100,78.125,100,100,76.5625,71.875,85.9375,59.375,100,100,85.9375,51.5625,65.625,96.875,100,100,100,89.0625,75,84.375,81.25,79.6875,100,100,50,62.5,85.9375,100,81.25,100,100,93.75,56.25,62.5,98.4375,100,100,100,95.3125,100,100,90.625,73.4375,65.625,100,100,62.5,51.5625,87.5,81.25,100,100,89.0625,100,84.375,35.9375,40.625,90.625,100,100,100,100,78.125,39.0625,100,100,46.875,40.625,65.625,81.25,100,100,73.4375,79.6875,90.625,95.3125,93.75,100,67.1875,65.625,75,100,100,100,100,100,46.875,95.3125,100,100,100,84.375,76.5625,53.125,18.75,100,71.875,57.8125,93.75,79.6875,65.625,79.6875,100,20.3125,93.75,54.6875,85.9375,57.8125,100,67.1875,84.375,89.0625,100,85.9375,34.375,100,100,100,100,85.9375,98.4375,81.25,100,90.625,100,100,81.25,84.375,100,65.625,100,100,100,100,100,100,59.375,42.1875,100,100,100,100,60.9375,100,23.4375,100,100,10.9375,100,100,79.6875,100,81.25,100,35.9375,100,42.1875,100,100,100,71.875,100,87.5,95.3125,89.0625,100,100,92.1875,100,93.75,93.75,100,100,100,70.3125,62.5,79.6875,100,100,100,35.9375,84.375,100,100,100,100,100,100,100,64.0625,56.25,100,82.8125,71.875,100,100,90.625,100,67.1875,87.5,100,100,89.0625,100,35.9375,100,96.875,100,28.125,89.0625,100,100,100,71.875,100,100,100,100,57.8125,100,100,81.25,89.0625,65.625,100,25,100,98.4375,65.625,54.6875,78.125,100,60.9375,100,79.6875,89.0625,100,100,100,87.5,78.125,79.6875,100,87.5,100,42.1875,68.75,100,79.6875,57.8125,82.8125,100,100,100,98.4375,100,100,82.8125,100,100,59.375,78.125,100,100,79.6875,100,100,100,100,100,100,100,92.1875,100,100,82.8125,68.75,76.5625,87.5,59.375,100,100,65.625,100,100,60.9375,100,100,82.8125,100,100,82.8125,100,56.25,68.75,73.4375,100,45.3125,78.125,54.6875,100,100,84.375,100,73.4375,93.75,100,100,73.4375,46.875,82.8125,100,68.75,100,60.9375,100,48.4375,100,100,64.0625,76.5625,100,100,82.8125,100,70.3125,100,71.875,100,100,37.5,100,100,100,73.4375,43.75,100,100,100,90.625,100,53.125,100,100,59.375,59.375,82.8125,100,100,100,100,67.1875,100,100,100,100,100,100,100,71.875,100,100,100,89.0625,93.75,84.375,65.625,100,100,96.875,50,100,100,50,60.9375,100,100,53.125,100,79.6875,78.125,43.75,100,100,39.0625,21.875,100,29.6875,100,100,100,75,84.375,82.8125,100,100,100,100,39.0625,85.9375,100,100,89.0625,93.75,100,100,100,76.5625,64.0625,54.6875,100,100,100,100,100,100,100,90.625,78.125,100,92.1875,100,65.625,92.1875,84.375,98.4375,85.9375,100,89.0625,100,100,70.3125,100,81.25,100,100,100,96.875,37.5,100,92.1875,68.75,51.5625,87.5,17.1875,48.4375,100,64.0625,31.25,45.3125,89.0625,100,100,100,100,81.25,78.125,54.6875,79.6875,100,100,100,68.75,100,100,71.875,48.4375,100,57.8125,100,100,79.6875,79.6875,100,67.1875,54.6875,100,100,95.3125,100,46.875,43.75,100,100,50,100,85.9375,67.1875,100,100,31.25,57.8125,93.75,71.875,100,98.4375,76.5625,78.125,100,100,100,100,59.375,100,73.4375,48.4375,100,100,76.5625,34.375,100,57.8125,100,92.1875,84.375,98.4375,100,95.3125,87.5,67.1875,100,100,64.0625,54.6875,100,64.0625,100,73.4375,100,62.5,85.9375,100,100,82.8125,21.875,35.9375,64.0625,43.75,71.875,67.1875,100,100,62.5,98.4375,100,100,100,60.9375,60.9375,35.9375,100,100,100,100,81.25,68.75,20.3125,87.5,100,76.5625,100,68.75,100,82.8125,34.375,100,84.375,100,21.875,95.3125,68.75,100,43.75,34.375,100,79.6875,100,100,51.5625,100,100,59.375,81.25,76.5625,100,75,79.6875,76.5625,84.375,68.75,100,100,100,53.125,100,100,89.0625,100,85.9375,65.625,85.9375,100,100,21.875,100,59.375,100,100,59.375,100,46.875,100,81.25,89.0625,100,54.6875,100,82.8125,100,17.1875,85.9375,100,100,95.3125,100,71.875,100,25,100,51.5625,100,100,100,81.25,60.9375,42.1875,100,100,48.4375,68.75,100,100,100,100,100,35.9375,100,46.875,100,100,100,84.375,100,75,67.1875,100,92.1875,75,50,56.25,53.125,100,100,100,75,100,100,100,100,73.4375,100,100,100,100,100,82.8125,100,100,100,100,100,100,100,53.125,65.625,100,87.5,100,100,100,100,100,100,1.5625,100,100,26.5625,100,73.4375,100,100,100,100,100,100,100,85.9375,100,100,100,100,92.1875,82.8125,100,92.1875,100,84.375,53.125,100,73.4375,100,100,100,75,100,45.3125,64.0625,100,100,67.1875,100,100,79.6875,100,100,79.6875,100,100,100,89.0625,100,57.8125,29.6875,96.875,100,100,84.375,53.125,92.1875,62.5,100,100,56.25,32.8125,81.25,100,100,73.4375,100,75,100,85.9375,59.375,100,68.75,32.8125,90.625,100,100,46.875,68.75,100,100,96.875,100,93.75,100,48.4375,100,93.75,26.5625,65.625,100,100,56.25,85.9375,100,82.8125,31.25,68.75,45.3125,95.3125,100,100,100,100,62.5,39.0625,100,76.5625,100,100,100,53.125,71.875,100,54.6875,96.875,100,53.125,100,79.6875,96.875,37.5,87.5,73.4375,100,82.8125,100,100,100,100,85.9375,100,100
"6138",87.5,100,32.8125,100,100,43.75,95.3125,93.75,31.25,98.4375,50,100,100,100,100,76.5625,100,76.5625,100,100,95.3125,100,100,100,76.5625,100,100,89.0625,89.0625,100,100,100,68.75,89.0625,100,100,82.8125,100,100,100,85.9375,64.0625,89.0625,100,100,100,81.25,100,65.625,85.9375,75,100,100,68.75,45.3125,100,12.5,100,100,43.75,93.75,100,98.4375,100,100,100,42.1875,100,67.1875,100,56.25,64.0625,18.75,100,79.6875,89.0625,100,100,54.6875,100,75,100,87.5,70.3125,78.125,100,100,26.5625,100,100,68.75,89.0625,100,48.4375,68.75,100,100,62.5,100,100,76.5625,100,100,70.3125,20.3125,51.5625,100,70.3125,85.9375,100,78.125,68.75,85.9375,100,40.625,100,100,100,100,100,68.75,100,100,95.3125,65.625,54.6875,100,18.75,100,100,100,100,100,100,100,65.625,57.8125,78.125,100,100,100,100,46.875,59.375,100,98.4375,95.3125,100,60.9375,76.5625,51.5625,39.0625,87.5,90.625,98.4375,93.75,75,100,100,100,100,100,71.875,100,89.0625,59.375,25,87.5,26.5625,100,84.375,75,100,95.3125,100,100,89.0625,100,100,89.0625,100,42.1875,100,100,100,100,45.3125,100,100,85.9375,98.4375,73.4375,87.5,100,89.0625,100,100,56.25,100,100,37.5,35.9375,96.875,100,100,100,100,21.875,78.125,100,65.625,87.5,100,100,87.5,78.125,9.375,93.75,100,67.1875,100,84.375,37.5,100,100,57.8125,82.8125,100,70.3125,100,100,82.8125,100,100,100,100,87.5,60.9375,100,40.625,100,34.375,100,54.6875,100,42.1875,95.3125,92.1875,100,100,100,78.125,79.6875,95.3125,100,98.4375,100,100,100,100,95.3125,98.4375,34.375,89.0625,75,92.1875,100,100,60.9375,100,42.1875,100,100,100,100,64.0625,51.5625,100,78.125,100,71.875,45.3125,17.1875,100,100,100,50,98.4375,100,92.1875,79.6875,100,70.3125,45.3125,100,64.0625,96.875,84.375,65.625,75,43.75,100,100,68.75,100,84.375,93.75,100,81.25,100,100,100,48.4375,100,100,95.3125,100,100,39.0625,62.5,89.0625,100,50,100,76.5625,100,98.4375,96.875,87.5,90.625,90.625,100,76.5625,100,96.875,39.0625,100,89.0625,100,100,100,82.8125,39.0625,45.3125,65.625,68.75,40.625,100,71.875,65.625,100,79.6875,100,100,60.9375,100,48.4375,78.125,26.5625,87.5,84.375,85.9375,100,100,57.8125,48.4375,39.0625,100,98.4375,100,90.625,100,90.625,48.4375,93.75,100,96.875,85.9375,67.1875,100,85.9375,87.5,53.125,100,100,70.3125,95.3125,100,64.0625,90.625,100,100,100,100,100,79.6875,100,100,82.8125,65.625,100,100,100,100,100,90.625,59.375,100,90.625,92.1875,85.9375,98.4375,71.875,79.6875,100,71.875,39.0625,53.125,100,75,62.5,100,100,100,100,35.9375,53.125,100,95.3125,100,82.8125,100,84.375,100,89.0625,70.3125,64.0625,100,100,100,100,92.1875,100,100,98.4375,100,100,100,100,90.625,89.0625,100,100,100,82.8125,60.9375,100,100,100,100,75,73.4375,68.75,100,39.0625,60.9375,100,87.5,100,75,75,59.375,84.375,100,100,67.1875,100,100,100,100,100,100,100,64.0625,82.8125,100,54.6875,100,67.1875,71.875,100,81.25,78.125,100,60.9375,90.625,100,100,78.125,100,68.75,100,100,100,84.375,60.9375,93.75,84.375,100,100,62.5,67.1875,70.3125,100,100,100,100,100,100,100,75,100,100,59.375,39.0625,93.75,98.4375,100,45.3125,100,37.5,100,93.75,92.1875,84.375,70.3125,100,76.5625,81.25,100,89.0625,57.8125,100,35.9375,87.5,100,68.75,100,100,70.3125,100,100,100,100,100,68.75,100,100,68.75,96.875,100,71.875,100,100,100,98.4375,32.8125,100,100,100,67.1875,67.1875,68.75,100,50,81.25,100,60.9375,100,100,68.75,96.875,34.375,100,100,100,54.6875,65.625,100,65.625,100,59.375,100,100,100,100,85.9375,100,70.3125,95.3125,100,100,100,100,60.9375,81.25,100,20.3125,100,100,100,100,75,100,37.5,100,100,64.0625,100,100,100,100,100,85.9375,100,81.25,100,100,100,73.4375,98.4375,100,90.625,100,100,100,100,78.125,100,100,92.1875,100,51.5625,96.875,70.3125,82.8125,100,100,81.25,100,100,92.1875,90.625,100,42.1875,6.25,84.375,56.25,28.125,100,100,100,100,100,100,57.8125,100,85.9375,43.75,59.375,75,54.6875,76.5625,67.1875,78.125,100,92.1875,79.6875,81.25,62.5,40.625,92.1875,95.3125,43.75,100,100,95.3125,100,100,100,100,76.5625,53.125,45.3125,68.75,100,100,79.6875,75,75,46.875,100,48.4375,100,100,100,100,100,100,62.5,100,79.6875,87.5,68.75,100,100,65.625,100,100,100,64.0625,100,73.4375,100,73.4375,100,100,100,100,100,93.75,68.75,100,25,100,87.5,100,100,100,100,100,100,68.75,100,100,23.4375,60.9375,100,100,35.9375,84.375,100,70.3125,40.625,60.9375,100,100,68.75,93.75,100,100,100,65.625,53.125,59.375,85.9375,100,100,84.375,48.4375,46.875,73.4375,70.3125,4.6875,100,100,100,42.1875,100,9.375,84.375,100,100,100,100,100,87.5,100,100,31.25,79.6875,100,39.0625,51.5625,100,100,78.125,92.1875,100,100,100,57.8125,100,100,100,15.625,76.5625,100,100,26.5625,31.25,100,100,89.0625,79.6875,100,42.1875,93.75,100,100,76.5625,100,56.25,100,100,100,100,95.3125,62.5,100,100,39.0625,79.6875,100,100,35.9375,100,70.3125,84.375,79.6875,85.9375,100,46.875,100,81.25,100,100,100,81.25,64.0625,100,100,100,67.1875,100,76.5625,10.9375,100,100,100,93.75,100,85.9375,100,90.625,100,56.25,100,100,100,100,98.4375,100,40.625,100,67.1875,43.75,100,68.75,100,82.8125,100,60.9375,78.125,100,73.4375,100,95.3125,54.6875,100,65.625,82.8125,82.8125,76.5625,100,98.4375,100,70.3125,100,100,71.875,23.4375,100,100,100,98.4375,100,53.125,100,100,100,100,100,76.5625,100,76.5625,100,79.6875,100,100,54.6875,100,60.9375,57.8125,84.375,100,35.9375,100,100,100,85.9375,98.4375,70.3125,57.8125,73.4375,100,70.3125,62.5,90.625,100,73.4375,82.8125,89.0625,100,39.0625,100,100,64.0625,92.1875,96.875,35.9375,67.1875,93.75,100,100,71.875,100,100,98.4375,100,100,100,93.75,100,100,100,81.25,100,100,100,100,64.0625,45.3125,92.1875,100,59.375,53.125,100,100,100,100,81.25,84.375,100,29.6875,100,42.1875,78.125,71.875,70.3125,100,89.0625,64.0625,100,100,100,100,100,100,100,100,100,4.6875,87.5,29.6875,100,96.875,60.9375,93.75,59.375,67.1875,100,100,100,67.1875,84.375,100,82.8125,100,81.25,90.625,100,100,85.9375,100,100,79.6875,42.1875,100,100,87.5,100,79.6875,100,76.5625,100,100,100,100,100,81.25,100,100,100,78.125,76.5625,67.1875,100,100,100,100,100,100,100,76.5625,100,82.8125,78.125,100,100,100,100,100,87.5,100,87.5,100,93.75,100,100,100,100,39.0625,100,100,84.375,23.4375,100,100,71.875,81.25,100,100,100,100,75,100,59.375,96.875,100,78.125,100,100,42.1875,100,100,84.375,79.6875,100,100,75,100,100,100,57.8125,17.1875,100,100,59.375,100,100,100,100,100,100,100,100,64.0625,100,90.625,79.6875,85.9375,85.9375,100,85.9375,100,100,100,100,100,75,100,100,93.75,53.125,100,89.0625,60.9375,100,82.8125,100,56.25,100,100,100,100,32.8125,100,100,76.5625,100,100,100,65.625,100,100,59.375,65.625,100,93.75,100,89.0625,100,98.4375,51.5625,79.6875,92.1875,100,100,100,100,100,100,100,40.625,14.0625,100,100,100,100,15.625,100,53.125,65.625,100,100,100,92.1875,100,96.875,100,100,75,100,100,100,85.9375,100,100,68.75,75,100,98.4375,100,100,93.75,35.9375,100,90.625,51.5625,100,100,67.1875,90.625,100,100,100,87.5,50,100,90.625,32.8125,100,100,100,26.5625,100,100,100,100,100,100,81.25,71.875,96.875,53.125,100,68.75,100,84.375,92.1875,67.1875,95.3125,79.6875,100,100,54.6875,100,100,62.5,87.5,100,100,100,100,45.3125,100,73.4375,54.6875,100,100,100,100,26.5625,100,100,53.125,100,89.0625,34.375,100,45.3125,100,100,100,100,60.9375,68.75,100,73.4375,100,100,100,82.8125,100,100,82.8125,53.125,87.5,71.875,100,100,78.125,73.4375,85.9375,67.1875,62.5,50,100,100,67.1875,89.0625,100,79.6875,62.5,100,45.3125,92.1875,100,100,100,100,100,100,100,73.4375,100,100,100,100,84.375,85.9375,100,85.9375,79.6875,100,100,59.375,100,100,100,70.3125,100,98.4375,65.625,62.5,100,68.75,100,100,71.875,89.0625,100,100,100,100,87.5,75,100,100,100,89.0625,100,42.1875,90.625,100,65.625,54.6875,89.0625,82.8125,100,98.4375,67.1875,65.625,76.5625,56.25,64.0625,100,100,76.5625,62.5,60.9375,42.1875,76.5625,89.0625,95.3125,100,90.625,100,53.125,100,90.625,64.0625,100,100,57.8125,100,100,100,82.8125,100,100,100,93.75,100,100,96.875,73.4375,39.0625,59.375,100,100,100,100,92.1875,100,100,60.9375,62.5,100,50,100,100,70.3125,100,46.875,100,71.875,100,78.125,53.125,92.1875,100,100,100,82.8125,100,32.8125,78.125,42.1875,87.5,100,73.4375,68.75,100,100,65.625,100,100,100,100,100,100,87.5,31.25,100,92.1875,100,89.0625,100,92.1875,100,100,100,92.1875,100,100,100,9.375,70.3125,79.6875,100,100,81.25,96.875,100,100,100,68.75,78.125,100,95.3125,100,14.0625,87.5,78.125,100,100,100,100,100,90.625,76.5625,92.1875,100,100,82.8125,78.125,100,100,100,100,100,100,100,100,50,100,39.0625,46.875,68.75,100,79.6875,100,100,100,100,100,100,100,100,100,96.875,56.25,100,100,100,100,100,100,93.75,100,100,100,93.75,100,57.8125,100,87.5,100,100,100,90.625,70.3125,100,85.9375,35.9375,100,39.0625,100,100,100,100,76.5625,100,100,45.3125,100,100,57.8125,100,79.6875,100,79.6875,100,59.375,100,100,100,100,79.6875,100,100,100,98.4375,100,100,100,100,100,31.25,100,78.125,76.5625,100,89.0625,82.8125,73.4375,64.0625,57.8125,100,100,100,100,89.0625,100,87.5,93.75,56.25,56.25,100,100,85.9375,100,100,81.25,100,100,100,100,90.625,43.75,85.9375,100,98.4375,100,26.5625,82.8125,100,89.0625,100,100,98.4375,71.875,100,71.875,100,95.3125,84.375,100,100,100,100,96.875,100,18.75,84.375,100,100,100,100,46.875,100,26.5625,98.4375,81.25,100,100,100,100,84.375,71.875,56.25,65.625,100,100,100,100,100,90.625,70.3125,100,89.0625,100,100,100,100,100,76.5625,54.6875,100,95.3125,100,100,85.9375,100,42.1875,84.375,82.8125,62.5,100,100,89.0625,100,96.875,100,100,100,35.9375,100,100,54.6875,56.25,100,95.3125,12.5,100,70.3125,87.5,100,100,100,95.3125,100,42.1875,20.3125,100,100,100,100,100,100,100,100,100,100,12.5,45.3125,100,100,100,79.6875,73.4375,100,95.3125,100,100,82.8125,100,64.0625,100,100,100,21.875,73.4375,93.75,100,100,48.4375,100,60.9375,73.4375,100,100,100,67.1875,73.4375,100,84.375,75,100,51.5625,59.375,62.5,82.8125,79.6875,100,100,100,100,100,78.125,90.625,100,100,100,100,92.1875,98.4375,100,100,100,100,100,89.0625,100,18.75,87.5,100,100,73.4375,70.3125,100,87.5,100,48.4375,48.4375,96.875,100,81.25,92.1875,100,46.875,100,93.75,100,73.4375,76.5625,82.8125,100,32.8125,92.1875,64.0625,87.5,100,100,100,100,85.9375,98.4375,100,100,100,53.125,68.75,100,20.3125,100,57.8125,100,100,75,100,100,100,65.625,71.875,100,79.6875,100,100,100,60.9375,78.125,56.25,65.625,62.5,78.125,100,64.0625,32.8125,90.625,48.4375,100,75,100,100,100,100,23.4375,62.5,96.875,100,100,100,32.8125,87.5,100,70.3125,100,75,65.625,100,57.8125,100,98.4375,100,73.4375,100,56.25,85.9375,100,100,100,79.6875,100,37.5,100,100,100,100,93.75,35.9375,43.75,100,100,84.375,100,76.5625,100,100,100,82.8125,100,79.6875,56.25,100,15.625,100,68.75,23.4375,71.875,100,90.625,39.0625,100,57.8125,100,39.0625,37.5,100,76.5625,79.6875,100,31.25,92.1875,100,100,79.6875,25,85.9375,60.9375,100,85.9375,100,73.4375,59.375,34.375,100,68.75,100,100,89.0625,64.0625,100,56.25,39.0625,100,100,79.6875,60.9375,89.0625,100,71.875,84.375,95.3125,100,40.625,100,76.5625,100,100,60.9375,67.1875,100,100,100,98.4375,46.875,100,100,100,100,100,100,100,100,100,26.5625,70.3125,100,57.8125,68.75,100,100,62.5,100,20.3125,100,84.375,18.75,100,100,100,73.4375,73.4375,81.25,100,89.0625,100,100,100,90.625,100,81.25,46.875,53.125,93.75,100,100,89.0625,100,54.6875,96.875,100,100,84.375,95.3125,100,90.625,87.5,100,100,100,100,100,100,100,100,100,64.0625,100,76.5625,79.6875,100,100,100,87.5,53.125,100,100,67.1875,100,95.3125,64.0625,100,100,28.125,78.125,79.6875,81.25,100,89.0625,43.75,59.375,70.3125,100,100,100,100,100,31.25,100,92.1875,100,100,92.1875,98.4375,95.3125,65.625,100,78.125,100,100,51.5625,100,85.9375,6.25,25,100,9.375,100,100,48.4375,100,92.1875,95.3125,96.875,100,95.3125,100,100,100,100,100,100,100,78.125,100,100,93.75,100,100,65.625,100,84.375,100,92.1875,100,73.4375,100,25,100,100,81.25,100,100,56.25,100,76.5625,100,50,100,100,56.25,100,70.3125,100,82.8125,85.9375,71.875,73.4375,100,100,100,100,93.75,100,76.5625,100,98.4375,34.375,60.9375,67.1875,100,100,90.625,100,56.25,79.6875,100,89.0625,60.9375,100,100,100,100,50,100,100,84.375,51.5625,45.3125,96.875,100,100,100,60.9375,53.125,25,79.6875,100,100,100,59.375,100,42.1875,67.1875,4.6875,100,85.9375,62.5,89.0625,93.75,100,92.1875,100,100,87.5,93.75,23.4375,54.6875,100,71.875,39.0625,100,85.9375,100,100,56.25,70.3125,100,59.375,100,84.375,82.8125,87.5,67.1875,98.4375,100,18.75,100,100,75,64.0625,82.8125,76.5625,100,100,40.625,54.6875,87.5,100,84.375,100,100,96.875,57.8125,62.5,100,100,100,100,93.75,100,100,75,79.6875,64.0625,98.4375,100,62.5,50,87.5,79.6875,100,100,100,100,100,34.375,100,100,100,100,100,85.9375,68.75,39.0625,96.875,100,37.5,40.625,100,81.25,100,64.0625,73.4375,82.8125,100,98.4375,87.5,100,65.625,28.125,71.875,25,100,100,100,100,54.6875,82.8125,82.8125,100,100,87.5,71.875,48.4375,12.5,100,73.4375,56.25,100,76.5625,46.875,81.25,100,32.8125,93.75,54.6875,85.9375,100,100,67.1875,85.9375,100,98.4375,89.0625,100,100,100,100,100,96.875,93.75,100,100,100,100,100,81.25,71.875,100,67.1875,100,100,100,100,100,100,54.6875,42.1875,92.1875,100,100,100,81.25,100,100,100,100,60.9375,90.625,100,92.1875,100,93.75,100,37.5,100,48.4375,100,100,100,100,100,90.625,100,95.3125,100,100,92.1875,100,81.25,98.4375,100,100,100,67.1875,57.8125,90.625,100,100,100,37.5,73.4375,100,100,100,100,100,100,100,40.625,54.6875,100,96.875,100,100,100,90.625,98.4375,68.75,79.6875,100,100,100,95.3125,100,100,89.0625,100,29.6875,81.25,100,100,100,98.4375,100,100,100,100,64.0625,68.75,100,64.0625,82.8125,67.1875,100,26.5625,100,100,60.9375,54.6875,100,100,100,100,92.1875,98.4375,82.8125,100,100,85.9375,79.6875,100,100,85.9375,100,42.1875,100,100,81.25,70.3125,81.25,100,100,100,98.4375,100,100,84.375,100,100,59.375,81.25,100,100,75,100,100,100,100,100,100,96.875,100,100,100,100,68.75,81.25,100,60.9375,100,100,67.1875,100,100,60.9375,100,100,100,100,100,78.125,100,56.25,71.875,57.8125,100,46.875,78.125,64.0625,100,100,100,92.1875,64.0625,98.4375,100,100,73.4375,100,76.5625,100,71.875,100,100,100,48.4375,100,100,68.75,64.0625,45.3125,35.9375,82.8125,98.4375,89.0625,100,46.875,100,100,100,100,100,100,76.5625,70.3125,100,100,100,92.1875,100,53.125,100,100,82.8125,57.8125,100,85.9375,100,100,96.875,51.5625,100,100,50,100,100,81.25,100,70.3125,100,100,100,100,92.1875,100,56.25,100,100,100,45.3125,100,89.0625,100,62.5,100,100,60.9375,100,84.375,82.8125,40.625,100,100,39.0625,10.9375,100,29.6875,100,100,37.5,73.4375,73.4375,85.9375,100,100,100,100,35.9375,57.8125,100,92.1875,84.375,100,100,100,17.1875,95.3125,64.0625,51.5625,100,100,95.3125,100,100,100,100,76.5625,73.4375,100,87.5,85.9375,75,92.1875,98.4375,100,87.5,95.3125,100,100,100,81.25,53.125,81.25,100,100,100,96.875,90.625,96.875,95.3125,70.3125,51.5625,89.0625,45.3125,46.875,100,100,100,45.3125,34.375,100,100,100,100,73.4375,78.125,56.25,76.5625,100,76.5625,100,65.625,100,100,81.25,96.875,51.5625,60.9375,100,100,78.125,79.6875,100,78.125,54.6875,100,100,100,100,51.5625,43.75,100,100,54.6875,100,100,73.4375,100,100,100,60.9375,93.75,78.125,100,100,100,21.875,100,100,98.4375,100,54.6875,100,73.4375,20.3125,100,100,81.25,62.5,100,59.375,100,100,96.875,82.8125,100,100,100,100,100,100,78.125,100,100,62.5,100,78.125,100,62.5,87.5,100,100,76.5625,100,35.9375,68.75,51.5625,45.3125,65.625,100,100,98.4375,100,78.125,100,100,65.625,56.25,35.9375,100,100,100,100,85.9375,73.4375,100,95.3125,100,100,82.8125,71.875,100,84.375,15.625,54.6875,70.3125,100,26.5625,95.3125,71.875,100,45.3125,40.625,100,98.4375,100,100,51.5625,100,100,59.375,100,75,100,78.125,100,75,85.9375,100,100,100,100,68.75,100,100,90.625,100,100,78.125,85.9375,100,100,21.875,100,57.8125,100,100,100,100,46.875,100,79.6875,93.75,100,51.5625,43.75,100,100,17.1875,85.9375,100,100,95.3125,100,76.5625,84.375,21.875,100,53.125,100,100,100,89.0625,100,46.875,100,100,48.4375,68.75,100,100,100,100,100,42.1875,100,50,100,100,100,85.9375,100,76.5625,57.8125,100,92.1875,73.4375,73.4375,59.375,53.125,100,100,100,64.0625,100,100,100,78.125,37.5,100,100,100,100,100,84.375,100,100,100,100,100,100,100,29.6875,67.1875,100,85.9375,100,100,100,100,100,100,1.5625,100,17.1875,28.125,100,76.5625,100,100,100,87.5,100,53.125,93.75,85.9375,100,100,100,100,100,95.3125,100,68.75,64.0625,100,56.25,100,62.5,100,100,95.3125,76.5625,100,57.8125,64.0625,100,100,64.0625,100,100,57.8125,100,100,90.625,100,100,100,89.0625,100,100,32.8125,100,34.375,98.4375,100,56.25,73.4375,62.5,79.6875,64.0625,100,75,100,100,100,76.5625,100,78.125,100,95.3125,57.8125,100,68.75,68.75,43.75,90.625,100,31.25,60.9375,98.4375,100,96.875,78.125,68.75,100,50,100,100,67.1875,70.3125,100,100,62.5,85.9375,100,82.8125,32.8125,64.0625,71.875,18.75,100,100,100,100,59.375,40.625,25,65.625,100,100,100,51.5625,64.0625,100,54.6875,84.375,100,54.6875,89.0625,46.875,84.375,39.0625,67.1875,64.0625,100,40.625,100,100,100,100,76.5625,100,100
"6139",89.0625,100,46.875,73.4375,100,60.9375,95.3125,79.6875,29.6875,98.4375,54.6875,100,100,100,100,76.5625,100,84.375,14.0625,100,96.875,100,100,100,76.5625,100,100,87.5,54.6875,100,100,100,100,84.375,100,100,84.375,100,100,100,85.9375,65.625,75,100,100,100,100,100,68.75,89.0625,75,100,100,68.75,78.125,100,18.75,100,100,40.625,95.3125,100,98.4375,100,100,100,43.75,100,73.4375,100,59.375,68.75,100,100,73.4375,85.9375,100,85.9375,53.125,100,76.5625,100,85.9375,68.75,98.4375,100,100,62.5,100,100,56.25,89.0625,100,48.4375,50,100,100,62.5,100,100,76.5625,100,100,70.3125,18.75,42.1875,100,68.75,85.9375,100,60.9375,75,100,100,40.625,100,100,100,100,100,87.5,100,100,76.5625,100,60.9375,100,18.75,100,100,95.3125,100,96.875,100,100,60.9375,54.6875,78.125,100,93.75,100,96.875,43.75,45.3125,100,100,95.3125,92.1875,60.9375,78.125,59.375,34.375,84.375,90.625,98.4375,95.3125,75,100,100,100,100,100,73.4375,100,89.0625,60.9375,100,89.0625,34.375,100,100,76.5625,100,100,100,100,89.0625,100,100,100,100,28.125,100,100,100,100,48.4375,100,100,85.9375,100,39.0625,87.5,100,87.5,100,87.5,62.5,100,100,34.375,100,100,100,100,100,82.8125,23.4375,71.875,100,68.75,87.5,100,100,85.9375,78.125,100,50,100,100,100,78.125,51.5625,100,100,57.8125,100,100,65.625,100,100,81.25,53.125,100,100,100,87.5,59.375,100,100,100,100,100,57.8125,100,43.75,100,84.375,100,100,85.9375,54.6875,82.8125,82.8125,100,93.75,100,59.375,100,100,100,96.875,34.375,93.75,81.25,100,100,100,75,100,45.3125,100,92.1875,100,100,71.875,54.6875,100,78.125,100,71.875,48.4375,28.125,100,100,100,50,100,100,87.5,79.6875,96.875,75,40.625,100,95.3125,100,85.9375,65.625,75,50,100,100,71.875,100,84.375,90.625,29.6875,87.5,100,100,100,53.125,100,100,95.3125,100,84.375,25,57.8125,89.0625,100,50,100,79.6875,100,100,96.875,100,96.875,87.5,98.4375,75,100,100,37.5,100,90.625,100,100,100,84.375,42.1875,45.3125,65.625,68.75,42.1875,100,100,71.875,100,81.25,100,100,65.625,100,37.5,100,26.5625,76.5625,84.375,92.1875,100,100,85.9375,34.375,29.6875,100,98.4375,100,100,100,95.3125,59.375,76.5625,100,93.75,92.1875,68.75,100,85.9375,70.3125,100,100,100,92.1875,93.75,100,62.5,90.625,100,100,100,100,100,76.5625,100,50,81.25,35.9375,100,100,100,100,100,84.375,59.375,100,73.4375,84.375,76.5625,98.4375,92.1875,84.375,100,98.4375,39.0625,51.5625,100,76.5625,18.75,100,100,100,100,35.9375,39.0625,100,95.3125,100,82.8125,100,100,78.125,73.4375,71.875,51.5625,100,100,100,100,89.0625,81.25,87.5,98.4375,100,100,71.875,87.5,90.625,95.3125,100,100,100,85.9375,65.625,100,84.375,100,100,76.5625,70.3125,78.125,100,53.125,64.0625,100,100,100,100,67.1875,62.5,100,100,100,68.75,100,100,100,100,81.25,100,100,62.5,82.8125,100,53.125,100,67.1875,73.4375,100,79.6875,79.6875,100,64.0625,64.0625,100,100,59.375,79.6875,64.0625,100,100,100,90.625,67.1875,100,84.375,100,100,62.5,78.125,68.75,100,100,100,100,100,100,100,100,100,75,59.375,40.625,95.3125,100,100,50,100,35.9375,100,98.4375,92.1875,85.9375,71.875,100,79.6875,84.375,100,87.5,57.8125,100,35.9375,92.1875,100,57.8125,100,100,70.3125,100,100,100,100,100,59.375,100,100,71.875,100,100,71.875,85.9375,100,100,100,32.8125,98.4375,100,100,59.375,93.75,92.1875,100,48.4375,73.4375,100,68.75,100,100,62.5,100,100,100,100,93.75,100,65.625,100,65.625,100,70.3125,100,100,100,100,100,100,71.875,98.4375,100,100,100,87.5,68.75,100,100,23.4375,100,68.75,100,100,75,100,14.0625,100,98.4375,59.375,100,100,100,100,59.375,85.9375,100,87.5,100,95.3125,100,100,93.75,100,100,100,100,100,100,87.5,100,100,100,100,54.6875,96.875,68.75,100,89.0625,100,93.75,100,100,92.1875,90.625,100,42.1875,4.6875,81.25,50,28.125,90.625,100,100,100,100,100,73.4375,100,89.0625,54.6875,59.375,79.6875,51.5625,73.4375,67.1875,76.5625,84.375,92.1875,76.5625,82.8125,71.875,40.625,92.1875,95.3125,46.875,82.8125,100,100,100,100,100,100,75,53.125,45.3125,68.75,100,100,76.5625,100,93.75,46.875,100,46.875,100,100,100,100,100,100,68.75,100,76.5625,90.625,78.125,100,100,73.4375,70.3125,100,100,64.0625,100,100,100,76.5625,100,100,100,100,100,96.875,70.3125,100,100,100,100,100,100,100,100,35.9375,100,68.75,100,81.25,100,45.3125,100,100,35.9375,89.0625,100,73.4375,39.0625,59.375,100,100,60.9375,98.4375,100,100,100,70.3125,100,60.9375,85.9375,100,100,87.5,51.5625,48.4375,67.1875,70.3125,25,100,100,100,42.1875,100,9.375,84.375,100,100,68.75,100,100,78.125,100,100,100,70.3125,100,45.3125,46.875,95.3125,100,65.625,100,100,100,100,56.25,96.875,100,100,82.8125,84.375,100,100,14.0625,100,100,100,89.0625,78.125,100,40.625,93.75,100,100,100,100,54.6875,100,100,100,100,95.3125,62.5,100,100,34.375,57.8125,100,100,37.5,100,70.3125,100,79.6875,42.1875,100,100,100,32.8125,100,100,100,84.375,64.0625,100,100,100,67.1875,100,76.5625,65.625,100,100,100,76.5625,100,78.125,100,92.1875,95.3125,54.6875,100,100,100,100,93.75,100,95.3125,100,67.1875,43.75,100,70.3125,100,84.375,100,60.9375,78.125,100,32.8125,100,100,100,100,62.5,56.25,78.125,89.0625,100,98.4375,100,53.125,100,87.5,71.875,21.875,100,100,100,98.4375,51.5625,46.875,100,100,100,100,100,64.0625,100,78.125,100,78.125,92.1875,100,43.75,100,81.25,59.375,90.625,100,35.9375,100,81.25,100,100,100,70.3125,62.5,96.875,100,70.3125,100,92.1875,100,73.4375,82.8125,70.3125,100,45.3125,100,100,54.6875,93.75,100,46.875,68.75,92.1875,100,100,70.3125,100,100,95.3125,100,100,100,93.75,100,92.1875,100,78.125,100,100,100,100,60.9375,53.125,100,100,59.375,45.3125,100,100,100,100,100,96.875,100,29.6875,100,42.1875,98.4375,70.3125,70.3125,100,87.5,85.9375,100,100,100,95.3125,100,98.4375,100,100,100,59.375,87.5,100,100,92.1875,70.3125,93.75,62.5,57.8125,100,100,100,100,84.375,100,75,100,15.625,100,51.5625,100,46.875,100,100,65.625,43.75,100,73.4375,87.5,100,81.25,100,96.875,100,100,100,100,100,81.25,98.4375,100,81.25,76.5625,87.5,54.6875,100,100,100,100,100,100,100,100,100,79.6875,100,100,100,100,100,100,85.9375,100,89.0625,92.1875,93.75,100,100,100,100,40.625,85.9375,100,81.25,40.625,100,100,81.25,81.25,100,81.25,96.875,100,73.4375,100,62.5,95.3125,98.4375,75,100,100,42.1875,100,100,79.6875,70.3125,100,100,75,100,100,100,65.625,17.1875,100,100,65.625,90.625,100,100,100,100,62.5,100,89.0625,62.5,100,90.625,87.5,100,90.625,100,85.9375,100,100,100,100,100,75,100,100,93.75,51.5625,84.375,84.375,57.8125,100,82.8125,100,100,100,82.8125,100,100,100,100,100,79.6875,100,100,100,100,100,100,57.8125,65.625,100,93.75,100,87.5,100,100,82.8125,76.5625,96.875,100,100,100,100,100,100,100,42.1875,67.1875,100,100,100,100,100,100,40.625,53.125,100,100,100,67.1875,70.3125,96.875,100,100,75,100,100,100,85.9375,100,100,65.625,79.6875,100,98.4375,100,100,87.5,15.625,100,43.75,51.5625,100,76.5625,68.75,92.1875,100,100,100,73.4375,50,100,93.75,37.5,100,78.125,100,100,100,100,100,100,100,100,100,53.125,96.875,51.5625,100,75,100,89.0625,100,68.75,95.3125,79.6875,100,70.3125,53.125,100,100,60.9375,100,92.1875,100,100,100,46.875,100,28.125,64.0625,100,100,100,100,28.125,18.75,100,100,100,89.0625,32.8125,100,37.5,100,100,100,100,60.9375,68.75,100,73.4375,100,100,100,100,100,87.5,71.875,57.8125,89.0625,70.3125,100,100,79.6875,84.375,90.625,67.1875,62.5,51.5625,100,100,68.75,93.75,100,82.8125,62.5,100,43.75,90.625,100,100,100,100,100,100,100,75,100,100,100,92.1875,100,85.9375,100,85.9375,84.375,100,100,59.375,100,85.9375,100,79.6875,100,100,89.0625,62.5,100,60.9375,100,100,100,89.0625,100,100,100,100,90.625,34.375,100,100,100,53.125,100,42.1875,93.75,100,67.1875,54.6875,85.9375,53.125,100,100,62.5,68.75,78.125,67.1875,39.0625,82.8125,100,75,59.375,60.9375,100,73.4375,92.1875,95.3125,100,89.0625,100,46.875,100,60.9375,62.5,100,100,65.625,100,100,100,84.375,98.4375,100,95.3125,93.75,100,100,100,73.4375,39.0625,100,100,100,100,100,100,100,64.0625,64.0625,62.5,100,73.4375,100,100,100,79.6875,45.3125,90.625,67.1875,48.4375,79.6875,56.25,92.1875,29.6875,100,100,48.4375,100,100,71.875,43.75,79.6875,100,71.875,70.3125,67.1875,100,65.625,100,100,100,100,71.875,100,79.6875,100,95.3125,92.1875,100,89.0625,100,96.875,100,100,100,92.1875,100,100,100,84.375,68.75,81.25,100,100,82.8125,84.375,76.5625,100,100,70.3125,76.5625,100,93.75,100,15.625,85.9375,78.125,100,100,85.9375,100,100,75,89.0625,93.75,100,95.3125,70.3125,78.125,100,100,100,100,100,100,100,100,59.375,100,39.0625,50,70.3125,100,71.875,100,100,100,100,100,100,100,100,100,89.0625,62.5,100,96.875,100,100,100,100,95.3125,100,100,100,93.75,100,51.5625,100,87.5,100,100,100,92.1875,98.4375,96.875,82.8125,29.6875,100,40.625,100,100,100,100,50,82.8125,100,70.3125,100,100,60.9375,100,76.5625,100,73.4375,100,64.0625,100,100,100,90.625,89.0625,100,100,100,96.875,25,100,100,96.875,100,20.3125,100,78.125,68.75,100,62.5,75,100,79.6875,65.625,100,100,100,53.125,89.0625,100,87.5,84.375,56.25,71.875,100,100,87.5,68.75,100,64.0625,100,100,100,100,65.625,45.3125,79.6875,100,84.375,100,28.125,81.25,100,96.875,100,100,82.8125,84.375,100,79.6875,100,100,84.375,100,100,100,100,100,100,70.3125,100,100,100,100,100,59.375,100,78.125,96.875,82.8125,100,100,98.4375,100,85.9375,71.875,100,71.875,100,100,100,100,100,90.625,70.3125,100,87.5,100,71.875,100,100,39.0625,76.5625,60.9375,100,92.1875,100,100,89.0625,100,40.625,85.9375,84.375,64.0625,100,100,85.9375,100,100,100,100,100,29.6875,68.75,100,54.6875,56.25,100,95.3125,75,100,71.875,87.5,100,100,100,95.3125,100,42.1875,18.75,100,100,100,100,96.875,100,100,100,100,100,14.0625,100,90.625,100,100,78.125,78.125,100,95.3125,100,100,100,100,70.3125,100,100,100,31.25,87.5,92.1875,100,100,96.875,100,35.9375,73.4375,100,100,100,100,75,100,78.125,76.5625,100,51.5625,59.375,62.5,93.75,79.6875,100,100,100,98.4375,100,82.8125,89.0625,100,100,100,100,81.25,100,100,100,100,100,100,89.0625,100,17.1875,85.9375,78.125,100,100,59.375,100,90.625,100,48.4375,51.5625,100,100,56.25,96.875,100,100,100,90.625,100,75,100,84.375,100,40.625,100,67.1875,84.375,100,100,100,85.9375,85.9375,100,59.375,100,100,53.125,68.75,100,18.75,100,54.6875,100,100,75,100,100,100,64.0625,68.75,100,100,100,100,95.3125,62.5,100,100,65.625,67.1875,78.125,100,60.9375,85.9375,67.1875,100,100,100,100,100,100,100,34.375,75,100,68.75,100,62.5,32.8125,100,100,75,100,79.6875,65.625,100,56.25,100,100,100,73.4375,100,67.1875,59.375,100,100,68.75,79.6875,100,39.0625,100,100,100,100,100,96.875,40.625,100,100,46.875,100,70.3125,100,100,100,82.8125,78.125,81.25,100,100,100,100,82.8125,28.125,75,95.3125,87.5,40.625,64.0625,84.375,100,76.5625,35.9375,100,53.125,79.6875,100,32.8125,100,100,100,82.8125,89.0625,92.1875,35.9375,100,85.9375,100,42.1875,32.8125,35.9375,100,70.3125,100,100,90.625,65.625,100,54.6875,40.625,39.0625,100,75,60.9375,89.0625,100,71.875,84.375,95.3125,100,43.75,100,98.4375,100,89.0625,75,60.9375,100,100,100,100,40.625,100,100,100,100,98.4375,100,100,100,84.375,100,25,100,62.5,65.625,100,100,53.125,100,20.3125,100,92.1875,87.5,100,100,100,68.75,87.5,82.8125,100,87.5,100,100,100,100,100,84.375,43.75,53.125,100,100,100,100,100,40.625,100,100,100,92.1875,96.875,100,89.0625,93.75,78.125,100,100,100,100,100,100,100,100,76.5625,100,76.5625,76.5625,100,100,100,87.5,76.5625,100,100,67.1875,100,100,81.25,100,100,15.625,81.25,81.25,84.375,100,68.75,40.625,59.375,92.1875,100,100,100,100,100,40.625,100,93.75,100,100,93.75,96.875,100,67.1875,100,79.6875,100,100,53.125,100,73.4375,17.1875,31.25,100,54.6875,100,100,100,100,92.1875,100,96.875,100,87.5,81.25,100,100,100,100,100,100,73.4375,100,98.4375,90.625,100,100,81.25,100,73.4375,100,100,100,95.3125,100,81.25,100,100,79.6875,100,100,39.0625,100,76.5625,100,53.125,100,100,54.6875,100,70.3125,90.625,82.8125,56.25,70.3125,75,100,100,100,100,95.3125,100,82.8125,100,96.875,100,59.375,65.625,92.1875,100,90.625,100,64.0625,82.8125,100,87.5,60.9375,100,78.125,100,100,50,100,87.5,100,40.625,45.3125,95.3125,100,100,100,60.9375,64.0625,23.4375,81.25,100,100,100,59.375,100,100,65.625,4.6875,100,84.375,81.25,82.8125,81.25,100,90.625,100,100,89.0625,96.875,25,56.25,78.125,71.875,39.0625,100,85.9375,100,100,56.25,68.75,100,56.25,100,90.625,75,90.625,67.1875,100,100,18.75,100,84.375,71.875,100,79.6875,100,100,100,50,57.8125,87.5,100,81.25,100,100,92.1875,57.8125,65.625,100,100,100,100,95.3125,100,100,79.6875,76.5625,64.0625,96.875,28.125,64.0625,53.125,81.25,76.5625,100,100,68.75,100,100,29.6875,100,100,100,100,100,81.25,59.375,39.0625,100,100,57.8125,40.625,100,81.25,100,100,67.1875,70.3125,100,96.875,84.375,100,67.1875,65.625,78.125,100,100,100,92.1875,100,51.5625,78.125,100,100,100,85.9375,68.75,50,9.375,100,71.875,60.9375,100,82.8125,46.875,78.125,85.9375,21.875,93.75,54.6875,87.5,100,100,75,81.25,100,90.625,87.5,100,100,87.5,100,100,98.4375,93.75,73.4375,100,90.625,100,100,81.25,76.5625,100,59.375,100,100,100,100,100,98.4375,76.5625,46.875,84.375,100,100,100,73.4375,100,100,100,92.1875,50,82.8125,98.4375,87.5,100,84.375,100,35.9375,100,46.875,100,100,100,100,100,87.5,98.4375,25,100,100,92.1875,100,78.125,95.3125,100,100,100,70.3125,59.375,89.0625,100,100,100,39.0625,81.25,100,100,62.5,76.5625,98.4375,100,100,43.75,65.625,100,85.9375,62.5,100,100,96.875,82.8125,70.3125,87.5,100,100,78.125,95.3125,21.875,87.5,84.375,100,31.25,89.0625,100,100,100,100,100,100,100,100,67.1875,95.3125,96.875,65.625,100,67.1875,100,25,100,100,26.5625,56.25,100,100,70.3125,90.625,71.875,93.75,100,100,100,84.375,87.5,79.6875,100,87.5,100,42.1875,100,100,79.6875,60.9375,78.125,100,95.3125,100,98.4375,100,100,82.8125,65.625,100,59.375,78.125,100,100,79.6875,100,100,100,100,92.1875,100,93.75,96.875,100,100,73.4375,68.75,93.75,100,59.375,100,100,64.0625,100,100,62.5,100,100,100,100,100,81.25,100,57.8125,71.875,84.375,100,50,65.625,62.5,100,100,92.1875,100,73.4375,93.75,100,100,75,100,90.625,100,100,100,81.25,100,48.4375,43.75,100,71.875,89.0625,100,100,75,100,92.1875,100,93.75,100,100,100,100,100,100,76.5625,35.9375,100,100,100,92.1875,100,54.6875,100,100,65.625,59.375,39.0625,84.375,100,100,100,62.5,100,100,42.1875,100,100,81.25,100,64.0625,100,100,100,100,93.75,100,51.5625,100,100,100,50,100,89.0625,100,62.5,100,93.75,51.5625,100,84.375,82.8125,43.75,100,100,40.625,10.9375,100,73.4375,81.25,100,100,73.4375,70.3125,100,100,100,100,100,37.5,67.1875,65.625,93.75,78.125,95.3125,100,100,78.125,75,64.0625,53.125,100,43.75,92.1875,100,100,100,100,92.1875,76.5625,84.375,78.125,100,79.6875,92.1875,84.375,98.4375,96.875,100,85.9375,100,100,81.25,90.625,81.25,100,100,100,96.875,20.3125,100,92.1875,68.75,82.8125,87.5,18.75,50,100,100,23.4375,45.3125,82.8125,100,100,100,100,79.6875,79.6875,96.875,82.8125,6.25,87.5,100,67.1875,100,100,82.8125,50,100,59.375,35.9375,100,79.6875,79.6875,100,68.75,54.6875,100,100,100,100,48.4375,43.75,100,100,50,100,100,68.75,100,100,100,59.375,93.75,78.125,100,96.875,76.5625,100,100,100,93.75,100,45.3125,75,73.4375,25,100,100,81.25,100,100,68.75,100,100,100,87.5,100,98.4375,100,100,100,100,100,96.875,100,57.8125,100,85.9375,100,95.3125,87.5,100,100,79.6875,100,39.0625,73.4375,56.25,65.625,64.0625,100,100,95.3125,62.5,100,100,100,54.6875,54.6875,35.9375,100,100,100,100,75,73.4375,100,92.1875,100,100,100,71.875,100,87.5,75,100,70.3125,100,26.5625,96.875,78.125,100,48.4375,39.0625,100,100,100,100,54.6875,100,100,59.375,75,76.5625,100,87.5,70.3125,73.4375,87.5,100,100,100,100,100,100,100,87.5,100,100,70.3125,85.9375,100,100,21.875,100,48.4375,100,84.375,68.75,100,46.875,100,87.5,53.125,100,46.875,57.8125,90.625,100,17.1875,85.9375,95.3125,100,100,100,78.125,100,28.125,100,56.25,100,79.6875,100,87.5,100,48.4375,100,100,46.875,68.75,100,34.375,82.8125,100,100,48.4375,100,51.5625,100,100,100,84.375,100,78.125,98.4375,100,93.75,73.4375,53.125,68.75,53.125,96.875,100,100,100,100,100,100,90.625,73.4375,100,100,100,100,89.0625,84.375,100,95.3125,100,100,100,89.0625,100,37.5,76.5625,100,32.8125,100,100,100,100,100,100,1.5625,100,34.375,34.375,100,81.25,100,100,100,100,100,100,34.375,82.8125,100,100,23.4375,100,100,89.0625,100,100,70.3125,100,56.25,100,64.0625,100,100,87.5,76.5625,100,45.3125,65.625,100,100,71.875,100,100,54.6875,100,100,89.0625,100,100,100,89.0625,100,79.6875,34.375,100,100,100,59.375,62.5,100,62.5,100,92.1875,70.3125,56.25,100,100,87.5,100,100,81.25,100,90.625,59.375,100,70.3125,85.9375,79.6875,76.5625,100,34.375,64.0625,100,100,96.875,93.75,92.1875,100,50,100,96.875,28.125,62.5,100,100,62.5,82.8125,100,81.25,31.25,64.0625,100,100,100,100,100,100,59.375,40.625,100,75,100,100,100,82.8125,87.5,100,54.6875,100,100,54.6875,100,53.125,100,31.25,85.9375,68.75,100,60.9375,71.875,100,100,100,100,100,100
"6140",90.625,100,46.875,100,100,70.3125,95.3125,62.5,35.9375,98.4375,87.5,100,100,100,100,76.5625,100,85.9375,95.3125,100,96.875,100,100,100,75,100,100,93.75,87.5,100,100,100,100,82.8125,100,100,78.125,100,100,100,93.75,60.9375,92.1875,100,100,100,100,100,68.75,89.0625,75,100,100,73.4375,40.625,100,23.4375,100,79.6875,45.3125,93.75,100,98.4375,100,100,100,40.625,100,79.6875,100,59.375,75,100,89.0625,59.375,84.375,100,100,50,100,71.875,100,81.25,70.3125,100,100,100,42.1875,100,100,56.25,89.0625,100,48.4375,85.9375,40.625,100,54.6875,100,100,78.125,98.4375,100,70.3125,17.1875,12.5,82.8125,100,85.9375,100,73.4375,84.375,100,100,40.625,100,100,100,95.3125,100,79.6875,100,100,100,100,56.25,100,18.75,100,100,100,100,100,100,100,64.0625,76.5625,78.125,100,90.625,100,78.125,48.4375,43.75,100,93.75,100,39.0625,100,82.8125,60.9375,34.375,79.6875,93.75,96.875,96.875,76.5625,100,100,100,100,100,78.125,100,89.0625,67.1875,100,89.0625,48.4375,45.3125,84.375,78.125,90.625,96.875,98.4375,100,87.5,100,100,100,100,34.375,100,100,92.1875,100,50,70.3125,100,85.9375,100,40.625,87.5,96.875,90.625,100,81.25,76.5625,100,100,53.125,100,96.875,100,100,100,53.125,100,73.4375,100,68.75,23.4375,100,100,89.0625,78.125,48.4375,95.3125,65.625,98.4375,100,79.6875,100,100,100,57.8125,92.1875,100,82.8125,100,100,79.6875,100,100,100,100,89.0625,60.9375,100,100,100,100,100,82.8125,100,43.75,100,85.9375,100,100,100,76.5625,82.8125,100,100,90.625,100,70.3125,100,60.9375,100,96.875,34.375,92.1875,95.3125,89.0625,100,100,31.25,100,59.375,89.0625,100,100,100,70.3125,54.6875,100,73.4375,100,59.375,43.75,100,100,100,100,54.6875,100,100,81.25,82.8125,93.75,73.4375,18.75,100,85.9375,100,82.8125,67.1875,75,45.3125,100,100,60.9375,100,87.5,76.5625,35.9375,78.125,100,100,100,56.25,100,92.1875,96.875,100,100,25,56.25,10.9375,100,51.5625,100,71.875,60.9375,100,96.875,100,100,100,100,76.5625,100,98.4375,37.5,100,85.9375,18.75,100,100,82.8125,42.1875,48.4375,65.625,68.75,42.1875,100,45.3125,67.1875,100,68.75,100,100,68.75,100,100,73.4375,26.5625,89.0625,84.375,92.1875,100,100,84.375,64.0625,53.125,100,98.4375,100,100,100,98.4375,81.25,100,100,92.1875,89.0625,70.3125,100,87.5,54.6875,93.75,50,100,37.5,93.75,100,60.9375,89.0625,100,100,100,100,100,79.6875,100,59.375,85.9375,20.3125,100,100,100,100,100,93.75,42.1875,100,67.1875,79.6875,85.9375,96.875,100,89.0625,100,100,39.0625,53.125,100,76.5625,65.625,100,100,100,98.4375,29.6875,43.75,100,93.75,100,82.8125,100,82.8125,100,70.3125,70.3125,59.375,100,100,100,100,93.75,73.4375,64.0625,100,100,100,100,81.25,90.625,89.0625,100,100,100,84.375,100,100,96.875,100,100,76.5625,73.4375,79.6875,100,100,70.3125,100,100,100,100,64.0625,65.625,87.5,100,100,68.75,100,100,100,35.9375,93.75,100,79.6875,64.0625,82.8125,100,48.4375,100,68.75,73.4375,100,76.5625,79.6875,100,65.625,100,100,100,57.8125,73.4375,57.8125,100,100,100,89.0625,57.8125,100,84.375,100,100,62.5,64.0625,68.75,100,100,100,100,100,100,100,73.4375,100,100,60.9375,40.625,98.4375,100,100,50,100,39.0625,100,98.4375,93.75,84.375,71.875,100,79.6875,73.4375,100,85.9375,59.375,100,35.9375,56.25,100,84.375,100,100,70.3125,100,100,100,100,100,56.25,98.4375,100,76.5625,93.75,92.1875,71.875,89.0625,100,100,100,31.25,96.875,100,100,78.125,76.5625,100,100,48.4375,79.6875,100,79.6875,100,100,64.0625,100,100,100,90.625,92.1875,100,62.5,100,65.625,100,62.5,100,100,100,39.0625,100,100,68.75,96.875,100,100,100,100,64.0625,100,48.4375,50,100,73.4375,100,100,76.5625,100,62.5,100,100,100,100,100,100,100,100,85.9375,100,100,100,100,100,71.875,100,81.25,100,100,100,100,100,100,100,100,100,100,60.9375,96.875,48.4375,78.125,89.0625,100,96.875,100,100,92.1875,90.625,100,42.1875,6.25,89.0625,56.25,28.125,100,100,100,100,100,100,79.6875,100,85.9375,56.25,59.375,60.9375,42.1875,67.1875,76.5625,78.125,85.9375,100,100,79.6875,67.1875,40.625,81.25,95.3125,45.3125,82.8125,100,100,100,100,100,100,31.25,53.125,43.75,68.75,100,100,78.125,62.5,81.25,46.875,100,75,100,100,100,100,100,100,54.6875,100,90.625,85.9375,81.25,100,98.4375,65.625,93.75,100,100,65.625,100,68.75,100,92.1875,100,100,100,100,100,75,79.6875,100,100,100,93.75,100,100,100,100,100,100,68.75,100,92.1875,100,53.125,100,100,35.9375,87.5,100,73.4375,39.0625,65.625,100,100,65.625,100,100,100,100,79.6875,32.8125,65.625,85.9375,100,100,96.875,48.4375,100,68.75,70.3125,4.6875,100,100,48.4375,43.75,100,9.375,82.8125,100,100,79.6875,45.3125,100,79.6875,100,98.4375,100,53.125,100,51.5625,45.3125,81.25,100,71.875,100,100,100,100,56.25,95.3125,100,100,56.25,64.0625,100,100,17.1875,31.25,100,100,89.0625,92.1875,100,40.625,93.75,100,100,78.125,100,81.25,100,100,100,100,95.3125,62.5,100,100,78.125,75,100,100,28.125,100,71.875,100,79.6875,40.625,100,100,100,34.375,100,100,100,84.375,65.625,100,100,100,68.75,100,76.5625,34.375,100,100,87.5,95.3125,100,100,100,92.1875,100,54.6875,100,100,100,100,92.1875,100,100,100,62.5,46.875,100,70.3125,100,84.375,100,60.9375,76.5625,100,59.375,100,71.875,100,95.3125,90.625,68.75,51.5625,82.8125,100,96.875,100,59.375,100,100,71.875,21.875,100,100,100,98.4375,100,56.25,100,100,100,100,100,78.125,100,76.5625,100,78.125,92.1875,100,54.6875,100,67.1875,57.8125,90.625,100,35.9375,100,79.6875,100,100,96.875,70.3125,45.3125,84.375,100,70.3125,84.375,98.4375,100,100,78.125,68.75,57.8125,51.5625,100,100,62.5,96.875,100,39.0625,100,98.4375,100,100,70.3125,100,100,92.1875,100,100,100,92.1875,100,100,100,62.5,100,100,100,100,70.3125,60.9375,100,100,59.375,31.25,100,96.875,100,100,100,78.125,100,29.6875,100,43.75,96.875,71.875,70.3125,100,89.0625,84.375,100,100,100,93.75,100,100,100,100,100,59.375,87.5,10.9375,100,92.1875,75,93.75,79.6875,64.0625,100,100,100,100,84.375,100,81.25,100,71.875,100,100,100,56.25,96.875,100,96.875,43.75,100,89.0625,84.375,100,54.6875,100,89.0625,100,100,100,100,100,82.8125,100,100,100,76.5625,76.5625,67.1875,100,100,100,100,100,100,100,78.125,100,79.6875,100,95.3125,100,100,100,100,85.9375,100,87.5,100,100,100,100,100,100,45.3125,95.3125,100,81.25,45.3125,100,100,75,81.25,100,78.125,84.375,100,62.5,100,70.3125,95.3125,100,67.1875,100,100,42.1875,85.9375,100,84.375,78.125,79.6875,48.4375,78.125,100,100,40.625,100,17.1875,100,100,67.1875,100,100,100,100,100,46.875,100,92.1875,65.625,45.3125,90.625,96.875,100,90.625,100,87.5,100,100,100,100,100,71.875,100,100,93.75,48.4375,100,82.8125,60.9375,100,82.8125,100,100,100,100,100,100,100,100,100,75,100,100,100,78.125,100,100,67.1875,65.625,100,93.75,100,89.0625,100,90.625,84.375,75,100,100,100,100,100,100,100,100,40.625,67.1875,100,100,100,100,100,100,34.375,100,93.75,100,100,62.5,100,96.875,100,82.8125,75,100,100,100,84.375,100,100,78.125,71.875,100,39.0625,100,100,51.5625,21.875,100,50,51.5625,100,100,68.75,90.625,100,100,100,75,48.4375,100,95.3125,39.0625,100,100,100,100,100,100,100,100,100,100,100,37.5,96.875,54.6875,100,71.875,100,100,17.1875,70.3125,95.3125,81.25,100,100,51.5625,100,100,62.5,100,67.1875,100,100,100,51.5625,100,60.9375,59.375,100,100,100,100,28.125,70.3125,100,100,100,89.0625,37.5,100,39.0625,100,100,100,100,62.5,68.75,100,73.4375,100,100,100,70.3125,100,96.875,73.4375,51.5625,89.0625,70.3125,100,100,79.6875,71.875,92.1875,67.1875,62.5,54.6875,100,95.3125,67.1875,90.625,100,75,62.5,100,79.6875,90.625,100,100,100,100,100,100,100,75,100,100,100,87.5,17.1875,87.5,100,85.9375,34.375,100,100,100,100,85.9375,100,87.5,100,100,60.9375,62.5,100,70.3125,54.6875,100,100,89.0625,100,100,100,65.625,90.625,96.875,100,100,100,81.25,100,42.1875,96.875,100,65.625,59.375,87.5,57.8125,100,100,73.4375,71.875,76.5625,56.25,40.625,78.125,100,76.5625,59.375,60.9375,67.1875,78.125,75,96.875,35.9375,90.625,100,50,70.3125,64.0625,54.6875,73.4375,100,76.5625,100,100,100,81.25,70.3125,95.3125,85.9375,92.1875,100,100,100,73.4375,39.0625,31.25,100,100,100,100,100,100,100,62.5,62.5,100,100,100,100,100,85.9375,48.4375,100,57.8125,50,78.125,68.75,95.3125,100,100,100,75,100,100,64.0625,42.1875,90.625,100,75,71.875,100,100,64.0625,100,100,100,100,100,100,78.125,100,100,92.1875,100,87.5,100,100,100,100,100,82.8125,100,100,100,93.75,67.1875,100,100,100,81.25,87.5,75,100,100,68.75,75,100,89.0625,100,17.1875,76.5625,78.125,100,98.4375,79.6875,100,100,65.625,59.375,100,100,100,59.375,73.4375,100,100,100,100,100,100,100,75,100,100,40.625,51.5625,73.4375,100,81.25,100,70.3125,100,100,100,100,60.9375,100,32.8125,90.625,64.0625,100,82.8125,100,100,100,100,100,84.375,100,100,95.3125,100,59.375,100,89.0625,100,100,100,93.75,73.4375,87.5,93.75,31.25,100,45.3125,100,100,100,100,59.375,84.375,100,100,100,100,59.375,73.4375,78.125,100,76.5625,100,59.375,100,100,100,89.0625,79.6875,100,100,100,87.5,31.25,100,98.4375,95.3125,100,20.3125,100,81.25,76.5625,100,56.25,82.8125,100,59.375,68.75,100,100,93.75,100,90.625,100,87.5,84.375,57.8125,100,100,100,87.5,100,100,56.25,90.625,100,100,100,53.125,48.4375,87.5,100,100,100,28.125,82.8125,100,100,100,100,95.3125,75,87.5,100,100,100,85.9375,73.4375,100,100,100,98.4375,100,42.1875,85.9375,100,100,100,100,31.25,100,100,98.4375,82.8125,100,100,100,100,84.375,71.875,79.6875,73.4375,100,100,100,100,100,93.75,67.1875,100,71.875,100,45.3125,100,100,87.5,100,56.25,100,84.375,100,100,89.0625,100,93.75,84.375,100,53.125,46.875,100,92.1875,100,100,76.5625,100,84.375,23.4375,60.9375,100,56.25,54.6875,40.625,95.3125,75,100,73.4375,87.5,100,53.125,100,95.3125,100,42.1875,18.75,100,100,100,100,96.875,14.0625,100,100,100,100,15.625,46.875,100,100,100,81.25,71.875,100,96.875,100,92.1875,82.8125,100,67.1875,100,100,100,20.3125,78.125,90.625,100,100,100,100,56.25,73.4375,100,100,100,84.375,75,100,84.375,62.5,100,54.6875,59.375,62.5,96.875,85.9375,100,100,100,100,100,85.9375,90.625,98.4375,100,100,100,92.1875,100,100,100,100,100,100,78.125,100,9.375,85.9375,54.6875,100,100,51.5625,100,90.625,100,51.5625,50,87.5,100,56.25,87.5,100,43.75,100,100,92.1875,81.25,82.8125,76.5625,100,34.375,100,65.625,85.9375,100,100,100,100,85.9375,34.375,54.6875,100,100,60.9375,70.3125,100,25,100,56.25,100,100,71.875,100,100,100,57.8125,65.625,100,79.6875,100,100,95.3125,60.9375,100,29.6875,65.625,62.5,93.75,100,56.25,82.8125,65.625,100,100,100,100,100,100,100,25,79.6875,93.75,95.3125,100,62.5,32.8125,85.9375,100,100,100,78.125,65.625,100,54.6875,95.3125,89.0625,100,73.4375,100,18.75,79.6875,100,100,100,79.6875,100,48.4375,100,100,100,100,95.3125,98.4375,39.0625,100,100,73.4375,100,71.875,100,92.1875,100,82.8125,100,81.25,84.375,100,100,100,85.9375,34.375,78.125,100,95.3125,34.375,100,54.6875,100,32.8125,35.9375,100,60.9375,68.75,100,32.8125,98.4375,100,100,78.125,100,90.625,39.0625,100,92.1875,100,60.9375,51.5625,35.9375,100,70.3125,100,100,89.0625,71.875,100,54.6875,40.625,100,100,100,60.9375,89.0625,100,68.75,85.9375,68.75,100,46.875,100,100,100,92.1875,60.9375,73.4375,100,100,100,100,46.875,100,100,100,100,100,100,100,100,100,100,70.3125,100,59.375,67.1875,100,100,59.375,100,20.3125,100,89.0625,73.4375,100,100,100,82.8125,75,82.8125,100,89.0625,100,100,100,100,100,82.8125,43.75,53.125,100,98.4375,100,96.875,100,100,90.625,100,100,93.75,98.4375,100,89.0625,85.9375,68.75,100,100,100,100,100,100,100,100,82.8125,100,76.5625,95.3125,100,100,100,87.5,68.75,100,100,67.1875,100,100,62.5,100,100,23.4375,90.625,81.25,79.6875,100,70.3125,42.1875,59.375,68.75,100,100,100,100,100,45.3125,100,93.75,100,100,90.625,100,100,67.1875,100,93.75,100,100,57.8125,100,100,4.6875,35.9375,100,9.375,100,100,100,100,82.8125,98.4375,82.8125,100,100,81.25,100,100,100,100,100,100,71.875,100,100,89.0625,100,100,76.5625,100,90.625,100,90.625,100,100,100,81.25,100,68.75,100,100,100,31.25,100,85.9375,100,59.375,100,100,54.6875,100,68.75,82.8125,78.125,89.0625,71.875,75,100,100,100,96.875,100,100,84.375,100,96.875,62.5,59.375,64.0625,89.0625,100,92.1875,100,62.5,81.25,100,85.9375,62.5,100,100,93.75,100,50,100,93.75,100,25,45.3125,93.75,100,100,100,62.5,79.6875,28.125,100,100,100,100,60.9375,100,100,67.1875,4.6875,100,85.9375,71.875,90.625,82.8125,100,92.1875,100,100,90.625,95.3125,25,56.25,79.6875,60.9375,39.0625,100,78.125,100,100,54.6875,65.625,100,56.25,100,81.25,75,89.0625,67.1875,89.0625,100,100,100,100,75,100,78.125,100,100,100,28.125,54.6875,90.625,100,76.5625,100,100,95.3125,56.25,64.0625,100,100,100,100,96.875,23.4375,100,76.5625,87.5,64.0625,89.0625,92.1875,65.625,53.125,84.375,84.375,100,20.3125,100,100,17.1875,29.6875,100,46.875,100,70.3125,87.5,85.9375,45.3125,39.0625,100,100,57.8125,40.625,25,81.25,100,48.4375,73.4375,76.5625,100,98.4375,90.625,100,67.1875,39.0625,79.6875,100,98.4375,100,100,100,53.125,92.1875,100,100,100,87.5,76.5625,46.875,9.375,100,71.875,60.9375,100,84.375,43.75,71.875,100,20.3125,95.3125,54.6875,85.9375,100,100,82.8125,84.375,68.75,100,87.5,100,100,100,100,95.3125,100,93.75,93.75,29.6875,92.1875,100,100,71.875,79.6875,100,37.5,100,100,100,100,100,100,60.9375,42.1875,87.5,100,100,70.3125,100,100,100,100,100,51.5625,100,100,81.25,100,76.5625,100,37.5,100,54.6875,100,100,100,100,100,85.9375,100,100,100,100,92.1875,93.75,70.3125,100,100,100,100,70.3125,54.6875,71.875,100,100,100,39.0625,75,100,100,100,100,100,100,100,50,67.1875,100,82.8125,100,100,68.75,100,70.3125,70.3125,85.9375,100,100,78.125,100,100,42.1875,93.75,81.25,31.25,78.125,100,100,100,100,100,100,100,100,64.0625,100,100,93.75,100,67.1875,100,26.5625,100,100,100,56.25,100,39.0625,100,81.25,75,90.625,100,100,100,81.25,92.1875,92.1875,100,85.9375,100,42.1875,100,100,78.125,67.1875,81.25,100,100,100,98.4375,100,100,85.9375,64.0625,100,59.375,75,100,51.5625,79.6875,100,100,100,100,100,100,100,100,100,100,100,67.1875,100,90.625,60.9375,100,100,64.0625,100,96.875,62.5,100,100,100,100,54.6875,90.625,100,56.25,71.875,90.625,100,53.125,76.5625,45.3125,100,59.375,100,100,85.9375,95.3125,100,98.4375,75,100,87.5,100,70.3125,100,15.625,100,50,100,100,32.8125,92.1875,100,100,76.5625,100,100,100,81.25,100,100,100,100,100,100,70.3125,32.8125,100,100,100,92.1875,100,54.6875,100,100,50,59.375,100,85.9375,100,100,100,68.75,100,100,53.125,100,100,81.25,100,59.375,100,100,100,100,92.1875,100,48.4375,100,100,100,59.375,100,100,100,62.5,100,100,68.75,100,82.8125,82.8125,51.5625,100,100,40.625,10.9375,100,84.375,100,100,100,71.875,75,82.8125,100,100,100,100,39.0625,53.125,100,100,76.5625,93.75,100,100,26.5625,84.375,64.0625,100,100,100,92.1875,100,100,100,100,89.0625,82.8125,92.1875,90.625,70.3125,81.25,92.1875,89.0625,100,100,95.3125,100,100,100,81.25,87.5,81.25,100,100,100,96.875,100,100,85.9375,70.3125,100,87.5,17.1875,45.3125,100,100,100,45.3125,100,100,100,100,100,78.125,78.125,96.875,89.0625,100,100,100,68.75,23.4375,100,60.9375,45.3125,100,60.9375,100,100,73.4375,81.25,100,73.4375,54.6875,100,100,95.3125,100,62.5,43.75,100,100,51.5625,100,100,68.75,100,100,100,68.75,93.75,71.875,100,100,89.0625,75,100,100,100,100,50,53.125,73.4375,37.5,100,31.25,67.1875,100,100,85.9375,100,100,100,93.75,100,93.75,92.1875,100,100,100,45.3125,65.625,100,100,100,78.125,100,78.125,87.5,100,100,84.375,100,35.9375,100,46.875,100,60.9375,100,100,100,71.875,73.4375,100,100,59.375,56.25,35.9375,100,100,100,100,76.5625,73.4375,98.4375,82.8125,100,82.8125,89.0625,68.75,100,81.25,34.375,100,68.75,100,23.4375,96.875,64.0625,82.8125,53.125,35.9375,100,100,100,100,57.8125,100,100,59.375,75,70.3125,100,100,95.3125,78.125,87.5,100,100,100,100,100,100,100,87.5,100,100,68.75,85.9375,100,100,29.6875,100,40.625,100,62.5,45.3125,100,46.875,100,81.25,87.5,100,54.6875,54.6875,82.8125,100,17.1875,82.8125,100,100,12.5,100,76.5625,90.625,28.125,100,59.375,100,100,100,79.6875,57.8125,54.6875,100,100,6.25,68.75,100,100,100,100,100,39.0625,100,46.875,100,100,100,85.9375,100,56.25,100,100,95.3125,85.9375,57.8125,81.25,53.125,98.4375,100,100,100,100,100,100,100,100,100,100,95.3125,100,89.0625,82.8125,100,100,100,100,100,93.75,100,43.75,82.8125,100,87.5,100,100,100,100,17.1875,100,1.5625,100,62.5,34.375,53.125,89.0625,100,100,100,90.625,100,100,100,82.8125,100,100,100,100,100,85.9375,100,100,51.5625,100,56.25,100,57.8125,100,100,95.3125,73.4375,100,43.75,64.0625,100,100,67.1875,100,100,59.375,100,100,73.4375,100,100,100,89.0625,100,62.5,28.125,100,32.8125,98.4375,100,68.75,95.3125,62.5,100,84.375,67.1875,82.8125,100,100,100,75,100,81.25,100,65.625,57.8125,100,68.75,100,96.875,81.25,100,32.8125,57.8125,100,100,96.875,75,73.4375,100,54.6875,100,100,26.5625,64.0625,100,100,71.875,81.25,100,81.25,32.8125,68.75,100,73.4375,100,100,92.1875,100,59.375,40.625,100,89.0625,95.3125,100,100,64.0625,65.625,100,54.6875,100,100,54.6875,78.125,62.5,100,43.75,90.625,60.9375,100,100,59.375,100,100,100,75,100,100
"6141",89.0625,100,35.9375,100,100,76.5625,95.3125,90.625,35.9375,98.4375,81.25,100,100,100,100,75,84.375,82.8125,100,100,96.875,100,100,100,75,100,100,92.1875,84.375,100,100,100,100,89.0625,100,100,82.8125,100,100,100,92.1875,67.1875,96.875,100,100,100,100,100,68.75,73.4375,75,100,100,65.625,59.375,100,14.0625,100,100,42.1875,98.4375,100,98.4375,100,100,100,42.1875,100,64.0625,100,59.375,78.125,100,100,68.75,79.6875,100,84.375,50,100,73.4375,100,87.5,71.875,100,43.75,100,43.75,100,100,62.5,89.0625,100,48.4375,87.5,68.75,100,59.375,100,100,78.125,98.4375,100,70.3125,15.625,20.3125,100,67.1875,85.9375,100,75,78.125,100,100,40.625,100,100,100,100,100,81.25,100,100,81.25,100,54.6875,100,18.75,100,100,100,100,100,100,100,62.5,62.5,78.125,100,93.75,100,89.0625,46.875,45.3125,92.1875,96.875,100,100,54.6875,84.375,62.5,34.375,78.125,92.1875,100,96.875,75,100,68.75,100,100,100,79.6875,100,89.0625,65.625,100,82.8125,56.25,100,76.5625,81.25,100,89.0625,100,92.1875,84.375,100,100,100,100,37.5,100,100,85.9375,64.0625,51.5625,100,100,85.9375,79.6875,100,87.5,100,89.0625,100,90.625,65.625,100,100,46.875,67.1875,95.3125,100,100,100,23.4375,100,73.4375,100,70.3125,100,100,100,82.8125,78.125,26.5625,92.1875,100,100,100,75,35.9375,100,100,56.25,89.0625,98.4375,71.875,100,100,78.125,100,100,100,100,92.1875,62.5,100,100,100,100,100,100,100,42.1875,100,90.625,100,100,100,78.125,76.5625,100,100,96.875,100,68.75,100,100,100,98.4375,34.375,85.9375,78.125,100,100,100,73.4375,100,45.3125,93.75,100,100,100,65.625,60.9375,46.875,75,100,90.625,48.4375,100,100,100,100,59.375,100,100,84.375,79.6875,100,76.5625,37.5,100,100,100,84.375,70.3125,75,46.875,100,100,75,100,87.5,93.75,18.75,78.125,100,100,100,59.375,100,100,95.3125,100,98.4375,39.0625,56.25,89.0625,100,50,96.875,71.875,68.75,100,96.875,100,95.3125,87.5,100,76.5625,100,100,37.5,100,85.9375,100,100,100,84.375,45.3125,51.5625,100,68.75,42.1875,100,100,73.4375,100,82.8125,100,100,68.75,100,100,51.5625,26.5625,100,82.8125,82.8125,100,100,85.9375,81.25,42.1875,100,98.4375,100,100,100,84.375,48.4375,93.75,100,98.4375,81.25,73.4375,98.4375,81.25,82.8125,67.1875,100,100,54.6875,100,100,53.125,93.75,100,84.375,100,100,100,79.6875,100,64.0625,93.75,17.1875,100,100,65.625,100,100,84.375,40.625,100,67.1875,81.25,89.0625,93.75,85.9375,96.875,100,100,32.8125,51.5625,100,75,23.4375,98.4375,100,100,100,39.0625,43.75,100,93.75,100,82.8125,100,84.375,100,76.5625,65.625,54.6875,100,100,100,100,93.75,89.0625,100,100,100,100,100,89.0625,90.625,95.3125,100,100,100,82.8125,71.875,100,90.625,100,100,76.5625,67.1875,90.625,100,54.6875,73.4375,100,92.1875,100,78.125,68.75,65.625,73.4375,100,100,67.1875,100,100,100,78.125,100,100,100,62.5,82.8125,100,48.4375,100,65.625,75,100,76.5625,79.6875,100,64.0625,100,100,96.875,57.8125,84.375,60.9375,100,100,100,85.9375,57.8125,100,82.8125,100,100,62.5,68.75,68.75,100,100,89.0625,100,93.75,100,100,45.3125,81.25,84.375,64.0625,37.5,93.75,100,98.4375,46.875,81.25,35.9375,100,98.4375,92.1875,84.375,71.875,100,79.6875,84.375,40.625,82.8125,42.1875,100,35.9375,54.6875,34.375,85.9375,100,100,70.3125,100,100,54.6875,100,93.75,56.25,79.6875,100,98.4375,100,53.125,71.875,100,60.9375,100,100,29.6875,75,100,100,60.9375,100,67.1875,100,50,68.75,100,67.1875,100,100,67.1875,100,100,100,100,100,100,65.625,100,68.75,100,59.375,100,100,100,100,100,100,79.6875,95.3125,40.625,64.0625,100,82.8125,67.1875,100,56.25,57.8125,100,100,100,100,76.5625,100,20.3125,100,96.875,100,100,100,100,100,100,85.9375,89.0625,100,100,100,100,70.3125,100,100,100,100,100,100,100,65.625,100,100,100,100,60.9375,96.875,76.5625,43.75,78.125,100,90.625,100,100,93.75,92.1875,100,42.1875,6.25,75,54.6875,28.125,56.25,100,100,100,100,100,85.9375,100,87.5,54.6875,59.375,48.4375,67.1875,60.9375,70.3125,75,95.3125,100,76.5625,79.6875,54.6875,40.625,87.5,95.3125,46.875,85.9375,100,100,100,100,100,71.875,32.8125,75,45.3125,68.75,100,100,79.6875,68.75,82.8125,46.875,100,43.75,100,100,100,100,100,100,57.8125,100,89.0625,87.5,79.6875,100,100,68.75,78.125,100,100,67.1875,100,100,100,70.3125,100,100,100,100,100,95.3125,67.1875,100,100,100,82.8125,100,100,100,93.75,100,100,68.75,100,93.75,100,57.8125,100,100,34.375,89.0625,100,71.875,40.625,60.9375,98.4375,100,90.625,93.75,100,100,100,100,60.9375,67.1875,92.1875,100,100,100,48.4375,35.9375,73.4375,68.75,4.6875,31.25,100,100,43.75,100,9.375,84.375,100,100,73.4375,100,100,79.6875,100,100,100,100,100,59.375,43.75,81.25,100,76.5625,100,100,100,100,59.375,100,67.1875,100,59.375,90.625,100,100,53.125,84.375,100,100,89.0625,100,100,40.625,93.75,100,100,62.5,100,37.5,100,100,100,100,95.3125,62.5,100,100,75,100,100,100,40.625,100,71.875,89.0625,78.125,40.625,100,100,100,75,100,100,100,81.25,65.625,100,100,100,75,100,76.5625,35.9375,100,100,56.25,76.5625,100,81.25,100,98.4375,92.1875,54.6875,100,100,100,100,92.1875,100,56.25,100,67.1875,45.3125,100,70.3125,100,84.375,100,60.9375,71.875,100,25,100,100,59.375,100,60.9375,100,37.5,100,100,98.4375,100,59.375,100,100,73.4375,35.9375,100,100,100,98.4375,82.8125,62.5,100,100,100,100,100,73.4375,100,79.6875,100,78.125,87.5,95.3125,56.25,100,59.375,57.8125,100,100,35.9375,100,76.5625,100,87.5,95.3125,70.3125,48.4375,50,100,68.75,76.5625,84.375,100,100,82.8125,100,100,56.25,100,100,64.0625,95.3125,100,34.375,68.75,85.9375,100,100,68.75,100,100,98.4375,100,100,100,92.1875,96.875,100,100,78.125,100,100,100,95.3125,57.8125,12.5,56.25,100,59.375,29.6875,100,73.4375,100,100,100,78.125,100,29.6875,100,42.1875,93.75,68.75,70.3125,100,89.0625,85.9375,100,100,100,98.4375,100,100,100,100,100,59.375,89.0625,100,100,92.1875,56.25,93.75,59.375,57.8125,100,100,100,14.0625,84.375,100,64.0625,100,81.25,100,100,100,50,100,100,68.75,45.3125,100,100,82.8125,100,75,100,54.6875,100,100,100,100,100,81.25,100,100,100,76.5625,100,67.1875,100,100,71.875,100,100,100,100,75,100,79.6875,100,100,100,100,100,100,92.1875,100,92.1875,100,100,100,100,89.0625,100,39.0625,96.875,100,84.375,75,100,100,70.3125,81.25,100,79.6875,87.5,100,75,100,65.625,79.6875,100,68.75,100,100,42.1875,100,100,87.5,100,81.25,50,89.0625,100,100,100,79.6875,17.1875,100,100,65.625,70.3125,100,100,100,100,100,100,92.1875,65.625,100,90.625,100,96.875,90.625,100,87.5,100,100,100,100,100,70.3125,100,100,93.75,51.5625,100,90.625,62.5,100,81.25,100,100,100,39.0625,100,100,100,56.25,100,92.1875,100,100,100,48.4375,100,100,59.375,65.625,100,93.75,100,85.9375,100,100,84.375,85.9375,95.3125,100,100,100,100,100,100,100,40.625,48.4375,98.4375,100,100,100,100,100,51.5625,92.1875,92.1875,100,100,64.0625,100,98.4375,100,68.75,75,100,100,100,85.9375,89.0625,100,64.0625,75,100,93.75,100,100,95.3125,12.5,100,54.6875,51.5625,100,100,70.3125,100,100,100,100,75,48.4375,100,92.1875,37.5,100,100,100,100,100,100,100,100,100,100,64.0625,42.1875,96.875,51.5625,100,64.0625,100,89.0625,100,68.75,95.3125,81.25,100,100,51.5625,100,100,64.0625,100,100,100,100,100,54.6875,75,75,64.0625,100,100,89.0625,100,25,56.25,100,100,100,89.0625,37.5,100,39.0625,100,100,100,100,60.9375,67.1875,100,73.4375,84.375,100,100,70.3125,100,82.8125,68.75,59.375,89.0625,70.3125,100,100,81.25,73.4375,92.1875,67.1875,62.5,54.6875,100,92.1875,64.0625,100,100,81.25,62.5,100,40.625,90.625,100,100,100,100,100,100,100,75,100,100,89.0625,87.5,17.1875,87.5,100,85.9375,82.8125,100,100,60.9375,100,92.1875,100,57.8125,100,100,100,62.5,100,73.4375,100,100,100,89.0625,100,100,100,100,87.5,100,100,71.875,100,81.25,100,42.1875,95.3125,100,67.1875,62.5,82.8125,78.125,100,100,84.375,71.875,76.5625,54.6875,42.1875,100,100,75,62.5,60.9375,39.0625,70.3125,92.1875,96.875,100,89.0625,100,53.125,100,76.5625,59.375,93.75,100,89.0625,100,100,100,85.9375,100,100,85.9375,92.1875,100,100,100,73.4375,39.0625,31.25,100,98.4375,100,100,100,100,100,67.1875,76.5625,100,32.8125,100,100,100,100,59.375,95.3125,62.5,48.4375,81.25,57.8125,93.75,100,100,100,75,100,100,62.5,40.625,90.625,100,73.4375,68.75,40.625,100,67.1875,100,100,100,100,100,100,81.25,100,60.9375,92.1875,100,89.0625,100,93.75,100,100,100,90.625,100,100,100,95.3125,60.9375,100,100,100,82.8125,87.5,70.3125,100,100,68.75,73.4375,100,95.3125,100,76.5625,70.3125,76.5625,100,100,76.5625,100,100,68.75,95.3125,100,100,100,82.8125,78.125,100,100,82.8125,100,85.9375,100,100,100,100,100,40.625,56.25,73.4375,100,81.25,100,100,100,100,100,100,51.5625,100,100,89.0625,56.25,100,100,100,100,100,100,95.3125,90.625,100,100,87.5,100,50,100,87.5,100,100,100,93.75,71.875,84.375,93.75,29.6875,100,46.875,100,68.75,100,75,64.0625,85.9375,100,100,100,100,57.8125,64.0625,48.4375,100,70.3125,100,65.625,100,100,100,100,81.25,100,100,100,98.4375,100,100,100,95.3125,100,28.125,100,75,71.875,75,90.625,62.5,100,79.6875,71.875,100,100,95.3125,100,90.625,100,87.5,82.8125,89.0625,56.25,100,100,84.375,57.8125,100,35.9375,68.75,100,95.3125,100,50,51.5625,93.75,100,82.8125,100,31.25,82.8125,100,90.625,100,100,96.875,95.3125,100,100,100,100,84.375,100,100,68.75,100,100,100,65.625,100,100,100,100,100,57.8125,100,100,100,81.25,81.25,100,100,100,89.0625,71.875,100,60.9375,100,100,82.8125,100,100,93.75,67.1875,100,79.6875,100,25,100,100,100,100,56.25,100,89.0625,100,100,85.9375,100,51.5625,78.125,100,50,100,100,90.625,100,100,89.0625,100,100,32.8125,64.0625,100,57.8125,56.25,100,95.3125,56.25,100,64.0625,87.5,100,100,100,95.3125,100,42.1875,18.75,100,100,100,100,93.75,100,100,100,100,46.875,14.0625,59.375,100,100,100,76.5625,68.75,100,95.3125,100,100,81.25,100,68.75,92.1875,100,100,100,93.75,100,45.3125,100,100,100,62.5,57.8125,100,100,100,50,75,100,79.6875,65.625,100,57.8125,57.8125,62.5,100,79.6875,100,100,100,98.4375,100,82.8125,87.5,82.8125,100,100,100,79.6875,100,100,50,100,100,100,90.625,100,10.9375,85.9375,100,100,51.5625,50,100,89.0625,100,51.5625,48.4375,95.3125,100,100,76.5625,100,100,100,100,100,79.6875,100,81.25,100,32.8125,98.4375,70.3125,89.0625,100,100,100,89.0625,84.375,100,62.5,100,100,64.0625,68.75,100,18.75,100,89.0625,100,100,75,100,100,100,62.5,67.1875,68.75,98.4375,100,100,95.3125,59.375,40.625,25,65.625,65.625,75,100,35.9375,81.25,79.6875,46.875,100,70.3125,100,100,100,100,25,84.375,95.3125,71.875,100,73.4375,32.8125,82.8125,100,71.875,100,87.5,65.625,100,57.8125,100,100,100,73.4375,93.75,100,62.5,100,100,96.875,79.6875,100,42.1875,100,100,100,100,100,100,46.875,100,100,50,100,100,100,100,100,81.25,70.3125,82.8125,100,100,100,100,84.375,42.1875,93.75,100,100,43.75,100,53.125,100,40.625,35.9375,100,64.0625,78.125,100,31.25,100,100,100,81.25,25,84.375,43.75,100,100,100,93.75,70.3125,35.9375,100,70.3125,100,100,89.0625,67.1875,100,54.6875,40.625,20.3125,100,73.4375,60.9375,89.0625,100,68.75,85.9375,95.3125,76.5625,50,100,93.75,100,100,60.9375,98.4375,100,100,100,89.0625,46.875,100,100,100,100,89.0625,100,100,100,85.9375,100,70.3125,100,57.8125,68.75,100,100,50,96.875,20.3125,100,100,81.25,100,95.3125,100,84.375,84.375,82.8125,100,92.1875,100,100,100,100,100,81.25,43.75,56.25,100,100,100,100,100,100,90.625,100,100,87.5,21.875,100,87.5,98.4375,67.1875,100,100,100,82.8125,100,85.9375,100,100,65.625,100,76.5625,98.4375,100,100,100,90.625,40.625,43.75,100,67.1875,100,87.5,62.5,100,100,20.3125,95.3125,81.25,95.3125,100,67.1875,40.625,59.375,71.875,100,67.1875,100,100,100,50,100,95.3125,100,100,90.625,98.4375,92.1875,67.1875,100,100,100,100,59.375,54.6875,82.8125,7.8125,42.1875,100,56.25,100,100,100,100,90.625,100,98.4375,100,98.4375,81.25,100,100,82.8125,100,100,100,71.875,100,100,90.625,98.4375,100,84.375,100,70.3125,100,90.625,100,100,100,81.25,100,100,100,100,100,42.1875,100,92.1875,100,54.6875,100,100,56.25,100,67.1875,100,78.125,89.0625,70.3125,70.3125,100,100,100,98.4375,100,100,85.9375,100,100,65.625,48.4375,65.625,100,100,90.625,100,57.8125,78.125,100,89.0625,60.9375,100,100,100,100,50,100,85.9375,100,50,45.3125,93.75,100,100,96.875,64.0625,62.5,25,92.1875,100,100,100,59.375,100,100,67.1875,4.6875,100,89.0625,100,82.8125,81.25,100,92.1875,100,100,85.9375,96.875,29.6875,54.6875,71.875,71.875,39.0625,100,84.375,100,100,56.25,68.75,90.625,62.5,100,82.8125,75,89.0625,67.1875,100,100,100,100,79.6875,75,98.4375,93.75,82.8125,100,100,31.25,53.125,90.625,100,78.125,90.625,100,93.75,57.8125,62.5,100,100,100,100,93.75,100,100,75,85.9375,64.0625,71.875,100,62.5,56.25,81.25,78.125,100,21.875,100,100,100,28.125,100,100,100,68.75,100,98.4375,48.4375,42.1875,100,100,43.75,40.625,100,81.25,100,100,75,71.875,100,98.4375,92.1875,100,65.625,65.625,78.125,100,100,100,100,100,62.5,95.3125,100,100,100,82.8125,100,40.625,7.8125,100,71.875,62.5,100,81.25,43.75,73.4375,100,21.875,95.3125,54.6875,96.875,100,100,82.8125,81.25,100,81.25,81.25,100,100,100,100,100,100,93.75,71.875,59.375,89.0625,100,100,81.25,62.5,96.875,65.625,100,100,100,100,100,100,56.25,42.1875,98.4375,100,100,100,59.375,100,100,100,93.75,59.375,62.5,96.875,100,100,37.5,100,39.0625,100,50,100,79.6875,100,100,100,85.9375,96.875,100,100,100,92.1875,89.0625,59.375,75,100,100,100,76.5625,54.6875,48.4375,100,100,100,39.0625,71.875,100,93.75,100,75,57.8125,100,100,53.125,68.75,100,93.75,100,100,100,100,84.375,64.0625,87.5,100,100,100,100,87.5,100,70.3125,84.375,37.5,82.8125,100,100,100,84.375,100,100,96.875,100,48.4375,100,98.4375,57.8125,100,67.1875,100,25,100,100,35.9375,54.6875,100,100,100,95.3125,87.5,89.0625,84.375,100,100,85.9375,73.4375,82.8125,100,85.9375,100,42.1875,100,100,76.5625,60.9375,51.5625,100,26.5625,100,98.4375,100,100,84.375,57.8125,100,59.375,71.875,100,79.6875,79.6875,100,100,100,100,100,100,100,100,100,60.9375,40.625,68.75,100,100,59.375,100,100,64.0625,100,100,62.5,100,100,100,100,100,92.1875,100,56.25,68.75,39.0625,100,59.375,78.125,20.3125,100,100,100,100,90.625,92.1875,93.75,100,75,100,87.5,100,62.5,100,100,96.875,48.4375,100,100,50,85.9375,100,100,78.125,40.625,92.1875,100,100,100,100,100,100,100,100,76.5625,35.9375,100,100,100,92.1875,100,56.25,100,100,65.625,59.375,100,48.4375,100,100,68.75,42.1875,100,100,51.5625,100,100,81.25,100,57.8125,100,100,100,100,90.625,100,45.3125,100,78.125,100,50,100,100,60.9375,62.5,100,100,60.9375,100,82.8125,82.8125,56.25,100,100,40.625,10.9375,100,76.5625,100,100,100,73.4375,93.75,100,100,100,100,100,37.5,53.125,71.875,100,92.1875,93.75,100,100,25,100,64.0625,54.6875,100,100,96.875,100,100,100,90.625,84.375,76.5625,92.1875,73.4375,100,81.25,92.1875,89.0625,98.4375,92.1875,98.4375,100,100,100,81.25,82.8125,81.25,100,100,100,96.875,100,95.3125,89.0625,70.3125,78.125,87.5,18.75,50,100,100,100,45.3125,67.1875,100,100,100,79.6875,79.6875,79.6875,98.4375,85.9375,100,98.4375,100,64.0625,100,100,71.875,43.75,100,59.375,100,84.375,79.6875,81.25,100,78.125,54.6875,100,100,100,100,62.5,43.75,100,100,50,100,100,100,100,100,100,62.5,93.75,73.4375,100,98.4375,89.0625,100,100,100,100,100,43.75,100,87.5,23.4375,100,100,65.625,100,100,95.3125,100,100,100,85.9375,100,95.3125,92.1875,100,100,100,67.1875,100,100,59.375,100,84.375,100,73.4375,87.5,100,100,84.375,100,35.9375,71.875,53.125,81.25,90.625,100,100,100,98.4375,100,100,100,48.4375,56.25,39.0625,100,100,100,100,100,78.125,59.375,92.1875,100,65.625,93.75,68.75,100,85.9375,75,95.3125,68.75,84.375,31.25,95.3125,64.0625,100,54.6875,35.9375,100,96.875,100,100,56.25,100,100,59.375,73.4375,100,100,100,100,75,87.5,100,100,100,100,75,100,100,90.625,100,100,68.75,87.5,100,100,21.875,100,48.4375,100,90.625,45.3125,100,46.875,100,81.25,89.0625,100,46.875,50,87.5,100,17.1875,85.9375,100,100,100,100,75,100,32.8125,100,67.1875,100,98.4375,100,78.125,59.375,57.8125,100,100,45.3125,68.75,100,100,60.9375,100,100,37.5,100,46.875,100,100,100,82.8125,100,54.6875,76.5625,100,92.1875,90.625,51.5625,87.5,53.125,100,100,87.5,100,100,100,100,100,73.4375,100,100,100,100,43.75,84.375,100,100,100,100,100,93.75,100,53.125,71.875,100,87.5,100,100,100,100,25,100,1.5625,96.875,39.0625,29.6875,46.875,54.6875,100,100,100,100,29.6875,100,48.4375,84.375,100,100,100,100,100,85.9375,100,100,100,100,59.375,100,59.375,100,100,92.1875,73.4375,100,48.4375,64.0625,100,100,67.1875,100,100,65.625,100,100,73.4375,100,100,100,89.0625,100,70.3125,31.25,98.4375,67.1875,98.4375,67.1875,56.25,100,62.5,28.125,89.0625,78.125,70.3125,70.3125,100,100,82.8125,100,76.5625,100,100,59.375,100,68.75,100,100,62.5,100,26.5625,48.4375,100,100,96.875,87.5,87.5,100,62.5,100,100,29.6875,62.5,100,100,54.6875,73.4375,98.4375,79.6875,34.375,68.75,78.125,43.75,100,17.1875,100,100,59.375,39.0625,100,82.8125,100,100,100,73.4375,65.625,100,54.6875,90.625,100,57.8125,100,56.25,100,42.1875,85.9375,76.5625,98.4375,100,60.9375,100,100,100,93.75,100,100
"6142",89.0625,100,46.875,100,76.5625,82.8125,95.3125,100,45.3125,96.875,100,100,100,100,96.875,67.1875,90.625,76.5625,100,100,96.875,98.4375,100,100,76.5625,100,100,93.75,85.9375,100,100,100,100,95.3125,100,100,64.0625,100,100,100,92.1875,62.5,79.6875,100,100,100,100,100,65.625,81.25,75,100,100,67.1875,75,100,20.3125,100,100,43.75,98.4375,100,98.4375,95.3125,100,100,57.8125,100,79.6875,100,59.375,78.125,100,100,65.625,81.25,100,100,50,100,75,100,82.8125,70.3125,100,95.3125,100,29.6875,100,100,56.25,89.0625,100,48.4375,100,95.3125,100,62.5,100,100,95.3125,100,100,70.3125,18.75,53.125,100,68.75,85.9375,100,76.5625,79.6875,100,100,40.625,100,100,100,100,100,82.8125,100,100,87.5,87.5,53.125,100,18.75,100,21.875,100,100,100,100,100,65.625,57.8125,79.6875,100,100,100,90.625,43.75,56.25,100,6.25,100,100,50,82.8125,59.375,37.5,79.6875,92.1875,95.3125,95.3125,76.5625,100,100,100,100,100,79.6875,100,89.0625,70.3125,100,84.375,59.375,64.0625,95.3125,85.9375,87.5,100,35.9375,100,84.375,100,100,100,100,60.9375,100,100,75,100,54.6875,62.5,100,85.9375,57.8125,78.125,87.5,100,89.0625,100,87.5,62.5,100,100,37.5,100,96.875,100,100,100,51.5625,100,82.8125,100,65.625,48.4375,15.625,100,82.8125,79.6875,100,56.25,100,60.9375,100,73.4375,100,100,100,56.25,100,100,73.4375,100,100,78.125,100,100,100,100,71.875,60.9375,100,100,100,100,100,100,100,42.1875,100,92.1875,100,100,100,76.5625,75,93.75,100,98.4375,100,67.1875,100,100,25,98.4375,34.375,100,82.8125,71.875,100,100,100,100,42.1875,93.75,100,100,100,37.5,60.9375,100,78.125,100,82.8125,45.3125,100,100,100,100,64.0625,100,100,84.375,84.375,96.875,79.6875,46.875,100,100,100,84.375,70.3125,75,45.3125,100,100,76.5625,100,87.5,85.9375,21.875,87.5,92.1875,100,100,59.375,100,100,96.875,100,100,32.8125,57.8125,89.0625,100,54.6875,100,81.25,56.25,100,96.875,100,95.3125,90.625,100,76.5625,100,100,34.375,100,87.5,100,100,68.75,84.375,46.875,50,67.1875,68.75,42.1875,100,89.0625,68.75,100,78.125,100,100,70.3125,100,100,51.5625,29.6875,100,84.375,90.625,100,100,84.375,100,29.6875,100,98.4375,100,100,100,100,79.6875,82.8125,100,92.1875,84.375,96.875,100,84.375,79.6875,76.5625,100,100,17.1875,100,100,62.5,92.1875,100,95.3125,100,100,100,81.25,100,51.5625,93.75,50,100,100,100,100,100,100,40.625,100,71.875,96.875,95.3125,96.875,100,79.6875,100,98.4375,39.0625,51.5625,100,75,48.4375,98.4375,100,100,100,45.3125,39.0625,100,96.875,100,82.8125,100,89.0625,57.8125,92.1875,100,65.625,100,100,100,100,93.75,98.4375,100,85.9375,100,100,100,82.8125,90.625,95.3125,100,100,100,82.8125,73.4375,100,73.4375,100,100,76.5625,71.875,90.625,100,43.75,75,100,73.4375,100,73.4375,71.875,68.75,65.625,100,100,67.1875,100,100,100,85.9375,100,100,100,35.9375,82.8125,100,50,100,67.1875,71.875,100,79.6875,79.6875,100,65.625,100,100,100,73.4375,75,81.25,100,100,100,89.0625,57.8125,100,82.8125,100,100,62.5,70.3125,68.75,100,100,100,100,100,100,100,70.3125,81.25,100,60.9375,42.1875,98.4375,100,95.3125,51.5625,100,37.5,100,98.4375,92.1875,84.375,71.875,100,79.6875,84.375,100,89.0625,71.875,100,35.9375,50,100,82.8125,100,100,68.75,100,100,100,100,96.875,56.25,75,100,96.875,98.4375,51.5625,65.625,100,79.6875,100,100,57.8125,76.5625,100,100,78.125,85.9375,64.0625,100,48.4375,96.875,100,64.0625,100,100,64.0625,37.5,100,100,100,100,21.875,70.3125,100,65.625,100,68.75,100,100,100,100,62.5,100,54.6875,100,100,62.5,100,85.9375,59.375,100,54.6875,48.4375,100,100,100,100,78.125,100,17.1875,100,100,67.1875,100,100,100,100,93.75,85.9375,93.75,76.5625,100,100,100,73.4375,95.3125,53.125,100,100,100,65.625,100,100,100,100,100,100,60.9375,96.875,73.4375,82.8125,81.25,100,65.625,100,100,92.1875,90.625,100,42.1875,28.125,71.875,50,28.125,85.9375,100,100,100,100,100,100,100,85.9375,54.6875,59.375,68.75,54.6875,54.6875,71.875,78.125,100,93.75,60.9375,84.375,68.75,40.625,90.625,95.3125,46.875,76.5625,100,100,100,100,100,100,76.5625,53.125,45.3125,68.75,100,100,73.4375,57.8125,90.625,46.875,100,42.1875,100,100,100,100,100,100,56.25,100,100,85.9375,81.25,100,100,65.625,71.875,100,100,68.75,100,100,100,76.5625,100,100,100,100,100,100,57.8125,100,100,100,85.9375,100,100,100,100,100,100,68.75,100,56.25,100,42.1875,100,100,35.9375,79.6875,100,92.1875,40.625,67.1875,100,100,65.625,81.25,100,100,100,75,32.8125,64.0625,92.1875,71.875,100,92.1875,50,35.9375,70.3125,79.6875,4.6875,100,100,100,45.3125,100,9.375,84.375,100,81.25,100,100,100,90.625,53.125,100,93.75,73.4375,90.625,67.1875,43.75,98.4375,100,100,100,100,100,100,56.25,100,54.6875,100,84.375,65.625,100,100,20.3125,100,98.4375,100,89.0625,95.3125,100,39.0625,93.75,100,100,60.9375,98.4375,64.0625,100,100,100,100,96.875,62.5,87.5,100,62.5,68.75,64.0625,100,78.125,100,70.3125,79.6875,79.6875,42.1875,100,34.375,100,100,100,100,100,84.375,68.75,100,100,100,67.1875,100,76.5625,35.9375,31.25,98.4375,100,84.375,100,87.5,100,90.625,92.1875,54.6875,100,100,100,100,100,100,79.6875,100,68.75,48.4375,100,68.75,100,84.375,100,60.9375,76.5625,100,32.8125,100,100,57.8125,100,60.9375,100,39.0625,100,100,98.4375,100,54.6875,100,100,71.875,23.4375,100,100,100,98.4375,100,48.4375,100,100,100,100,100,71.875,100,84.375,100,79.6875,100,57.8125,50,98.4375,65.625,60.9375,96.875,100,35.9375,100,96.875,100,90.625,95.3125,70.3125,56.25,100,100,71.875,100,100,100,64.0625,85.9375,98.4375,100,65.625,100,100,64.0625,93.75,93.75,34.375,67.1875,93.75,100,100,60.9375,100,100,100,100,62.5,100,92.1875,100,100,100,87.5,100,100,100,100,70.3125,10.9375,100,100,59.375,20.3125,100,75,100,100,100,73.4375,100,31.25,100,43.75,100,73.4375,70.3125,100,89.0625,84.375,100,100,100,95.3125,100,100,100,100,100,59.375,87.5,39.0625,100,93.75,71.875,95.3125,67.1875,59.375,100,62.5,100,76.5625,84.375,100,81.25,100,81.25,87.5,100,100,60.9375,100,100,79.6875,48.4375,100,76.5625,84.375,100,76.5625,100,95.3125,100,100,100,100,100,81.25,100,100,100,76.5625,100,39.0625,100,100,100,100,100,100,100,76.5625,100,81.25,100,100,90.625,100,100,84.375,89.0625,100,92.1875,59.375,84.375,100,100,100,100,40.625,95.3125,100,79.6875,73.4375,100,100,75,81.25,100,82.8125,100,100,73.4375,100,70.3125,100,100,68.75,100,100,40.625,100,100,78.125,96.875,95.3125,53.125,75,100,100,100,92.1875,17.1875,100,100,60.9375,100,100,100,100,100,54.6875,100,100,62.5,46.875,90.625,89.0625,23.4375,89.0625,100,87.5,100,100,90.625,100,100,73.4375,100,100,93.75,50,100,82.8125,59.375,100,82.8125,100,20.3125,100,35.9375,100,100,100,56.25,100,75,100,100,100,50,100,100,65.625,65.625,100,96.875,96.875,87.5,100,93.75,71.875,79.6875,100,90.625,100,100,100,100,100,100,42.1875,60.9375,100,100,100,100,100,100,37.5,100,89.0625,100,100,70.3125,100,96.875,100,42.1875,75,100,100,100,85.9375,95.3125,100,78.125,76.5625,100,98.4375,100,100,98.4375,34.375,100,48.4375,51.5625,70.3125,100,68.75,28.125,100,100,100,85.9375,50,100,95.3125,37.5,100,100,100,100,100,100,100,100,100,100,68.75,60.9375,95.3125,56.25,100,75,100,73.4375,100,68.75,95.3125,82.8125,100,100,51.5625,100,100,70.3125,100,100,100,100,100,71.875,100,75,92.1875,100,100,100,100,28.125,60.9375,100,100,100,89.0625,50,100,39.0625,100,100,100,100,68.75,68.75,100,71.875,100,100,100,71.875,100,81.25,68.75,57.8125,87.5,71.875,100,100,78.125,71.875,92.1875,67.1875,62.5,50,100,95.3125,64.0625,71.875,100,79.6875,60.9375,100,51.5625,57.8125,100,100,100,100,100,100,100,73.4375,100,100,100,100,100,90.625,100,85.9375,100,100,100,54.6875,100,93.75,100,87.5,100,100,67.1875,60.9375,100,53.125,100,100,100,89.0625,100,100,100,100,90.625,50,100,100,100,87.5,100,42.1875,100,100,65.625,67.1875,82.8125,48.4375,100,96.875,85.9375,76.5625,78.125,53.125,43.75,100,100,75,60.9375,62.5,98.4375,78.125,82.8125,96.875,100,90.625,100,56.25,100,78.125,67.1875,100,100,90.625,100,100,100,85.9375,100,100,87.5,39.0625,100,100,100,73.4375,39.0625,100,100,100,100,100,79.6875,100,100,68.75,62.5,100,51.5625,100,100,100,100,50,93.75,75,48.4375,79.6875,54.6875,93.75,100,100,100,75,100,100,57.8125,43.75,90.625,100,76.5625,71.875,100,100,67.1875,100,100,100,100,100,100,75,100,100,92.1875,100,89.0625,100,100,100,100,100,92.1875,100,100,100,21.875,76.5625,60.9375,100,100,82.8125,89.0625,82.8125,100,100,70.3125,81.25,100,100,100,23.4375,82.8125,78.125,100,100,78.125,100,100,48.4375,43.75,89.0625,100,90.625,79.6875,76.5625,100,100,100,100,100,100,100,96.875,92.1875,100,39.0625,62.5,70.3125,100,79.6875,100,100,100,100,100,100,42.1875,100,100,89.0625,50,100,100,100,100,100,100,93.75,100,100,100,76.5625,100,50,100,89.0625,100,100,100,95.3125,70.3125,89.0625,98.4375,25,100,48.4375,100,100,100,100,90.625,81.25,100,100,100,100,53.125,100,82.8125,100,76.5625,100,67.1875,100,100,100,100,82.8125,100,100,100,96.875,100,100,82.8125,98.4375,100,20.3125,100,78.125,76.5625,60.9375,70.3125,98.4375,75,64.0625,73.4375,100,100,100,100,89.0625,100,85.9375,87.5,59.375,56.25,100,100,82.8125,15.625,100,60.9375,92.1875,100,100,100,68.75,54.6875,100,100,100,100,32.8125,82.8125,100,43.75,100,100,100,78.125,100,71.875,100,100,84.375,100,100,100,100,65.625,100,100,100,100,100,100,96.875,59.375,100,100,100,82.8125,100,96.875,100,100,85.9375,71.875,79.6875,71.875,100,100,73.4375,100,100,89.0625,100,96.875,62.5,100,67.1875,100,100,100,75,54.6875,100,100,100,100,89.0625,100,39.0625,85.9375,79.6875,59.375,100,100,98.4375,100,95.3125,51.5625,100,100,23.4375,53.125,100,56.25,54.6875,100,95.3125,62.5,32.8125,71.875,87.5,100,100,100,96.875,100,42.1875,20.3125,100,100,100,100,89.0625,100,100,100,100,37.5,14.0625,100,100,100,100,81.25,73.4375,100,100,100,100,81.25,95.3125,60.9375,92.1875,100,100,31.25,57.8125,92.1875,100,100,60.9375,100,100,59.375,100,100,100,75,70.3125,100,78.125,100,100,59.375,60.9375,62.5,96.875,82.8125,100,100,100,89.0625,100,81.25,92.1875,87.5,100,100,100,89.0625,98.4375,100,100,100,100,100,87.5,100,9.375,87.5,100,100,71.875,46.875,100,89.0625,100,50,48.4375,100,100,100,100,100,100,100,90.625,100,79.6875,100,81.25,100,34.375,100,68.75,89.0625,100,100,100,84.375,89.0625,100,56.25,100,64.0625,70.3125,68.75,100,28.125,100,46.875,100,100,76.5625,100,100,100,67.1875,78.125,87.5,81.25,100,82.8125,93.75,35.9375,42.1875,67.1875,67.1875,62.5,75,100,65.625,84.375,100,46.875,100,76.5625,100,100,100,100,45.3125,78.125,100,95.3125,100,75,37.5,98.4375,100,65.625,100,78.125,65.625,100,57.8125,100,75,100,75,95.3125,100,81.25,100,73.4375,73.4375,81.25,100,39.0625,100,100,100,100,96.875,26.5625,40.625,100,100,76.5625,100,100,100,79.6875,85.9375,82.8125,89.0625,84.375,93.75,100,100,100,76.5625,46.875,87.5,82.8125,100,60.9375,100,62.5,100,43.75,35.9375,100,71.875,76.5625,100,31.25,100,100,100,90.625,23.4375,96.875,32.8125,100,82.8125,100,34.375,39.0625,37.5,100,68.75,100,100,90.625,56.25,95.3125,54.6875,42.1875,100,100,79.6875,60.9375,89.0625,100,70.3125,53.125,95.3125,78.125,43.75,100,100,100,100,57.8125,53.125,100,100,100,100,40.625,100,100,100,100,100,100,100,100,12.5,100,26.5625,100,56.25,57.8125,100,100,48.4375,96.875,20.3125,100,100,87.5,100,84.375,100,84.375,84.375,75,100,89.0625,100,100,100,100,100,79.6875,43.75,51.5625,100,95.3125,100,100,100,75,92.1875,100,100,87.5,23.4375,100,90.625,100,71.875,100,100,100,100,100,90.625,100,100,87.5,100,76.5625,100,100,100,28.125,87.5,40.625,100,100,67.1875,100,81.25,65.625,100,100,20.3125,81.25,79.6875,100,100,73.4375,45.3125,59.375,67.1875,100,98.4375,100,100,100,34.375,100,92.1875,100,100,93.75,100,100,67.1875,100,100,100,100,62.5,100,70.3125,4.6875,45.3125,100,9.375,100,100,84.375,100,65.625,100,96.875,100,84.375,82.8125,100,100,9.375,100,100,100,71.875,100,96.875,87.5,100,100,82.8125,100,90.625,100,92.1875,100,100,100,81.25,100,81.25,93.75,100,100,50,100,92.1875,100,57.8125,100,100,57.8125,100,68.75,100,78.125,93.75,71.875,73.4375,100,100,100,93.75,100,100,85.9375,100,100,100,54.6875,65.625,76.5625,100,92.1875,100,65.625,78.125,100,89.0625,62.5,84.375,84.375,100,100,98.4375,100,92.1875,90.625,100,45.3125,96.875,100,100,100,65.625,67.1875,25,85.9375,35.9375,100,100,59.375,100,100,67.1875,31.25,100,84.375,31.25,89.0625,75,100,92.1875,100,100,87.5,95.3125,29.6875,57.8125,71.875,70.3125,39.0625,100,79.6875,100,100,54.6875,84.375,92.1875,67.1875,100,90.625,75,89.0625,67.1875,95.3125,100,100,100,84.375,73.4375,100,81.25,89.0625,65.625,100,28.125,56.25,93.75,100,100,81.25,100,93.75,68.75,62.5,100,100,100,100,93.75,90.625,100,82.8125,84.375,64.0625,68.75,100,62.5,51.5625,89.0625,81.25,95.3125,75,57.8125,100,90.625,26.5625,100,100,100,81.25,93.75,40.625,67.1875,42.1875,100,100,40.625,40.625,100,81.25,100,100,75,56.25,100,98.4375,79.6875,100,67.1875,65.625,78.125,100,100,100,100,100,67.1875,73.4375,100,100,100,82.8125,100,46.875,17.1875,100,71.875,64.0625,100,82.8125,48.4375,78.125,73.4375,20.3125,93.75,54.6875,85.9375,100,100,87.5,78.125,75,100,81.25,100,100,100,100,100,100,93.75,100,39.0625,100,100,100,79.6875,53.125,100,65.625,100,100,100,100,100,100,56.25,42.1875,100,100,100,100,100,100,100,100,100,100,100,100,100,100,20.3125,100,32.8125,100,82.8125,100,100,100,54.6875,100,87.5,95.3125,40.625,100,100,92.1875,98.4375,59.375,93.75,100,100,100,65.625,54.6875,71.875,100,100,100,42.1875,76.5625,100,100,100,98.4375,100,100,100,39.0625,67.1875,100,85.9375,100,100,84.375,50,93.75,68.75,87.5,100,100,100,98.4375,100,100,71.875,89.0625,39.0625,79.6875,100,100,100,95.3125,100,100,100,100,75,100,93.75,85.9375,54.6875,65.625,100,26.5625,100,100,100,54.6875,100,100,50,100,73.4375,90.625,100,100,100,84.375,78.125,89.0625,100,85.9375,100,42.1875,100,100,75,62.5,78.125,100,100,100,98.4375,100,100,84.375,56.25,100,59.375,79.6875,100,100,79.6875,100,100,100,100,89.0625,98.4375,100,96.875,42.1875,100,100,70.3125,100,100,60.9375,100,100,64.0625,100,100,62.5,100,100,76.5625,100,100,89.0625,100,56.25,70.3125,93.75,100,59.375,78.125,75,100,100,100,100,87.5,92.1875,100,100,81.25,100,85.9375,100,68.75,100,100,100,48.4375,100,100,56.25,81.25,100,100,81.25,100,93.75,100,34.375,100,100,100,100,100,87.5,70.3125,34.375,100,100,100,92.1875,100,56.25,100,100,100,59.375,76.5625,100,100,100,100,60.9375,100,100,56.25,100,100,81.25,100,54.6875,100,100,100,68.75,93.75,100,45.3125,17.1875,64.0625,82.8125,46.875,100,100,50,62.5,100,100,57.8125,100,92.1875,90.625,57.8125,100,100,45.3125,10.9375,100,78.125,100,100,100,70.3125,82.8125,76.5625,100,100,100,100,37.5,56.25,100,100,90.625,93.75,100,100,20.3125,100,64.0625,59.375,100,100,98.4375,100,100,100,100,89.0625,76.5625,92.1875,67.1875,100,78.125,92.1875,100,100,95.3125,96.875,100,100,100,79.6875,100,81.25,100,100,100,96.875,15.625,100,93.75,62.5,57.8125,87.5,10.9375,45.3125,100,100,100,45.3125,81.25,75,100,100,100,68.75,78.125,96.875,84.375,100,81.25,100,68.75,100,100,56.25,53.125,100,65.625,100,100,79.6875,81.25,100,68.75,54.6875,100,100,100,100,60.9375,43.75,100,100,50,100,34.375,68.75,100,100,100,59.375,93.75,70.3125,100,100,79.6875,100,100,100,96.875,100,39.0625,100,73.4375,15.625,100,90.625,65.625,100,100,93.75,100,100,100,81.25,100,92.1875,98.4375,100,100,100,75,100,100,56.25,100,75,100,98.4375,87.5,100,100,87.5,100,35.9375,48.4375,51.5625,95.3125,85.9375,100,100,100,75,96.875,100,100,62.5,54.6875,35.9375,100,100,100,100,87.5,79.6875,100,92.1875,100,67.1875,100,68.75,100,82.8125,46.875,93.75,68.75,89.0625,34.375,95.3125,73.4375,100,57.8125,35.9375,100,100,100,100,56.25,100,100,59.375,76.5625,73.4375,78.125,51.5625,100,79.6875,79.6875,53.125,100,100,100,51.5625,100,71.875,89.0625,100,100,98.4375,85.9375,100,100,21.875,100,37.5,100,100,43.75,100,46.875,100,79.6875,78.125,100,53.125,53.125,90.625,100,17.1875,85.9375,100,100,100,100,73.4375,92.1875,29.6875,100,81.25,100,89.0625,100,100,53.125,64.0625,100,100,46.875,68.75,100,100,48.4375,100,100,32.8125,100,46.875,100,100,100,85.9375,100,50,76.5625,100,95.3125,92.1875,53.125,87.5,53.125,100,100,93.75,100,100,93.75,100,85.9375,100,100,100,100,100,100,84.375,100,96.875,100,100,100,93.75,78.125,59.375,71.875,100,85.9375,100,100,100,100,28.125,100,1.5625,100,100,26.5625,100,51.5625,100,100,100,100,100,100,14.0625,82.8125,100,100,100,100,100,98.4375,45.3125,100,48.4375,100,57.8125,100,71.875,100,100,100,73.4375,100,45.3125,64.0625,100,31.25,67.1875,100,100,53.125,100,100,87.5,50,100,64.0625,89.0625,100,62.5,29.6875,81.25,100,98.4375,53.125,81.25,100,62.5,100,92.1875,68.75,70.3125,64.0625,100,100,100,90.625,76.5625,100,100,57.8125,100,68.75,100,100,92.1875,92.1875,84.375,68.75,100,100,96.875,76.5625,100,100,67.1875,100,98.4375,26.5625,65.625,100,100,60.9375,87.5,100,81.25,32.8125,46.875,39.0625,100,100,100,100,100,59.375,40.625,79.6875,100,100,100,100,57.8125,62.5,100,54.6875,100,100,57.8125,98.4375,59.375,100,68.75,85.9375,87.5,100,34.375,53.125,100,100,100,73.4375,100,100
"6143",89.0625,100,37.5,100,100,85.9375,95.3125,100,42.1875,89.0625,53.125,100,100,100,100,76.5625,85.9375,75,100,100,96.875,100,100,100,76.5625,100,100,93.75,87.5,100,100,100,100,100,100,100,79.6875,71.875,100,100,87.5,64.0625,71.875,100,100,100,100,100,68.75,82.8125,75,100,100,68.75,100,100,15.625,100,100,48.4375,100,100,98.4375,54.6875,100,100,45.3125,100,60.9375,100,59.375,78.125,100,85.9375,59.375,82.8125,100,100,51.5625,100,73.4375,100,82.8125,73.4375,100,100,100,45.3125,100,100,60.9375,89.0625,100,46.875,73.4375,98.4375,100,60.9375,100,100,78.125,100,100,70.3125,17.1875,65.625,100,76.5625,85.9375,100,62.5,73.4375,100,100,40.625,100,100,100,98.4375,100,71.875,100,100,75,96.875,56.25,100,18.75,100,100,100,100,100,100,100,64.0625,51.5625,79.6875,100,100,100,96.875,62.5,54.6875,100,14.0625,100,100,57.8125,82.8125,62.5,37.5,78.125,92.1875,95.3125,95.3125,76.5625,100,100,100,100,100,82.8125,100,89.0625,70.3125,100,85.9375,60.9375,100,100,79.6875,100,100,100,100,84.375,100,100,100,100,75,100,100,92.1875,100,54.6875,100,45.3125,87.5,100,67.1875,87.5,100,92.1875,100,98.4375,75,100,100,50,100,96.875,100,100,100,67.1875,100,71.875,100,64.0625,100,100,100,46.875,78.125,57.8125,95.3125,100,98.4375,100,75,39.0625,100,100,56.25,82.8125,100,68.75,93.75,100,68.75,20.3125,100,100,100,68.75,60.9375,100,100,100,79.6875,100,68.75,100,48.4375,96.875,87.5,100,100,100,76.5625,76.5625,100,100,98.4375,100,67.1875,100,100,100,98.4375,34.375,92.1875,92.1875,100,100,100,100,100,43.75,93.75,100,100,100,64.0625,57.8125,100,75,100,87.5,45.3125,100,100,100,100,65.625,96.875,100,93.75,85.9375,100,84.375,54.6875,100,100,100,84.375,68.75,75,46.875,100,100,76.5625,100,85.9375,87.5,68.75,78.125,100,100,100,59.375,100,100,95.3125,100,100,68.75,57.8125,89.0625,100,50,59.375,75,59.375,100,95.3125,100,100,100,100,60.9375,100,93.75,37.5,100,87.5,100,100,100,84.375,43.75,54.6875,67.1875,68.75,40.625,100,100,75,100,43.75,100,100,68.75,100,39.0625,50,26.5625,95.3125,84.375,53.125,100,100,84.375,100,29.6875,100,98.4375,100,100,100,93.75,62.5,85.9375,100,92.1875,78.125,87.5,100,79.6875,79.6875,100,100,100,64.0625,100,100,100,93.75,100,70.3125,100,100,100,79.6875,100,68.75,71.875,39.0625,100,100,100,100,100,89.0625,59.375,100,70.3125,92.1875,100,100,100,82.8125,100,100,39.0625,54.6875,100,75,62.5,90.625,100,100,100,26.5625,46.875,100,100,100,82.8125,100,82.8125,100,82.8125,75,57.8125,100,100,100,100,93.75,100,70.3125,100,100,100,100,100,90.625,93.75,100,100,100,82.8125,60.9375,100,73.4375,100,100,76.5625,65.625,95.3125,100,57.8125,76.5625,100,100,100,65.625,70.3125,68.75,68.75,100,100,68.75,100,100,100,100,100,100,100,60.9375,82.8125,100,54.6875,100,65.625,73.4375,100,79.6875,81.25,100,64.0625,100,100,100,57.8125,73.4375,81.25,100,100,100,85.9375,68.75,100,82.8125,100,100,62.5,79.6875,68.75,100,100,100,100,100,100,100,71.875,100,62.5,68.75,37.5,92.1875,100,96.875,51.5625,100,35.9375,100,98.4375,92.1875,84.375,71.875,100,78.125,43.75,100,81.25,60.9375,100,35.9375,65.625,100,84.375,100,100,70.3125,100,100,73.4375,100,100,46.875,75,100,100,100,96.875,67.1875,100,57.8125,100,98.4375,31.25,78.125,100,100,62.5,100,100,100,48.4375,71.875,100,64.0625,100,100,64.0625,100,21.875,100,100,100,25,64.0625,100,65.625,100,70.3125,100,100,100,100,6.25,100,51.5625,95.3125,59.375,64.0625,100,79.6875,79.6875,100,51.5625,17.1875,100,100,100,100,78.125,100,21.875,100,100,76.5625,100,100,100,100,100,87.5,100,76.5625,87.5,21.875,100,71.875,100,100,100,100,100,100,100,85.9375,100,100,100,100,60.9375,96.875,75,100,85.9375,100,62.5,100,100,90.625,90.625,100,42.1875,6.25,87.5,51.5625,29.6875,25,100,100,100,100,100,100,100,82.8125,54.6875,59.375,54.6875,59.375,60.9375,68.75,75,100,92.1875,100,79.6875,70.3125,40.625,90.625,95.3125,79.6875,76.5625,100,100,100,100,100,100,76.5625,53.125,45.3125,68.75,100,100,71.875,54.6875,84.375,46.875,100,43.75,100,100,100,100,100,100,57.8125,100,100,85.9375,82.8125,100,48.4375,68.75,81.25,100,100,65.625,100,85.9375,100,71.875,100,100,100,100,100,100,67.1875,100,100,100,87.5,100,100,100,98.4375,100,100,68.75,100,90.625,98.4375,62.5,100,100,35.9375,87.5,100,75,40.625,62.5,96.875,100,65.625,98.4375,100,100,100,64.0625,100,65.625,82.8125,67.1875,100,92.1875,48.4375,26.5625,73.4375,76.5625,6.25,100,100,100,45.3125,100,9.375,84.375,100,100,62.5,100,100,79.6875,100,100,100,51.5625,39.0625,68.75,43.75,79.6875,100,76.5625,100,100,100,100,57.8125,96.875,60.9375,100,68.75,62.5,100,100,15.625,100,100,100,89.0625,98.4375,100,37.5,93.75,100,100,57.8125,100,57.8125,23.4375,100,100,100,95.3125,62.5,100,100,50,65.625,51.5625,100,42.1875,100,70.3125,90.625,79.6875,40.625,100,39.0625,95.3125,76.5625,100,100,100,81.25,67.1875,100,100,100,68.75,100,76.5625,56.25,64.0625,64.0625,100,79.6875,100,81.25,100,95.3125,98.4375,54.6875,100,100,100,43.75,100,100,100,100,67.1875,45.3125,100,68.75,100,84.375,100,60.9375,73.4375,100,4.6875,100,100,60.9375,92.1875,57.8125,57.8125,39.0625,98.4375,100,96.875,100,68.75,100,100,73.4375,25,100,100,100,98.4375,73.4375,53.125,100,100,100,100,100,79.6875,100,79.6875,100,78.125,98.4375,100,45.3125,100,65.625,64.0625,89.0625,100,35.9375,100,85.9375,100,100,95.3125,70.3125,89.0625,100,100,70.3125,78.125,100,100,100,81.25,100,100,96.875,100,100,64.0625,93.75,93.75,34.375,100,100,100,100,64.0625,100,100,93.75,100,100,98.4375,92.1875,100,100,100,53.125,100,81.25,100,87.5,57.8125,14.0625,100,100,59.375,28.125,100,76.5625,100,46.875,100,68.75,100,31.25,100,43.75,100,68.75,70.3125,100,89.0625,87.5,100,100,100,92.1875,100,100,100,100,100,59.375,87.5,12.5,100,93.75,71.875,95.3125,71.875,73.4375,100,100,100,100,84.375,100,82.8125,100,79.6875,100,100,100,56.25,100,100,92.1875,42.1875,100,100,84.375,100,62.5,100,96.875,100,100,100,100,85.9375,81.25,100,100,100,76.5625,70.3125,57.8125,100,100,70.3125,100,100,100,100,79.6875,100,81.25,100,96.875,100,100,100,100,85.9375,100,96.875,100,93.75,100,100,96.875,100,51.5625,50,100,79.6875,75,100,100,73.4375,81.25,100,79.6875,71.875,100,75,100,100,100,100,67.1875,100,100,40.625,100,100,81.25,100,100,51.5625,76.5625,100,100,100,82.8125,17.1875,100,100,100,100,100,100,100,100,100,100,93.75,65.625,96.875,43.75,100,29.6875,89.0625,100,73.4375,100,100,100,100,100,73.4375,100,100,93.75,50,100,82.8125,64.0625,100,82.8125,100,50,100,76.5625,100,100,100,48.4375,100,70.3125,100,100,100,40.625,100,100,65.625,65.625,100,93.75,100,87.5,100,93.75,82.8125,75,93.75,87.5,100,100,100,100,100,100,39.0625,65.625,96.875,100,100,100,100,100,39.0625,68.75,90.625,100,100,67.1875,100,96.875,100,79.6875,75,100,100,100,85.9375,92.1875,89.0625,71.875,71.875,100,98.4375,100,100,100,17.1875,100,85.9375,51.5625,76.5625,100,67.1875,23.4375,100,84.375,100,84.375,46.875,100,100,35.9375,92.1875,100,100,100,100,100,100,100,100,100,71.875,40.625,100,54.6875,96.875,73.4375,100,79.6875,100,68.75,95.3125,81.25,100,100,48.4375,100,100,71.875,100,87.5,100,100,100,68.75,84.375,54.6875,68.75,100,100,100,100,25,68.75,100,100,100,89.0625,50,100,39.0625,100,100,100,100,59.375,68.75,100,71.875,96.875,100,89.0625,65.625,100,95.3125,70.3125,56.25,89.0625,73.4375,100,100,79.6875,84.375,92.1875,67.1875,100,50,100,87.5,67.1875,93.75,100,81.25,62.5,100,43.75,15.625,100,100,100,100,100,100,100,73.4375,100,100,64.0625,100,100,96.875,100,85.9375,35.9375,100,100,59.375,100,79.6875,100,62.5,100,100,62.5,62.5,100,56.25,100,100,100,89.0625,100,100,100,100,95.3125,43.75,100,100,100,70.3125,100,42.1875,98.4375,100,67.1875,67.1875,82.8125,79.6875,100,100,68.75,79.6875,76.5625,54.6875,39.0625,100,100,75,59.375,60.9375,37.5,79.6875,92.1875,95.3125,100,90.625,100,54.6875,71.875,75,57.8125,100,100,92.1875,100,100,100,79.6875,89.0625,100,79.6875,21.875,100,100,98.4375,73.4375,37.5,100,100,100,100,100,89.0625,93.75,92.1875,68.75,73.4375,100,70.3125,100,100,100,78.125,53.125,100,81.25,43.75,78.125,62.5,93.75,42.1875,43.75,85.9375,81.25,100,100,65.625,43.75,90.625,100,71.875,70.3125,100,100,67.1875,100,100,100,68.75,100,100,76.5625,100,100,92.1875,100,87.5,100,96.875,100,100,100,92.1875,100,100,100,28.125,95.3125,68.75,84.375,100,82.8125,100,81.25,100,100,68.75,70.3125,100,90.625,100,26.5625,75,78.125,100,98.4375,79.6875,100,100,100,39.0625,90.625,100,85.9375,79.6875,76.5625,100,100,100,100,100,100,100,100,100,100,46.875,60.9375,71.875,100,78.125,100,68.75,100,100,100,100,21.875,100,100,89.0625,64.0625,100,100,100,100,100,100,100,100,100,100,79.6875,100,59.375,100,87.5,79.6875,100,100,92.1875,87.5,81.25,100,32.8125,100,48.4375,100,85.9375,100,100,70.3125,96.875,100,73.4375,100,100,50,100,76.5625,100,71.875,100,65.625,100,100,100,100,84.375,100,100,100,98.4375,53.125,100,100,87.5,100,23.4375,100,76.5625,70.3125,59.375,71.875,76.5625,85.9375,79.6875,73.4375,100,100,100,100,90.625,93.75,85.9375,87.5,57.8125,56.25,100,100,82.8125,100,100,35.9375,100,100,90.625,100,54.6875,54.6875,100,100,100,100,34.375,82.8125,100,98.4375,100,100,100,82.8125,100,62.5,100,100,84.375,100,100,100,100,82.8125,100,100,100,100,100,100,100,59.375,100,17.1875,98.4375,81.25,100,100,90.625,100,84.375,71.875,100,62.5,100,100,67.1875,100,100,92.1875,100,100,81.25,100,51.5625,100,100,100,71.875,57.8125,100,96.875,100,100,89.0625,100,57.8125,85.9375,78.125,62.5,100,100,95.3125,100,93.75,100,100,100,20.3125,60.9375,100,54.6875,53.125,32.8125,95.3125,100,100,65.625,87.5,100,100,100,92.1875,100,40.625,18.75,100,100,100,100,100,100,100,100,100,100,12.5,57.8125,100,100,100,76.5625,100,100,100,100,100,82.8125,100,68.75,93.75,100,100,100,100,90.625,100,100,96.875,100,65.625,73.4375,100,100,100,54.6875,75,100,71.875,67.1875,100,59.375,59.375,62.5,95.3125,81.25,100,100,100,79.6875,100,78.125,48.4375,100,100,100,100,92.1875,100,100,100,78.125,100,100,84.375,100,100,84.375,100,100,100,68.75,100,84.375,100,50,51.5625,81.25,100,51.5625,89.0625,100,100,100,95.3125,100,79.6875,54.6875,76.5625,100,35.9375,12.5,68.75,89.0625,100,100,100,90.625,85.9375,100,59.375,84.375,100,67.1875,68.75,100,18.75,100,54.6875,100,100,76.5625,100,93.75,100,68.75,73.4375,76.5625,81.25,100,100,92.1875,6.25,40.625,82.8125,68.75,70.3125,76.5625,100,37.5,82.8125,100,23.4375,100,71.875,100,100,100,100,23.4375,81.25,100,96.875,100,100,32.8125,73.4375,100,71.875,100,87.5,65.625,100,57.8125,71.875,96.875,76.5625,73.4375,100,71.875,73.4375,100,100,100,81.25,100,40.625,57.8125,100,100,100,100,100,39.0625,100,100,70.3125,100,70.3125,100,100,100,82.8125,100,82.8125,79.6875,100,100,100,98.4375,50,73.4375,100,100,50,100,53.125,100,18.75,37.5,100,73.4375,78.125,100,31.25,82.8125,100,100,75,32.8125,100,40.625,100,82.8125,100,51.5625,43.75,35.9375,100,70.3125,100,100,89.0625,59.375,100,53.125,42.1875,12.5,100,96.875,60.9375,89.0625,100,70.3125,68.75,21.875,89.0625,54.6875,100,100,100,95.3125,60.9375,68.75,100,100,100,82.8125,48.4375,100,100,100,100,98.4375,100,100,100,1.5625,100,23.4375,100,59.375,68.75,100,100,43.75,89.0625,18.75,100,100,87.5,100,78.125,100,73.4375,87.5,76.5625,100,90.625,100,100,100,100,100,81.25,50,100,100,100,100,100,100,60.9375,96.875,100,100,100,64.0625,100,89.0625,82.8125,68.75,100,98.4375,100,100,100,81.25,100,100,71.875,100,76.5625,100,100,100,100,100,85.9375,100,100,67.1875,34.375,71.875,65.625,100,100,64.0625,70.3125,81.25,87.5,100,68.75,46.875,59.375,67.1875,100,100,100,100,100,32.8125,100,92.1875,100,100,92.1875,100,89.0625,67.1875,95.3125,100,100,100,62.5,100,70.3125,4.6875,45.3125,100,56.25,100,100,100,98.4375,90.625,100,96.875,100,81.25,81.25,100,100,18.75,100,100,100,71.875,100,79.6875,100,100,100,84.375,100,100,100,92.1875,100,100,100,81.25,100,82.8125,93.75,100,100,62.5,100,92.1875,100,76.5625,100,100,56.25,100,67.1875,100,79.6875,73.4375,70.3125,68.75,100,100,100,100,100,100,85.9375,100,95.3125,100,59.375,65.625,100,100,90.625,100,64.0625,78.125,100,85.9375,60.9375,100,100,100,100,23.4375,100,92.1875,100,31.25,45.3125,92.1875,100,100,92.1875,65.625,65.625,31.25,73.4375,26.5625,100,100,59.375,100,100,65.625,26.5625,100,89.0625,79.6875,89.0625,73.4375,100,90.625,100,100,87.5,95.3125,31.25,56.25,73.4375,71.875,39.0625,100,84.375,100,100,54.6875,73.4375,100,64.0625,100,89.0625,75,90.625,64.0625,92.1875,100,100,100,84.375,73.4375,100,76.5625,84.375,100,100,23.4375,57.8125,96.875,100,79.6875,100,100,92.1875,57.8125,67.1875,100,100,100,100,98.4375,100,100,75,85.9375,64.0625,73.4375,21.875,67.1875,50,84.375,82.8125,100,84.375,78.125,100,100,31.25,100,100,100,100,79.6875,37.5,73.4375,42.1875,100,100,57.8125,40.625,100,81.25,100,100,75,62.5,100,96.875,62.5,100,67.1875,65.625,78.125,76.5625,73.4375,100,85.9375,100,92.1875,73.4375,100,100,100,87.5,100,40.625,7.8125,100,71.875,53.125,100,81.25,40.625,84.375,100,20.3125,95.3125,54.6875,85.9375,100,100,90.625,84.375,78.125,65.625,92.1875,100,100,100,100,100,100,93.75,100,34.375,89.0625,100,100,81.25,40.625,78.125,67.1875,98.4375,100,100,100,100,100,56.25,42.1875,96.875,100,100,100,100,25,100,100,100,68.75,67.1875,98.4375,92.1875,100,21.875,100,31.25,100,54.6875,100,100,100,60.9375,100,87.5,92.1875,100,100,100,92.1875,100,62.5,92.1875,100,100,100,71.875,60.9375,98.4375,100,100,100,39.0625,82.8125,100,100,51.5625,84.375,100,100,100,42.1875,67.1875,100,87.5,100,100,100,96.875,96.875,70.3125,85.9375,100,100,100,100,15.625,100,71.875,85.9375,40.625,81.25,100,100,100,100,100,100,100,100,57.8125,100,92.1875,62.5,79.6875,67.1875,100,26.5625,100,76.5625,26.5625,54.6875,100,100,50,95.3125,70.3125,96.875,100,100,100,84.375,76.5625,82.8125,100,89.0625,100,42.1875,100,100,79.6875,65.625,56.25,100,100,100,98.4375,100,100,82.8125,62.5,100,59.375,76.5625,100,100,78.125,100,100,100,100,98.4375,92.1875,100,62.5,100,64.0625,100,71.875,100,93.75,60.9375,100,100,65.625,100,100,60.9375,100,100,75,100,100,92.1875,100,57.8125,71.875,85.9375,100,59.375,76.5625,51.5625,100,100,100,100,87.5,96.875,100,100,76.5625,100,87.5,100,56.25,100,73.4375,100,48.4375,100,100,56.25,76.5625,100,100,84.375,100,98.4375,100,35.9375,100,100,93.75,100,100,85.9375,76.5625,39.0625,100,100,100,92.1875,100,56.25,100,100,57.8125,57.8125,26.5625,78.125,100,100,96.875,57.8125,100,100,39.0625,100,100,81.25,100,62.5,100,100,100,95.3125,92.1875,100,50,100,100,100,78.125,100,100,90.625,62.5,100,98.4375,50,100,82.8125,84.375,57.8125,100,100,39.0625,10.9375,100,71.875,100,100,100,70.3125,95.3125,79.6875,100,100,100,100,39.0625,57.8125,100,100,100,100,100,100,31.25,100,64.0625,54.6875,100,100,90.625,100,100,100,100,87.5,78.125,100,31.25,100,81.25,92.1875,100,100,100,71.875,100,100,100,81.25,100,81.25,100,100,100,96.875,100,100,93.75,68.75,67.1875,87.5,20.3125,51.5625,100,100,100,45.3125,28.125,100,100,100,100,81.25,79.6875,96.875,85.9375,100,100,100,64.0625,100,100,31.25,53.125,100,57.8125,100,79.6875,78.125,81.25,100,76.5625,54.6875,100,100,100,100,43.75,43.75,100,100,50,100,100,67.1875,100,100,100,56.25,93.75,75,100,100,70.3125,67.1875,100,96.875,100,100,51.5625,100,78.125,100,100,100,75,100,100,93.75,100,100,100,82.8125,100,96.875,100,100,100,100,68.75,100,100,59.375,100,79.6875,100,70.3125,89.0625,18.75,100,85.9375,100,35.9375,26.5625,53.125,53.125,79.6875,100,100,100,81.25,65.625,92.1875,100,53.125,57.8125,35.9375,100,48.4375,100,100,84.375,79.6875,100,92.1875,100,81.25,100,71.875,100,87.5,20.3125,59.375,67.1875,98.4375,45.3125,96.875,73.4375,100,57.8125,39.0625,100,100,100,100,56.25,100,100,59.375,100,100,39.0625,60.9375,100,78.125,84.375,100,35.9375,100,100,56.25,100,100,90.625,100,100,67.1875,85.9375,100,100,21.875,100,40.625,100,100,43.75,100,45.3125,100,81.25,73.4375,100,48.4375,57.8125,90.625,100,17.1875,85.9375,100,100,96.875,100,81.25,100,34.375,100,70.3125,100,100,100,78.125,60.9375,62.5,100,100,42.1875,68.75,100,100,43.75,100,100,40.625,100,46.875,100,100,100,85.9375,100,100,40.625,100,93.75,92.1875,64.0625,82.8125,53.125,100,100,100,100,100,100,100,100,98.4375,100,100,100,100,100,84.375,100,100,100,100,100,92.1875,60.9375,64.0625,73.4375,100,78.125,100,100,100,100,70.3125,100,1.5625,100,100,31.25,100,93.75,100,100,100,92.1875,100,100,42.1875,82.8125,100,100,100,100,100,90.625,100,100,78.125,100,59.375,100,57.8125,100,100,100,73.4375,100,53.125,64.0625,100,100,100,100,100,57.8125,100,100,87.5,68.75,100,100,89.0625,100,53.125,28.125,100,100,100,100,67.1875,100,62.5,100,92.1875,73.4375,70.3125,98.4375,100,100,75,35.9375,81.25,100,100,59.375,100,68.75,100,62.5,85.9375,100,32.8125,90.625,100,100,96.875,90.625,100,98.4375,67.1875,100,100,28.125,64.0625,100,100,76.5625,73.4375,100,81.25,34.375,68.75,78.125,100,100,100,42.1875,100,59.375,40.625,89.0625,90.625,100,100,100,100,71.875,100,54.6875,89.0625,100,57.8125,90.625,54.6875,79.6875,54.6875,85.9375,73.4375,100,62.5,53.125,100,100,87.5,85.9375,100,100
"6144",90.625,100,37.5,100,100,87.5,95.3125,48.4375,46.875,87.5,68.75,100,100,100,92.1875,75,93.75,76.5625,100,100,96.875,92.1875,100,100,75,100,100,42.1875,85.9375,100,100,100,100,90.625,100,100,84.375,65.625,100,100,95.3125,68.75,85.9375,100,100,100,100,100,70.3125,76.5625,75,100,100,68.75,81.25,100,32.8125,100,89.0625,43.75,95.3125,100,98.4375,100,100,100,35.9375,100,79.6875,100,59.375,67.1875,100,100,59.375,100,100,100,50,100,71.875,100,85.9375,70.3125,100,100,100,68.75,100,100,54.6875,89.0625,100,46.875,56.25,96.875,100,62.5,100,100,89.0625,100,100,70.3125,12.5,35.9375,87.5,100,85.9375,100,57.8125,76.5625,100,65.625,40.625,100,100,100,100,100,82.8125,100,85.9375,96.875,70.3125,54.6875,100,18.75,100,100,100,100,100,100,100,65.625,54.6875,78.125,100,100,100,100,39.0625,43.75,100,100,93.75,100,100,82.8125,57.8125,34.375,78.125,93.75,100,90.625,75,100,100,100,100,100,92.1875,100,87.5,71.875,42.1875,84.375,60.9375,100,100,82.8125,100,87.5,68.75,100,84.375,100,100,100,100,40.625,100,100,76.5625,100,54.6875,100,78.125,95.3125,71.875,45.3125,87.5,100,93.75,100,79.6875,57.8125,100,100,42.1875,100,98.4375,100,100,100,93.75,100,81.25,100,68.75,100,100,92.1875,29.6875,78.125,65.625,93.75,45.3125,100,64.0625,84.375,100,100,100,56.25,100,100,95.3125,100,100,100,100,100,100,100,87.5,60.9375,100,100,100,100,100,29.6875,100,48.4375,98.4375,89.0625,53.125,100,100,79.6875,81.25,100,100,98.4375,100,76.5625,100,100,100,98.4375,35.9375,92.1875,100,98.4375,100,87.5,100,100,45.3125,90.625,100,100,100,76.5625,67.1875,100,75,100,57.8125,46.875,100,100,100,100,64.0625,100,100,89.0625,84.375,95.3125,89.0625,57.8125,100,100,100,87.5,64.0625,75,51.5625,100,100,70.3125,100,89.0625,82.8125,20.3125,92.1875,98.4375,100,100,59.375,100,100,95.3125,100,100,23.4375,59.375,89.0625,100,50,100,67.1875,56.25,100,96.875,100,100,100,100,73.4375,100,95.3125,35.9375,100,87.5,100,100,100,82.8125,43.75,54.6875,67.1875,68.75,40.625,100,100,65.625,100,78.125,100,100,70.3125,100,20.3125,59.375,26.5625,100,84.375,92.1875,100,100,85.9375,100,48.4375,96.875,98.4375,100,100,100,92.1875,62.5,93.75,100,98.4375,71.875,89.0625,100,71.875,100,23.4375,100,100,59.375,100,100,65.625,92.1875,100,89.0625,100,100,100,81.25,100,73.4375,75,40.625,100,100,100,100,100,90.625,57.8125,100,67.1875,96.875,90.625,96.875,84.375,73.4375,100,100,32.8125,54.6875,100,75,62.5,100,100,100,100,32.8125,40.625,100,100,100,82.8125,100,82.8125,100,95.3125,71.875,64.0625,100,100,100,100,93.75,100,100,93.75,100,100,100,84.375,90.625,95.3125,100,100,100,84.375,73.4375,100,68.75,100,100,76.5625,68.75,100,100,82.8125,92.1875,100,89.0625,100,100,82.8125,68.75,71.875,100,100,67.1875,85.9375,100,100,65.625,87.5,100,100,60.9375,82.8125,100,53.125,100,65.625,73.4375,100,79.6875,78.125,100,64.0625,100,100,100,73.4375,79.6875,67.1875,100,100,100,85.9375,60.9375,96.875,84.375,100,100,62.5,76.5625,68.75,100,100,100,100,100,100,100,60.9375,100,100,60.9375,40.625,93.75,100,95.3125,51.5625,100,39.0625,100,98.4375,92.1875,84.375,68.75,100,76.5625,45.3125,79.6875,100,62.5,100,35.9375,50,100,85.9375,100,100,70.3125,81.25,100,100,100,100,40.625,75,100,100,100,100,71.875,100,39.0625,100,100,35.9375,78.125,100,100,78.125,100,76.5625,100,48.4375,92.1875,100,71.875,100,100,100,100,100,100,100,100,54.6875,67.1875,100,65.625,100,62.5,100,100,100,100,25,100,67.1875,98.4375,100,48.4375,100,79.6875,81.25,100,65.625,28.125,100,100,100,100,76.5625,100,42.1875,100,100,67.1875,100,100,100,100,100,78.125,100,100,100,100,100,90.625,76.5625,100,29.6875,100,100,100,100,90.625,100,100,100,100,60.9375,96.875,73.4375,84.375,82.8125,100,78.125,100,100,85.9375,90.625,100,42.1875,28.125,100,67.1875,28.125,82.8125,100,100,100,100,100,100,100,82.8125,54.6875,59.375,57.8125,43.75,59.375,68.75,78.125,71.875,92.1875,59.375,79.6875,73.4375,40.625,89.0625,95.3125,46.875,100,100,100,100,100,100,100,76.5625,100,45.3125,68.75,100,100,84.375,85.9375,65.625,46.875,100,48.4375,100,100,100,100,100,100,59.375,100,100,84.375,82.8125,100,100,71.875,96.875,100,100,67.1875,100,100,100,70.3125,100,100,100,100,100,100,82.8125,100,100,100,85.9375,100,100,100,100,100,100,68.75,42.1875,100,100,29.6875,100,100,34.375,78.125,35.9375,54.6875,40.625,73.4375,100,100,64.0625,100,100,100,100,70.3125,100,67.1875,84.375,100,100,87.5,48.4375,50,67.1875,73.4375,23.4375,100,100,100,45.3125,100,9.375,82.8125,100,100,100,100,100,90.625,100,100,100,68.75,100,68.75,46.875,75,100,62.5,100,100,100,100,57.8125,95.3125,85.9375,100,70.3125,70.3125,100,100,15.625,100,100,100,89.0625,98.4375,100,37.5,93.75,100,100,50,100,100,100,100,100,100,93.75,62.5,100,100,37.5,100,100,100,37.5,100,68.75,90.625,79.6875,40.625,100,100,100,79.6875,100,100,100,82.8125,65.625,21.875,100,100,68.75,100,76.5625,59.375,54.6875,100,100,93.75,100,95.3125,100,92.1875,93.75,54.6875,100,100,93.75,40.625,96.875,100,100,100,67.1875,46.875,100,70.3125,100,84.375,100,26.5625,64.0625,100,48.4375,100,25,51.5625,100,67.1875,100,100,95.3125,100,98.4375,100,64.0625,100,100,73.4375,25,100,100,100,98.4375,100,59.375,100,100,100,100,100,68.75,100,79.6875,100,79.6875,90.625,100,50,100,68.75,60.9375,100,100,35.9375,100,90.625,100,76.5625,100,70.3125,51.5625,100,100,71.875,75,100,100,100,84.375,59.375,76.5625,100,100,100,64.0625,95.3125,100,34.375,67.1875,85.9375,100,100,60.9375,100,100,100,100,100,100,92.1875,93.75,100,100,100,100,100,100,100,68.75,29.6875,100,100,59.375,46.875,96.875,78.125,100,100,62.5,87.5,100,29.6875,100,43.75,98.4375,73.4375,70.3125,100,89.0625,45.3125,100,100,100,90.625,100,100,100,100,100,59.375,87.5,81.25,100,93.75,84.375,95.3125,59.375,73.4375,100,71.875,100,21.875,84.375,100,79.6875,100,81.25,100,100,100,62.5,85.9375,100,76.5625,46.875,100,92.1875,82.8125,100,42.1875,100,54.6875,100,100,34.375,100,100,81.25,100,100,100,76.5625,87.5,70.3125,100,100,34.375,100,100,100,100,78.125,100,81.25,100,100,95.3125,100,100,100,85.9375,100,89.0625,100,95.3125,100,100,98.4375,100,54.6875,92.1875,100,81.25,23.4375,100,100,73.4375,82.8125,100,95.3125,87.5,100,71.875,100,100,79.6875,89.0625,67.1875,100,100,40.625,100,100,85.9375,65.625,82.8125,46.875,76.5625,100,100,100,82.8125,17.1875,100,100,100,100,100,100,100,100,100,100,95.3125,62.5,100,37.5,87.5,29.6875,90.625,100,76.5625,100,100,100,100,100,73.4375,100,100,93.75,62.5,100,90.625,100,100,76.5625,100,21.875,100,100,100,100,100,45.3125,100,57.8125,100,35.9375,100,54.6875,100,100,70.3125,65.625,100,95.3125,96.875,87.5,100,98.4375,75,79.6875,92.1875,42.1875,100,100,100,100,48.4375,100,39.0625,100,100,100,100,100,100,28.125,56.25,60.9375,93.75,75,100,64.0625,100,96.875,100,79.6875,75,100,100,100,15.625,96.875,100,81.25,73.4375,100,98.4375,100,100,85.9375,10.9375,100,53.125,51.5625,75,100,100,15.625,100,100,100,85.9375,51.5625,100,95.3125,34.375,100,100,100,100,100,100,100,100,100,100,75,37.5,100,53.125,100,76.5625,100,71.875,100,73.4375,95.3125,81.25,100,100,51.5625,100,100,67.1875,87.5,100,100,100,100,68.75,75,65.625,92.1875,100,100,100,100,25,67.1875,20.3125,92.1875,100,89.0625,53.125,100,39.0625,100,82.8125,100,100,65.625,64.0625,100,71.875,100,100,100,82.8125,100,95.3125,100,57.8125,87.5,70.3125,100,100,70.3125,71.875,92.1875,67.1875,60.9375,50,100,89.0625,67.1875,20.3125,100,79.6875,60.9375,100,53.125,82.8125,100,100,100,100,100,100,100,75,87.5,100,100,90.625,15.625,90.625,100,85.9375,79.6875,100,100,56.25,100,98.4375,100,87.5,100,100,60.9375,62.5,100,75,100,100,100,89.0625,100,100,100,100,82.8125,40.625,100,100,100,57.8125,100,42.1875,98.4375,100,67.1875,67.1875,85.9375,65.625,100,98.4375,96.875,79.6875,70.3125,53.125,40.625,100,100,75,60.9375,64.0625,28.125,79.6875,85.9375,95.3125,100,90.625,100,56.25,87.5,64.0625,100,100,100,93.75,100,96.875,100,85.9375,92.1875,96.875,89.0625,93.75,100,100,100,73.4375,35.9375,70.3125,100,100,100,100,75,100,35.9375,76.5625,62.5,100,42.1875,100,100,100,100,50,82.8125,82.8125,43.75,78.125,53.125,96.875,10.9375,100,78.125,65.625,100,100,60.9375,42.1875,92.1875,100,73.4375,68.75,100,100,67.1875,100,100,100,100,100,100,82.8125,100,100,92.1875,100,89.0625,40.625,95.3125,100,100,100,87.5,100,100,100,95.3125,65.625,65.625,98.4375,100,82.8125,98.4375,84.375,100,100,67.1875,68.75,100,93.75,100,26.5625,92.1875,78.125,100,100,76.5625,100,100,100,50,90.625,100,95.3125,70.3125,78.125,100,100,100,100,100,100,100,100,100,100,51.5625,62.5,70.3125,100,68.75,100,56.25,100,100,100,100,43.75,100,100,89.0625,73.4375,100,85.9375,100,100,100,100,100,96.875,100,100,73.4375,100,57.8125,100,89.0625,54.6875,100,100,95.3125,71.875,87.5,98.4375,37.5,100,46.875,100,100,100,100,95.3125,84.375,100,100,100,100,46.875,100,78.125,100,78.125,100,68.75,100,100,100,100,90.625,100,100,100,96.875,28.125,100,100,95.3125,100,56.25,100,81.25,70.3125,54.6875,53.125,71.875,31.25,60.9375,73.4375,100,100,98.4375,100,90.625,100,85.9375,81.25,56.25,71.875,100,100,85.9375,100,45.3125,35.9375,71.875,100,100,100,50,56.25,82.8125,14.0625,100,100,34.375,82.8125,100,89.0625,100,70.3125,100,100,100,100,100,93.75,85.9375,100,100,100,100,100,100,100,100,100,100,100,95.3125,57.8125,100,100,98.4375,78.125,100,96.875,96.875,98.4375,100,71.875,100,71.875,100,100,68.75,100,100,90.625,67.1875,100,81.25,100,51.5625,100,100,100,60.9375,56.25,100,76.5625,100,100,89.0625,100,59.375,85.9375,82.8125,62.5,100,100,89.0625,100,95.3125,73.4375,100,100,23.4375,89.0625,100,56.25,51.5625,100,95.3125,76.5625,100,56.25,87.5,100,87.5,100,95.3125,100,42.1875,18.75,100,100,100,100,100,100,100,100,100,100,12.5,57.8125,100,100,100,82.8125,78.125,100,100,100,100,81.25,100,64.0625,100,100,100,100,100,92.1875,100,100,100,100,50,71.875,100,100,100,48.4375,73.4375,100,78.125,67.1875,100,57.8125,60.9375,62.5,90.625,81.25,100,100,100,82.8125,100,87.5,79.6875,100,100,96.875,100,92.1875,100,100,100,76.5625,100,100,89.0625,100,20.3125,84.375,100,100,84.375,53.125,100,73.4375,53.125,50,56.25,85.9375,100,48.4375,82.8125,100,100,100,100,100,84.375,100,76.5625,100,35.9375,48.4375,79.6875,87.5,82.8125,100,100,100,89.0625,90.625,42.1875,100,85.9375,68.75,68.75,100,26.5625,100,100,100,100,75,100,40.625,100,68.75,90.625,100,78.125,100,100,82.8125,20.3125,43.75,51.5625,68.75,73.4375,89.0625,100,65.625,82.8125,100,46.875,100,96.875,100,100,100,100,25,79.6875,100,32.8125,100,100,34.375,98.4375,100,67.1875,100,73.4375,65.625,75,54.6875,81.25,92.1875,100,73.4375,96.875,100,65.625,100,67.1875,23.4375,79.6875,100,43.75,100,100,100,100,95.3125,96.875,37.5,100,100,79.6875,100,75,100,100,100,82.8125,17.1875,84.375,98.4375,43.75,100,100,75,50,81.25,100,100,46.875,100,57.8125,100,40.625,35.9375,100,75,79.6875,100,31.25,98.4375,100,100,75,100,93.75,90.625,100,84.375,100,93.75,60.9375,35.9375,29.6875,70.3125,100,100,92.1875,89.0625,100,54.6875,42.1875,100,100,76.5625,60.9375,89.0625,100,75,84.375,62.5,100,40.625,100,100,100,100,100,98.4375,84.375,100,100,89.0625,43.75,100,100,100,100,93.75,100,100,100,82.8125,100,17.1875,100,62.5,76.5625,100,100,57.8125,100,18.75,100,100,85.9375,100,70.3125,100,75,89.0625,76.5625,100,89.0625,100,100,100,100,100,57.8125,50,53.125,100,89.0625,100,100,100,84.375,89.0625,100,100,92.1875,96.875,100,90.625,85.9375,93.75,100,100,100,100,60.9375,100,100,100,85.9375,100,76.5625,100,100,100,100,85.9375,65.625,100,100,67.1875,100,76.5625,62.5,100,100,20.3125,67.1875,81.25,79.6875,100,70.3125,43.75,59.375,67.1875,100,100,100,100,100,43.75,100,95.3125,100,100,89.0625,100,62.5,67.1875,89.0625,100,100,100,60.9375,75,100,4.6875,46.875,100,9.375,100,100,71.875,73.4375,68.75,100,93.75,100,93.75,73.4375,100,100,9.375,100,100,100,71.875,100,14.0625,87.5,100,100,82.8125,100,100,100,100,100,100,100,81.25,100,100,92.1875,100,100,20.3125,100,93.75,100,84.375,100,100,53.125,100,62.5,100,76.5625,89.0625,71.875,67.1875,100,100,100,100,100,100,85.9375,100,100,100,57.8125,65.625,100,100,90.625,100,100,78.125,100,87.5,60.9375,100,73.4375,100,100,100,100,90.625,100,34.375,45.3125,96.875,100,100,100,65.625,64.0625,26.5625,84.375,85.9375,100,100,62.5,100,92.1875,67.1875,59.375,100,84.375,20.3125,51.5625,73.4375,100,92.1875,100,100,90.625,96.875,31.25,60.9375,75,71.875,39.0625,100,79.6875,100,100,56.25,75,100,68.75,100,85.9375,75,90.625,65.625,100,100,100,100,98.4375,73.4375,82.8125,79.6875,76.5625,100,100,45.3125,60.9375,95.3125,100,79.6875,68.75,65.625,93.75,57.8125,62.5,100,100,100,100,95.3125,100,100,82.8125,82.8125,64.0625,84.375,100,62.5,53.125,100,100,100,73.4375,64.0625,100,100,35.9375,100,100,100,100,100,85.9375,73.4375,48.4375,100,100,57.8125,40.625,100,81.25,100,100,71.875,73.4375,95.3125,96.875,87.5,100,65.625,67.1875,78.125,100,100,100,100,100,79.6875,75,100,100,100,87.5,100,100,25,100,71.875,48.4375,100,79.6875,100,70.3125,89.0625,20.3125,95.3125,54.6875,85.9375,56.25,100,79.6875,85.9375,100,100,89.0625,100,100,100,100,100,100,93.75,46.875,40.625,100,100,100,79.6875,90.625,60.9375,65.625,100,100,100,100,100,100,54.6875,42.1875,100,100,100,100,78.125,62.5,100,100,100,100,100,25,100,100,62.5,100,39.0625,100,46.875,100,100,100,100,100,85.9375,100,100,100,100,92.1875,100,62.5,100,100,100,100,73.4375,59.375,100,100,100,100,42.1875,100,100,100,100,100,100,93.75,98.4375,54.6875,65.625,100,81.25,100,100,85.9375,100,98.4375,32.8125,84.375,100,100,57.8125,100,100,100,68.75,90.625,39.0625,100,100,100,100,100,100,98.4375,34.375,100,100,100,93.75,68.75,84.375,67.1875,100,26.5625,100,100,57.8125,54.6875,100,100,48.4375,100,71.875,93.75,100,100,100,84.375,81.25,79.6875,100,82.8125,100,42.1875,100,100,76.5625,79.6875,64.0625,100,100,100,98.4375,100,100,84.375,21.875,100,59.375,79.6875,100,100,79.6875,100,100,100,100,100,95.3125,100,62.5,100,100,100,70.3125,100,84.375,60.9375,100,100,64.0625,100,100,59.375,100,100,100,100,100,95.3125,100,56.25,70.3125,67.1875,100,59.375,78.125,84.375,100,100,100,100,85.9375,92.1875,100,100,75,100,78.125,60.9375,100,100,70.3125,100,48.4375,100,100,60.9375,79.6875,100,100,96.875,100,96.875,100,90.625,100,100,100,100,100,100,71.875,35.9375,100,100,100,92.1875,100,56.25,100,100,45.3125,57.8125,100,100,100,100,100,60.9375,76.5625,100,71.875,100,100,50,100,62.5,100,100,100,78.125,95.3125,100,50,100,100,64.0625,53.125,100,100,100,57.8125,100,100,56.25,100,85.9375,100,57.8125,100,100,37.5,10.9375,100,71.875,100,100,100,75,84.375,76.5625,100,100,100,100,50,100,100,100,82.8125,95.3125,96.875,100,14.0625,96.875,64.0625,51.5625,100,100,89.0625,100,100,100,53.125,76.5625,81.25,100,92.1875,34.375,82.8125,92.1875,93.75,100,100,92.1875,100,100,100,79.6875,14.0625,79.6875,100,100,100,96.875,100,100,87.5,68.75,51.5625,90.625,12.5,45.3125,100,100,100,45.3125,50,100,100,100,100,71.875,79.6875,96.875,84.375,78.125,100,100,68.75,100,100,31.25,53.125,89.0625,59.375,100,79.6875,79.6875,76.5625,100,82.8125,54.6875,100,100,89.0625,100,60.9375,43.75,100,100,50,100,100,64.0625,28.125,100,100,56.25,93.75,75,100,96.875,95.3125,100,100,100,100,100,42.1875,100,76.5625,100,100,100,54.6875,100,100,84.375,100,100,100,76.5625,100,92.1875,95.3125,100,100,100,73.4375,59.375,100,57.8125,100,65.625,100,56.25,92.1875,100,100,95.3125,100,35.9375,82.8125,56.25,53.125,75,100,100,100,73.4375,100,100,100,95.3125,56.25,35.9375,48.4375,100,100,100,78.125,100,100,89.0625,100,71.875,93.75,71.875,100,79.6875,18.75,75,75,100,32.8125,95.3125,82.8125,70.3125,57.8125,10.9375,100,89.0625,100,100,57.8125,100,100,48.4375,100,100,100,51.5625,21.875,71.875,84.375,96.875,100,100,100,51.5625,100,100,90.625,100,96.875,70.3125,87.5,100,100,21.875,100,46.875,100,53.125,45.3125,100,46.875,100,82.8125,85.9375,100,54.6875,54.6875,85.9375,100,17.1875,85.9375,100,100,90.625,100,71.875,95.3125,40.625,100,68.75,100,60.9375,100,98.4375,67.1875,62.5,100,100,48.4375,68.75,100,70.3125,43.75,100,100,42.1875,100,54.6875,100,100,100,78.125,100,50,93.75,100,95.3125,92.1875,70.3125,79.6875,53.125,100,100,100,96.875,100,100,100,82.8125,73.4375,100,100,100,100,100,85.9375,100,100,100,100,100,100,76.5625,67.1875,81.25,65.625,87.5,100,100,100,100,46.875,100,1.5625,100,100,35.9375,50,81.25,100,100,100,100,100,100,51.5625,82.8125,100,100,100,100,70.3125,89.0625,100,100,60.9375,100,59.375,100,56.25,100,100,100,75,100,48.4375,64.0625,100,100,76.5625,100,100,57.8125,100,100,73.4375,100,100,100,89.0625,100,54.6875,28.125,100,100,96.875,100,68.75,100,62.5,100,48.4375,65.625,85.9375,53.125,100,100,100,57.8125,82.8125,100,100,57.8125,100,78.125,100,100,92.1875,100,34.375,76.5625,100,100,96.875,81.25,98.4375,95.3125,62.5,100,98.4375,26.5625,64.0625,100,100,59.375,87.5,100,81.25,37.5,68.75,100,100,100,100,28.125,100,59.375,40.625,100,67.1875,100,100,100,100,75,100,54.6875,100,100,56.25,95.3125,59.375,85.9375,45.3125,82.8125,100,100,46.875,59.375,100,100,100,100,100,100
"6145",92.1875,100,48.4375,100,100,84.375,93.75,73.4375,23.4375,95.3125,73.4375,100,100,100,100,75,87.5,75,100,100,96.875,100,100,100,78.125,100,100,100,81.25,100,68.75,100,100,100,100,100,84.375,32.8125,46.875,100,93.75,64.0625,71.875,100,100,62.5,100,100,64.0625,84.375,75,100,100,78.125,45.3125,100,18.75,100,100,45.3125,96.875,100,98.4375,100,100,100,39.0625,100,70.3125,100,59.375,70.3125,100,100,65.625,75,100,82.8125,51.5625,100,73.4375,100,82.8125,75,100,100,100,59.375,100,100,54.6875,89.0625,100,45.3125,64.0625,98.4375,100,64.0625,100,100,85.9375,100,100,71.875,17.1875,40.625,85.9375,100,85.9375,100,60.9375,93.75,100,87.5,40.625,100,100,100,100,100,68.75,100,100,87.5,96.875,42.1875,100,18.75,100,100,85.9375,100,98.4375,100,100,65.625,54.6875,79.6875,100,95.3125,100,100,84.375,50,100,100,96.875,100,54.6875,82.8125,56.25,34.375,78.125,92.1875,98.4375,92.1875,76.5625,100,100,100,100,100,81.25,100,89.0625,71.875,100,85.9375,60.9375,100,87.5,78.125,100,84.375,87.5,98.4375,87.5,100,100,70.3125,100,43.75,100,100,92.1875,100,53.125,100,48.4375,87.5,100,57.8125,87.5,100,89.0625,100,87.5,73.4375,100,90.625,37.5,15.625,98.4375,100,100,100,100,100,84.375,100,68.75,100,100,100,82.8125,79.6875,60.9375,64.0625,100,100,100,76.5625,35.9375,100,100,56.25,78.125,100,100,100,100,79.6875,100,100,100,100,79.6875,60.9375,100,100,100,100,100,100,100,51.5625,100,90.625,96.875,100,100,76.5625,84.375,100,100,96.875,100,68.75,100,100,14.0625,98.4375,35.9375,84.375,79.6875,96.875,100,100,100,100,45.3125,95.3125,100,100,100,65.625,90.625,100,73.4375,100,92.1875,43.75,98.4375,100,100,100,60.9375,98.4375,100,90.625,81.25,100,90.625,57.8125,100,100,100,85.9375,64.0625,75,59.375,100,100,93.75,100,81.25,85.9375,14.0625,68.75,100,100,100,57.8125,100,100,96.875,100,100,31.25,56.25,90.625,100,50,100,81.25,64.0625,100,96.875,100,95.3125,85.9375,100,76.5625,100,100,32.8125,100,89.0625,100,100,100,82.8125,40.625,48.4375,65.625,68.75,28.125,100,95.3125,75,96.875,70.3125,100,100,70.3125,100,51.5625,43.75,48.4375,100,78.125,81.25,100,100,75,100,29.6875,100,98.4375,100,100,60.9375,93.75,76.5625,59.375,84.375,98.4375,76.5625,95.3125,100,71.875,81.25,71.875,100,100,100,100,100,64.0625,93.75,100,76.5625,100,100,100,79.6875,100,48.4375,75,35.9375,100,100,100,100,100,85.9375,57.8125,98.4375,75,92.1875,100,89.0625,73.4375,82.8125,100,18.75,39.0625,50,100,76.5625,62.5,87.5,100,100,100,34.375,50,100,95.3125,100,82.8125,100,82.8125,100,100,76.5625,59.375,100,100,100,100,92.1875,100,65.625,93.75,100,100,79.6875,100,90.625,96.875,100,100,100,84.375,71.875,100,60.9375,100,100,76.5625,71.875,100,100,73.4375,82.8125,100,100,100,100,81.25,68.75,75,100,100,65.625,50,100,100,100,100,100,100,60.9375,82.8125,100,48.4375,100,64.0625,75,100,82.8125,78.125,100,64.0625,96.875,100,100,67.1875,70.3125,67.1875,100,100,100,87.5,60.9375,100,82.8125,100,100,65.625,73.4375,68.75,100,100,100,100,95.3125,100,100,70.3125,100,98.4375,62.5,54.6875,93.75,100,98.4375,51.5625,100,37.5,100,98.4375,92.1875,84.375,71.875,100,79.6875,35.9375,76.5625,82.8125,70.3125,100,35.9375,73.4375,100,85.9375,100,100,70.3125,76.5625,100,100,100,85.9375,42.1875,71.875,100,100,98.4375,90.625,71.875,100,62.5,100,100,32.8125,73.4375,100,100,67.1875,100,67.1875,100,40.625,85.9375,100,71.875,98.4375,100,62.5,92.1875,100,100,100,98.4375,73.4375,70.3125,100,67.1875,100,70.3125,100,75,100,100,20.3125,100,51.5625,96.875,100,59.375,100,82.8125,70.3125,100,78.125,48.4375,100,100,100,100,75,100,14.0625,100,100,90.625,100,100,100,100,100,81.25,100,100,100,100,100,70.3125,76.5625,32.8125,100,100,100,100,100,62.5,100,100,100,100,60.9375,96.875,70.3125,76.5625,87.5,100,93.75,100,100,89.0625,90.625,100,42.1875,6.25,84.375,50,28.125,70.3125,100,100,100,100,100,96.875,100,82.8125,56.25,59.375,62.5,39.0625,70.3125,70.3125,76.5625,100,92.1875,35.9375,81.25,82.8125,40.625,92.1875,95.3125,45.3125,100,100,100,100,100,100,100,75,90.625,45.3125,68.75,100,100,73.4375,100,67.1875,46.875,100,48.4375,100,100,100,100,100,100,64.0625,100,100,84.375,82.8125,35.9375,100,65.625,51.5625,100,100,65.625,51.5625,100,100,59.375,100,100,100,100,100,100,100,100,100,100,87.5,100,100,100,100,100,100,68.75,100,85.9375,67.1875,59.375,100,100,35.9375,81.25,100,68.75,40.625,67.1875,98.4375,100,64.0625,100,100,100,100,71.875,100,65.625,23.4375,100,100,89.0625,48.4375,32.8125,76.5625,71.875,4.6875,100,100,100,43.75,57.8125,9.375,84.375,100,100,93.75,100,100,87.5,87.5,100,100,100,100,65.625,45.3125,92.1875,100,70.3125,100,100,100,100,59.375,87.5,100,100,21.875,81.25,100,100,14.0625,40.625,100,100,84.375,92.1875,100,35.9375,93.75,100,100,54.6875,100,85.9375,85.9375,100,100,100,95.3125,62.5,100,100,35.9375,64.0625,100,100,42.1875,100,70.3125,84.375,81.25,42.1875,18.75,67.1875,100,76.5625,62.5,100,100,82.8125,64.0625,100,100,100,68.75,100,76.5625,56.25,67.1875,100,100,81.25,100,42.1875,100,93.75,92.1875,56.25,100,100,100,46.875,96.875,100,42.1875,100,64.0625,45.3125,100,70.3125,100,84.375,100,17.1875,73.4375,100,42.1875,100,14.0625,54.6875,100,65.625,70.3125,81.25,79.6875,98.4375,98.4375,100,95.3125,100,96.875,73.4375,23.4375,100,100,100,98.4375,67.1875,51.5625,100,100,100,100,100,70.3125,100,76.5625,100,79.6875,98.4375,100,50,100,62.5,59.375,90.625,100,35.9375,100,82.8125,89.0625,71.875,96.875,70.3125,76.5625,100,100,65.625,60.9375,59.375,100,79.6875,78.125,70.3125,100,100,100,100,64.0625,95.3125,92.1875,34.375,67.1875,95.3125,100,100,56.25,100,100,90.625,100,100,100,93.75,100,93.75,100,100,100,100,100,100,60.9375,18.75,100,100,60.9375,54.6875,100,78.125,100,100,100,75,100,29.6875,100,43.75,89.0625,100,71.875,100,89.0625,87.5,100,100,100,100,100,100,100,100,100,65.625,89.0625,39.0625,100,92.1875,75,95.3125,62.5,62.5,100,100,87.5,100,84.375,100,79.6875,100,37.5,100,100,100,50,100,100,92.1875,62.5,100,84.375,82.8125,100,50,100,89.0625,100,100,100,100,100,81.25,89.0625,100,100,76.5625,79.6875,70.3125,100,100,89.0625,79.6875,100,100,100,78.125,100,68.75,79.6875,100,100,100,100,25,85.9375,100,90.625,100,95.3125,100,100,93.75,100,42.1875,43.75,100,84.375,42.1875,100,90.625,79.6875,82.8125,100,78.125,82.8125,100,71.875,100,81.25,100,90.625,79.6875,100,100,39.0625,100,100,96.875,100,89.0625,56.25,81.25,100,100,100,81.25,17.1875,100,100,84.375,100,100,100,100,100,100,82.8125,84.375,62.5,89.0625,90.625,100,26.5625,90.625,100,82.8125,100,100,100,100,100,73.4375,100,73.4375,93.75,51.5625,100,82.8125,53.125,100,82.8125,100,35.9375,100,56.25,100,100,100,42.1875,95.3125,75,100,100,100,48.4375,100,100,60.9375,65.625,100,93.75,100,87.5,100,98.4375,75,78.125,100,18.75,100,89.0625,100,100,100,100,40.625,65.625,100,100,100,100,100,100,64.0625,100,89.0625,100,100,67.1875,100,96.875,100,96.875,75,100,100,100,28.125,96.875,100,85.9375,89.0625,100,96.875,100,100,87.5,15.625,100,71.875,51.5625,42.1875,100,25,95.3125,100,35.9375,100,85.9375,51.5625,100,93.75,31.25,100,100,90.625,100,100,100,100,100,100,100,92.1875,37.5,100,51.5625,100,76.5625,100,89.0625,85.9375,68.75,95.3125,82.8125,100,100,48.4375,100,100,65.625,100,56.25,100,100,100,65.625,81.25,65.625,100,100,100,100,100,26.5625,68.75,100,81.25,100,89.0625,50,100,39.0625,100,100,100,100,60.9375,68.75,100,71.875,100,100,100,84.375,100,79.6875,73.4375,53.125,89.0625,70.3125,100,100,81.25,73.4375,60.9375,67.1875,60.9375,51.5625,100,95.3125,62.5,78.125,100,79.6875,60.9375,100,46.875,98.4375,100,100,100,100,100,100,100,73.4375,100,100,100,85.9375,17.1875,95.3125,100,85.9375,79.6875,100,100,48.4375,100,90.625,100,62.5,100,100,65.625,62.5,100,100,96.875,100,100,89.0625,100,100,100,100,93.75,75,100,100,100,67.1875,100,42.1875,95.3125,20.3125,68.75,65.625,87.5,56.25,100,100,96.875,78.125,71.875,54.6875,45.3125,100,100,76.5625,59.375,60.9375,51.5625,78.125,85.9375,95.3125,100,89.0625,100,48.4375,89.0625,67.1875,64.0625,100,100,93.75,100,93.75,100,82.8125,100,100,100,87.5,100,96.875,100,73.4375,35.9375,100,100,100,100,100,73.4375,100,81.25,84.375,62.5,100,78.125,100,100,100,100,59.375,100,76.5625,43.75,78.125,56.25,93.75,100,23.4375,89.0625,79.6875,100,46.875,65.625,42.1875,76.5625,90.625,73.4375,70.3125,100,100,67.1875,100,100,100,81.25,100,100,76.5625,100,75,92.1875,100,89.0625,100,100,100,100,100,93.75,100,100,100,87.5,79.6875,71.875,100,100,82.8125,100,100,100,100,67.1875,73.4375,100,100,100,17.1875,92.1875,78.125,100,98.4375,78.125,100,100,50,100,92.1875,100,96.875,79.6875,73.4375,98.4375,100,100,100,100,100,18.75,100,100,100,53.125,59.375,75,100,70.3125,100,100,100,100,100,100,40.625,100,75,89.0625,89.0625,100,98.4375,100,100,100,100,98.4375,90.625,100,100,71.875,100,62.5,100,92.1875,100,100,100,95.3125,100,79.6875,98.4375,39.0625,100,46.875,100,100,100,100,64.0625,84.375,100,57.8125,100,100,54.6875,32.8125,78.125,100,70.3125,100,62.5,100,100,100,100,85.9375,100,100,100,96.875,100,100,100,93.75,100,29.6875,100,79.6875,68.75,68.75,37.5,81.25,79.6875,79.6875,73.4375,100,100,100,100,89.0625,100,85.9375,87.5,54.6875,78.125,100,100,85.9375,51.5625,100,51.5625,100,100,100,100,51.5625,54.6875,85.9375,100,95.3125,100,20.3125,79.6875,100,96.875,100,100,100,84.375,100,100,100,39.0625,84.375,100,100,100,100,75,100,100,45.3125,100,100,100,100,59.375,100,100,98.4375,82.8125,100,79.6875,75,100,28.125,71.875,100,67.1875,100,100,60.9375,100,100,92.1875,92.1875,100,79.6875,100,46.875,100,100,100,60.9375,56.25,100,53.125,100,100,87.5,90.625,37.5,84.375,81.25,62.5,100,100,87.5,100,100,76.5625,100,100,25,100,100,56.25,50,100,95.3125,71.875,100,34.375,87.5,100,100,100,95.3125,100,42.1875,18.75,100,100,100,100,100,100,100,100,100,100,12.5,23.4375,100,100,100,90.625,79.6875,100,93.75,100,100,82.8125,98.4375,60.9375,95.3125,100,100,100,81.25,92.1875,100,100,100,100,68.75,73.4375,100,100,100,43.75,71.875,100,75,56.25,100,54.6875,60.9375,62.5,79.6875,79.6875,100,100,100,87.5,100,100,93.75,100,100,100,100,85.9375,98.4375,100,100,100,100,100,87.5,100,7.8125,85.9375,95.3125,100,89.0625,68.75,100,78.125,100,51.5625,60.9375,71.875,100,64.0625,78.125,100,82.8125,100,98.4375,100,78.125,100,79.6875,100,31.25,100,70.3125,78.125,100,100,100,100,89.0625,100,65.625,100,100,65.625,68.75,100,18.75,100,53.125,100,100,75,100,50,100,68.75,70.3125,90.625,89.0625,100,100,93.75,7.8125,40.625,82.8125,75,71.875,76.5625,100,37.5,82.8125,100,37.5,100,96.875,100,100,100,100,23.4375,79.6875,100,98.4375,100,100,35.9375,85.9375,100,79.6875,100,75,65.625,100,57.8125,78.125,100,100,75,95.3125,67.1875,45.3125,100,76.5625,100,79.6875,100,39.0625,100,100,100,100,100,100,39.0625,100,100,78.125,100,50,100,87.5,34.375,81.25,100,82.8125,100,100,100,100,93.75,50,78.125,100,100,51.5625,100,53.125,100,37.5,35.9375,100,57.8125,78.125,100,31.25,100,100,100,89.0625,56.25,32.8125,59.375,100,82.8125,100,93.75,60.9375,40.625,34.375,68.75,100,100,89.0625,75,100,54.6875,42.1875,43.75,100,79.6875,60.9375,89.0625,100,53.125,84.375,93.75,90.625,43.75,100,100,100,92.1875,56.25,75,100,100,100,100,46.875,100,100,100,100,93.75,100,100,100,81.25,82.8125,15.625,100,60.9375,71.875,100,100,54.6875,98.4375,18.75,100,93.75,81.25,100,62.5,100,84.375,85.9375,75,100,92.1875,100,100,100,100,100,25,46.875,54.6875,100,68.75,100,100,100,43.75,100,100,100,100,96.875,100,90.625,85.9375,76.5625,100,100,100,100,100,89.0625,100,100,71.875,100,76.5625,82.8125,100,100,95.3125,84.375,100,100,100,67.1875,100,84.375,64.0625,100,100,20.3125,71.875,79.6875,90.625,100,100,40.625,59.375,65.625,100,100,100,95.3125,100,34.375,100,90.625,100,100,92.1875,96.875,45.3125,67.1875,96.875,100,100,100,60.9375,100,68.75,4.6875,46.875,100,53.125,100,100,93.75,84.375,76.5625,100,100,100,73.4375,79.6875,100,100,26.5625,100,100,100,73.4375,100,92.1875,87.5,100,100,84.375,100,100,100,100,100,92.1875,100,79.6875,100,81.25,85.9375,100,20.3125,64.0625,100,89.0625,62.5,67.1875,100,100,56.25,100,67.1875,100,76.5625,89.0625,70.3125,70.3125,100,100,100,100,98.4375,100,79.6875,100,96.875,45.3125,50,67.1875,98.4375,100,92.1875,100,67.1875,87.5,100,87.5,59.375,95.3125,78.125,100,100,50,100,92.1875,100,43.75,45.3125,95.3125,100,100,100,65.625,65.625,25,85.9375,64.0625,100,100,59.375,100,100,65.625,57.8125,100,87.5,26.5625,92.1875,81.25,100,92.1875,100,100,90.625,96.875,20.3125,56.25,73.4375,70.3125,39.0625,100,78.125,100,100,54.6875,67.1875,100,68.75,100,90.625,75,90.625,65.625,100,100,100,100,100,75,87.5,79.6875,78.125,100,100,46.875,60.9375,92.1875,100,81.25,100,81.25,100,57.8125,64.0625,100,100,100,100,95.3125,100,100,50,78.125,64.0625,53.125,28.125,62.5,53.125,100,81.25,100,60.9375,87.5,100,100,34.375,100,100,100,65.625,100,57.8125,71.875,59.375,100,100,46.875,40.625,60.9375,81.25,100,100,71.875,64.0625,100,95.3125,82.8125,100,67.1875,65.625,78.125,100,100,100,100,100,65.625,73.4375,100,96.875,100,87.5,100,48.4375,26.5625,100,75,50,100,78.125,43.75,81.25,100,20.3125,93.75,54.6875,85.9375,100,100,79.6875,84.375,100,81.25,85.9375,100,100,73.4375,100,100,100,93.75,43.75,29.6875,85.9375,100,100,76.5625,81.25,60.9375,64.0625,100,100,100,100,100,100,57.8125,42.1875,84.375,67.1875,100,100,64.0625,100,98.4375,100,100,64.0625,96.875,95.3125,100,100,43.75,100,37.5,100,84.375,100,100,100,79.6875,100,85.9375,93.75,51.5625,100,100,92.1875,100,65.625,98.4375,100,100,100,84.375,56.25,93.75,100,100,100,53.125,76.5625,100,100,81.25,82.8125,100,100,100,56.25,65.625,100,79.6875,100,100,71.875,96.875,73.4375,70.3125,87.5,100,100,70.3125,100,100,100,100,87.5,23.4375,100,100,100,100,100,100,100,31.25,100,100,100,96.875,67.1875,79.6875,64.0625,100,25,100,100,42.1875,54.6875,100,100,50,93.75,76.5625,90.625,100,100,100,84.375,67.1875,79.6875,100,87.5,100,40.625,12.5,100,78.125,64.0625,56.25,100,53.125,100,98.4375,100,100,84.375,64.0625,100,60.9375,79.6875,100,100,79.6875,100,100,100,100,100,96.875,100,87.5,100,100,100,68.75,100,100,60.9375,100,100,65.625,100,98.4375,62.5,100,100,79.6875,100,100,89.0625,100,56.25,70.3125,100,39.0625,59.375,78.125,64.0625,100,100,100,100,87.5,90.625,100,100,76.5625,100,89.0625,100,98.4375,100,26.5625,100,53.125,100,100,60.9375,90.625,100,100,76.5625,78.125,96.875,100,100,82.8125,100,100,100,100,100,71.875,34.375,100,100,100,92.1875,100,56.25,100,100,56.25,57.8125,29.6875,71.875,67.1875,100,98.4375,59.375,100,100,84.375,100,100,32.8125,100,67.1875,100,100,100,64.0625,96.875,100,59.375,100,100,100,51.5625,100,90.625,45.3125,56.25,100,100,53.125,100,84.375,100,54.6875,100,100,39.0625,10.9375,100,76.5625,100,100,100,75,78.125,79.6875,100,100,100,100,35.9375,100,100,100,100,100,100,100,12.5,82.8125,64.0625,57.8125,100,100,98.4375,100,100,100,100,76.5625,78.125,100,84.375,45.3125,81.25,92.1875,96.875,100,93.75,100,100,100,100,81.25,87.5,78.125,100,100,100,96.875,100,100,95.3125,48.4375,98.4375,89.0625,18.75,51.5625,100,100,100,45.3125,100,100,100,93.75,100,100,78.125,96.875,85.9375,100,100,32.8125,64.0625,100,100,64.0625,51.5625,100,59.375,100,100,76.5625,76.5625,100,90.625,54.6875,100,100,100,100,60.9375,45.3125,100,100,50,100,100,67.1875,45.3125,100,100,65.625,93.75,73.4375,100,100,71.875,78.125,100,100,100,100,43.75,100,73.4375,64.0625,100,100,73.4375,100,100,90.625,100,100,100,90.625,100,93.75,96.875,75,100,100,81.25,59.375,100,60.9375,100,82.8125,100,59.375,87.5,100,100,89.0625,100,35.9375,37.5,56.25,57.8125,68.75,56.25,100,100,95.3125,100,100,100,56.25,68.75,35.9375,100,81.25,100,100,84.375,35.9375,100,92.1875,100,82.8125,100,68.75,100,79.6875,26.5625,78.125,68.75,87.5,20.3125,96.875,85.9375,100,56.25,25,100,89.0625,96.875,100,57.8125,100,100,53.125,68.75,100,100,64.0625,100,70.3125,85.9375,98.4375,100,100,100,48.4375,100,100,90.625,100,93.75,67.1875,87.5,100,100,21.875,100,31.25,100,23.4375,43.75,100,46.875,100,79.6875,84.375,100,56.25,100,95.3125,100,18.75,85.9375,100,100,98.4375,100,76.5625,100,18.75,100,67.1875,100,100,100,81.25,43.75,57.8125,100,100,48.4375,68.75,100,100,34.375,100,100,37.5,100,46.875,100,100,100,85.9375,100,50,85.9375,100,93.75,92.1875,59.375,79.6875,53.125,100,81.25,14.0625,100,100,100,100,76.5625,100,100,100,100,100,90.625,84.375,100,95.3125,100,100,100,46.875,100,67.1875,81.25,100,87.5,100,100,100,100,95.3125,100,1.5625,96.875,100,34.375,100,82.8125,100,100,100,100,100,100,100,84.375,100,100,100,100,100,98.4375,100,100,100,75,59.375,100,64.0625,100,100,98.4375,73.4375,100,48.4375,64.0625,100,100,90.625,100,100,75,100,100,73.4375,98.4375,100,100,89.0625,100,93.75,31.25,100,100,100,100,73.4375,100,62.5,100,92.1875,75,48.4375,87.5,100,100,75,79.6875,89.0625,100,54.6875,57.8125,100,76.5625,100,90.625,89.0625,100,37.5,57.8125,100,100,96.875,100,100,100,60.9375,100,100,26.5625,65.625,100,100,54.6875,76.5625,100,100,35.9375,100,14.0625,100,100,100,42.1875,100,59.375,40.625,100,75,100,100,100,100,65.625,100,54.6875,71.875,100,56.25,100,64.0625,81.25,39.0625,96.875,100,100,26.5625,89.0625,100,100,100,75,100,100
"6146",92.1875,100,48.4375,100,100,84.375,95.3125,100,23.4375,96.875,73.4375,100,100,100,100,76.5625,85.9375,76.5625,28.125,100,95.3125,100,100,100,78.125,100,100,93.75,87.5,100,100,100,100,81.25,100,100,79.6875,100,40.625,100,92.1875,60.9375,96.875,100,73.4375,100,100,59.375,65.625,57.8125,75,100,100,93.75,46.875,100,6.25,100,100,42.1875,100,100,98.4375,100,100,100,46.875,100,71.875,100,59.375,75,100,100,79.6875,87.5,100,100,51.5625,100,71.875,100,87.5,68.75,100,100,100,31.25,100,100,100,89.0625,100,46.875,89.0625,100,100,62.5,100,100,89.0625,98.4375,100,70.3125,18.75,20.3125,100,92.1875,85.9375,100,62.5,64.0625,46.875,100,40.625,100,100,100,100,100,78.125,100,95.3125,93.75,98.4375,37.5,100,18.75,100,100,79.6875,100,100,12.5,100,65.625,75,79.6875,100,100,100,100,46.875,53.125,57.8125,100,100,23.4375,50,84.375,59.375,37.5,84.375,93.75,96.875,95.3125,76.5625,100,43.75,100,100,100,84.375,100,89.0625,71.875,73.4375,87.5,56.25,100,84.375,81.25,56.25,93.75,100,95.3125,90.625,100,100,100,100,53.125,100,100,100,100,54.6875,100,100,87.5,96.875,100,87.5,100,89.0625,100,96.875,59.375,100,100,37.5,31.25,95.3125,100,100,100,64.0625,12.5,71.875,100,68.75,100,100,100,87.5,78.125,60.9375,93.75,100,100,100,84.375,100,100,100,57.8125,100,100,93.75,100,100,78.125,100,100,100,100,81.25,60.9375,100,100,100,100,68.75,100,100,37.5,100,89.0625,100,100,28.125,78.125,84.375,92.1875,100,93.75,100,62.5,100,100,100,98.4375,35.9375,100,87.5,100,100,100,100,100,46.875,67.1875,100,100,100,76.5625,37.5,100,68.75,46.875,81.25,45.3125,50,100,100,100,60.9375,100,100,96.875,85.9375,100,92.1875,57.8125,100,25,96.875,85.9375,64.0625,75,60.9375,100,100,100,100,89.0625,100,100,78.125,100,100,100,57.8125,100,100,96.875,100,100,25,71.875,89.0625,100,50,85.9375,70.3125,71.875,100,96.875,100,89.0625,87.5,100,71.875,92.1875,100,39.0625,100,85.9375,98.4375,100,100,84.375,43.75,46.875,68.75,68.75,39.0625,100,71.875,71.875,100,78.125,100,100,71.875,100,54.6875,73.4375,59.375,81.25,84.375,84.375,100,42.1875,75,100,29.6875,100,98.4375,100,100,100,100,76.5625,76.5625,100,89.0625,82.8125,85.9375,100,87.5,75,100,100,100,100,100,100,65.625,89.0625,100,81.25,100,96.875,100,81.25,100,48.4375,78.125,43.75,100,100,100,100,100,100,59.375,100,73.4375,90.625,100,92.1875,100,95.3125,100,92.1875,37.5,48.4375,100,75,65.625,87.5,100,100,100,43.75,42.1875,100,96.875,100,82.8125,100,78.125,100,81.25,85.9375,59.375,100,100,100,100,93.75,64.0625,82.8125,71.875,100,100,100,100,90.625,93.75,100,100,100,85.9375,73.4375,100,78.125,100,100,76.5625,73.4375,85.9375,100,62.5,78.125,100,71.875,100,100,64.0625,68.75,79.6875,100,100,68.75,100,100,100,54.6875,81.25,100,100,60.9375,82.8125,100,56.25,100,65.625,75,100,79.6875,81.25,100,64.0625,100,100,100,57.8125,100,81.25,100,100,100,90.625,71.875,95.3125,84.375,100,100,67.1875,68.75,68.75,100,100,100,100,100,100,100,71.875,100,100,65.625,42.1875,92.1875,100,93.75,46.875,100,37.5,100,96.875,100,85.9375,70.3125,100,79.6875,46.875,95.3125,84.375,59.375,100,34.375,93.75,100,73.4375,100,100,68.75,100,100,100,100,93.75,65.625,100,100,82.8125,100,46.875,71.875,100,67.1875,100,100,29.6875,81.25,100,100,68.75,79.6875,92.1875,100,48.4375,78.125,100,75,93.75,100,65.625,92.1875,100,95.3125,90.625,100,81.25,70.3125,100,92.1875,100,68.75,100,100,100,93.75,17.1875,84.375,59.375,95.3125,96.875,50,100,98.4375,67.1875,90.625,90.625,42.1875,96.875,100,100,100,78.125,100,15.625,100,100,62.5,100,100,100,100,82.8125,82.8125,100,76.5625,100,100,100,100,78.125,100,100,100,100,100,100,98.4375,96.875,100,100,100,57.8125,96.875,70.3125,82.8125,100,100,100,100,100,89.0625,90.625,100,42.1875,6.25,100,64.0625,28.125,100,100,100,100,100,100,100,100,82.8125,56.25,59.375,51.5625,40.625,67.1875,75,78.125,100,90.625,60.9375,79.6875,78.125,40.625,87.5,95.3125,45.3125,87.5,100,100,100,100,100,100,76.5625,100,45.3125,68.75,100,100,73.4375,71.875,90.625,46.875,100,48.4375,100,100,100,100,100,100,62.5,100,100,85.9375,82.8125,100,100,71.875,100,100,100,65.625,100,100,100,71.875,100,100,100,100,100,100,60.9375,100,100,100,84.375,100,100,100,100,100,100,68.75,100,100,100,51.5625,100,100,34.375,89.0625,84.375,76.5625,42.1875,59.375,100,100,62.5,90.625,100,98.4375,57.8125,64.0625,100,59.375,78.125,100,100,100,50,48.4375,67.1875,68.75,4.6875,100,100,100,43.75,53.125,9.375,84.375,100,100,81.25,100,100,90.625,100,40.625,100,62.5,100,64.0625,45.3125,100,100,57.8125,100,100,100,100,54.6875,93.75,100,100,9.375,67.1875,100,100,43.75,100,96.875,100,89.0625,93.75,100,39.0625,92.1875,100,100,54.6875,100,60.9375,100,100,100,100,95.3125,62.5,100,100,32.8125,73.4375,100,100,39.0625,100,70.3125,84.375,81.25,46.875,100,100,100,79.6875,100,100,100,81.25,67.1875,100,100,100,78.125,100,76.5625,62.5,64.0625,100,100,93.75,100,34.375,100,95.3125,100,54.6875,100,100,40.625,45.3125,100,100,82.8125,100,62.5,45.3125,100,70.3125,100,84.375,100,17.1875,75,100,26.5625,100,100,56.25,92.1875,67.1875,65.625,37.5,75,100,98.4375,100,64.0625,100,43.75,73.4375,39.0625,100,100,100,98.4375,100,51.5625,100,100,100,100,100,81.25,100,82.8125,100,79.6875,100,100,51.5625,100,53.125,57.8125,89.0625,100,35.9375,100,90.625,100,84.375,95.3125,70.3125,76.5625,100,100,71.875,78.125,59.375,100,71.875,79.6875,100,100,100,100,100,62.5,93.75,96.875,34.375,100,89.0625,100,100,57.8125,100,100,93.75,100,100,93.75,93.75,100,100,100,53.125,100,100,100,100,64.0625,56.25,96.875,100,59.375,42.1875,100,84.375,100,100,100,62.5,100,29.6875,100,42.1875,93.75,73.4375,70.3125,100,89.0625,31.25,100,100,100,96.875,100,100,100,100,100,57.8125,89.0625,100,100,92.1875,56.25,93.75,70.3125,62.5,100,100,95.3125,100,84.375,100,67.1875,48.4375,79.6875,92.1875,100,100,93.75,100,100,96.875,37.5,100,100,81.25,100,73.4375,100,96.875,100,100,100,100,100,81.25,98.4375,100,100,76.5625,100,70.3125,100,100,81.25,100,100,100,100,75,100,76.5625,87.5,100,100,100,100,100,87.5,100,87.5,25,95.3125,100,100,100,100,40.625,87.5,100,82.8125,45.3125,100,100,71.875,82.8125,100,78.125,100,100,73.4375,100,81.25,100,100,70.3125,100,100,34.375,100,100,84.375,100,100,89.0625,78.125,100,100,100,68.75,17.1875,100,81.25,84.375,100,100,100,100,100,100,100,71.875,62.5,79.6875,90.625,95.3125,25,90.625,100,85.9375,100,100,100,100,100,75,100,100,93.75,48.4375,100,82.8125,100,100,81.25,100,26.5625,92.1875,100,100,100,100,100,100,78.125,100,100,100,53.125,100,100,59.375,65.625,100,93.75,100,89.0625,100,98.4375,84.375,78.125,90.625,17.1875,100,87.5,100,100,64.0625,100,43.75,51.5625,100,100,100,100,100,100,39.0625,100,100,100,100,98.4375,100,98.4375,100,70.3125,75,100,100,100,100,92.1875,96.875,82.8125,75,100,98.4375,100,100,85.9375,7.8125,100,50,51.5625,78.125,100,64.0625,87.5,100,57.8125,100,87.5,45.3125,45.3125,100,29.6875,100,100,100,20.3125,100,100,100,78.125,100,100,79.6875,35.9375,100,54.6875,57.8125,73.4375,100,81.25,100,68.75,95.3125,79.6875,100,100,50,100,100,62.5,84.375,75,100,100,100,64.0625,68.75,75,67.1875,100,100,100,100,21.875,75,100,60.9375,100,89.0625,51.5625,100,50,100,100,100,100,67.1875,68.75,100,73.4375,100,90.625,100,82.8125,100,92.1875,70.3125,56.25,89.0625,68.75,100,100,78.125,70.3125,90.625,67.1875,62.5,53.125,100,96.875,67.1875,90.625,100,82.8125,62.5,100,84.375,100,100,100,100,100,100,96.875,100,75,100,100,100,78.125,100,96.875,100,85.9375,79.6875,100,87.5,65.625,100,100,100,70.3125,100,100,62.5,62.5,100,100,100,100,92.1875,89.0625,100,100,100,100,92.1875,56.25,100,100,100,45.3125,100,42.1875,100,68.75,65.625,64.0625,87.5,100,100,100,64.0625,71.875,71.875,56.25,42.1875,100,100,75,60.9375,60.9375,73.4375,79.6875,90.625,95.3125,100,90.625,100,46.875,96.875,79.6875,54.6875,100,100,100,100,100,100,85.9375,76.5625,100,100,92.1875,100,100,98.4375,73.4375,32.8125,100,100,100,100,100,79.6875,100,100,82.8125,62.5,100,64.0625,100,100,100,71.875,51.5625,89.0625,93.75,42.1875,78.125,59.375,93.75,100,100,100,81.25,100,100,59.375,37.5,82.8125,100,76.5625,70.3125,100,100,67.1875,100,100,100,100,100,100,90.625,100,32.8125,92.1875,85.9375,87.5,100,96.875,100,100,100,93.75,100,100,100,14.0625,67.1875,70.3125,100,100,93.75,100,78.125,98.4375,100,68.75,81.25,100,95.3125,100,15.625,93.75,76.5625,100,100,87.5,100,100,100,71.875,96.875,100,90.625,78.125,78.125,100,100,100,100,100,100,100,100,100,100,48.4375,59.375,71.875,100,68.75,100,96.875,100,100,100,100,64.0625,100,100,89.0625,45.3125,100,100,100,100,100,100,98.4375,100,100,100,68.75,100,65.625,100,92.1875,70.3125,100,100,95.3125,70.3125,89.0625,89.0625,39.0625,100,46.875,100,67.1875,100,100,64.0625,100,100,84.375,100,100,56.25,100,79.6875,100,73.4375,100,65.625,100,100,100,100,100,100,100,100,96.875,93.75,100,100,95.3125,100,81.25,100,65.625,89.0625,56.25,87.5,65.625,51.5625,60.9375,73.4375,100,100,100,100,90.625,100,87.5,95.3125,53.125,79.6875,100,100,84.375,29.6875,100,39.0625,100,100,100,100,65.625,54.6875,84.375,100,95.3125,100,20.3125,84.375,100,100,100,100,89.0625,75,100,100,100,100,87.5,96.875,100,100,100,100,100,98.4375,100,100,100,100,100,59.375,100,100,98.4375,81.25,93.75,100,78.125,85.9375,84.375,71.875,78.125,67.1875,100,100,82.8125,100,100,92.1875,68.75,79.6875,64.0625,100,100,100,100,100,73.4375,56.25,100,93.75,100,100,89.0625,100,40.625,85.9375,73.4375,64.0625,100,100,87.5,100,100,100,100,43.75,37.5,53.125,100,56.25,54.6875,100,95.3125,78.125,100,25,87.5,100,100,100,92.1875,100,40.625,20.3125,100,100,100,100,98.4375,100,100,100,100,100,14.0625,54.6875,100,100,100,87.5,70.3125,100,100,100,100,81.25,100,68.75,100,100,100,100,100,90.625,64.0625,100,100,100,100,45.3125,100,100,100,54.6875,75,100,75,81.25,100,56.25,59.375,62.5,37.5,85.9375,100,98.4375,100,96.875,100,73.4375,89.0625,100,100,100,100,81.25,100,100,100,79.6875,100,100,84.375,100,9.375,84.375,64.0625,100,85.9375,48.4375,100,54.6875,71.875,51.5625,51.5625,82.8125,100,48.4375,87.5,100,100,100,98.4375,100,81.25,100,76.5625,100,32.8125,100,68.75,78.125,100,100,100,85.9375,93.75,100,56.25,100,100,68.75,68.75,100,26.5625,100,67.1875,100,100,75,100,100,100,68.75,64.0625,100,79.6875,100,100,90.625,3.125,42.1875,31.25,73.4375,67.1875,81.25,100,64.0625,82.8125,100,45.3125,100,96.875,100,100,100,100,23.4375,50,100,100,100,39.0625,31.25,78.125,26.5625,71.875,12.5,79.6875,65.625,100,54.6875,85.9375,82.8125,59.375,75,95.3125,90.625,34.375,100,89.0625,56.25,79.6875,100,39.0625,100,100,100,100,92.1875,98.4375,25,100,100,82.8125,100,65.625,87.5,84.375,45.3125,81.25,100,84.375,100,100,100,100,92.1875,48.4375,87.5,100,100,54.6875,100,57.8125,100,43.75,35.9375,100,57.8125,76.5625,100,31.25,100,100,100,90.625,26.5625,65.625,53.125,100,85.9375,100,92.1875,60.9375,31.25,100,68.75,100,100,90.625,96.875,100,54.6875,40.625,100,100,12.5,60.9375,89.0625,100,37.5,85.9375,95.3125,79.6875,45.3125,100,100,100,81.25,59.375,70.3125,100,100,100,89.0625,100,100,100,100,100,100,100,100,100,100,100,48.4375,100,62.5,71.875,100,100,89.0625,96.875,21.875,100,100,15.625,100,65.625,100,82.8125,81.25,82.8125,100,87.5,100,100,100,100,100,82.8125,50,51.5625,100,100,100,100,100,40.625,100,100,100,93.75,96.875,100,89.0625,81.25,96.875,100,100,100,100,100,100,100,100,67.1875,100,76.5625,73.4375,100,100,100,89.0625,100,100,100,67.1875,100,100,68.75,100,100,21.875,45.3125,79.6875,81.25,100,71.875,40.625,59.375,71.875,100,100,100,100,100,40.625,100,95.3125,100,100,90.625,96.875,100,67.1875,100,100,100,100,57.8125,100,67.1875,4.6875,45.3125,100,9.375,100,100,100,26.5625,90.625,100,100,100,76.5625,79.6875,100,100,45.3125,100,100,100,79.6875,100,81.25,84.375,75,100,84.375,100,100,100,100,100,100,100,81.25,100,100,85.9375,100,100,53.125,100,90.625,100,54.6875,100,100,54.6875,100,68.75,100,75,90.625,71.875,71.875,100,100,100,100,100,100,85.9375,100,100,100,57.8125,71.875,100,100,90.625,100,64.0625,79.6875,100,87.5,60.9375,100,96.875,100,100,20.3125,100,92.1875,100,34.375,50,95.3125,100,100,100,65.625,78.125,25,100,100,100,100,59.375,100,100,70.3125,59.375,46.875,87.5,78.125,90.625,76.5625,100,90.625,100,100,90.625,96.875,20.3125,60.9375,100,71.875,39.0625,100,79.6875,100,100,57.8125,100,100,68.75,100,85.9375,75,90.625,62.5,98.4375,100,100,100,93.75,73.4375,76.5625,81.25,100,75,100,46.875,62.5,95.3125,100,82.8125,100,50,96.875,56.25,62.5,100,100,100,100,93.75,100,100,90.625,100,64.0625,100,100,64.0625,43.75,87.5,89.0625,100,92.1875,65.625,100,100,32.8125,100,100,96.875,90.625,93.75,56.25,76.5625,65.625,100,100,35.9375,40.625,100,81.25,100,100,70.3125,73.4375,100,96.875,85.9375,100,67.1875,65.625,78.125,100,100,100,96.875,100,100,79.6875,100,100,100,87.5,100,51.5625,7.8125,100,71.875,50,100,75,43.75,75,100,20.3125,93.75,54.6875,85.9375,100,100,78.125,85.9375,100,93.75,84.375,100,100,100,100,100,100,93.75,43.75,26.5625,89.0625,100,100,81.25,78.125,70.3125,67.1875,100,100,76.5625,100,100,100,59.375,42.1875,89.0625,100,100,100,100,100,100,100,92.1875,60.9375,95.3125,100,89.0625,100,56.25,100,31.25,100,46.875,100,100,100,82.8125,100,87.5,96.875,75,100,100,92.1875,100,59.375,98.4375,100,100,100,71.875,59.375,78.125,100,100,100,31.25,75,100,100,100,87.5,100,100,100,57.8125,67.1875,100,85.9375,100,100,100,93.75,75,68.75,78.125,100,100,100,100,43.75,100,70.3125,53.125,23.4375,84.375,100,100,100,100,100,100,93.75,100,100,67.1875,92.1875,70.3125,65.625,64.0625,100,26.5625,100,100,82.8125,54.6875,100,90.625,46.875,93.75,79.6875,100,100,100,100,85.9375,82.8125,100,100,79.6875,100,35.9375,100,100,81.25,54.6875,76.5625,100,100,100,98.4375,100,100,81.25,64.0625,100,59.375,81.25,100,70.3125,79.6875,100,100,100,100,100,100,100,95.3125,100,100,100,68.75,100,79.6875,62.5,100,100,65.625,100,85.9375,62.5,100,100,87.5,100,57.8125,92.1875,100,56.25,71.875,84.375,100,60.9375,78.125,75,100,100,100,100,70.3125,100,100,100,73.4375,100,82.8125,100,64.0625,100,100,89.0625,54.6875,100,100,46.875,92.1875,100,100,75,51.5625,100,100,26.5625,100,100,100,100,100,100,76.5625,93.75,100,100,100,92.1875,100,56.25,100,100,48.4375,57.8125,100,100,39.0625,100,100,57.8125,100,100,100,100,100,81.25,100,68.75,100,100,100,90.625,95.3125,100,46.875,100,100,100,56.25,100,90.625,53.125,57.8125,100,100,51.5625,100,93.75,100,54.6875,100,100,34.375,10.9375,100,71.875,100,100,100,75,100,82.8125,100,100,100,100,35.9375,54.6875,100,100,81.25,95.3125,100,100,42.1875,100,64.0625,56.25,100,100,98.4375,100,100,100,100,70.3125,87.5,87.5,90.625,100,87.5,92.1875,96.875,100,100,93.75,100,100,100,81.25,92.1875,78.125,100,45.3125,100,96.875,100,100,95.3125,70.3125,100,87.5,14.0625,53.125,100,100,100,45.3125,95.3125,100,100,100,100,79.6875,79.6875,98.4375,89.0625,79.6875,93.75,100,65.625,100,95.3125,21.875,100,100,59.375,100,90.625,76.5625,81.25,100,75,54.6875,100,96.875,98.4375,100,60.9375,45.3125,100,100,50,100,100,78.125,26.5625,100,100,57.8125,90.625,73.4375,100,100,100,39.0625,100,100,100,100,46.875,100,76.5625,100,100,100,75,100,100,100,100,100,100,92.1875,100,100,95.3125,100,100,100,100,73.4375,100,56.25,100,67.1875,100,46.875,87.5,100,100,87.5,100,35.9375,31.25,54.6875,57.8125,68.75,100,100,100,71.875,98.4375,100,100,98.4375,56.25,35.9375,100,100,100,100,79.6875,79.6875,100,89.0625,100,78.125,92.1875,71.875,100,85.9375,15.625,85.9375,70.3125,98.4375,20.3125,96.875,81.25,100,56.25,40.625,100,92.1875,100,100,57.8125,100,90.625,59.375,89.0625,79.6875,100,57.8125,96.875,76.5625,87.5,96.875,100,100,100,82.8125,100,100,89.0625,100,85.9375,76.5625,84.375,100,100,21.875,100,32.8125,100,21.875,48.4375,100,42.1875,100,82.8125,53.125,100,53.125,39.0625,89.0625,100,17.1875,85.9375,100,100,84.375,100,85.9375,100,20.3125,100,70.3125,100,100,100,87.5,71.875,57.8125,100,100,48.4375,68.75,100,100,100,100,100,20.3125,100,46.875,100,100,100,85.9375,100,51.5625,100,100,93.75,98.4375,53.125,81.25,53.125,100,100,100,100,100,100,100,79.6875,73.4375,100,100,100,100,92.1875,85.9375,100,100,100,100,100,100,100,65.625,96.875,26.5625,82.8125,100,100,54.6875,100,40.625,100,1.5625,96.875,100,28.125,100,78.125,100,100,90.625,100,100,100,20.3125,85.9375,100,100,100,100,82.8125,82.8125,100,100,40.625,100,59.375,100,20.3125,100,100,100,73.4375,95.3125,45.3125,64.0625,100,100,68.75,100,100,65.625,100,100,89.0625,100,100,100,89.0625,100,60.9375,26.5625,100,100,98.4375,68.75,100,100,62.5,100,75,100,70.3125,70.3125,100,100,75,100,82.8125,100,67.1875,57.8125,100,68.75,100,100,67.1875,100,31.25,59.375,100,100,96.875,95.3125,100,100,59.375,100,100,28.125,68.75,100,100,57.8125,87.5,100,87.5,34.375,100,100,100,100,100,100,100,59.375,39.0625,100,78.125,100,100,100,7.8125,60.9375,100,54.6875,98.4375,100,57.8125,100,62.5,100,45.3125,84.375,100,96.875,79.6875,93.75,100,100,100,81.25,96.875,100
"6147",89.0625,100,46.875,100,100,82.8125,95.3125,62.5,45.3125,84.375,67.1875,100,100,100,100,75,85.9375,79.6875,100,100,96.875,96.875,100,100,78.125,100,100,79.6875,84.375,100,46.875,100,100,93.75,100,100,84.375,37.5,100,100,95.3125,68.75,84.375,100,100,100,95.3125,100,68.75,79.6875,75,100,100,75,71.875,100,18.75,100,100,40.625,93.75,100,98.4375,100,100,100,42.1875,100,79.6875,100,57.8125,75,100,82.8125,65.625,84.375,100,82.8125,48.4375,100,71.875,100,85.9375,70.3125,100,100,100,39.0625,100,100,56.25,89.0625,100,46.875,68.75,100,100,64.0625,100,100,76.5625,98.4375,100,70.3125,17.1875,42.1875,79.6875,79.6875,85.9375,100,56.25,65.625,100,100,40.625,100,100,100,100,100,84.375,100,100,93.75,90.625,37.5,100,18.75,100,100,96.875,100,100,100,100,60.9375,100,78.125,100,95.3125,100,92.1875,45.3125,45.3125,12.5,100,79.6875,100,60.9375,82.8125,59.375,35.9375,85.9375,93.75,96.875,90.625,75,100,100,100,100,100,76.5625,100,89.0625,71.875,39.0625,87.5,53.125,20.3125,85.9375,76.5625,100,95.3125,100,98.4375,78.125,100,100,100,100,39.0625,100,100,100,100,53.125,100,100,85.9375,100,93.75,87.5,100,93.75,100,78.125,68.75,100,100,57.8125,100,100,100,100,100,50,100,75,100,70.3125,100,100,100,89.0625,78.125,57.8125,92.1875,100,100,100,71.875,100,100,100,57.8125,76.5625,100,68.75,100,100,79.6875,100,100,100,100,62.5,64.0625,100,100,100,100,100,100,100,39.0625,100,90.625,100,100,100,81.25,79.6875,98.4375,62.5,98.4375,100,62.5,100,100,43.75,98.4375,34.375,100,71.875,100,100,100,50,100,43.75,79.6875,100,100,100,64.0625,35.9375,100,68.75,100,87.5,50,17.1875,100,100,100,60.9375,100,100,92.1875,79.6875,100,95.3125,53.125,100,100,100,82.8125,62.5,75,46.875,100,100,93.75,100,89.0625,82.8125,93.75,75,100,100,100,57.8125,100,100,96.875,100,100,29.6875,56.25,89.0625,100,50,57.8125,75,100,98.4375,96.875,100,100,85.9375,54.6875,75,73.4375,100,37.5,100,87.5,100,100,100,84.375,39.0625,51.5625,65.625,68.75,39.0625,100,60.9375,73.4375,100,78.125,100,100,70.3125,100,76.5625,53.125,46.875,84.375,76.5625,78.125,100,87.5,28.125,35.9375,29.6875,100,98.4375,100,100,100,90.625,76.5625,76.5625,100,85.9375,76.5625,89.0625,100,84.375,84.375,100,100,100,17.1875,98.4375,100,65.625,92.1875,100,73.4375,100,100,100,81.25,100,62.5,100,40.625,100,100,100,100,100,92.1875,57.8125,100,76.5625,84.375,100,93.75,100,98.4375,100,100,39.0625,53.125,100,76.5625,62.5,87.5,100,100,95.3125,50,42.1875,100,100,100,82.8125,100,85.9375,76.5625,93.75,68.75,56.25,100,100,100,100,89.0625,100,59.375,100,100,100,100,84.375,90.625,90.625,100,100,100,84.375,71.875,100,79.6875,100,100,76.5625,73.4375,89.0625,100,60.9375,71.875,100,100,100,73.4375,64.0625,67.1875,90.625,100,100,87.5,100,100,100,98.4375,89.0625,100,100,67.1875,82.8125,100,51.5625,100,64.0625,75,100,79.6875,78.125,100,64.0625,100,100,93.75,57.8125,71.875,65.625,100,100,100,84.375,71.875,100,85.9375,100,100,62.5,71.875,68.75,100,100,62.5,100,100,100,100,100,70.3125,70.3125,71.875,39.0625,93.75,100,100,51.5625,46.875,35.9375,100,98.4375,92.1875,84.375,71.875,100,81.25,79.6875,100,92.1875,64.0625,100,34.375,92.1875,100,79.6875,100,100,70.3125,100,100,100,100,100,51.5625,79.6875,100,84.375,95.3125,73.4375,71.875,100,92.1875,100,100,31.25,76.5625,100,100,78.125,90.625,95.3125,100,48.4375,71.875,100,73.4375,90.625,100,68.75,90.625,100,100,100,100,100,68.75,100,65.625,100,60.9375,100,100,93.75,100,25,100,57.8125,96.875,100,85.9375,100,90.625,59.375,67.1875,84.375,59.375,100,100,100,100,75,100,45.3125,100,100,82.8125,100,100,100,100,73.4375,75,100,79.6875,100,100,100,95.3125,76.5625,100,100,100,100,62.5,100,100,100,100,100,100,60.9375,96.875,67.1875,28.125,85.9375,100,100,100,100,92.1875,90.625,100,42.1875,6.25,73.4375,56.25,34.375,100,100,100,100,100,100,95.3125,100,85.9375,54.6875,59.375,34.375,39.0625,73.4375,82.8125,76.5625,100,92.1875,65.625,79.6875,85.9375,40.625,90.625,95.3125,57.8125,100,100,100,100,100,100,100,76.5625,100,45.3125,68.75,100,100,85.9375,68.75,78.125,48.4375,100,50,100,100,100,100,100,100,75,100,100,82.8125,84.375,100,100,65.625,100,100,100,65.625,100,100,100,73.4375,100,100,100,100,100,96.875,64.0625,100,100,100,95.3125,100,100,100,100,100,100,68.75,100,92.1875,100,43.75,100,100,35.9375,89.0625,100,71.875,40.625,65.625,100,100,85.9375,81.25,100,89.0625,100,70.3125,100,60.9375,71.875,100,100,95.3125,48.4375,39.0625,75,68.75,35.9375,100,100,100,45.3125,46.875,10.9375,82.8125,100,100,78.125,100,100,89.0625,100,100,96.875,54.6875,100,62.5,45.3125,89.0625,100,62.5,100,100,100,100,54.6875,28.125,96.875,100,37.5,75,100,100,42.1875,40.625,100,100,89.0625,93.75,100,42.1875,95.3125,100,100,67.1875,100,71.875,100,100,100,100,96.875,62.5,100,100,37.5,87.5,100,100,28.125,100,70.3125,92.1875,79.6875,68.75,100,39.0625,100,45.3125,100,100,100,82.8125,62.5,81.25,98.4375,100,85.9375,100,76.5625,56.25,65.625,100,100,82.8125,100,100,100,95.3125,100,54.6875,100,100,100,100,95.3125,100,56.25,100,75,48.4375,100,70.3125,100,81.25,100,31.25,75,100,29.6875,100,25,59.375,100,67.1875,100,85.9375,76.5625,100,98.4375,95.3125,73.4375,100,45.3125,73.4375,25,100,100,100,98.4375,71.875,54.6875,100,100,100,100,100,73.4375,100,84.375,100,79.6875,98.4375,67.1875,51.5625,100,65.625,57.8125,87.5,100,35.9375,100,81.25,100,87.5,100,70.3125,68.75,100,100,71.875,81.25,85.9375,100,68.75,78.125,82.8125,100,100,100,100,64.0625,93.75,84.375,34.375,65.625,100,100,100,54.6875,100,100,92.1875,100,100,100,93.75,100,100,100,50,100,100,100,82.8125,70.3125,31.25,82.8125,100,59.375,28.125,100,81.25,100,100,100,100,100,29.6875,100,43.75,87.5,75,70.3125,100,89.0625,89.0625,100,100,100,93.75,100,67.1875,100,100,100,59.375,89.0625,100,100,93.75,60.9375,93.75,62.5,100,100,100,87.5,100,84.375,100,68.75,45.3125,100,100,100,100,51.5625,71.875,100,75,37.5,100,81.25,85.9375,100,56.25,100,96.875,100,100,100,100,100,81.25,100,100,100,76.5625,100,68.75,100,100,100,100,100,100,100,100,100,78.125,100,100,26.5625,78.125,100,100,87.5,100,87.5,100,90.625,100,100,96.875,100,46.875,92.1875,100,84.375,75,100,93.75,79.6875,81.25,100,81.25,87.5,100,71.875,100,65.625,100,98.4375,71.875,100,100,32.8125,100,100,81.25,87.5,82.8125,76.5625,78.125,100,100,100,68.75,20.3125,100,100,60.9375,100,100,48.4375,100,100,95.3125,79.6875,87.5,7.8125,100,90.625,85.9375,23.4375,90.625,100,87.5,100,100,100,100,100,75,100,100,93.75,54.6875,100,82.8125,48.4375,100,82.8125,100,18.75,100,48.4375,100,100,100,100,81.25,75,100,100,100,100,100,100,59.375,65.625,100,93.75,98.4375,87.5,100,96.875,84.375,75,93.75,100,100,100,100,100,100,100,40.625,60.9375,100,100,100,100,100,100,53.125,73.4375,100,100,100,62.5,100,96.875,100,84.375,75,100,100,100,79.6875,100,100,82.8125,75,100,98.4375,100,100,85.9375,6.25,100,50,51.5625,100,100,68.75,96.875,100,100,100,82.8125,14.0625,100,100,28.125,100,90.625,100,100,100,100,100,100,100,100,93.75,35.9375,100,54.6875,100,75,100,93.75,100,70.3125,95.3125,78.125,100,100,53.125,70.3125,100,59.375,100,62.5,100,100,100,64.0625,100,73.4375,62.5,100,100,100,100,28.125,53.125,76.5625,84.375,100,89.0625,43.75,100,37.5,100,100,76.5625,100,60.9375,68.75,100,73.4375,100,100,100,100,100,95.3125,68.75,56.25,89.0625,70.3125,100,100,81.25,84.375,92.1875,67.1875,64.0625,50,100,89.0625,67.1875,93.75,100,79.6875,62.5,100,48.4375,93.75,100,100,100,100,100,96.875,98.4375,75,100,100,100,90.625,64.0625,93.75,100,85.9375,81.25,100,100,73.4375,100,95.3125,46.875,85.9375,100,100,65.625,62.5,100,57.8125,100,100,100,89.0625,100,100,100,100,87.5,53.125,100,100,100,68.75,100,42.1875,92.1875,100,67.1875,65.625,79.6875,85.9375,100,89.0625,100,65.625,70.3125,71.875,40.625,100,100,76.5625,60.9375,60.9375,64.0625,81.25,89.0625,95.3125,100,89.0625,100,46.875,98.4375,68.75,60.9375,100,100,87.5,100,100,100,78.125,85.9375,100,89.0625,93.75,100,100,96.875,71.875,29.6875,82.8125,64.0625,100,100,100,81.25,100,100,84.375,68.75,100,70.3125,100,100,90.625,84.375,65.625,100,92.1875,43.75,76.5625,62.5,93.75,100,100,100,68.75,100,100,60.9375,37.5,81.25,100,75,70.3125,100,100,57.8125,100,100,100,100,100,100,76.5625,100,100,92.1875,100,87.5,100,100,100,62.5,100,92.1875,100,100,100,7.8125,65.625,89.0625,100,100,92.1875,92.1875,70.3125,100,100,68.75,71.875,100,100,100,14.0625,93.75,75,100,98.4375,85.9375,100,100,65.625,40.625,100,100,92.1875,79.6875,78.125,100,100,100,100,100,39.0625,100,100,100,100,48.4375,59.375,70.3125,100,65.625,100,87.5,100,100,100,100,17.1875,100,100,89.0625,90.625,100,87.5,100,100,100,100,100,100,100,100,70.3125,100,71.875,100,90.625,100,100,100,92.1875,71.875,87.5,96.875,39.0625,100,46.875,100,90.625,100,59.375,65.625,84.375,100,60.9375,100,100,57.8125,100,81.25,100,71.875,100,59.375,100,100,100,100,100,100,100,100,96.875,65.625,100,100,90.625,100,10.9375,100,68.75,62.5,81.25,87.5,71.875,56.25,78.125,73.4375,100,100,100,100,90.625,100,87.5,84.375,75,64.0625,100,100,84.375,100,100,51.5625,100,100,100,100,56.25,53.125,89.0625,100,93.75,100,39.0625,79.6875,100,98.4375,100,100,100,81.25,84.375,76.5625,100,100,87.5,100,100,100,100,84.375,100,100,100,100,100,100,100,59.375,100,51.5625,100,82.8125,100,100,81.25,100,90.625,71.875,100,71.875,100,39.0625,68.75,100,100,73.4375,78.125,100,85.9375,100,45.3125,100,100,100,71.875,56.25,100,92.1875,100,100,73.4375,35.9375,39.0625,32.8125,76.5625,65.625,100,100,96.875,100,100,87.5,100,100,32.8125,62.5,100,56.25,53.125,100,95.3125,71.875,100,25,87.5,100,100,100,89.0625,100,42.1875,20.3125,100,100,100,100,100,100,100,100,100,100,12.5,31.25,100,79.6875,100,82.8125,90.625,100,100,100,100,100,93.75,64.0625,100,100,100,100,65.625,92.1875,85.9375,100,100,100,57.8125,64.0625,100,100,100,68.75,75,100,78.125,71.875,100,56.25,59.375,62.5,54.6875,84.375,100,96.875,100,96.875,100,79.6875,92.1875,84.375,100,98.4375,100,90.625,100,100,100,100,100,100,89.0625,100,23.4375,84.375,98.4375,100,71.875,78.125,100,59.375,100,51.5625,53.125,100,100,48.4375,100,100,100,100,100,100,79.6875,100,81.25,100,32.8125,100,73.4375,78.125,100,100,100,89.0625,87.5,100,51.5625,100,70.3125,64.0625,68.75,100,23.4375,100,57.8125,100,100,76.5625,100,75,100,68.75,78.125,100,100,100,100,46.875,12.5,40.625,79.6875,93.75,60.9375,75,92.1875,12.5,82.8125,100,46.875,100,96.875,100,100,100,100,23.4375,82.8125,100,54.6875,100,100,32.8125,96.875,100,79.6875,100,82.8125,65.625,100,54.6875,75,100,100,73.4375,92.1875,100,34.375,100,100,100,79.6875,100,37.5,100,100,100,100,100,100,37.5,100,100,84.375,100,84.375,100,100,46.875,82.8125,100,84.375,54.6875,100,100,100,96.875,45.3125,78.125,100,100,46.875,87.5,56.25,100,40.625,35.9375,100,67.1875,76.5625,100,34.375,100,100,100,82.8125,100,100,45.3125,95.3125,100,100,59.375,32.8125,29.6875,100,68.75,100,100,90.625,64.0625,100,56.25,42.1875,71.875,100,82.8125,60.9375,89.0625,100,73.4375,85.9375,92.1875,100,43.75,100,28.125,100,79.6875,59.375,70.3125,100,100,100,100,43.75,100,100,100,100,39.0625,100,100,100,46.875,100,28.125,100,59.375,68.75,100,100,51.5625,100,18.75,100,85.9375,85.9375,100,67.1875,100,81.25,87.5,79.6875,100,89.0625,100,100,100,78.125,100,82.8125,42.1875,53.125,100,100,100,100,100,46.875,98.4375,100,100,37.5,98.4375,100,93.75,95.3125,70.3125,100,100,100,100,100,100,100,100,87.5,100,76.5625,78.125,100,100,100,85.9375,100,100,100,67.1875,100,100,87.5,100,100,21.875,84.375,81.25,84.375,100,67.1875,42.1875,59.375,93.75,100,100,100,90.625,100,29.6875,100,90.625,100,100,92.1875,98.4375,100,67.1875,100,100,100,100,56.25,100,50,17.1875,45.3125,100,54.6875,100,100,100,62.5,90.625,100,95.3125,100,100,78.125,100,100,100,100,100,100,79.6875,100,92.1875,89.0625,15.625,100,85.9375,100,100,100,100,100,75,100,81.25,100,100,84.375,100,100,54.6875,100,85.9375,100,78.125,100,40.625,57.8125,100,70.3125,100,84.375,84.375,70.3125,73.4375,100,32.8125,100,100,96.875,100,82.8125,100,96.875,100,53.125,67.1875,100,100,90.625,100,75,79.6875,100,85.9375,59.375,100,100,100,100,100,100,90.625,100,100,45.3125,90.625,100,87.5,93.75,65.625,64.0625,25,100,43.75,100,100,59.375,100,100,65.625,56.25,100,87.5,82.8125,87.5,78.125,100,92.1875,100,100,90.625,96.875,34.375,56.25,78.125,71.875,39.0625,100,76.5625,100,100,54.6875,100,100,68.75,100,84.375,75,90.625,65.625,87.5,100,100,100,87.5,75,100,82.8125,100,37.5,100,42.1875,62.5,95.3125,100,79.6875,96.875,100,100,57.8125,62.5,100,100,100,100,93.75,100,100,100,82.8125,64.0625,100,100,62.5,46.875,90.625,76.5625,100,78.125,87.5,100,100,31.25,100,85.9375,100,64.0625,87.5,62.5,85.9375,57.8125,100,100,56.25,40.625,43.75,81.25,100,100,75,62.5,100,98.4375,79.6875,100,100,65.625,78.125,71.875,100,100,100,100,59.375,89.0625,100,96.875,100,65.625,100,46.875,17.1875,100,73.4375,48.4375,100,78.125,40.625,76.5625,100,20.3125,95.3125,54.6875,85.9375,21.875,100,67.1875,82.8125,100,67.1875,84.375,100,100,90.625,100,100,100,93.75,42.1875,57.8125,84.375,100,100,78.125,67.1875,73.4375,67.1875,100,100,76.5625,100,85.9375,100,100,56.25,96.875,100,100,100,100,100,92.1875,100,92.1875,59.375,92.1875,39.0625,60.9375,100,54.6875,100,31.25,100,50,100,100,100,70.3125,100,87.5,100,32.8125,100,100,92.1875,93.75,75,98.4375,100,100,100,70.3125,59.375,87.5,100,100,100,31.25,68.75,100,100,100,100,100,100,100,53.125,67.1875,100,90.625,100,100,100,100,90.625,65.625,85.9375,100,100,59.375,100,100,100,75,81.25,42.1875,100,100,100,100,100,100,100,84.375,100,67.1875,100,93.75,60.9375,95.3125,67.1875,100,25,100,100,100,56.25,100,100,50,85.9375,71.875,100,100,100,100,85.9375,81.25,71.875,100,76.5625,100,32.8125,100,100,81.25,70.3125,32.8125,100,100,100,98.4375,100,100,85.9375,65.625,100,59.375,82.8125,100,100,79.6875,100,100,98.4375,100,100,96.875,100,98.4375,100,100,100,71.875,79.6875,81.25,60.9375,100,100,64.0625,100,100,62.5,100,100,89.0625,100,100,92.1875,100,56.25,71.875,98.4375,100,57.8125,65.625,56.25,100,100,95.3125,100,90.625,93.75,56.25,100,75,100,87.5,100,54.6875,100,59.375,100,54.6875,100,100,64.0625,85.9375,100,100,76.5625,100,98.4375,100,96.875,100,100,100,100,100,87.5,75,48.4375,100,46.875,100,92.1875,100,56.25,100,100,87.5,57.8125,100,100,73.4375,100,90.625,60.9375,100,100,40.625,100,100,51.5625,100,71.875,100,100,100,100,96.875,100,51.5625,100,100,100,54.6875,100,90.625,100,62.5,100,100,48.4375,100,90.625,100,53.125,100,100,39.0625,10.9375,100,73.4375,100,100,100,75,100,75,100,100,100,100,51.5625,60.9375,100,100,81.25,93.75,100,100,64.0625,98.4375,64.0625,57.8125,100,100,95.3125,100,96.875,100,100,98.4375,85.9375,100,92.1875,100,90.625,92.1875,96.875,100,100,92.1875,100,100,100,79.6875,95.3125,78.125,100,100,100,96.875,100,100,93.75,70.3125,54.6875,87.5,20.3125,45.3125,100,100,100,12.5,28.125,100,100,100,75,75,79.6875,95.3125,89.0625,100,100,100,68.75,100,100,64.0625,46.875,96.875,59.375,100,100,79.6875,81.25,100,85.9375,54.6875,100,64.0625,92.1875,100,56.25,45.3125,100,100,50,100,100,64.0625,48.4375,100,100,57.8125,90.625,76.5625,100,100,98.4375,100,100,100,100,100,37.5,100,73.4375,10.9375,100,100,37.5,100,100,95.3125,100,100,100,87.5,100,95.3125,93.75,89.0625,100,100,100,85.9375,100,59.375,100,71.875,100,59.375,89.0625,65.625,100,81.25,100,43.75,39.0625,51.5625,79.6875,60.9375,100,100,100,62.5,100,95.3125,100,64.0625,56.25,35.9375,100,100,98.4375,100,89.0625,65.625,100,92.1875,100,73.4375,89.0625,71.875,100,82.8125,100,85.9375,70.3125,85.9375,34.375,98.4375,81.25,100,56.25,39.0625,100,100,93.75,100,57.8125,100,100,59.375,65.625,82.8125,100,68.75,85.9375,79.6875,87.5,100,100,100,100,48.4375,100,100,89.0625,100,100,65.625,84.375,100,100,28.125,100,34.375,100,79.6875,43.75,100,45.3125,100,79.6875,25,100,48.4375,42.1875,89.0625,100,17.1875,70.3125,100,100,100,40.625,76.5625,100,20.3125,100,65.625,100,100,100,100,59.375,56.25,100,100,48.4375,68.75,100,100,100,100,100,50,100,50,100,100,100,85.9375,100,46.875,100,100,93.75,92.1875,62.5,73.4375,53.125,100,100,76.5625,100,100,100,100,82.8125,100,100,100,51.5625,100,89.0625,84.375,100,96.875,100,100,100,98.4375,87.5,68.75,100,26.5625,87.5,100,100,100,100,29.6875,100,1.5625,96.875,100,53.125,100,79.6875,100,100,100,100,100,67.1875,82.8125,82.8125,100,100,12.5,100,100,89.0625,100,90.625,73.4375,100,57.8125,100,71.875,100,100,100,73.4375,100,48.4375,65.625,100,100,48.4375,100,100,68.75,100,100,75,100,100,100,89.0625,100,70.3125,29.6875,100,100,100,56.25,64.0625,100,62.5,100,92.1875,95.3125,70.3125,100,100,100,100,100,82.8125,100,56.25,59.375,81.25,75,100,46.875,90.625,100,100,57.8125,100,100,96.875,93.75,100,100,59.375,100,100,26.5625,62.5,100,100,71.875,78.125,100,93.75,32.8125,64.0625,100,82.8125,100,100,53.125,100,59.375,40.625,100,78.125,100,100,100,100,89.0625,100,54.6875,79.6875,100,54.6875,92.1875,64.0625,100,81.25,85.9375,84.375,100,65.625,70.3125,100,100,100,100,100,100
"6148",87.5,100,34.375,100,100,79.6875,95.3125,73.4375,21.875,90.625,100,100,100,100,100,73.4375,93.75,79.6875,15.625,100,96.875,100,100,100,76.5625,100,100,93.75,89.0625,100,100,100,100,100,100,100,100,100,50,100,90.625,62.5,71.875,100,100,76.5625,100,100,67.1875,81.25,75,100,100,89.0625,70.3125,100,17.1875,100,100,40.625,90.625,100,98.4375,100,100,100,35.9375,100,67.1875,100,59.375,75,70.3125,93.75,62.5,100,100,100,51.5625,100,75,100,85.9375,73.4375,100,100,100,59.375,100,100,56.25,89.0625,100,46.875,67.1875,20.3125,100,64.0625,100,100,79.6875,98.4375,100,70.3125,12.5,39.0625,87.5,79.6875,85.9375,100,71.875,73.4375,100,100,40.625,100,100,100,84.375,100,67.1875,100,100,82.8125,89.0625,40.625,100,18.75,100,100,100,100,100,100,100,65.625,100,78.125,100,100,100,100,48.4375,53.125,100,100,93.75,100,59.375,84.375,54.6875,34.375,85.9375,93.75,95.3125,89.0625,76.5625,98.4375,29.6875,100,100,100,76.5625,100,89.0625,71.875,71.875,89.0625,51.5625,100,100,85.9375,100,90.625,100,100,82.8125,100,100,100,100,40.625,100,100,92.1875,100,53.125,100,100,84.375,100,75,87.5,100,95.3125,100,79.6875,87.5,100,100,56.25,100,95.3125,100,100,100,59.375,18.75,71.875,67.1875,68.75,100,100,100,82.8125,78.125,57.8125,95.3125,100,98.4375,100,73.4375,35.9375,100,100,57.8125,100,100,68.75,100,100,79.6875,100,100,100,100,59.375,60.9375,96.875,100,100,100,100,100,100,31.25,95.3125,87.5,100,100,100,76.5625,73.4375,100,100,81.25,100,62.5,100,100,100,98.4375,32.8125,100,39.0625,100,100,100,100,100,79.6875,65.625,100,100,100,64.0625,28.125,100,68.75,100,62.5,43.75,39.0625,100,100,100,57.8125,100,100,84.375,82.8125,100,92.1875,34.375,100,100,98.4375,82.8125,62.5,75,50,100,100,98.4375,100,81.25,100,26.5625,73.4375,100,100,100,54.6875,100,100,95.3125,100,100,20.3125,57.8125,89.0625,37.5,50,100,75,70.3125,98.4375,96.875,100,100,85.9375,100,76.5625,82.8125,100,37.5,100,85.9375,100,100,100,84.375,40.625,50,64.0625,67.1875,35.9375,100,37.5,76.5625,100,73.4375,100,100,70.3125,100,78.125,59.375,51.5625,90.625,76.5625,79.6875,100,100,79.6875,40.625,28.125,100,98.4375,100,100,100,100,75,100,100,98.4375,68.75,85.9375,100,85.9375,76.5625,100,100,100,100,95.3125,100,65.625,93.75,100,89.0625,100,100,100,81.25,100,53.125,100,39.0625,100,100,100,100,100,96.875,59.375,79.6875,70.3125,90.625,100,96.875,75,93.75,100,96.875,39.0625,51.5625,100,76.5625,51.5625,87.5,100,100,100,29.6875,100,100,95.3125,100,82.8125,100,84.375,100,96.875,71.875,57.8125,100,100,100,100,93.75,73.4375,71.875,100,100,100,100,84.375,90.625,93.75,100,100,100,82.8125,73.4375,100,62.5,100,100,76.5625,73.4375,85.9375,100,100,64.0625,100,76.5625,100,100,68.75,67.1875,92.1875,100,100,67.1875,100,100,100,65.625,73.4375,100,100,67.1875,82.8125,100,54.6875,100,64.0625,73.4375,100,78.125,79.6875,100,64.0625,100,100,100,56.25,68.75,68.75,100,95.3125,100,85.9375,85.9375,100,84.375,100,100,65.625,67.1875,68.75,100,100,100,100,100,100,100,78.125,100,100,62.5,34.375,93.75,100,100,50,100,35.9375,100,98.4375,92.1875,84.375,68.75,100,81.25,70.3125,100,81.25,56.25,100,35.9375,50,100,85.9375,100,100,70.3125,100,100,100,89.0625,100,46.875,73.4375,100,85.9375,100,100,71.875,100,70.3125,100,100,31.25,90.625,100,100,68.75,62.5,64.0625,100,40.625,71.875,100,78.125,75,100,62.5,82.8125,100,100,62.5,100,12.5,73.4375,100,64.0625,100,68.75,100,100,100,100,26.5625,100,53.125,98.4375,75,100,100,81.25,64.0625,100,60.9375,54.6875,100,95.3125,100,100,78.125,100,18.75,100,100,62.5,100,100,100,100,100,85.9375,100,100,100,100,100,100,79.6875,70.3125,100,59.375,100,100,100,90.625,100,100,100,100,60.9375,96.875,65.625,82.8125,79.6875,100,100,100,100,93.75,90.625,100,42.1875,6.25,96.875,50,29.6875,65.625,100,87.5,100,100,100,89.0625,100,85.9375,53.125,59.375,45.3125,53.125,76.5625,68.75,76.5625,84.375,95.3125,100,73.4375,84.375,40.625,89.0625,95.3125,43.75,100,100,100,100,100,100,100,76.5625,100,45.3125,68.75,100,100,73.4375,62.5,76.5625,48.4375,100,62.5,100,100,100,100,100,100,82.8125,100,100,84.375,84.375,100,100,71.875,100,100,100,64.0625,100,100,100,93.75,100,100,57.8125,100,100,87.5,57.8125,100,100,100,100,100,100,100,100,100,100,68.75,100,76.5625,28.125,39.0625,100,100,34.375,79.6875,100,76.5625,59.375,67.1875,100,100,64.0625,90.625,100,100,100,65.625,100,60.9375,90.625,100,100,95.3125,48.4375,39.0625,70.3125,70.3125,7.8125,100,100,100,43.75,51.5625,10.9375,84.375,100,100,81.25,100,100,85.9375,100,62.5,92.1875,60.9375,100,64.0625,46.875,92.1875,100,56.25,100,89.0625,100,100,56.25,100,100,100,89.0625,57.8125,59.375,100,15.625,100,100,100,89.0625,100,100,37.5,92.1875,96.875,100,59.375,100,81.25,100,100,100,100,95.3125,62.5,100,100,35.9375,93.75,100,100,28.125,100,70.3125,79.6875,81.25,42.1875,100,42.1875,100,50,100,100,100,84.375,62.5,100,100,100,73.4375,100,76.5625,59.375,90.625,100,100,84.375,100,100,100,92.1875,100,56.25,100,100,100,67.1875,100,100,81.25,100,67.1875,45.3125,100,70.3125,100,81.25,100,46.875,70.3125,100,20.3125,100,26.5625,56.25,100,65.625,70.3125,85.9375,79.6875,100,98.4375,100,57.8125,100,64.0625,73.4375,20.3125,100,100,100,98.4375,68.75,54.6875,100,100,100,100,100,71.875,100,76.5625,100,79.6875,100,78.125,50,100,67.1875,59.375,93.75,100,35.9375,100,84.375,100,100,100,70.3125,53.125,100,100,71.875,65.625,56.25,100,100,78.125,79.6875,84.375,100,100,100,60.9375,100,87.5,32.8125,68.75,87.5,100,100,62.5,100,100,96.875,100,100,100,93.75,100,100,100,48.4375,100,100,100,100,62.5,48.4375,100,100,60.9375,17.1875,100,81.25,100,100,100,78.125,100,29.6875,100,42.1875,100,68.75,71.875,100,89.0625,87.5,100,100,100,100,100,100,100,100,100,62.5,89.0625,10.9375,100,96.875,57.8125,93.75,76.5625,56.25,100,100,90.625,78.125,84.375,100,65.625,100,81.25,96.875,76.5625,100,67.1875,31.25,100,73.4375,34.375,100,78.125,87.5,100,71.875,100,95.3125,100,93.75,100,64.0625,100,81.25,96.875,100,100,78.125,100,62.5,100,100,73.4375,100,100,100,100,78.125,100,71.875,96.875,100,100,100,100,100,89.0625,100,87.5,100,93.75,100,100,100,100,48.4375,95.3125,100,79.6875,76.5625,100,100,81.25,81.25,100,81.25,81.25,100,62.5,100,78.125,96.875,92.1875,68.75,100,100,26.5625,100,100,87.5,100,92.1875,56.25,87.5,100,100,100,76.5625,21.875,100,100,73.4375,100,100,98.4375,100,100,100,76.5625,84.375,48.4375,100,92.1875,100,32.8125,84.375,100,85.9375,100,100,100,100,100,71.875,100,100,93.75,50,100,82.8125,71.875,100,82.8125,100,10.9375,100,100,100,100,100,100,100,75,100,100,100,40.625,100,100,59.375,65.625,100,93.75,100,89.0625,100,98.4375,84.375,78.125,98.4375,54.6875,100,79.6875,100,100,100,100,40.625,65.625,100,100,100,100,100,100,53.125,64.0625,87.5,100,100,73.4375,100,96.875,100,73.4375,75,100,100,100,20.3125,93.75,100,84.375,75,100,75,90.625,100,85.9375,14.0625,100,60.9375,51.5625,57.8125,100,68.75,96.875,100,100,100,60.9375,48.4375,100,95.3125,26.5625,100,100,100,100,100,100,100,100,100,100,100,37.5,98.4375,51.5625,82.8125,76.5625,100,100,21.875,68.75,95.3125,81.25,100,75,45.3125,100,100,67.1875,96.875,43.75,85.9375,100,100,60.9375,89.0625,75,70.3125,100,100,100,100,25,75,100,31.25,100,89.0625,51.5625,100,39.0625,100,100,100,100,60.9375,68.75,100,73.4375,100,100,100,82.8125,100,96.875,75,57.8125,89.0625,70.3125,100,100,78.125,71.875,92.1875,67.1875,62.5,50,100,100,65.625,90.625,68.75,75,62.5,100,100,89.0625,100,100,100,100,100,100,100,73.4375,100,100,100,82.8125,15.625,95.3125,100,85.9375,79.6875,100,100,100,100,85.9375,39.0625,65.625,100,92.1875,59.375,62.5,100,54.6875,100,100,100,89.0625,100,100,100,100,89.0625,64.0625,100,100,100,70.3125,100,42.1875,92.1875,100,100,62.5,84.375,87.5,100,100,92.1875,68.75,70.3125,54.6875,42.1875,100,100,76.5625,60.9375,60.9375,68.75,81.25,89.0625,96.875,100,90.625,100,39.0625,100,87.5,60.9375,100,100,92.1875,100,100,100,82.8125,81.25,100,92.1875,93.75,100,100,100,57.8125,26.5625,28.125,100,100,100,100,78.125,100,100,82.8125,65.625,100,68.75,100,100,100,100,48.4375,98.4375,68.75,45.3125,76.5625,50,93.75,100,100,100,76.5625,100,26.5625,64.0625,34.375,82.8125,100,71.875,73.4375,100,100,67.1875,100,100,100,100,100,100,78.125,100,100,92.1875,100,87.5,100,100,100,100,100,95.3125,100,100,100,51.5625,60.9375,95.3125,98.4375,100,82.8125,84.375,73.4375,100,100,68.75,70.3125,100,100,100,15.625,93.75,78.125,92.1875,98.4375,79.6875,100,100,81.25,64.0625,95.3125,100,92.1875,79.6875,76.5625,100,100,100,100,54.6875,100,100,90.625,100,100,51.5625,56.25,67.1875,100,64.0625,100,100,100,100,100,85.9375,10.9375,98.4375,100,89.0625,37.5,100,79.6875,100,100,100,100,100,84.375,100,100,57.8125,100,71.875,100,92.1875,100,100,100,95.3125,100,93.75,98.4375,37.5,100,46.875,100,100,100,100,73.4375,100,100,100,100,100,50,51.5625,79.6875,100,71.875,100,60.9375,100,100,100,100,93.75,100,100,100,96.875,34.375,100,100,93.75,100,67.1875,100,71.875,70.3125,56.25,56.25,82.8125,100,54.6875,73.4375,100,100,100,98.4375,90.625,100,87.5,87.5,98.4375,84.375,100,100,85.9375,81.25,100,65.625,100,100,100,100,50,54.6875,93.75,100,96.875,100,20.3125,79.6875,100,95.3125,100,100,100,81.25,100,90.625,100,100,87.5,100,100,100,100,96.875,100,100,100,98.4375,100,100,100,59.375,100,50,98.4375,79.6875,96.875,87.5,98.4375,100,100,71.875,85.9375,65.625,100,100,76.5625,100,100,85.9375,70.3125,100,76.5625,100,32.8125,100,100,100,76.5625,56.25,100,84.375,100,100,89.0625,100,40.625,32.8125,89.0625,65.625,100,100,92.1875,100,100,85.9375,100,87.5,25,64.0625,100,56.25,54.6875,100,95.3125,67.1875,100,25,87.5,100,100,100,92.1875,100,39.0625,20.3125,100,100,100,100,98.4375,100,100,100,100,100,12.5,48.4375,100,100,100,76.5625,79.6875,100,60.9375,100,100,76.5625,100,68.75,95.3125,100,100,20.3125,87.5,92.1875,96.875,100,100,100,57.8125,60.9375,100,100,100,46.875,73.4375,100,75,68.75,100,53.125,60.9375,62.5,45.3125,75,100,98.4375,100,95.3125,100,87.5,85.9375,96.875,100,100,100,100,98.4375,100,100,100,100,100,81.25,100,17.1875,85.9375,71.875,100,81.25,54.6875,100,71.875,100,51.5625,75,87.5,100,51.5625,87.5,100,100,100,89.0625,98.4375,78.125,100,82.8125,100,32.8125,100,68.75,78.125,100,100,100,100,85.9375,100,45.3125,100,100,64.0625,68.75,100,21.875,100,59.375,100,100,73.4375,100,57.8125,100,68.75,71.875,98.4375,85.9375,100,100,95.3125,6.25,42.1875,75,84.375,60.9375,76.5625,100,31.25,84.375,100,51.5625,100,79.6875,100,100,100,100,25,81.25,100,100,100,100,31.25,84.375,100,100,100,84.375,65.625,100,54.6875,90.625,28.125,100,75,100,100,48.4375,100,100,100,79.6875,100,39.0625,100,100,100,100,93.75,100,23.4375,100,100,82.8125,100,76.5625,100,100,17.1875,82.8125,23.4375,82.8125,100,100,100,100,100,45.3125,73.4375,100,100,42.1875,90.625,57.8125,100,25,35.9375,100,73.4375,81.25,100,31.25,100,100,100,81.25,90.625,100,45.3125,100,89.0625,100,93.75,45.3125,28.125,100,68.75,100,100,93.75,71.875,100,54.6875,40.625,46.875,100,100,60.9375,89.0625,100,73.4375,85.9375,92.1875,89.0625,48.4375,100,34.375,100,93.75,67.1875,67.1875,100,100,100,100,45.3125,100,100,100,100,70.3125,100,100,100,85.9375,100,32.8125,100,59.375,68.75,100,100,54.6875,100,20.3125,100,51.5625,85.9375,100,71.875,34.375,82.8125,81.25,82.8125,100,89.0625,100,100,100,100,100,84.375,43.75,53.125,100,100,100,100,100,57.8125,100,100,100,85.9375,95.3125,100,95.3125,82.8125,70.3125,100,85.9375,100,100,100,100,100,100,67.1875,100,76.5625,81.25,100,100,85.9375,81.25,100,100,100,67.1875,100,100,64.0625,100,100,18.75,82.8125,79.6875,71.875,100,79.6875,40.625,59.375,67.1875,100,100,100,92.1875,100,32.8125,100,92.1875,100,100,93.75,96.875,95.3125,67.1875,100,100,100,100,54.6875,100,95.3125,17.1875,43.75,100,9.375,100,100,100,96.875,89.0625,100,96.875,100,73.4375,76.5625,100,100,95.3125,100,100,100,73.4375,100,100,96.875,100,100,85.9375,100,100,100,95.3125,100,100,100,81.25,100,100,100,100,100,50,100,84.375,100,56.25,100,100,54.6875,100,67.1875,18.75,78.125,90.625,71.875,75,100,100,100,100,100,100,82.8125,100,93.75,100,56.25,67.1875,100,100,92.1875,100,57.8125,79.6875,100,87.5,57.8125,100,100,100,100,50,100,90.625,100,100,45.3125,93.75,100,100,100,65.625,82.8125,35.9375,70.3125,85.9375,100,100,59.375,100,100,65.625,59.375,100,85.9375,70.3125,89.0625,73.4375,100,92.1875,100,100,92.1875,96.875,23.4375,53.125,82.8125,67.1875,39.0625,100,78.125,100,100,54.6875,73.4375,95.3125,65.625,100,81.25,75,89.0625,60.9375,100,100,100,100,79.6875,75,84.375,82.8125,85.9375,100,100,31.25,60.9375,95.3125,100,81.25,100,78.125,93.75,56.25,59.375,100,100,100,100,95.3125,100,100,92.1875,78.125,64.0625,100,100,64.0625,45.3125,81.25,81.25,54.6875,96.875,100,100,100,28.125,100,90.625,100,39.0625,89.0625,100,85.9375,51.5625,76.5625,100,56.25,40.625,100,81.25,100,100,73.4375,59.375,90.625,90.625,92.1875,100,67.1875,64.0625,78.125,100,90.625,100,100,100,71.875,82.8125,71.875,100,100,87.5,68.75,51.5625,6.25,100,73.4375,51.5625,100,79.6875,45.3125,70.3125,37.5,20.3125,95.3125,54.6875,85.9375,100,100,64.0625,84.375,100,79.6875,82.8125,100,100,56.25,100,100,100,93.75,48.4375,25,100,100,100,76.5625,76.5625,100,65.625,100,100,100,100,100,100,59.375,42.1875,85.9375,100,100,100,100,100,100,100,100,62.5,84.375,90.625,59.375,100,42.1875,100,31.25,100,56.25,70.3125,100,100,67.1875,100,84.375,100,21.875,100,100,92.1875,96.875,92.1875,95.3125,100,100,100,76.5625,81.25,87.5,100,100,100,31.25,82.8125,100,100,57.8125,100,100,100,100,48.4375,68.75,100,89.0625,100,100,92.1875,98.4375,81.25,65.625,84.375,92.1875,100,60.9375,98.4375,100,23.4375,73.4375,82.8125,23.4375,82.8125,100,100,100,100,100,100,100,100,75,62.5,93.75,43.75,29.6875,64.0625,100,26.5625,100,100,51.5625,57.8125,100,100,48.4375,100,71.875,90.625,100,100,100,79.6875,93.75,81.25,100,81.25,100,32.8125,100,100,81.25,53.125,31.25,100,95.3125,100,98.4375,100,100,82.8125,62.5,100,59.375,73.4375,100,81.25,76.5625,100,100,100,100,100,98.4375,100,100,100,100,100,70.3125,84.375,81.25,59.375,100,100,70.3125,100,100,62.5,100,100,90.625,100,100,85.9375,100,57.8125,68.75,84.375,100,56.25,78.125,71.875,100,100,100,100,90.625,92.1875,78.125,100,75,100,82.8125,100,64.0625,100,28.125,100,56.25,100,100,37.5,82.8125,100,100,82.8125,100,100,100,100,100,100,100,100,100,100,68.75,62.5,51.5625,32.8125,100,92.1875,100,54.6875,100,100,100,59.375,100,100,81.25,100,100,60.9375,100,100,60.9375,100,100,81.25,100,73.4375,100,100,100,100,90.625,100,53.125,100,100,100,48.4375,100,90.625,57.8125,62.5,100,100,68.75,100,81.25,26.5625,53.125,100,100,37.5,10.9375,100,71.875,100,100,100,75,100,78.125,100,100,100,100,37.5,54.6875,100,92.1875,82.8125,96.875,100,100,28.125,78.125,64.0625,79.6875,100,100,81.25,100,100,100,100,90.625,87.5,100,89.0625,56.25,93.75,92.1875,89.0625,100,93.75,95.3125,100,100,100,81.25,100,78.125,79.6875,100,100,96.875,100,100,89.0625,68.75,54.6875,90.625,17.1875,51.5625,100,100,100,45.3125,21.875,100,100,100,100,82.8125,78.125,95.3125,81.25,100,100,100,65.625,100,98.4375,100,48.4375,100,57.8125,56.25,73.4375,78.125,81.25,100,73.4375,54.6875,100,100,100,100,48.4375,45.3125,100,100,48.4375,100,100,68.75,39.0625,100,100,62.5,93.75,68.75,100,100,73.4375,100,100,76.5625,100,100,48.4375,46.875,73.4375,42.1875,100,100,71.875,71.875,100,93.75,100,100,100,85.9375,100,90.625,93.75,100,100,100,75,54.6875,100,60.9375,100,73.4375,100,56.25,89.0625,100,100,79.6875,100,35.9375,43.75,54.6875,100,62.5,100,100,100,89.0625,92.1875,85.9375,100,62.5,56.25,37.5,100,100,100,100,84.375,78.125,96.875,82.8125,100,78.125,95.3125,67.1875,100,75,100,29.6875,84.375,98.4375,18.75,96.875,81.25,100,53.125,31.25,100,62.5,100,100,57.8125,100,100,57.8125,90.625,70.3125,100,62.5,100,81.25,81.25,100,100,98.4375,100,76.5625,100,100,90.625,100,100,64.0625,87.5,100,100,21.875,100,34.375,100,75,43.75,100,45.3125,100,84.375,87.5,100,51.5625,14.0625,87.5,100,17.1875,70.3125,100,100,87.5,100,76.5625,100,20.3125,100,67.1875,100,70.3125,100,87.5,50,54.6875,100,100,48.4375,67.1875,100,90.625,100,100,100,23.4375,100,46.875,100,100,100,85.9375,100,45.3125,96.875,100,95.3125,92.1875,46.875,59.375,53.125,100,100,100,100,100,95.3125,100,76.5625,100,100,100,100,100,87.5,81.25,100,98.4375,100,100,100,100,100,70.3125,78.125,100,82.8125,100,100,100,76.5625,67.1875,100,1.5625,100,100,26.5625,100,89.0625,100,100,100,87.5,100,23.4375,18.75,84.375,100,100,100,100,100,82.8125,75,15.625,73.4375,100,59.375,100,62.5,57.8125,100,100,75,100,43.75,64.0625,100,100,68.75,100,100,57.8125,100,100,73.4375,100,100,100,89.0625,100,57.8125,28.125,100,100,96.875,100,100,68.75,62.5,100,81.25,70.3125,70.3125,75,100,100,75,100,81.25,100,76.5625,59.375,100,73.4375,100,96.875,79.6875,100,43.75,59.375,100,100,96.875,75,100,100,57.8125,100,98.4375,26.5625,68.75,100,100,65.625,85.9375,64.0625,100,31.25,64.0625,39.0625,92.1875,100,100,53.125,100,59.375,39.0625,10.9375,73.4375,100,100,100,10.9375,57.8125,100,54.6875,82.8125,100,54.6875,100,50,100,56.25,96.875,68.75,100,100,59.375,100,100,100,100,100,100
"6149",90.625,100,39.0625,100,92.1875,75,95.3125,70.3125,40.625,48.4375,70.3125,100,100,100,95.3125,78.125,100,78.125,92.1875,100,96.875,98.4375,100,100,70.3125,100,100,79.6875,87.5,100,100,100,100,85.9375,100,100,100,100,100,100,92.1875,9.375,82.8125,100,100,100,100,100,65.625,82.8125,75,100,100,71.875,70.3125,100,14.0625,100,79.6875,40.625,90.625,100,98.4375,100,100,100,42.1875,100,78.125,100,57.8125,68.75,100,100,62.5,93.75,100,100,54.6875,100,76.5625,100,60.9375,71.875,87.5,60.9375,100,26.5625,100,100,56.25,81.25,100,46.875,82.8125,60.9375,100,62.5,100,100,92.1875,98.4375,100,70.3125,14.0625,35.9375,87.5,100,85.9375,100,79.6875,68.75,100,92.1875,40.625,100,100,100,100,100,67.1875,100,100,45.3125,95.3125,37.5,100,18.75,100,100,100,100,100,62.5,100,64.0625,100,79.6875,100,96.875,100,100,46.875,64.0625,100,100,92.1875,100,60.9375,81.25,60.9375,23.4375,79.6875,93.75,98.4375,84.375,76.5625,100,100,100,100,100,76.5625,100,89.0625,71.875,21.875,90.625,51.5625,100,78.125,85.9375,100,100,29.6875,89.0625,85.9375,100,100,100,100,34.375,100,100,98.4375,100,51.5625,95.3125,48.4375,84.375,76.5625,100,87.5,100,100,100,93.75,62.5,100,73.4375,37.5,15.625,96.875,100,100,100,100,100,75,70.3125,70.3125,100,70.3125,100,87.5,78.125,68.75,93.75,100,96.875,68.75,73.4375,100,100,100,57.8125,100,100,70.3125,100,100,79.6875,100,100,100,100,60.9375,62.5,100,100,100,100,100,100,100,29.6875,93.75,90.625,100,100,100,76.5625,84.375,96.875,100,92.1875,100,59.375,100,100,100,98.4375,34.375,92.1875,57.8125,100,100,10.9375,59.375,46.875,43.75,100,100,100,100,75,25,100,67.1875,100,85.9375,48.4375,75,100,100,96.875,56.25,98.4375,100,85.9375,85.9375,100,92.1875,56.25,100,100,98.4375,84.375,67.1875,75,46.875,100,100,100,100,81.25,100,14.0625,68.75,100,100,100,54.6875,100,100,96.875,100,100,39.0625,57.8125,89.0625,100,50,100,68.75,64.0625,100,96.875,100,95.3125,87.5,100,76.5625,96.875,100,37.5,100,87.5,100,100,100,82.8125,39.0625,51.5625,100,68.75,37.5,100,37.5,71.875,100,75,100,100,70.3125,100,67.1875,56.25,56.25,84.375,90.625,85.9375,100,100,84.375,51.5625,29.6875,100,98.4375,100,100,100,93.75,43.75,85.9375,100,89.0625,67.1875,84.375,67.1875,84.375,79.6875,100,100,100,100,100,100,71.875,93.75,100,100,100,100,100,57.8125,100,76.5625,70.3125,32.8125,29.6875,100,100,100,100,95.3125,59.375,84.375,68.75,87.5,87.5,96.875,84.375,71.875,100,100,32.8125,51.5625,100,76.5625,60.9375,87.5,100,100,100,32.8125,39.0625,100,95.3125,100,82.8125,100,82.8125,100,100,65.625,59.375,100,100,100,100,92.1875,87.5,70.3125,100,100,100,96.875,84.375,90.625,90.625,100,100,100,82.8125,71.875,100,75,100,100,76.5625,73.4375,79.6875,92.1875,31.25,65.625,100,84.375,100,79.6875,62.5,65.625,84.375,100,100,67.1875,100,100,100,48.4375,73.4375,100,100,59.375,82.8125,100,51.5625,100,62.5,75,100,15.625,78.125,100,64.0625,100,100,100,57.8125,64.0625,78.125,100,100,100,90.625,71.875,100,84.375,100,100,65.625,64.0625,68.75,100,100,76.5625,100,100,100,100,100,100,81.25,60.9375,31.25,93.75,100,93.75,48.4375,100,39.0625,100,98.4375,100,85.9375,71.875,100,79.6875,82.8125,96.875,82.8125,56.25,100,35.9375,48.4375,100,85.9375,100,100,70.3125,62.5,100,100,37.5,96.875,46.875,78.125,100,76.5625,93.75,98.4375,71.875,100,56.25,100,93.75,31.25,100,100,100,78.125,100,70.3125,29.6875,37.5,73.4375,100,71.875,87.5,100,64.0625,93.75,100,100,45.3125,100,100,81.25,100,65.625,100,50,100,100,100,100,62.5,81.25,81.25,100,78.125,100,100,79.6875,53.125,100,92.1875,26.5625,98.4375,100,100,100,75,100,25,100,100,100,100,100,100,100,100,87.5,100,68.75,100,100,100,75,100,93.75,100,62.5,100,100,100,100,64.0625,100,100,100,60.9375,96.875,73.4375,82.8125,82.8125,100,100,100,100,93.75,92.1875,100,42.1875,4.6875,82.8125,53.125,28.125,100,100,100,100,100,100,85.9375,100,85.9375,50,59.375,45.3125,46.875,76.5625,68.75,75,100,92.1875,100,78.125,87.5,42.1875,92.1875,95.3125,50,84.375,100,87.5,100,100,100,100,78.125,95.3125,45.3125,68.75,100,100,81.25,60.9375,62.5,46.875,100,59.375,100,100,100,100,100,100,60.9375,100,100,90.625,82.8125,100,100,67.1875,100,100,100,65.625,100,100,100,12.5,100,100,100,100,100,76.5625,59.375,100,100,100,84.375,100,100,100,100,100,100,68.75,100,82.8125,100,54.6875,100,100,35.9375,87.5,100,78.125,40.625,67.1875,100,100,84.375,81.25,100,100,100,100,100,67.1875,79.6875,100,100,100,50,43.75,73.4375,78.125,4.6875,100,100,100,43.75,40.625,9.375,84.375,100,100,71.875,100,100,79.6875,100,100,100,60.9375,100,59.375,48.4375,68.75,100,59.375,100,100,100,100,56.25,90.625,87.5,100,90.625,100,100,100,14.0625,100,100,100,89.0625,100,100,42.1875,92.1875,100,100,53.125,100,59.375,100,100,100,100,93.75,62.5,100,100,32.8125,56.25,100,100,28.125,100,68.75,82.8125,79.6875,43.75,100,62.5,100,79.6875,100,100,100,84.375,60.9375,100,100,100,73.4375,100,76.5625,50,56.25,100,100,79.6875,100,93.75,100,92.1875,100,54.6875,100,100,100,64.0625,100,100,39.0625,100,68.75,39.0625,100,68.75,100,84.375,100,50,78.125,100,18.75,100,96.875,59.375,95.3125,62.5,85.9375,78.125,76.5625,100,98.4375,98.4375,57.8125,100,62.5,71.875,23.4375,100,100,100,98.4375,100,71.875,100,100,100,100,100,76.5625,100,76.5625,100,78.125,92.1875,68.75,51.5625,100,56.25,57.8125,85.9375,100,35.9375,100,84.375,100,92.1875,100,70.3125,64.0625,89.0625,100,70.3125,78.125,100,100,65.625,79.6875,53.125,90.625,100,100,100,51.5625,93.75,82.8125,34.375,100,100,100,100,59.375,100,100,100,100,100,95.3125,92.1875,100,100,100,40.625,100,100,100,100,70.3125,57.8125,59.375,100,60.9375,29.6875,100,81.25,100,100,100,70.3125,100,29.6875,100,45.3125,81.25,75,70.3125,100,89.0625,84.375,100,100,100,100,100,100,100,100,100,57.8125,89.0625,100,100,93.75,57.8125,93.75,65.625,73.4375,100,100,100,100,84.375,100,60.9375,100,81.25,100,100,100,78.125,100,100,73.4375,32.8125,100,93.75,87.5,100,71.875,100,95.3125,100,100,100,100,100,81.25,95.3125,100,100,76.5625,100,60.9375,100,100,82.8125,100,100,100,100,78.125,100,82.8125,98.4375,29.6875,43.75,100,100,100,90.625,100,89.0625,96.875,92.1875,100,100,98.4375,100,42.1875,95.3125,100,82.8125,23.4375,100,93.75,75,64.0625,100,84.375,100,100,75,100,70.3125,95.3125,100,62.5,100,100,26.5625,100,100,73.4375,84.375,92.1875,45.3125,85.9375,100,100,100,73.4375,17.1875,100,100,62.5,100,100,100,100,100,100,81.25,90.625,64.0625,48.4375,90.625,96.875,25,84.375,100,78.125,100,100,100,100,100,75,100,100,93.75,60.9375,100,82.8125,71.875,100,82.8125,100,28.125,100,100,100,100,100,100,100,92.1875,100,100,100,53.125,100,100,59.375,65.625,100,93.75,100,87.5,100,93.75,70.3125,76.5625,93.75,100,100,100,100,100,82.8125,100,40.625,65.625,100,96.875,100,100,100,100,39.0625,56.25,93.75,100,100,54.6875,62.5,96.875,100,71.875,75,100,100,98.4375,73.4375,93.75,92.1875,84.375,73.4375,100,98.4375,100,100,43.75,31.25,100,85.9375,51.5625,79.6875,100,70.3125,39.0625,100,100,100,84.375,51.5625,100,93.75,28.125,87.5,100,100,100,100,100,100,100,100,100,84.375,54.6875,100,54.6875,100,76.5625,100,93.75,100,70.3125,95.3125,75,100,100,45.3125,100,100,53.125,100,85.9375,78.125,100,100,54.6875,95.3125,75,53.125,100,100,100,100,26.5625,75,100,100,100,89.0625,45.3125,34.375,39.0625,100,100,100,100,65.625,67.1875,100,71.875,100,95.3125,100,82.8125,100,98.4375,76.5625,60.9375,89.0625,68.75,100,100,79.6875,71.875,92.1875,67.1875,62.5,50,100,100,65.625,93.75,90.625,82.8125,62.5,100,43.75,95.3125,100,100,100,100,100,100,100,75,100,100,100,82.8125,17.1875,90.625,100,87.5,87.5,100,100,70.3125,100,92.1875,100,87.5,100,95.3125,100,62.5,100,53.125,100,100,100,89.0625,100,100,100,100,89.0625,46.875,100,100,100,73.4375,100,43.75,100,100,100,59.375,82.8125,78.125,100,100,84.375,59.375,68.75,53.125,46.875,100,100,75,59.375,60.9375,51.5625,81.25,89.0625,95.3125,100,90.625,100,51.5625,100,93.75,54.6875,100,100,89.0625,100,100,100,85.9375,92.1875,100,76.5625,53.125,100,75,100,73.4375,26.5625,28.125,100,100,100,100,78.125,100,100,81.25,75,100,64.0625,100,100,29.6875,50,68.75,100,70.3125,50,81.25,53.125,93.75,100,100,96.875,78.125,25,100,67.1875,34.375,82.8125,100,71.875,71.875,35.9375,100,67.1875,100,62.5,100,100,100,100,73.4375,100,100,92.1875,100,87.5,100,100,100,100,100,95.3125,100,100,100,100,65.625,67.1875,100,100,82.8125,84.375,81.25,100,100,70.3125,70.3125,100,92.1875,100,73.4375,100,78.125,100,98.4375,82.8125,100,100,100,57.8125,100,100,90.625,68.75,78.125,100,100,87.5,100,100,100,100,100,100,100,50,59.375,70.3125,100,73.4375,100,100,100,100,100,100,50,100,100,90.625,84.375,100,85.9375,100,100,100,100,100,95.3125,100,100,64.0625,100,71.875,100,89.0625,100,100,100,90.625,81.25,100,98.4375,34.375,100,46.875,100,89.0625,100,100,67.1875,92.1875,100,100,100,100,59.375,100,75,100,67.1875,100,79.6875,100,100,100,100,98.4375,100,100,100,98.4375,57.8125,100,39.0625,89.0625,100,56.25,100,64.0625,70.3125,59.375,100,35.9375,93.75,79.6875,71.875,100,100,100,100,90.625,100,87.5,87.5,89.0625,53.125,100,100,85.9375,23.4375,68.75,71.875,100,100,100,100,50,53.125,82.8125,100,79.6875,100,34.375,85.9375,100,95.3125,100,100,84.375,79.6875,100,81.25,100,100,85.9375,100,100,100,100,85.9375,100,100,75,100,100,100,100,59.375,100,100,98.4375,82.8125,100,98.4375,100,100,84.375,71.875,100,71.875,100,100,64.0625,100,100,92.1875,68.75,100,85.9375,100,39.0625,100,100,100,71.875,54.6875,100,89.0625,100,100,89.0625,100,57.8125,85.9375,79.6875,64.0625,100,100,92.1875,100,100,54.6875,100,100,23.4375,62.5,100,56.25,51.5625,100,95.3125,73.4375,100,26.5625,87.5,100,100,100,92.1875,100,37.5,18.75,100,100,100,100,100,100,100,100,100,100,12.5,100,100,100,100,81.25,82.8125,100,37.5,100,100,84.375,100,60.9375,98.4375,100,100,20.3125,59.375,92.1875,85.9375,100,100,100,59.375,42.1875,100,100,100,50,75,100,75,70.3125,100,53.125,59.375,62.5,73.4375,39.0625,100,95.3125,100,100,100,78.125,92.1875,100,100,100,100,89.0625,100,100,100,100,100,100,90.625,100,28.125,84.375,100,100,100,60.9375,100,68.75,100,51.5625,57.8125,100,100,46.875,89.0625,100,29.6875,100,92.1875,100,76.5625,100,82.8125,100,35.9375,100,68.75,84.375,100,100,100,81.25,85.9375,100,53.125,100,100,64.0625,68.75,100,18.75,100,57.8125,100,100,76.5625,100,100,100,68.75,60.9375,100,85.9375,100,100,95.3125,3.125,81.25,81.25,68.75,60.9375,76.5625,100,62.5,84.375,100,45.3125,100,73.4375,100,100,100,100,23.4375,81.25,96.875,92.1875,100,56.25,32.8125,98.4375,100,62.5,100,82.8125,65.625,100,59.375,81.25,100,100,75,96.875,23.4375,56.25,100,100,18.75,81.25,100,67.1875,100,100,100,100,93.75,100,40.625,100,100,84.375,100,70.3125,100,87.5,76.5625,82.8125,100,84.375,64.0625,100,62.5,100,84.375,43.75,100,68.75,100,43.75,100,100,100,37.5,35.9375,100,68.75,78.125,100,31.25,92.1875,100,100,78.125,100,98.4375,87.5,100,100,100,92.1875,59.375,26.5625,100,70.3125,100,100,92.1875,68.75,35.9375,54.6875,40.625,100,100,18.75,60.9375,89.0625,100,73.4375,85.9375,95.3125,85.9375,42.1875,100,32.8125,100,93.75,59.375,100,100,100,18.75,100,45.3125,100,100,100,100,92.1875,100,100,100,100,100,21.875,100,59.375,60.9375,100,100,54.6875,100,18.75,100,65.625,84.375,100,79.6875,100,68.75,78.125,82.8125,100,90.625,100,100,100,100,100,84.375,42.1875,53.125,100,100,100,100,100,48.4375,95.3125,100,100,84.375,98.4375,100,93.75,87.5,82.8125,100,100,100,100,100,100,100,100,65.625,100,76.5625,85.9375,100,100,100,89.0625,54.6875,100,100,67.1875,100,100,62.5,100,100,100,87.5,79.6875,75,100,68.75,45.3125,59.375,73.4375,100,100,100,100,100,34.375,100,95.3125,100,100,93.75,95.3125,100,67.1875,96.875,95.3125,100,100,53.125,100,70.3125,4.6875,43.75,100,56.25,100,100,59.375,93.75,90.625,100,98.4375,100,75,78.125,100,100,10.9375,100,100,100,73.4375,100,100,87.5,100,100,85.9375,100,100,100,100,100,100,79.6875,79.6875,100,96.875,84.375,100,100,43.75,100,85.9375,100,60.9375,100,100,54.6875,100,70.3125,100,76.5625,89.0625,71.875,75,100,100,100,100,100,100,84.375,100,100,100,59.375,67.1875,82.8125,100,90.625,100,62.5,81.25,100,87.5,57.8125,100,100,100,100,50,100,89.0625,100,51.5625,51.5625,73.4375,100,100,70.3125,65.625,60.9375,25,90.625,93.75,100,100,60.9375,100,100,67.1875,59.375,42.1875,85.9375,81.25,87.5,65.625,100,92.1875,100,100,87.5,96.875,40.625,54.6875,75,70.3125,39.0625,100,78.125,100,100,56.25,68.75,100,62.5,100,87.5,75,87.5,62.5,100,100,100,100,100,71.875,84.375,89.0625,75,40.625,100,35.9375,56.25,93.75,100,78.125,93.75,100,98.4375,57.8125,62.5,100,100,100,100,95.3125,100,100,85.9375,82.8125,64.0625,100,100,62.5,54.6875,76.5625,95.3125,100,100,85.9375,100,100,35.9375,100,100,100,100,78.125,100,87.5,48.4375,60.9375,100,45.3125,40.625,71.875,81.25,100,100,71.875,57.8125,100,98.4375,73.4375,100,68.75,67.1875,78.125,100,100,100,100,100,100,81.25,95.3125,98.4375,100,87.5,64.0625,51.5625,6.25,100,73.4375,48.4375,100,57.8125,34.375,78.125,60.9375,20.3125,93.75,54.6875,85.9375,100,100,53.125,81.25,84.375,100,82.8125,100,100,100,100,100,95.3125,93.75,37.5,31.25,90.625,100,100,81.25,62.5,68.75,64.0625,98.4375,100,100,78.125,100,100,56.25,42.1875,90.625,70.3125,100,100,100,100,100,100,100,32.8125,57.8125,96.875,53.125,100,65.625,100,32.8125,100,59.375,100,100,100,100,100,87.5,93.75,84.375,100,100,92.1875,92.1875,84.375,85.9375,100,100,100,70.3125,56.25,75,100,100,100,29.6875,78.125,100,100,100,100,100,89.0625,100,39.0625,68.75,100,89.0625,100,100,79.6875,100,68.75,67.1875,87.5,100,100,100,100,100,100,68.75,89.0625,42.1875,84.375,100,100,100,75,100,100,100,100,56.25,82.8125,100,64.0625,76.5625,64.0625,100,25,100,100,100,54.6875,100,100,54.6875,93.75,93.75,90.625,100,100,100,84.375,76.5625,78.125,100,81.25,100,34.375,100,100,73.4375,50,85.9375,100,100,100,98.4375,100,100,79.6875,65.625,100,59.375,78.125,100,100,79.6875,100,100,100,100,100,98.4375,100,100,100,100,79.6875,68.75,65.625,75,59.375,100,100,64.0625,100,95.3125,62.5,100,100,79.6875,100,100,87.5,100,56.25,70.3125,29.6875,100,54.6875,78.125,35.9375,100,100,85.9375,100,90.625,92.1875,100,100,73.4375,100,78.125,100,59.375,100,56.25,100,56.25,100,100,68.75,92.1875,100,100,84.375,54.6875,95.3125,100,65.625,100,100,100,100,100,100,75,48.4375,100,37.5,100,92.1875,100,54.6875,100,100,56.25,59.375,100,100,100,100,32.8125,59.375,100,100,50,100,100,35.9375,100,75,100,100,100,100,92.1875,100,50,100,100,100,53.125,100,90.625,51.5625,62.5,100,100,54.6875,100,81.25,100,50,100,100,35.9375,10.9375,100,70.3125,100,100,100,75,81.25,71.875,100,65.625,100,100,39.0625,53.125,100,68.75,81.25,93.75,100,100,57.8125,100,64.0625,48.4375,100,100,79.6875,100,100,100,100,85.9375,85.9375,100,87.5,34.375,79.6875,92.1875,87.5,100,92.1875,98.4375,100,100,100,68.75,92.1875,78.125,100,100,100,96.875,100,100,95.3125,68.75,100,87.5,20.3125,45.3125,100,100,31.25,46.875,100,100,100,100,100,87.5,79.6875,35.9375,82.8125,18.75,87.5,100,68.75,100,82.8125,75,48.4375,100,59.375,100,92.1875,79.6875,79.6875,100,70.3125,54.6875,100,100,100,100,42.1875,43.75,100,46.875,50,100,100,87.5,39.0625,100,100,57.8125,90.625,75,100,98.4375,96.875,92.1875,100,100,100,100,46.875,100,73.4375,45.3125,100,100,76.5625,93.75,100,98.4375,100,100,100,87.5,100,92.1875,90.625,82.8125,100,100,60.9375,60.9375,100,57.8125,100,62.5,100,100,87.5,100,100,85.9375,100,35.9375,76.5625,51.5625,84.375,59.375,100,100,71.875,89.0625,100,100,100,65.625,57.8125,35.9375,100,100,100,100,100,79.6875,100,90.625,100,67.1875,87.5,71.875,100,84.375,32.8125,84.375,84.375,84.375,42.1875,95.3125,81.25,100,53.125,35.9375,100,53.125,90.625,100,57.8125,100,78.125,59.375,67.1875,70.3125,100,51.5625,68.75,76.5625,85.9375,100,100,79.6875,100,71.875,100,100,90.625,100,100,68.75,84.375,100,100,21.875,100,35.9375,100,100,45.3125,100,45.3125,100,81.25,85.9375,75,46.875,60.9375,84.375,93.75,18.75,84.375,100,100,60.9375,100,75,93.75,18.75,100,62.5,100,100,100,92.1875,100,51.5625,100,100,50,68.75,100,100,59.375,100,100,35.9375,100,48.4375,100,100,100,82.8125,100,59.375,53.125,100,93.75,92.1875,46.875,57.8125,53.125,100,100,100,78.125,100,100,100,75,76.5625,100,100,100,100,25,84.375,100,98.4375,100,100,100,96.875,100,67.1875,81.25,100,26.5625,100,100,100,100,31.25,100,1.5625,100,100,28.125,32.8125,73.4375,100,54.6875,100,100,100,31.25,70.3125,85.9375,100,100,100,100,100,84.375,100,100,100,100,59.375,100,64.0625,100,100,89.0625,75,100,45.3125,65.625,100,100,42.1875,100,100,78.125,100,100,78.125,100,100,100,89.0625,95.3125,84.375,28.125,100,64.0625,96.875,100,35.9375,100,62.5,100,67.1875,70.3125,70.3125,67.1875,100,100,100,100,75,100,100,59.375,100,68.75,100,100,70.3125,100,34.375,65.625,100,100,96.875,78.125,100,100,59.375,100,100,32.8125,65.625,100,100,53.125,84.375,100,96.875,32.8125,68.75,12.5,23.4375,100,100,100,100,59.375,39.0625,100,79.6875,100,100,100,48.4375,65.625,100,54.6875,79.6875,100,53.125,67.1875,62.5,84.375,62.5,89.0625,100,100,59.375,60.9375,100,100,98.4375,100,90.625,100
"6150",89.0625,100,37.5,100,67.1875,68.75,95.3125,78.125,67.1875,50,87.5,100,100,100,100,59.375,100,76.5625,100,100,95.3125,96.875,100,100,76.5625,100,100,95.3125,89.0625,100,100,100,100,96.875,100,100,84.375,100,100,100,92.1875,9.375,87.5,100,100,62.5,96.875,100,68.75,81.25,73.4375,100,100,71.875,71.875,100,14.0625,100,100,45.3125,90.625,100,98.4375,96.875,100,100,39.0625,100,57.8125,100,56.25,70.3125,100,85.9375,57.8125,96.875,100,100,48.4375,100,78.125,100,78.125,70.3125,76.5625,100,100,28.125,100,100,56.25,81.25,100,46.875,100,95.3125,18.75,64.0625,100,100,93.75,100,100,70.3125,35.9375,35.9375,87.5,81.25,85.9375,100,89.0625,71.875,100,100,53.125,100,100,100,100,100,79.6875,100,100,26.5625,90.625,40.625,100,18.75,100,100,87.5,100,100,100,100,65.625,84.375,78.125,9.375,95.3125,100,92.1875,43.75,46.875,100,100,95.3125,100,60.9375,81.25,59.375,45.3125,79.6875,92.1875,95.3125,85.9375,75,100,100,100,100,100,75,100,90.625,71.875,100,87.5,45.3125,100,82.8125,78.125,100,100,100,100,84.375,100,100,100,100,45.3125,100,100,100,100,51.5625,100,87.5,82.8125,100,60.9375,87.5,100,96.875,100,100,84.375,100,100,35.9375,26.5625,96.875,100,100,100,100,100,73.4375,100,68.75,100,31.25,100,82.8125,78.125,60.9375,51.5625,100,100,100,70.3125,40.625,100,100,57.8125,100,100,75,100,100,79.6875,26.5625,100,100,100,60.9375,84.375,96.875,100,100,100,100,100,100,26.5625,100,89.0625,100,100,100,76.5625,81.25,93.75,100,92.1875,100,57.8125,100,100,100,96.875,32.8125,100,62.5,96.875,100,15.625,100,100,45.3125,95.3125,100,100,100,64.0625,32.8125,96.875,79.6875,100,85.9375,42.1875,100,100,100,100,53.125,100,100,75,82.8125,100,84.375,56.25,100,100,100,82.8125,65.625,75,46.875,100,100,95.3125,100,82.8125,78.125,9.375,78.125,12.5,100,100,50,100,100,95.3125,100,84.375,42.1875,62.5,89.0625,100,54.6875,100,75,59.375,96.875,96.875,100,100,85.9375,100,75,100,100,40.625,100,89.0625,93.75,100,67.1875,84.375,39.0625,50,68.75,68.75,28.125,100,93.75,75,100,76.5625,100,100,70.3125,100,71.875,51.5625,50,100,90.625,78.125,100,100,56.25,53.125,28.125,96.875,98.4375,100,100,100,93.75,75,60.9375,100,93.75,60.9375,85.9375,100,76.5625,82.8125,100,100,100,67.1875,100,100,71.875,92.1875,100,89.0625,100,100,100,81.25,100,64.0625,45.3125,50,100,100,100,15.625,100,79.6875,57.8125,79.6875,67.1875,79.6875,81.25,96.875,96.875,93.75,100,95.3125,37.5,50,100,76.5625,26.5625,87.5,57.8125,100,98.4375,46.875,57.8125,100,92.1875,100,82.8125,100,84.375,100,100,67.1875,60.9375,100,100,100,100,93.75,87.5,62.5,95.3125,100,100,100,85.9375,90.625,92.1875,100,100,100,84.375,71.875,100,79.6875,100,100,76.5625,73.4375,73.4375,100,60.9375,57.8125,100,96.875,100,100,79.6875,67.1875,67.1875,100,100,67.1875,100,100,100,56.25,71.875,100,100,67.1875,82.8125,100,48.4375,100,67.1875,73.4375,100,17.1875,78.125,100,65.625,100,100,100,64.0625,64.0625,40.625,100,100,100,87.5,78.125,100,82.8125,100,100,62.5,65.625,68.75,100,100,53.125,100,100,100,100,100,100,100,60.9375,32.8125,95.3125,100,100,46.875,100,39.0625,100,96.875,100,84.375,71.875,100,79.6875,84.375,96.875,81.25,65.625,100,35.9375,53.125,100,85.9375,100,100,70.3125,100,100,100,62.5,100,43.75,79.6875,100,73.4375,92.1875,100,71.875,100,62.5,95.3125,100,39.0625,100,100,100,60.9375,48.4375,73.4375,100,34.375,90.625,100,73.4375,100,100,65.625,90.625,98.4375,100,46.875,100,75,81.25,100,64.0625,100,60.9375,100,100,100,100,7.8125,100,51.5625,96.875,100,100,100,82.8125,42.1875,100,57.8125,15.625,100,81.25,100,100,75,100,18.75,100,73.4375,87.5,100,100,100,100,85.9375,87.5,79.6875,78.125,90.625,100,100,89.0625,100,71.875,100,100,100,65.625,100,85.9375,100,100,100,85.9375,60.9375,96.875,73.4375,82.8125,87.5,100,100,100,50,93.75,90.625,100,42.1875,6.25,85.9375,54.6875,28.125,100,100,100,100,100,100,85.9375,100,84.375,45.3125,59.375,50,46.875,73.4375,67.1875,75,87.5,90.625,82.8125,62.5,82.8125,40.625,92.1875,95.3125,46.875,81.25,100,100,100,100,100,100,76.5625,56.25,45.3125,68.75,100,25,89.0625,54.6875,54.6875,46.875,100,45.3125,100,100,100,100,100,100,59.375,100,100,90.625,84.375,100,100,71.875,100,100,100,64.0625,100,100,100,78.125,100,100,100,100,100,75,57.8125,100,100,100,98.4375,100,100,100,100,100,100,68.75,100,85.9375,100,60.9375,100,100,34.375,89.0625,100,64.0625,43.75,65.625,100,100,68.75,100,100,81.25,100,56.25,100,65.625,87.5,42.1875,100,100,48.4375,96.875,76.5625,68.75,21.875,100,100,100,43.75,100,9.375,84.375,100,98.4375,95.3125,100,100,95.3125,100,100,100,78.125,100,56.25,45.3125,81.25,100,75,100,100,100,100,57.8125,89.0625,100,100,62.5,62.5,100,100,20.3125,100,100,100,89.0625,100,100,40.625,95.3125,65.625,100,53.125,100,50,100,100,100,100,96.875,62.5,100,100,34.375,82.8125,100,100,42.1875,100,68.75,79.6875,87.5,42.1875,100,82.8125,100,67.1875,100,100,100,82.8125,64.0625,100,100,100,70.3125,100,76.5625,54.6875,65.625,100,100,84.375,100,82.8125,100,90.625,100,54.6875,100,100,100,60.9375,100,100,79.6875,100,68.75,40.625,100,64.0625,100,76.5625,82.8125,43.75,76.5625,100,39.0625,100,64.0625,54.6875,100,71.875,50,62.5,76.5625,100,98.4375,98.4375,57.8125,100,100,71.875,23.4375,100,100,100,98.4375,78.125,54.6875,100,100,100,100,100,70.3125,100,84.375,100,79.6875,100,71.875,50,100,65.625,59.375,92.1875,31.25,35.9375,100,81.25,100,87.5,96.875,70.3125,57.8125,98.4375,100,71.875,100,59.375,100,85.9375,81.25,79.6875,85.9375,98.4375,100,67.1875,54.6875,93.75,90.625,34.375,65.625,100,100,100,64.0625,100,100,100,100,100,100,92.1875,96.875,100,100,64.0625,100,100,100,100,57.8125,10.9375,100,100,59.375,46.875,100,90.625,100,100,64.0625,75,100,29.6875,100,25,100,70.3125,70.3125,100,89.0625,57.8125,100,100,100,100,100,100,100,100,100,59.375,89.0625,100,100,93.75,62.5,95.3125,60.9375,57.8125,100,100,100,100,84.375,100,70.3125,15.625,79.6875,95.3125,100,53.125,51.5625,98.4375,100,84.375,32.8125,100,84.375,84.375,100,76.5625,100,96.875,100,100,100,100,100,82.8125,100,100,100,76.5625,100,43.75,100,100,59.375,100,100,100,100,73.4375,100,81.25,71.875,100,100,100,100,100,85.9375,100,89.0625,50,92.1875,100,100,100,100,43.75,96.875,100,84.375,42.1875,100,98.4375,70.3125,76.5625,100,84.375,100,100,73.4375,100,90.625,98.4375,100,100,100,100,28.125,100,100,81.25,95.3125,100,56.25,79.6875,100,100,100,82.8125,18.75,100,100,68.75,100,100,100,100,100,100,100,68.75,64.0625,100,90.625,96.875,23.4375,87.5,100,84.375,92.1875,100,100,100,100,76.5625,100,100,93.75,48.4375,100,82.8125,100,29.6875,82.8125,100,67.1875,100,100,100,100,100,100,23.4375,75,100,100,100,53.125,100,100,60.9375,65.625,100,93.75,100,89.0625,100,98.4375,79.6875,76.5625,96.875,100,100,78.125,100,100,100,100,45.3125,65.625,100,100,100,100,100,100,48.4375,71.875,92.1875,100,100,62.5,100,96.875,100,82.8125,75,100,100,100,85.9375,95.3125,70.3125,84.375,76.5625,100,98.4375,93.75,100,90.625,18.75,100,43.75,51.5625,25,100,70.3125,96.875,100,100,100,84.375,46.875,100,93.75,26.5625,92.1875,100,100,100,100,100,100,100,100,100,68.75,71.875,98.4375,53.125,100,76.5625,100,87.5,100,68.75,95.3125,76.5625,100,65.625,50,100,100,48.4375,100,62.5,92.1875,100,100,54.6875,65.625,75,96.875,100,100,100,100,25,75,100,100,100,89.0625,26.5625,100,40.625,100,100,100,100,60.9375,68.75,100,73.4375,100,100,100,73.4375,100,95.3125,73.4375,59.375,89.0625,75,100,100,81.25,84.375,43.75,67.1875,100,48.4375,100,100,67.1875,90.625,75,82.8125,62.5,100,43.75,90.625,100,100,100,100,100,100,100,73.4375,100,100,100,82.8125,18.75,96.875,100,85.9375,100,100,100,65.625,100,62.5,100,57.8125,100,100,67.1875,62.5,100,59.375,93.75,100,100,89.0625,100,100,100,100,87.5,67.1875,100,100,100,64.0625,100,42.1875,98.4375,100,100,60.9375,81.25,56.25,100,100,79.6875,60.9375,68.75,54.6875,43.75,100,100,76.5625,60.9375,60.9375,100,79.6875,89.0625,93.75,100,90.625,100,40.625,75,100,67.1875,95.3125,100,82.8125,100,100,100,85.9375,100,100,84.375,50,100,100,100,73.4375,28.125,28.125,100,100,100,100,75,100,100,81.25,89.0625,100,46.875,100,100,100,100,45.3125,100,76.5625,46.875,85.9375,48.4375,93.75,100,100,100,81.25,100,100,70.3125,32.8125,78.125,100,76.5625,76.5625,100,100,57.8125,100,100,100,100,100,100,76.5625,100,100,92.1875,100,89.0625,100,93.75,100,100,100,95.3125,100,100,100,89.0625,81.25,62.5,100,100,82.8125,87.5,73.4375,100,100,71.875,76.5625,100,100,100,100,42.1875,78.125,100,98.4375,82.8125,100,100,64.0625,48.4375,92.1875,92.1875,92.1875,78.125,78.125,100,100,100,100,100,100,100,100,100,100,54.6875,51.5625,68.75,100,70.3125,100,100,100,100,100,100,28.125,100,100,90.625,64.0625,100,85.9375,100,100,100,100,100,100,100,100,56.25,100,71.875,100,90.625,100,100,100,92.1875,79.6875,92.1875,98.4375,37.5,100,45.3125,100,100,100,100,71.875,85.9375,100,89.0625,100,100,60.9375,100,60.9375,100,98.4375,95.3125,59.375,100,100,100,100,98.4375,100,100,100,96.875,64.0625,100,100,93.75,100,59.375,100,70.3125,73.4375,78.125,59.375,100,14.0625,56.25,73.4375,100,100,92.1875,57.8125,90.625,100,87.5,90.625,85.9375,56.25,100,100,82.8125,100,32.8125,79.6875,100,100,100,100,65.625,51.5625,93.75,100,95.3125,100,53.125,82.8125,100,67.1875,100,100,100,84.375,100,100,100,100,87.5,100,100,100,100,60.9375,100,31.25,100,100,100,100,100,59.375,100,100,96.875,82.8125,100,82.8125,100,100,90.625,71.875,98.4375,60.9375,100,100,70.3125,100,100,89.0625,70.3125,100,67.1875,100,43.75,100,100,100,71.875,56.25,100,29.6875,100,100,87.5,100,40.625,78.125,71.875,65.625,100,100,85.9375,100,100,93.75,100,100,29.6875,56.25,100,56.25,54.6875,100,95.3125,73.4375,23.4375,26.5625,87.5,100,100,100,93.75,100,35.9375,18.75,100,100,100,100,95.3125,100,100,100,100,100,14.0625,100,100,100,100,73.4375,78.125,100,100,100,100,85.9375,96.875,68.75,92.1875,100,100,20.3125,84.375,100,70.3125,100,100,100,100,53.125,100,100,100,50,75,100,84.375,100,100,48.4375,60.9375,62.5,75,79.6875,100,100,100,100,100,76.5625,93.75,100,100,100,100,84.375,100,100,100,100,100,100,89.0625,100,25,85.9375,78.125,100,82.8125,60.9375,100,67.1875,100,50,48.4375,68.75,100,62.5,90.625,34.375,100,100,96.875,100,75,100,82.8125,100,34.375,100,68.75,79.6875,100,100,100,90.625,85.9375,100,45.3125,100,100,62.5,68.75,100,18.75,100,51.5625,100,100,76.5625,100,100,100,68.75,70.3125,92.1875,71.875,100,100,93.75,10.9375,40.625,79.6875,67.1875,51.5625,78.125,100,59.375,79.6875,100,48.4375,100,89.0625,100,100,100,100,21.875,84.375,100,100,100,67.1875,39.0625,71.875,71.875,64.0625,100,89.0625,65.625,100,54.6875,73.4375,100,100,73.4375,100,71.875,48.4375,100,100,100,79.6875,100,37.5,100,100,100,100,95.3125,48.4375,39.0625,100,100,70.3125,100,100,100,100,48.4375,82.8125,100,82.8125,76.5625,100,29.6875,100,93.75,42.1875,81.25,100,98.4375,64.0625,90.625,100,100,7.8125,35.9375,100,73.4375,78.125,100,31.25,100,100,100,90.625,54.6875,95.3125,56.25,100,100,100,57.8125,59.375,29.6875,48.4375,70.3125,100,100,93.75,70.3125,18.75,56.25,39.0625,51.5625,100,81.25,60.9375,89.0625,100,73.4375,84.375,93.75,87.5,42.1875,100,100,100,93.75,57.8125,65.625,100,100,100,100,46.875,100,100,100,100,100,100,100,100,100,100,37.5,100,60.9375,67.1875,100,100,46.875,95.3125,18.75,100,51.5625,79.6875,100,92.1875,100,82.8125,79.6875,82.8125,100,89.0625,100,100,100,100,100,84.375,43.75,53.125,100,87.5,100,100,100,40.625,100,100,100,87.5,92.1875,100,92.1875,100,75,100,100,100,100,100,96.875,100,100,96.875,100,76.5625,96.875,100,100,100,84.375,62.5,100,100,67.1875,100,100,65.625,100,100,100,93.75,78.125,100,100,60.9375,54.6875,59.375,68.75,100,100,100,96.875,100,32.8125,100,89.0625,100,100,93.75,96.875,100,67.1875,95.3125,84.375,100,100,51.5625,100,71.875,4.6875,42.1875,100,9.375,100,100,100,95.3125,90.625,100,93.75,100,71.875,100,100,100,100,100,100,100,71.875,100,100,85.9375,100,100,84.375,100,100,100,100,100,100,59.375,70.3125,100,100,81.25,100,100,46.875,100,82.8125,100,56.25,100,100,56.25,100,70.3125,100,76.5625,85.9375,70.3125,75,100,100,100,100,100,100,84.375,100,100,100,57.8125,71.875,100,100,87.5,100,67.1875,87.5,100,87.5,57.8125,100,100,100,100,46.875,100,95.3125,100,100,51.5625,87.5,100,100,100,64.0625,68.75,23.4375,71.875,75,100,100,60.9375,100,45.3125,73.4375,56.25,100,84.375,100,79.6875,75,100,43.75,100,100,87.5,96.875,45.3125,51.5625,71.875,70.3125,39.0625,100,78.125,100,100,54.6875,100,90.625,65.625,100,78.125,75,89.0625,64.0625,95.3125,100,100,100,100,68.75,100,81.25,79.6875,43.75,100,50,60.9375,98.4375,100,84.375,100,76.5625,100,70.3125,89.0625,100,71.875,100,100,93.75,100,100,82.8125,78.125,65.625,100,100,64.0625,51.5625,82.8125,76.5625,100,95.3125,87.5,100,100,35.9375,100,59.375,100,100,87.5,96.875,89.0625,46.875,79.6875,100,42.1875,40.625,100,81.25,100,100,75,71.875,96.875,96.875,85.9375,100,65.625,65.625,78.125,100,100,100,92.1875,100,59.375,81.25,100,100,100,87.5,65.625,51.5625,9.375,100,78.125,53.125,100,43.75,42.1875,68.75,100,20.3125,93.75,54.6875,95.3125,100,100,50,85.9375,96.875,100,92.1875,100,100,100,100,100,87.5,93.75,51.5625,34.375,100,100,100,81.25,73.4375,100,64.0625,100,100,100,100,100,100,59.375,42.1875,87.5,68.75,100,100,100,100,100,100,100,60.9375,87.5,93.75,78.125,100,78.125,100,29.6875,100,85.9375,100,100,100,70.3125,100,85.9375,100,76.5625,100,100,92.1875,100,85.9375,90.625,100,100,100,68.75,57.8125,43.75,100,100,100,32.8125,71.875,100,100,100,100,100,95.3125,100,45.3125,67.1875,100,79.6875,100,100,95.3125,100,84.375,70.3125,87.5,98.4375,100,100,96.875,100,100,81.25,81.25,48.4375,76.5625,100,100,100,100,100,100,100,100,84.375,82.8125,96.875,78.125,79.6875,34.375,100,26.5625,100,100,100,56.25,98.4375,59.375,50,92.1875,68.75,90.625,100,100,100,87.5,79.6875,79.6875,100,79.6875,95.3125,26.5625,100,100,81.25,45.3125,78.125,100,100,100,98.4375,100,100,82.8125,64.0625,100,59.375,81.25,89.0625,100,79.6875,100,100,100,100,100,98.4375,93.75,23.4375,100,100,75,70.3125,64.0625,100,64.0625,100,100,64.0625,100,17.1875,62.5,100,100,87.5,100,100,82.8125,100,56.25,71.875,75,100,56.25,78.125,54.6875,100,100,100,100,90.625,100,100,100,79.6875,100,89.0625,100,60.9375,100,45.3125,100,54.6875,100,100,70.3125,92.1875,100,100,81.25,100,98.4375,100,84.375,100,100,100,100,100,100,75,34.375,100,100,100,92.1875,100,53.125,100,100,42.1875,60.9375,23.4375,100,93.75,100,60.9375,62.5,100,100,53.125,100,100,79.6875,100,75,100,100,100,87.5,92.1875,100,46.875,100,100,100,50,100,87.5,92.1875,60.9375,100,100,64.0625,100,82.8125,100,50,100,100,37.5,10.9375,100,67.1875,100,100,100,75,75,75,100,100,100,100,35.9375,54.6875,100,100,82.8125,85.9375,96.875,100,60.9375,95.3125,64.0625,56.25,100,100,89.0625,100,93.75,100,100,75,87.5,93.75,90.625,100,75,92.1875,100,100,95.3125,100,70.3125,95.3125,100,67.1875,89.0625,78.125,100,100,100,96.875,100,100,95.3125,68.75,95.3125,87.5,15.625,51.5625,100,100,79.6875,45.3125,34.375,100,100,100,100,71.875,79.6875,43.75,85.9375,54.6875,100,100,62.5,100,90.625,82.8125,50,100,59.375,100,82.8125,79.6875,81.25,100,79.6875,54.6875,100,100,100,100,68.75,46.875,100,100,48.4375,100,100,64.0625,29.6875,100,100,60.9375,90.625,78.125,100,100,68.75,100,100,100,100,100,46.875,100,73.4375,95.3125,100,100,65.625,100,100,96.875,100,100,89.0625,89.0625,100,92.1875,90.625,96.875,100,100,57.8125,100,100,59.375,100,68.75,100,100,95.3125,100,100,78.125,100,35.9375,23.4375,45.3125,67.1875,67.1875,100,100,100,89.0625,100,96.875,100,57.8125,56.25,35.9375,100,100,100,100,100,78.125,100,90.625,100,84.375,100,71.875,100,85.9375,14.0625,40.625,84.375,87.5,54.6875,95.3125,81.25,100,50,42.1875,100,87.5,100,100,56.25,100,98.4375,59.375,64.0625,73.4375,100,65.625,20.3125,76.5625,82.8125,100,100,100,100,53.125,100,100,90.625,100,100,100,84.375,100,100,21.875,100,54.6875,100,100,45.3125,100,42.1875,100,84.375,71.875,100,53.125,53.125,98.4375,100,17.1875,82.8125,100,100,67.1875,100,81.25,100,29.6875,100,64.0625,100,100,100,78.125,59.375,53.125,100,100,50,68.75,100,100,64.0625,100,100,17.1875,100,56.25,100,100,100,82.8125,100,59.375,54.6875,100,93.75,90.625,54.6875,50,53.125,100,100,100,93.75,100,100,100,71.875,87.5,100,100,100,100,92.1875,84.375,100,100,100,100,100,100,95.3125,43.75,84.375,23.4375,51.5625,100,100,100,100,32.8125,100,1.5625,100,6.25,34.375,100,84.375,100,100,100,84.375,100,40.625,34.375,85.9375,100,100,100,100,100,87.5,100,84.375,100,100,57.8125,100,59.375,100,100,100,76.5625,100,48.4375,64.0625,100,100,59.375,100,100,60.9375,95.3125,100,82.8125,100,100,100,89.0625,100,67.1875,28.125,100,50,100,100,100,100,62.5,76.5625,79.6875,68.75,62.5,75,100,100,71.875,100,73.4375,100,70.3125,59.375,100,84.375,100,82.8125,89.0625,98.4375,87.5,56.25,100,100,96.875,96.875,100,100,53.125,100,100,26.5625,68.75,100,100,54.6875,82.8125,100,79.6875,26.5625,68.75,25,100,100,100,43.75,100,59.375,39.0625,100,100,100,100,100,89.0625,70.3125,100,56.25,100,100,53.125,96.875,64.0625,98.4375,67.1875,81.25,78.125,100,45.3125,57.8125,100,100,100,100,100,100
"6151",92.1875,100,42.1875,100,82.8125,68.75,95.3125,100,64.0625,51.5625,78.125,100,100,100,100,75,100,87.5,100,100,96.875,98.4375,100,100,76.5625,100,100,89.0625,85.9375,100,92.1875,100,100,90.625,100,45.3125,79.6875,100,40.625,100,95.3125,17.1875,81.25,100,100,100,89.0625,100,79.6875,82.8125,48.4375,100,100,78.125,48.4375,100,18.75,100,45.3125,40.625,85.9375,100,85.9375,100,100,100,43.75,100,78.125,100,56.25,76.5625,100,100,62.5,100,51.5625,98.4375,54.6875,100,76.5625,100,85.9375,70.3125,73.4375,100,100,26.5625,100,100,57.8125,82.8125,100,46.875,70.3125,100,100,64.0625,100,100,78.125,100,100,70.3125,25,32.8125,100,87.5,85.9375,100,84.375,68.75,100,100,42.1875,100,100,100,96.875,100,67.1875,42.1875,100,39.0625,100,37.5,100,18.75,100,92.1875,100,100,100,100,100,65.625,100,79.6875,100,100,100,82.8125,39.0625,51.5625,100,100,96.875,100,60.9375,79.6875,57.8125,43.75,79.6875,92.1875,98.4375,82.8125,76.5625,100,100,100,100,100,75,100,90.625,71.875,100,82.8125,42.1875,100,85.9375,78.125,100,100,100,100,87.5,100,100,100,100,90.625,100,100,96.875,100,48.4375,53.125,71.875,84.375,92.1875,68.75,82.8125,100,89.0625,100,87.5,64.0625,100,81.25,59.375,96.875,96.875,100,100,100,100,100,76.5625,100,67.1875,14.0625,100,92.1875,84.375,78.125,53.125,95.3125,100,100,100,75,100,100,100,57.8125,25,100,85.9375,100,100,73.4375,100,100,100,100,71.875,100,100,100,100,100,100,100,100,29.6875,93.75,87.5,100,100,100,48.4375,71.875,100,100,95.3125,100,62.5,100,100,82.8125,98.4375,31.25,84.375,35.9375,100,100,100,48.4375,100,43.75,95.3125,100,100,100,64.0625,23.4375,100,64.0625,100,82.8125,42.1875,100,100,100,71.875,53.125,98.4375,100,73.4375,82.8125,100,82.8125,56.25,100,100,100,82.8125,62.5,75,45.3125,100,100,100,100,89.0625,100,18.75,92.1875,100,100,100,50,95.3125,100,96.875,100,98.4375,23.4375,59.375,64.0625,100,50,100,76.5625,59.375,98.4375,96.875,100,100,100,100,67.1875,100,100,32.8125,100,85.9375,100,100,89.0625,84.375,37.5,56.25,64.0625,67.1875,32.8125,100,100,73.4375,100,40.625,100,100,70.3125,100,76.5625,34.375,71.875,96.875,75,87.5,100,100,79.6875,53.125,28.125,89.0625,98.4375,100,100,100,90.625,79.6875,100,100,95.3125,62.5,100,100,85.9375,100,100,100,100,51.5625,100,100,65.625,92.1875,100,76.5625,100,100,100,81.25,100,48.4375,64.0625,37.5,100,100,100,100,100,89.0625,57.8125,79.6875,78.125,60.9375,85.9375,95.3125,100,96.875,100,81.25,39.0625,50,100,76.5625,67.1875,93.75,56.25,100,100,42.1875,53.125,100,95.3125,100,82.8125,100,81.25,100,100,71.875,79.6875,100,100,100,100,93.75,100,76.5625,100,100,100,93.75,81.25,90.625,95.3125,100,100,100,84.375,54.6875,100,90.625,100,100,76.5625,73.4375,70.3125,75,53.125,56.25,100,100,100,81.25,56.25,64.0625,59.375,100,100,67.1875,100,100,100,75,84.375,100,100,62.5,100,100,50,100,64.0625,73.4375,100,20.3125,79.6875,100,65.625,100,100,100,59.375,71.875,73.4375,100,78.125,100,87.5,57.8125,100,84.375,100,100,65.625,79.6875,100,100,100,50,59.375,100,100,100,100,100,79.6875,59.375,26.5625,93.75,100,98.4375,46.875,100,39.0625,100,98.4375,100,84.375,70.3125,100,79.6875,82.8125,100,82.8125,68.75,100,35.9375,54.6875,14.0625,81.25,100,100,73.4375,100,100,100,100,96.875,43.75,73.4375,100,71.875,100,100,71.875,82.8125,62.5,100,100,28.125,100,100,100,76.5625,93.75,68.75,100,35.9375,75,100,71.875,100,100,65.625,100,100,100,57.8125,100,35.9375,68.75,100,65.625,100,59.375,100,100,100,100,76.5625,48.4375,51.5625,95.3125,65.625,100,100,79.6875,46.875,100,57.8125,39.0625,100,53.125,100,100,79.6875,100,25,100,100,62.5,100,100,100,100,100,82.8125,100,76.5625,18.75,100,100,79.6875,100,85.9375,100,100,100,100,100,93.75,100,100,100,100,60.9375,96.875,68.75,81.25,100,100,100,100,71.875,95.3125,90.625,100,42.1875,6.25,85.9375,50,28.125,100,100,100,100,100,100,75,100,89.0625,43.75,59.375,54.6875,48.4375,67.1875,67.1875,60.9375,84.375,93.75,53.125,75,100,40.625,92.1875,95.3125,57.8125,92.1875,100,100,100,100,100,100,75,53.125,45.3125,68.75,100,31.25,79.6875,100,54.6875,46.875,100,59.375,100,100,100,100,100,100,64.0625,100,78.125,84.375,84.375,100,100,73.4375,40.625,100,100,62.5,100,100,100,82.8125,100,100,100,100,100,78.125,62.5,100,100,100,82.8125,100,100,100,100,100,100,68.75,100,89.0625,100,39.0625,73.4375,100,35.9375,87.5,84.375,65.625,40.625,67.1875,100,100,71.875,84.375,100,100,100,62.5,100,68.75,87.5,100,100,98.4375,50,32.8125,79.6875,71.875,4.6875,100,100,100,42.1875,45.3125,9.375,84.375,100,89.0625,79.6875,100,100,87.5,100,85.9375,100,78.125,100,51.5625,45.3125,78.125,100,85.9375,100,100,100,100,60.9375,95.3125,100,100,20.3125,100,100,100,14.0625,59.375,100,100,89.0625,100,100,37.5,95.3125,100,100,59.375,100,100,100,100,100,100,93.75,53.125,100,100,89.0625,84.375,100,100,57.8125,100,70.3125,82.8125,93.75,100,100,100,100,23.4375,100,100,100,82.8125,60.9375,100,100,100,70.3125,100,76.5625,53.125,65.625,100,100,100,45.3125,79.6875,100,92.1875,100,54.6875,100,100,100,70.3125,100,100,100,100,64.0625,37.5,100,40.625,100,76.5625,100,56.25,73.4375,100,26.5625,100,37.5,57.8125,100,67.1875,92.1875,21.875,76.5625,100,98.4375,100,60.9375,100,40.625,73.4375,21.875,100,100,100,98.4375,100,51.5625,100,100,100,100,100,65.625,100,78.125,100,79.6875,89.0625,65.625,46.875,100,64.0625,62.5,87.5,100,35.9375,100,81.25,100,89.0625,95.3125,98.4375,100,95.3125,100,68.75,85.9375,100,100,65.625,78.125,50,71.875,84.375,100,62.5,54.6875,100,78.125,34.375,70.3125,100,100,100,68.75,100,100,92.1875,100,100,98.4375,92.1875,100,25,100,100,100,100,98.4375,100,68.75,34.375,100,100,59.375,50,100,84.375,100,100,100,73.4375,100,29.6875,100,25,100,76.5625,70.3125,100,89.0625,87.5,100,67.1875,100,95.3125,100,57.8125,100,100,100,65.625,89.0625,100,100,93.75,62.5,95.3125,60.9375,54.6875,100,87.5,95.3125,100,84.375,100,71.875,20.3125,64.0625,100,100,100,59.375,100,100,73.4375,31.25,100,90.625,85.9375,100,73.4375,100,95.3125,93.75,100,100,100,56.25,81.25,100,100,100,76.5625,100,20.3125,100,100,68.75,100,100,100,100,71.875,100,82.8125,100,100,100,100,100,100,85.9375,100,93.75,100,95.3125,100,100,100,100,50,81.25,100,84.375,75,100,100,75,79.6875,100,78.125,100,100,70.3125,100,59.375,100,90.625,100,100,100,29.6875,100,100,84.375,100,87.5,50,82.8125,100,100,100,64.0625,17.1875,100,100,100,100,100,100,100,100,100,84.375,90.625,65.625,100,90.625,98.4375,100,85.9375,100,87.5,100,100,100,100,75,76.5625,100,100,93.75,71.875,100,82.8125,100,100,82.8125,100,48.4375,100,100,100,100,100,100,100,78.125,100,100,100,48.4375,100,100,59.375,65.625,100,93.75,100,89.0625,100,71.875,82.8125,89.0625,96.875,100,100,100,100,100,100,100,46.875,64.0625,100,100,100,100,100,100,48.4375,100,100,100,100,67.1875,100,43.75,100,81.25,75,100,100,100,59.375,96.875,100,87.5,76.5625,100,95.3125,85.9375,100,100,26.5625,100,76.5625,51.5625,46.875,100,70.3125,96.875,100,100,100,90.625,43.75,100,93.75,26.5625,100,100,100,100,100,100,100,100,100,100,100,71.875,95.3125,59.375,40.625,76.5625,100,100,100,68.75,95.3125,78.125,100,100,51.5625,100,100,59.375,100,79.6875,100,100,100,48.4375,100,75,71.875,100,100,100,100,28.125,73.4375,100,100,100,89.0625,20.3125,100,37.5,100,100,100,100,39.0625,68.75,100,73.4375,100,90.625,100,98.4375,100,98.4375,78.125,51.5625,89.0625,70.3125,100,100,79.6875,71.875,51.5625,67.1875,62.5,50,100,100,67.1875,90.625,84.375,82.8125,62.5,100,42.1875,87.5,100,100,100,100,100,95.3125,100,75,100,100,98.4375,100,65.625,96.875,100,90.625,100,100,100,68.75,100,100,100,89.0625,100,76.5625,65.625,65.625,100,71.875,100,100,100,89.0625,100,100,100,100,89.0625,59.375,100,100,100,67.1875,100,40.625,85.9375,60.9375,53.125,62.5,82.8125,82.8125,100,100,87.5,54.6875,70.3125,54.6875,42.1875,100,76.5625,75,59.375,100,95.3125,76.5625,92.1875,100,100,90.625,100,45.3125,82.8125,100,64.0625,100,100,76.5625,100,96.875,100,84.375,76.5625,100,90.625,92.1875,100,100,100,73.4375,31.25,28.125,100,100,100,100,79.6875,100,100,79.6875,89.0625,100,12.5,100,100,100,100,45.3125,96.875,68.75,45.3125,75,53.125,92.1875,95.3125,100,100,85.9375,100,100,71.875,34.375,84.375,100,71.875,67.1875,100,96.875,67.1875,100,100,100,57.8125,100,100,76.5625,100,100,92.1875,100,89.0625,100,100,100,100,100,78.125,100,100,100,7.8125,100,75,100,100,84.375,85.9375,75,100,100,71.875,71.875,100,100,17.1875,100,32.8125,75,100,100,78.125,100,100,100,100,90.625,100,92.1875,75,78.125,100,100,100,100,100,100,100,100,65.625,100,62.5,50,65.625,100,65.625,100,100,100,100,100,100,29.6875,100,100,90.625,100,100,87.5,100,100,100,100,95.3125,100,100,100,76.5625,100,70.3125,100,90.625,100,100,100,95.3125,71.875,95.3125,96.875,39.0625,100,46.875,100,82.8125,100,100,100,96.875,100,46.875,100,100,60.9375,100,81.25,100,79.6875,95.3125,59.375,100,100,100,100,96.875,100,100,100,98.4375,18.75,100,100,92.1875,100,34.375,100,60.9375,65.625,67.1875,100,26.5625,29.6875,76.5625,73.4375,100,100,100,48.4375,32.8125,100,87.5,85.9375,85.9375,54.6875,100,100,79.6875,84.375,46.875,70.3125,100,100,100,100,48.4375,50,100,100,68.75,100,59.375,78.125,100,68.75,100,100,100,79.6875,100,60.9375,100,100,87.5,100,100,100,53.125,87.5,100,100,100,100,100,67.1875,100,37.5,100,100,100,82.8125,79.6875,100,100,100,87.5,71.875,93.75,71.875,100,100,78.125,100,100,90.625,73.4375,100,78.125,100,100,100,100,100,60.9375,56.25,100,92.1875,100,100,31.25,78.125,42.1875,85.9375,73.4375,65.625,100,100,87.5,100,100,89.0625,100,76.5625,20.3125,54.6875,100,56.25,54.6875,100,95.3125,100,100,32.8125,84.375,100,100,100,92.1875,100,34.375,20.3125,100,100,100,100,100,100,100,100,100,100,12.5,40.625,100,100,100,79.6875,100,100,100,100,100,96.875,98.4375,65.625,100,100,100,17.1875,79.6875,93.75,82.8125,100,100,100,64.0625,65.625,100,31.25,100,45.3125,73.4375,100,75,81.25,100,45.3125,60.9375,62.5,59.375,84.375,100,100,100,100,100,82.8125,100,98.4375,93.75,98.4375,100,85.9375,100,100,100,100,100,100,90.625,100,34.375,87.5,100,100,46.875,48.4375,100,81.25,100,50,51.5625,93.75,100,50,84.375,100,100,100,100,100,76.5625,100,84.375,100,35.9375,100,70.3125,76.5625,100,100,39.0625,87.5,92.1875,25,46.875,100,67.1875,53.125,68.75,100,18.75,100,53.125,100,100,73.4375,100,100,100,67.1875,73.4375,62.5,81.25,100,100,95.3125,10.9375,100,76.5625,81.25,48.4375,81.25,62.5,60.9375,82.8125,98.4375,34.375,100,92.1875,100,96.875,100,100,23.4375,81.25,100,82.8125,100,100,32.8125,100,100,76.5625,100,79.6875,65.625,100,54.6875,79.6875,100,100,75,100,76.5625,78.125,100,100,89.0625,79.6875,100,35.9375,100,100,100,100,95.3125,95.3125,42.1875,100,100,82.8125,100,85.9375,100,89.0625,59.375,82.8125,100,82.8125,87.5,100,100,100,100,37.5,75,100,92.1875,59.375,87.5,100,100,26.5625,35.9375,100,59.375,79.6875,100,31.25,79.6875,100,100,78.125,100,84.375,70.3125,100,100,100,93.75,60.9375,28.125,100,70.3125,100,100,93.75,71.875,100,100,39.0625,100,100,71.875,35.9375,87.5,100,75,85.9375,92.1875,82.8125,51.5625,100,34.375,100,92.1875,56.25,64.0625,100,100,100,100,42.1875,100,100,100,100,89.0625,100,100,100,100,100,85.9375,100,57.8125,78.125,100,100,57.8125,100,18.75,100,100,79.6875,100,100,100,75,87.5,82.8125,70.3125,89.0625,100,100,100,100,100,84.375,54.6875,95.3125,98.4375,62.5,100,100,100,85.9375,96.875,100,100,89.0625,96.875,100,90.625,89.0625,29.6875,100,100,100,100,100,90.625,100,100,92.1875,100,76.5625,96.875,100,100,100,95.3125,84.375,100,100,67.1875,62.5,92.1875,65.625,100,98.4375,96.875,93.75,73.4375,98.4375,100,70.3125,50,59.375,67.1875,100,100,100,100,100,35.9375,100,89.0625,100,100,93.75,98.4375,100,67.1875,95.3125,81.25,100,100,48.4375,100,45.3125,4.6875,39.0625,100,56.25,100,100,100,98.4375,92.1875,100,100,100,89.0625,79.6875,100,100,100,100,100,100,75,100,100,100,100,100,85.9375,100,100,50,100,100,100,54.6875,79.6875,100,95.3125,84.375,100,100,100,100,84.375,100,57.8125,100,100,53.125,100,70.3125,100,76.5625,89.0625,70.3125,75,100,100,100,100,100,100,82.8125,100,100,100,48.4375,67.1875,92.1875,100,59.375,100,100,87.5,100,84.375,60.9375,100,96.875,100,100,46.875,100,89.0625,100,100,45.3125,96.875,100,100,89.0625,60.9375,62.5,25,87.5,92.1875,100,100,39.0625,100,32.8125,25,57.8125,100,85.9375,79.6875,85.9375,65.625,100,42.1875,100,100,82.8125,96.875,48.4375,48.4375,100,70.3125,39.0625,100,70.3125,100,100,54.6875,62.5,95.3125,62.5,100,85.9375,75,90.625,65.625,89.0625,100,100,100,81.25,75,81.25,79.6875,76.5625,100,100,45.3125,62.5,98.4375,100,78.125,100,76.5625,96.875,68.75,62.5,100,100,100,100,100,100,100,78.125,76.5625,64.0625,100,100,62.5,53.125,84.375,81.25,100,89.0625,84.375,100,100,35.9375,100,100,100,100,100,85.9375,85.9375,46.875,98.4375,100,56.25,40.625,100,81.25,100,40.625,73.4375,54.6875,85.9375,98.4375,81.25,100,65.625,67.1875,78.125,100,70.3125,100,100,100,68.75,76.5625,100,96.875,100,85.9375,62.5,50,9.375,100,34.375,60.9375,100,82.8125,43.75,67.1875,53.125,20.3125,93.75,54.6875,85.9375,92.1875,100,51.5625,85.9375,100,89.0625,81.25,46.875,100,31.25,100,100,90.625,93.75,40.625,29.6875,95.3125,100,100,79.6875,82.8125,78.125,67.1875,100,100,100,100,100,100,56.25,43.75,89.0625,76.5625,100,100,100,100,100,100,100,60.9375,98.4375,92.1875,76.5625,100,70.3125,100,28.125,100,56.25,100,100,100,81.25,100,84.375,93.75,93.75,100,100,79.6875,100,82.8125,96.875,100,100,100,67.1875,56.25,89.0625,100,81.25,100,26.5625,81.25,100,100,100,100,100,100,100,48.4375,62.5,100,82.8125,100,100,100,100,89.0625,62.5,87.5,100,100,100,100,100,100,78.125,81.25,21.875,75,100,100,100,100,100,100,100,100,53.125,100,96.875,71.875,85.9375,59.375,100,26.5625,100,100,17.1875,54.6875,100,100,48.4375,90.625,73.4375,92.1875,100,100,100,85.9375,85.9375,76.5625,100,82.8125,100,29.6875,100,100,81.25,64.0625,57.8125,100,98.4375,100,98.4375,100,100,84.375,60.9375,100,59.375,76.5625,100,100,79.6875,100,100,100,100,100,96.875,92.1875,85.9375,100,100,100,70.3125,57.8125,100,59.375,100,100,65.625,100,100,62.5,100,100,100,100,100,87.5,100,64.0625,70.3125,100,100,51.5625,78.125,67.1875,100,100,75,100,85.9375,93.75,100,100,73.4375,100,76.5625,100,59.375,100,21.875,100,53.125,100,100,70.3125,70.3125,100,100,87.5,100,84.375,100,100,100,100,100,100,100,100,76.5625,34.375,100,100,100,90.625,100,53.125,100,100,100,59.375,100,100,100,100,100,62.5,100,100,48.4375,100,100,57.8125,100,75,100,100,100,92.1875,90.625,100,50,100,100,100,64.0625,100,90.625,100,62.5,100,100,53.125,100,82.8125,100,46.875,100,100,40.625,10.9375,100,65.625,100,100,100,75,100,75,100,73.4375,100,100,37.5,53.125,100,100,87.5,98.4375,100,100,65.625,96.875,64.0625,62.5,100,100,96.875,100,96.875,100,100,78.125,85.9375,96.875,100,53.125,71.875,92.1875,78.125,100,93.75,71.875,100,92.1875,98.4375,62.5,73.4375,79.6875,100,100,100,96.875,100,100,85.9375,70.3125,67.1875,89.0625,18.75,46.875,100,39.0625,53.125,43.75,35.9375,100,100,100,100,87.5,79.6875,32.8125,87.5,84.375,100,100,68.75,100,100,81.25,64.0625,100,64.0625,100,89.0625,79.6875,76.5625,100,65.625,54.6875,100,100,100,100,64.0625,46.875,100,100,100,100,100,67.1875,35.9375,100,100,54.6875,93.75,75,100,100,67.1875,95.3125,100,100,98.4375,100,53.125,100,75,67.1875,100,100,75,100,67.1875,85.9375,100,79.6875,100,100,100,96.875,89.0625,98.4375,100,100,70.3125,76.5625,100,59.375,100,57.8125,100,68.75,85.9375,100,100,81.25,100,35.9375,84.375,46.875,67.1875,70.3125,100,100,100,92.1875,100,100,100,57.8125,54.6875,35.9375,100,59.375,100,100,100,64.0625,100,95.3125,100,73.4375,79.6875,71.875,100,85.9375,18.75,84.375,75,98.4375,56.25,100,82.8125,100,50,34.375,100,59.375,95.3125,100,56.25,100,100,59.375,96.875,82.8125,100,100,96.875,75,87.5,78.125,100,100,100,70.3125,100,100,89.0625,100,96.875,70.3125,87.5,100,100,21.875,100,56.25,100,100,43.75,100,43.75,100,100,70.3125,100,48.4375,45.3125,84.375,100,17.1875,85.9375,100,100,85.9375,100,71.875,81.25,21.875,100,65.625,100,90.625,100,90.625,100,48.4375,100,100,43.75,67.1875,100,100,70.3125,100,100,29.6875,100,56.25,100,100,100,85.9375,100,67.1875,81.25,100,93.75,84.375,48.4375,46.875,53.125,100,100,100,96.875,100,100,100,98.4375,73.4375,100,100,100,100,34.375,84.375,100,100,100,100,100,100,100,50,96.875,59.375,40.625,100,100,100,100,17.1875,100,1.5625,100,87.5,34.375,100,78.125,100,100,100,89.0625,100,100,82.8125,96.875,100,100,75,98.4375,67.1875,90.625,65.625,90.625,53.125,100,59.375,100,60.9375,100,100,100,75,100,40.625,64.0625,100,100,62.5,100,100,67.1875,100,100,100,100,100,100,89.0625,100,57.8125,26.5625,100,100,100,60.9375,100,100,62.5,100,92.1875,84.375,53.125,67.1875,100,100,76.5625,100,75,100,79.6875,59.375,100,79.6875,100,98.4375,65.625,100,75,89.0625,100,100,96.875,100,100,100,51.5625,100,100,26.5625,64.0625,100,100,62.5,84.375,100,79.6875,29.6875,68.75,76.5625,100,100,100,50,100,62.5,39.0625,100,93.75,100,100,100,100,62.5,100,48.4375,100,100,53.125,100,56.25,100,70.3125,67.1875,87.5,100,100,60.9375,100,100,100,100,100,100
"6152",90.625,100,37.5,100,100,60.9375,95.3125,59.375,51.5625,93.75,76.5625,100,100,100,100,39.0625,84.375,89.0625,100,100,96.875,100,100,100,75,100,100,92.1875,87.5,100,100,100,100,92.1875,100,100,84.375,100,100,96.875,85.9375,65.625,85.9375,100,100,100,100,100,89.0625,84.375,46.875,100,100,84.375,59.375,100,20.3125,100,100,43.75,85.9375,100,85.9375,100,100,100,39.0625,100,73.4375,100,54.6875,71.875,100,100,62.5,100,100,100,54.6875,100,78.125,100,87.5,79.6875,64.0625,100,100,37.5,100,100,57.8125,92.1875,100,46.875,100,100,100,64.0625,100,100,76.5625,100,100,70.3125,59.375,31.25,100,100,85.9375,100,81.25,75,100,100,40.625,100,100,100,100,100,68.75,100,100,93.75,100,39.0625,100,18.75,100,100,100,100,100,100,100,65.625,100,79.6875,100,96.875,100,71.875,48.4375,46.875,100,100,100,100,100,78.125,57.8125,37.5,81.25,92.1875,85.9375,82.8125,75,100,100,100,100,100,71.875,100,90.625,70.3125,100,87.5,39.0625,100,100,79.6875,100,100,100,98.4375,89.0625,100,100,100,100,37.5,100,100,100,100,48.4375,100,100,100,100,51.5625,78.125,100,90.625,100,95.3125,85.9375,100,100,42.1875,100,96.875,100,100,100,100,14.0625,75,100,68.75,15.625,100,100,87.5,81.25,54.6875,95.3125,37.5,100,81.25,73.4375,100,100,100,56.25,100,100,100,100,100,78.125,100,100,100,100,59.375,100,98.4375,100,100,100,100,62.5,100,25,100,85.9375,100,100,26.5625,76.5625,73.4375,100,100,89.0625,100,79.6875,100,100,71.875,98.4375,34.375,98.4375,50,95.3125,100,53.125,81.25,100,43.75,75,100,100,100,75,28.125,100,60.9375,100,90.625,45.3125,73.4375,57.8125,100,73.4375,50,100,100,73.4375,84.375,100,51.5625,51.5625,100,100,100,84.375,62.5,75,53.125,100,100,100,100,82.8125,100,100,84.375,100,100,100,46.875,100,100,96.875,100,96.875,28.125,59.375,87.5,100,53.125,96.875,79.6875,67.1875,98.4375,95.3125,100,100,92.1875,100,34.375,100,100,35.9375,100,87.5,100,100,98.4375,84.375,37.5,50,64.0625,64.0625,26.5625,100,100,75,25,76.5625,100,100,71.875,100,54.6875,37.5,45.3125,100,75,81.25,100,100,85.9375,53.125,28.125,100,100,100,100,39.0625,100,70.3125,75,100,89.0625,65.625,89.0625,100,85.9375,100,100,100,100,26.5625,100,100,100,32.8125,100,81.25,100,100,100,53.125,100,79.6875,98.4375,29.6875,100,100,100,100,100,85.9375,59.375,100,67.1875,59.375,70.3125,100,78.125,85.9375,100,96.875,39.0625,50,100,76.5625,17.1875,100,96.875,100,100,35.9375,50,100,93.75,100,82.8125,100,84.375,73.4375,100,87.5,64.0625,100,100,100,100,29.6875,100,93.75,68.75,100,100,87.5,82.8125,90.625,96.875,100,100,100,84.375,73.4375,100,100,100,100,76.5625,73.4375,68.75,100,53.125,54.6875,100,100,100,95.3125,64.0625,62.5,53.125,100,100,71.875,100,100,100,100,73.4375,100,100,65.625,100,100,51.5625,100,67.1875,73.4375,100,79.6875,81.25,100,64.0625,100,100,100,60.9375,73.4375,70.3125,100,100,100,85.9375,65.625,78.125,84.375,100,100,67.1875,68.75,100,100,100,100,100,89.0625,100,100,100,71.875,100,62.5,31.25,93.75,100,90.625,46.875,100,37.5,100,92.1875,92.1875,84.375,71.875,100,79.6875,84.375,100,100,57.8125,100,34.375,51.5625,100,70.3125,100,100,100,100,100,100,100,96.875,87.5,78.125,100,70.3125,96.875,100,70.3125,100,60.9375,59.375,100,31.25,78.125,100,100,75,81.25,64.0625,100,35.9375,71.875,100,68.75,100,100,100,100,100,100,100,95.3125,57.8125,75,100,68.75,100,60.9375,100,100,100,100,62.5,100,65.625,100,100,100,100,100,39.0625,100,60.9375,57.8125,100,53.125,100,100,78.125,100,59.375,100,100,56.25,100,100,100,100,93.75,79.6875,100,76.5625,50,92.1875,34.375,93.75,90.625,100,64.0625,100,100,100,100,85.9375,100,100,100,100,60.9375,96.875,68.75,82.8125,100,100,100,87.5,100,90.625,90.625,100,42.1875,6.25,90.625,57.8125,31.25,100,100,100,100,100,100,78.125,100,87.5,45.3125,21.875,78.125,45.3125,59.375,68.75,56.25,98.4375,100,70.3125,64.0625,84.375,42.1875,92.1875,95.3125,48.4375,82.8125,100,100,100,100,100,100,75,56.25,43.75,68.75,100,29.6875,78.125,56.25,60.9375,46.875,100,51.5625,100,100,100,100,100,100,73.4375,100,100,90.625,84.375,100,100,64.0625,18.75,100,100,60.9375,98.4375,12.5,100,73.4375,100,100,100,100,100,73.4375,82.8125,100,100,100,95.3125,100,100,100,100,37.5,100,68.75,100,100,18.75,37.5,100,100,35.9375,85.9375,100,98.4375,40.625,65.625,100,100,82.8125,81.25,100,100,100,100,100,68.75,84.375,100,100,95.3125,48.4375,100,78.125,67.1875,7.8125,100,85.9375,100,43.75,100,9.375,84.375,100,100,100,100,100,82.8125,100,100,100,76.5625,100,54.6875,50,96.875,100,59.375,100,100,100,100,56.25,96.875,71.875,100,81.25,100,100,100,14.0625,39.0625,100,100,89.0625,95.3125,100,37.5,93.75,100,100,65.625,100,67.1875,100,100,100,100,96.875,46.875,87.5,100,89.0625,51.5625,100,100,42.1875,100,68.75,81.25,92.1875,43.75,100,68.75,100,81.25,100,100,100,82.8125,70.3125,100,100,100,81.25,96.875,76.5625,56.25,100,96.875,100,100,100,73.4375,100,96.875,100,54.6875,100,100,75,56.25,93.75,100,82.8125,100,67.1875,43.75,100,40.625,100,73.4375,100,51.5625,75,100,29.6875,100,100,57.8125,84.375,60.9375,100,42.1875,73.4375,100,98.4375,98.4375,64.0625,100,96.875,71.875,20.3125,100,100,100,98.4375,76.5625,60.9375,100,100,100,100,100,100,100,81.25,100,78.125,100,67.1875,50,100,70.3125,59.375,100,100,35.9375,100,84.375,42.1875,84.375,98.4375,100,62.5,100,100,60.9375,82.8125,100,100,84.375,84.375,100,85.9375,98.4375,100,100,50,93.75,100,34.375,100,87.5,100,100,68.75,100,100,95.3125,100,100,98.4375,92.1875,100,100,100,100,100,100,100,96.875,65.625,14.0625,100,100,60.9375,59.375,59.375,92.1875,100,100,100,75,100,29.6875,100,25,81.25,73.4375,70.3125,100,89.0625,85.9375,100,100,100,100,100,100,100,100,100,59.375,89.0625,100,100,93.75,100,93.75,75,50,100,100,100,100,84.375,100,53.125,39.0625,76.5625,100,100,100,54.6875,100,100,68.75,32.8125,100,87.5,82.8125,100,71.875,100,96.875,100,62.5,100,100,100,82.8125,78.125,100,32.8125,76.5625,100,70.3125,100,100,25,100,100,100,100,76.5625,100,79.6875,96.875,100,100,100,100,100,85.9375,100,89.0625,100,96.875,100,100,73.4375,100,42.1875,96.875,100,81.25,73.4375,100,100,78.125,82.8125,100,90.625,100,100,64.0625,40.625,76.5625,100,100,100,100,45.3125,29.6875,100,100,84.375,76.5625,100,48.4375,84.375,100,100,100,100,17.1875,100,100,59.375,100,100,100,100,100,100,85.9375,95.3125,64.0625,100,90.625,82.8125,100,82.8125,100,87.5,100,100,100,100,68.75,75,100,100,93.75,62.5,100,82.8125,57.8125,100,79.6875,100,84.375,100,92.1875,100,100,100,100,100,78.125,100,100,100,53.125,100,100,75,65.625,100,93.75,100,87.5,100,92.1875,68.75,62.5,100,100,100,95.3125,100,100,35.9375,100,43.75,100,100,100,100,100,100,100,56.25,100,100,100,100,67.1875,100,43.75,100,84.375,75,100,100,100,84.375,100,100,85.9375,75,100,21.875,100,100,89.0625,1.5625,100,43.75,51.5625,45.3125,100,68.75,79.6875,100,100,100,68.75,51.5625,100,100,26.5625,100,100,100,100,100,100,70.3125,100,100,100,60.9375,71.875,95.3125,56.25,81.25,75,100,100,100,68.75,95.3125,76.5625,100,100,53.125,100,100,48.4375,100,98.4375,67.1875,100,100,46.875,100,73.4375,73.4375,100,100,100,100,28.125,73.4375,100,100,100,89.0625,14.0625,100,37.5,100,100,100,64.0625,34.375,57.8125,100,73.4375,100,100,100,67.1875,100,90.625,73.4375,62.5,87.5,71.875,100,100,75,84.375,65.625,67.1875,62.5,50,100,100,68.75,21.875,100,70.3125,62.5,100,57.8125,87.5,100,100,100,100,100,93.75,100,75,100,100,65.625,87.5,20.3125,96.875,100,35.9375,95.3125,100,100,92.1875,100,87.5,100,76.5625,100,87.5,60.9375,48.4375,100,68.75,100,100,100,89.0625,100,100,100,100,93.75,62.5,100,100,100,60.9375,100,42.1875,87.5,100,57.8125,54.6875,82.8125,67.1875,100,100,92.1875,57.8125,68.75,54.6875,43.75,100,84.375,76.5625,70.3125,100,65.625,79.6875,89.0625,93.75,100,89.0625,100,45.3125,56.25,90.625,100,56.25,100,70.3125,100,98.4375,100,84.375,84.375,100,79.6875,53.125,100,100,100,62.5,29.6875,81.25,48.4375,32.8125,100,100,76.5625,100,35.9375,78.125,87.5,100,62.5,100,100,100,100,53.125,95.3125,79.6875,45.3125,75,45.3125,95.3125,76.5625,100,100,79.6875,100,100,75,34.375,89.0625,100,68.75,68.75,100,100,67.1875,100,100,100,25,100,100,78.125,100,100,92.1875,100,87.5,89.0625,95.3125,100,100,100,73.4375,100,100,100,46.875,73.4375,81.25,100,100,87.5,95.3125,71.875,100,100,70.3125,75,100,100,54.6875,35.9375,29.6875,71.875,100,100,79.6875,100,100,100,53.125,89.0625,82.8125,100,75,78.125,100,100,100,100,100,100,100,100,100,100,54.6875,53.125,70.3125,100,65.625,100,100,100,100,100,100,28.125,100,100,90.625,96.875,100,93.75,100,100,100,100,95.3125,90.625,100,100,71.875,100,68.75,100,87.5,100,100,100,95.3125,71.875,96.875,37.5,39.0625,100,43.75,100,100,100,26.5625,100,79.6875,100,89.0625,100,100,60.9375,100,75,100,79.6875,93.75,67.1875,100,100,100,100,93.75,100,100,100,98.4375,71.875,100,100,100,100,20.3125,100,78.125,64.0625,57.8125,62.5,62.5,67.1875,57.8125,71.875,100,100,100,100,32.8125,100,87.5,87.5,87.5,54.6875,100,100,76.5625,100,43.75,75,100,100,100,100,98.4375,48.4375,89.0625,100,98.4375,100,62.5,78.125,100,98.4375,100,100,100,96.875,100,75,100,100,87.5,100,100,100,100,89.0625,100,18.75,100,100,100,100,100,37.5,100,20.3125,82.8125,79.6875,100,100,100,98.4375,85.9375,71.875,98.4375,70.3125,100,100,68.75,100,100,85.9375,68.75,100,79.6875,100,54.6875,98.4375,100,100,75,62.5,100,92.1875,100,100,17.1875,100,40.625,45.3125,76.5625,64.0625,100,100,87.5,100,100,100,100,65.625,21.875,53.125,100,56.25,56.25,100,95.3125,100,98.4375,96.875,64.0625,100,29.6875,100,92.1875,100,32.8125,25,100,100,100,100,100,100,100,100,100,100,14.0625,26.5625,100,100,100,82.8125,81.25,100,98.4375,100,100,82.8125,100,62.5,95.3125,100,100,14.0625,100,92.1875,98.4375,100,100,100,67.1875,46.875,100,100,100,53.125,75,100,81.25,100,100,48.4375,60.9375,62.5,18.75,81.25,100,89.0625,100,93.75,100,78.125,92.1875,100,100,100,100,81.25,100,100,85.9375,100,100,100,82.8125,100,21.875,84.375,79.6875,100,89.0625,48.4375,100,76.5625,100,50,56.25,100,100,62.5,100,100,100,100,100,100,76.5625,100,84.375,100,34.375,100,53.125,89.0625,100,100,76.5625,89.0625,100,95.3125,53.125,100,98.4375,57.8125,98.4375,100,18.75,100,100,100,100,73.4375,100,39.0625,100,68.75,100,100,79.6875,100,100,95.3125,28.125,40.625,57.8125,68.75,56.25,76.5625,100,32.8125,84.375,100,46.875,100,93.75,100,17.1875,100,100,28.125,71.875,100,81.25,92.1875,70.3125,42.1875,96.875,100,100,100,89.0625,65.625,100,53.125,68.75,100,100,75,100,100,46.875,100,100,82.8125,21.875,100,39.0625,100,100,100,100,95.3125,92.1875,46.875,100,100,71.875,100,100,100,100,40.625,82.8125,100,84.375,78.125,48.4375,18.75,100,98.4375,35.9375,67.1875,96.875,93.75,60.9375,100,56.25,100,42.1875,35.9375,100,56.25,76.5625,100,37.5,90.625,100,100,81.25,100,92.1875,100,100,100,100,93.75,59.375,26.5625,98.4375,70.3125,100,100,93.75,67.1875,70.3125,100,39.0625,100,100,60.9375,34.375,89.0625,100,73.4375,67.1875,90.625,82.8125,39.0625,100,100,100,100,95.3125,62.5,85.9375,100,100,70.3125,42.1875,100,100,100,100,100,100,100,100,100,100,43.75,100,54.6875,75,100,100,100,100,18.75,100,68.75,78.125,100,100,100,81.25,87.5,82.8125,100,48.4375,100,100,100,100,100,82.8125,57.8125,51.5625,100,100,100,100,100,53.125,98.4375,100,100,81.25,98.4375,100,93.75,84.375,68.75,100,100,100,100,62.5,85.9375,100,100,100,100,76.5625,98.4375,100,100,100,84.375,54.6875,81.25,100,67.1875,100,84.375,64.0625,100,96.875,89.0625,92.1875,65.625,92.1875,100,71.875,39.0625,59.375,82.8125,100,100,100,100,100,100,100,85.9375,100,100,93.75,100,14.0625,67.1875,100,78.125,100,100,50,100,75,4.6875,35.9375,100,10.9375,100,100,100,100,85.9375,100,100,100,81.25,78.125,100,100,46.875,100,100,100,73.4375,100,100,87.5,100,100,84.375,100,85.9375,12.5,100,100,100,48.4375,81.25,100,87.5,84.375,100,100,67.1875,100,78.125,100,68.75,100,100,54.6875,100,70.3125,100,76.5625,90.625,76.5625,76.5625,100,100,100,26.5625,100,100,76.5625,100,100,29.6875,54.6875,68.75,100,100,56.25,100,95.3125,79.6875,100,89.0625,59.375,100,98.4375,100,100,37.5,100,95.3125,96.875,100,45.3125,85.9375,100,100,100,59.375,68.75,25,81.25,79.6875,100,100,40.625,100,60.9375,23.4375,59.375,100,93.75,81.25,35.9375,70.3125,100,89.0625,100,100,78.125,96.875,46.875,50,75,70.3125,39.0625,100,73.4375,100,100,53.125,75,100,62.5,100,85.9375,75,82.8125,67.1875,100,100,100,100,93.75,73.4375,84.375,79.6875,79.6875,100,100,43.75,62.5,93.75,100,78.125,100,73.4375,100,57.8125,65.625,100,100,100,100,96.875,100,100,73.4375,50,67.1875,92.1875,35.9375,64.0625,50,100,100,100,96.875,85.9375,100,100,34.375,100,57.8125,100,100,100,46.875,89.0625,48.4375,71.875,100,56.25,40.625,100,81.25,100,100,73.4375,54.6875,100,92.1875,93.75,78.125,67.1875,65.625,76.5625,59.375,100,100,100,100,56.25,92.1875,100,100,100,76.5625,100,50,20.3125,100,34.375,45.3125,100,81.25,85.9375,76.5625,100,20.3125,93.75,54.6875,85.9375,100,100,57.8125,85.9375,100,76.5625,81.25,100,100,100,100,100,100,93.75,37.5,29.6875,90.625,100,100,75,82.8125,68.75,40.625,100,100,100,100,100,100,59.375,54.6875,100,92.1875,100,100,100,100,10.9375,100,95.3125,67.1875,100,64.0625,95.3125,100,45.3125,100,26.5625,100,84.375,100,100,100,100,100,84.375,100,100,100,85.9375,78.125,65.625,87.5,90.625,100,100,100,62.5,57.8125,78.125,100,100,100,28.125,85.9375,100,100,96.875,100,100,100,100,39.0625,67.1875,100,84.375,100,100,90.625,100,98.4375,100,87.5,95.3125,100,96.875,100,100,98.4375,78.125,89.0625,42.1875,71.875,100,100,100,79.6875,100,100,100,100,100,100,100,75,79.6875,43.75,100,25,100,100,26.5625,54.6875,100,100,50,100,71.875,90.625,35.9375,100,98.4375,84.375,90.625,82.8125,100,90.625,100,23.4375,100,100,65.625,75,76.5625,100,95.3125,100,98.4375,100,100,81.25,42.1875,100,59.375,71.875,85.9375,100,79.6875,100,100,100,100,100,98.4375,100,42.1875,100,48.4375,100,67.1875,62.5,76.5625,59.375,100,100,64.0625,100,100,56.25,100,100,100,100,100,82.8125,100,56.25,70.3125,100,100,51.5625,75,60.9375,100,100,75,100,84.375,92.1875,100,100,73.4375,100,79.6875,89.0625,100,100,53.125,100,50,100,100,70.3125,76.5625,100,100,89.0625,76.5625,81.25,100,87.5,100,100,100,100,100,100,75,100,100,100,100,92.1875,100,53.125,100,100,90.625,57.8125,93.75,100,100,42.1875,100,82.8125,100,100,60.9375,100,100,81.25,100,75,100,100,100,100,95.3125,100,43.75,100,79.6875,100,46.875,100,82.8125,96.875,62.5,100,100,59.375,100,87.5,53.125,51.5625,100,100,43.75,10.9375,100,65.625,100,100,100,73.4375,78.125,82.8125,100,100,100,100,39.0625,100,100,100,92.1875,95.3125,100,100,60.9375,100,64.0625,56.25,100,100,81.25,100,98.4375,100,100,79.6875,89.0625,100,92.1875,34.375,71.875,17.1875,100,100,87.5,100,100,100,100,62.5,100,81.25,100,100,100,96.875,34.375,100,95.3125,59.375,50,90.625,15.625,50,100,100,100,48.4375,70.3125,100,100,100,100,84.375,78.125,37.5,89.0625,96.875,87.5,100,67.1875,100,95.3125,28.125,37.5,100,59.375,100,93.75,75,79.6875,100,78.125,54.6875,96.875,100,100,100,45.3125,45.3125,100,100,100,100,100,67.1875,31.25,100,100,57.8125,92.1875,78.125,100,100,81.25,100,100,100,96.875,100,57.8125,100,73.4375,14.0625,100,100,71.875,100,100,78.125,100,100,95.3125,100,100,96.875,90.625,100,100,100,100,67.1875,100,59.375,100,71.875,100,68.75,85.9375,100,100,75,70.3125,45.3125,25,45.3125,73.4375,68.75,100,100,100,93.75,92.1875,100,100,100,56.25,35.9375,100,100,100,100,85.9375,81.25,100,81.25,45.3125,75,93.75,71.875,100,73.4375,23.4375,79.6875,82.8125,100,56.25,96.875,82.8125,90.625,48.4375,12.5,100,70.3125,100,100,54.6875,100,82.8125,59.375,100,70.3125,100,65.625,59.375,82.8125,87.5,34.375,100,95.3125,100,56.25,100,100,89.0625,100,82.8125,67.1875,85.9375,100,100,21.875,100,56.25,100,100,43.75,100,42.1875,100,96.875,60.9375,100,48.4375,25,90.625,100,17.1875,85.9375,100,100,89.0625,100,78.125,100,43.75,100,71.875,100,90.625,100,100,100,46.875,100,100,20.3125,68.75,100,100,46.875,100,100,51.5625,100,48.4375,100,100,100,84.375,100,73.4375,60.9375,100,93.75,81.25,48.4375,42.1875,53.125,100,100,100,93.75,100,100,100,84.375,73.4375,100,50,100,100,89.0625,82.8125,100,65.625,100,100,100,93.75,100,37.5,75,100,29.6875,100,100,100,100,64.0625,100,1.5625,96.875,79.6875,28.125,100,89.0625,100,100,100,92.1875,100,100,54.6875,100,100,100,100,100,100,100,100,87.5,53.125,100,59.375,100,64.0625,100,100,100,75,100,34.375,64.0625,100,100,45.3125,100,100,64.0625,100,100,100,100,100,100,89.0625,98.4375,53.125,28.125,93.75,100,98.4375,62.5,51.5625,100,62.5,76.5625,64.0625,78.125,79.6875,100,100,100,100,100,76.5625,100,70.3125,59.375,100,68.75,100,100,87.5,100,28.125,59.375,100,100,96.875,90.625,100,93.75,50,100,100,26.5625,64.0625,100,100,65.625,76.5625,100,84.375,28.125,68.75,87.5,100,100,100,48.4375,100,59.375,39.0625,100,73.4375,100,100,100,65.625,65.625,100,48.4375,100,100,53.125,100,54.6875,100,81.25,73.4375,70.3125,100,57.8125,48.4375,100,96.875,100,100,95.3125,100
"6153",89.0625,100,37.5,100,100,60.9375,95.3125,45.3125,64.0625,54.6875,87.5,100,100,100,100,75,85.9375,78.125,100,100,96.875,96.875,100,100,76.5625,100,100,93.75,84.375,100,100,100,100,100,100,89.0625,82.8125,84.375,100,100,90.625,62.5,75,100,100,100,100,100,62.5,82.8125,75,100,100,71.875,71.875,100,7.8125,100,100,50,82.8125,100,98.4375,51.5625,100,100,40.625,100,64.0625,100,53.125,70.3125,100,68.75,62.5,89.0625,100,100,50,100,75,100,87.5,70.3125,65.625,100,100,78.125,100,100,56.25,90.625,100,48.4375,70.3125,90.625,100,64.0625,100,100,100,100,100,71.875,85.9375,28.125,100,100,78.125,100,89.0625,90.625,100,100,40.625,100,100,100,100,100,70.3125,100,89.0625,82.8125,89.0625,40.625,100,18.75,100,100,82.8125,100,100,100,100,65.625,100,78.125,100,93.75,100,89.0625,100,45.3125,100,100,100,100,53.125,76.5625,62.5,32.8125,79.6875,92.1875,96.875,100,75,100,100,100,100,100,73.4375,100,89.0625,71.875,70.3125,85.9375,32.8125,100,87.5,79.6875,100,100,100,100,82.8125,100,100,100,100,39.0625,100,100,100,65.625,45.3125,87.5,26.5625,84.375,100,50,79.6875,100,87.5,100,95.3125,76.5625,100,100,32.8125,98.4375,96.875,100,100,100,100,100,90.625,100,67.1875,92.1875,100,98.4375,87.5,78.125,70.3125,92.1875,100,100,100,73.4375,62.5,100,100,56.25,34.375,71.875,75,100,100,81.25,73.4375,100,100,100,60.9375,62.5,100,100,100,100,100,45.3125,100,21.875,93.75,87.5,100,100,100,79.6875,81.25,100,100,98.4375,100,67.1875,100,100,100,98.4375,29.6875,85.9375,37.5,90.625,100,100,70.3125,100,45.3125,68.75,100,100,100,62.5,25,100,59.375,100,82.8125,42.1875,100,100,100,100,45.3125,98.4375,100,78.125,76.5625,96.875,51.5625,57.8125,100,100,100,82.8125,62.5,75,57.8125,100,100,100,100,85.9375,85.9375,43.75,89.0625,100,100,100,45.3125,100,100,95.3125,100,100,31.25,57.8125,31.25,100,50,100,79.6875,53.125,95.3125,96.875,100,100,95.3125,100,76.5625,100,98.4375,32.8125,100,85.9375,100,100,100,84.375,34.375,48.4375,65.625,67.1875,20.3125,100,25,31.25,100,75,100,100,70.3125,100,75,59.375,59.375,51.5625,78.125,82.8125,100,100,76.5625,50,28.125,100,98.4375,100,100,71.875,93.75,78.125,56.25,100,100,82.8125,67.1875,100,84.375,75,100,100,100,100,93.75,100,81.25,32.8125,100,76.5625,100,100,100,81.25,100,54.6875,48.4375,43.75,100,100,100,100,100,89.0625,59.375,100,76.5625,57.8125,71.875,90.625,82.8125,68.75,100,92.1875,34.375,51.5625,100,76.5625,35.9375,100,100,100,100,40.625,100,100,100,100,82.8125,100,87.5,100,100,71.875,54.6875,100,100,100,100,93.75,100,76.5625,100,100,100,100,82.8125,90.625,75,100,100,100,84.375,73.4375,100,100,100,100,76.5625,73.4375,65.625,100,42.1875,54.6875,100,71.875,100,81.25,43.75,59.375,56.25,100,100,87.5,89.0625,100,100,95.3125,100,100,100,62.5,82.8125,100,53.125,100,64.0625,75,100,76.5625,79.6875,100,64.0625,89.0625,100,100,60.9375,71.875,81.25,100,100,100,89.0625,60.9375,100,82.8125,100,100,65.625,68.75,68.75,100,100,100,100,100,100,100,100,79.6875,87.5,62.5,25,92.1875,100,100,46.875,100,39.0625,100,98.4375,92.1875,84.375,71.875,100,79.6875,82.8125,98.4375,81.25,59.375,100,34.375,79.6875,100,85.9375,100,100,70.3125,82.8125,100,100,100,100,46.875,100,100,67.1875,100,100,71.875,100,45.3125,59.375,100,34.375,100,100,100,60.9375,82.8125,64.0625,100,29.6875,64.0625,100,68.75,82.8125,100,67.1875,100,100,100,100,100,48.4375,65.625,100,100,100,68.75,100,14.0625,100,100,81.25,100,64.0625,95.3125,100,100,100,100,39.0625,100,100,57.8125,100,53.125,100,100,75,100,35.9375,100,100,100,100,100,100,100,84.375,79.6875,100,98.4375,48.4375,98.4375,100,78.125,82.8125,100,100,79.6875,100,100,100,100,100,100,100,100,59.375,96.875,70.3125,81.25,100,100,100,95.3125,100,82.8125,90.625,100,42.1875,6.25,100,51.5625,28.125,81.25,100,100,100,100,100,65.625,100,89.0625,42.1875,21.875,48.4375,45.3125,56.25,67.1875,76.5625,73.4375,92.1875,50,73.4375,73.4375,42.1875,87.5,95.3125,45.3125,82.8125,100,100,100,100,32.8125,100,76.5625,53.125,45.3125,68.75,29.6875,100,84.375,68.75,82.8125,46.875,100,46.875,100,100,100,100,100,100,54.6875,100,90.625,90.625,82.8125,100,100,60.9375,35.9375,100,100,60.9375,100,100,100,84.375,100,100,100,100,100,76.5625,56.25,78.125,100,100,96.875,100,100,100,54.6875,100,100,68.75,100,89.0625,100,45.3125,100,100,37.5,89.0625,84.375,76.5625,45.3125,59.375,100,50,87.5,100,100,100,100,51.5625,100,67.1875,65.625,100,100,96.875,48.4375,100,100,78.125,6.25,100,100,85.9375,43.75,100,9.375,82.8125,100,100,85.9375,100,100,76.5625,100,100,100,100,92.1875,48.4375,45.3125,82.8125,100,67.1875,100,100,100,65.625,59.375,95.3125,100,100,100,70.3125,100,100,26.5625,100,100,100,85.9375,82.8125,100,39.0625,96.875,100,100,59.375,100,57.8125,100,100,100,100,93.75,48.4375,67.1875,100,84.375,89.0625,100,100,56.25,100,70.3125,76.5625,79.6875,43.75,15.625,57.8125,100,70.3125,85.9375,100,100,82.8125,65.625,100,100,100,71.875,96.875,76.5625,10.9375,65.625,100,100,98.4375,100,81.25,100,95.3125,100,54.6875,100,100,73.4375,65.625,95.3125,100,54.6875,100,70.3125,39.0625,100,68.75,100,75,100,51.5625,78.125,100,23.4375,100,64.0625,59.375,100,67.1875,100,81.25,75,100,96.875,98.4375,100,100,100,71.875,20.3125,100,100,100,98.4375,100,51.5625,100,100,100,100,100,71.875,100,98.4375,100,96.875,84.375,76.5625,54.6875,78.125,87.5,57.8125,95.3125,100,35.9375,100,79.6875,100,100,96.875,100,67.1875,100,100,67.1875,96.875,60.9375,78.125,70.3125,79.6875,51.5625,84.375,100,100,100,53.125,95.3125,90.625,39.0625,70.3125,100,100,100,70.3125,100,100,93.75,100,100,100,90.625,100,100,100,100,100,100,100,92.1875,59.375,51.5625,98.4375,98.4375,60.9375,39.0625,100,85.9375,100,100,51.5625,78.125,51.5625,29.6875,100,25,100,87.5,70.3125,100,89.0625,84.375,100,100,100,81.25,100,100,100,100,100,54.6875,89.0625,35.9375,100,95.3125,89.0625,93.75,57.8125,62.5,100,68.75,82.8125,100,84.375,48.4375,78.125,25,81.25,100,100,100,62.5,100,100,70.3125,28.125,100,82.8125,79.6875,100,76.5625,100,96.875,98.4375,62.5,100,100,100,82.8125,100,100,100,76.5625,82.8125,70.3125,100,100,35.9375,65.625,100,100,100,71.875,100,79.6875,82.8125,100,100,100,100,100,85.9375,100,89.0625,100,92.1875,100,100,100,100,42.1875,26.5625,100,25,73.4375,100,100,70.3125,81.25,100,79.6875,100,100,64.0625,42.1875,51.5625,87.5,90.625,100,100,100,26.5625,100,100,85.9375,100,79.6875,51.5625,84.375,100,100,100,68.75,17.1875,100,100,64.0625,100,100,100,100,100,100,87.5,68.75,64.0625,100,90.625,87.5,21.875,78.125,100,87.5,100,100,100,100,70.3125,75,100,28.125,93.75,46.875,100,82.8125,60.9375,100,73.4375,100,79.6875,100,46.875,100,100,100,100,100,79.6875,100,100,100,40.625,100,100,60.9375,65.625,100,93.75,100,87.5,100,98.4375,82.8125,64.0625,100,85.9375,100,98.4375,100,100,100,100,40.625,100,100,100,100,100,100,100,64.0625,100,93.75,100,100,78.125,100,98.4375,100,35.9375,75,100,100,100,82.8125,93.75,85.9375,85.9375,100,100,70.3125,100,100,100,12.5,100,54.6875,51.5625,78.125,100,70.3125,87.5,100,100,100,78.125,42.1875,65.625,89.0625,26.5625,100,100,100,100,100,100,100,100,100,100,90.625,71.875,95.3125,51.5625,100,71.875,100,100,100,67.1875,95.3125,79.6875,100,100,54.6875,100,100,46.875,96.875,64.0625,96.875,100,100,45.3125,100,75,100,100,100,35.9375,100,26.5625,75,100,100,100,89.0625,39.0625,100,39.0625,100,100,100,100,35.9375,68.75,100,73.4375,100,100,100,85.9375,100,64.0625,82.8125,56.25,87.5,73.4375,100,100,73.4375,84.375,100,67.1875,62.5,65.625,100,100,62.5,84.375,100,78.125,62.5,100,40.625,93.75,100,100,100,100,100,100,100,73.4375,100,100,100,78.125,96.875,89.0625,100,65.625,84.375,100,100,87.5,90.625,98.4375,100,59.375,100,84.375,68.75,48.4375,100,100,100,100,100,89.0625,100,100,100,100,90.625,100,100,95.3125,100,75,100,50,100,100,54.6875,51.5625,84.375,100,100,100,84.375,54.6875,62.5,54.6875,43.75,100,100,96.875,67.1875,100,21.875,78.125,90.625,96.875,100,89.0625,100,53.125,100,85.9375,64.0625,100,100,67.1875,100,90.625,100,81.25,100,100,95.3125,93.75,100,100,100,73.4375,31.25,100,100,39.0625,100,100,100,100,35.9375,70.3125,89.0625,100,100,100,100,100,100,51.5625,100,87.5,48.4375,78.125,43.75,93.75,100,51.5625,85.9375,76.5625,100,100,78.125,31.25,81.25,98.4375,75,70.3125,100,100,65.625,100,100,100,100,96.875,100,79.6875,100,100,92.1875,100,89.0625,100,93.75,100,100,100,71.875,100,100,100,100,65.625,82.8125,100,100,92.1875,95.3125,89.0625,100,100,70.3125,71.875,100,90.625,100,15.625,32.8125,70.3125,100,100,76.5625,100,100,78.125,100,98.4375,100,92.1875,64.0625,78.125,100,100,93.75,100,100,100,100,100,100,100,60.9375,51.5625,68.75,100,65.625,100,100,100,100,100,100,26.5625,98.4375,100,93.75,85.9375,100,92.1875,100,100,100,100,100,98.4375,100,96.875,60.9375,100,64.0625,100,79.6875,100,100,100,93.75,73.4375,100,100,39.0625,100,39.0625,100,100,100,100,100,100,100,65.625,100,100,59.375,100,78.125,100,70.3125,21.875,56.25,100,100,100,100,84.375,100,100,100,95.3125,100,100,100,98.4375,100,64.0625,100,64.0625,65.625,64.0625,100,82.8125,68.75,79.6875,71.875,100,100,100,100,89.0625,100,100,81.25,89.0625,71.875,100,100,82.8125,17.1875,100,81.25,95.3125,100,100,100,53.125,45.3125,87.5,100,96.875,100,51.5625,79.6875,100,90.625,100,100,100,71.875,39.0625,73.4375,100,57.8125,87.5,90.625,100,100,100,89.0625,100,100,100,100,100,82.8125,100,59.375,100,100,79.6875,79.6875,89.0625,100,100,100,84.375,71.875,76.5625,68.75,100,32.8125,70.3125,100,100,100,68.75,100,71.875,100,23.4375,100,100,100,71.875,56.25,100,90.625,100,100,18.75,100,40.625,82.8125,73.4375,65.625,100,100,87.5,100,100,100,100,71.875,28.125,87.5,100,53.125,56.25,100,95.3125,67.1875,100,87.5,50,100,100,100,93.75,100,31.25,20.3125,100,100,100,100,87.5,100,100,100,100,100,14.0625,10.9375,100,93.75,98.4375,100,68.75,100,50,100,100,100,92.1875,68.75,100,100,100,100,50,92.1875,92.1875,100,100,100,53.125,48.4375,100,95.3125,100,68.75,68.75,100,79.6875,95.3125,100,46.875,56.25,62.5,78.125,85.9375,100,90.625,100,92.1875,100,100,90.625,100,100,100,100,82.8125,100,100,100,100,100,100,90.625,100,21.875,84.375,78.125,100,100,54.6875,100,60.9375,67.1875,46.875,48.4375,100,100,56.25,85.9375,100,100,100,100,100,73.4375,100,79.6875,100,42.1875,100,50,81.25,100,100,100,87.5,90.625,78.125,68.75,100,100,51.5625,98.4375,100,35.9375,100,57.8125,100,100,75,100,68.75,100,23.4375,68.75,100,100,100,100,95.3125,59.375,40.625,81.25,73.4375,48.4375,73.4375,100,34.375,84.375,96.875,43.75,100,96.875,100,68.75,100,100,23.4375,64.0625,100,93.75,100,82.8125,51.5625,89.0625,100,89.0625,100,79.6875,64.0625,100,54.6875,68.75,60.9375,100,75,100,100,59.375,100,100,100,28.125,100,37.5,100,92.1875,100,100,90.625,84.375,46.875,100,100,79.6875,100,100,100,100,67.1875,81.25,100,84.375,100,100,100,100,95.3125,32.8125,87.5,98.4375,87.5,65.625,95.3125,100,100,42.1875,35.9375,100,70.3125,75,100,32.8125,100,100,100,75,100,90.625,40.625,100,100,100,85.9375,54.6875,25,100,70.3125,100,100,92.1875,73.4375,100,56.25,37.5,100,100,67.1875,34.375,89.0625,100,76.5625,85.9375,95.3125,84.375,43.75,100,100,100,89.0625,57.8125,62.5,100,100,100,100,45.3125,100,100,100,100,92.1875,100,100,100,100,100,64.0625,100,60.9375,73.4375,100,100,67.1875,87.5,18.75,100,25,82.8125,100,100,100,76.5625,70.3125,82.8125,100,87.5,100,100,100,100,100,84.375,43.75,53.125,100,100,100,87.5,100,57.8125,92.1875,100,100,96.875,89.0625,100,92.1875,84.375,68.75,100,95.3125,100,100,100,92.1875,100,100,100,100,76.5625,98.4375,100,100,100,89.0625,100,100,100,67.1875,100,100,76.5625,100,100,98.4375,76.5625,68.75,89.0625,100,95.3125,39.0625,59.375,85.9375,100,100,100,100,100,37.5,100,84.375,100,100,93.75,100,100,67.1875,100,76.5625,100,100,42.1875,100,78.125,15.625,32.8125,100,54.6875,100,100,100,100,39.0625,100,100,100,87.5,73.4375,100,100,15.625,100,100,100,78.125,100,100,87.5,100,100,82.8125,100,82.8125,100,100,100,100,46.875,75,100,81.25,84.375,100,100,90.625,100,78.125,100,85.9375,100,100,53.125,100,68.75,100,76.5625,90.625,70.3125,73.4375,100,100,100,96.875,100,100,85.9375,100,98.4375,100,59.375,68.75,78.125,100,90.625,100,84.375,78.125,100,34.375,60.9375,100,100,100,100,50,59.375,90.625,100,100,46.875,90.625,40.625,100,100,59.375,84.375,25,71.875,42.1875,100,100,53.125,100,46.875,67.1875,59.375,100,84.375,75,79.6875,71.875,100,92.1875,100,100,79.6875,96.875,45.3125,48.4375,85.9375,71.875,39.0625,100,67.1875,100,100,53.125,68.75,100,57.8125,100,89.0625,75,90.625,64.0625,100,100,100,100,98.4375,68.75,76.5625,76.5625,76.5625,100,100,48.4375,62.5,92.1875,100,76.5625,100,59.375,96.875,60.9375,64.0625,100,100,100,81.25,93.75,100,100,85.9375,51.5625,46.875,79.6875,29.6875,62.5,50,89.0625,92.1875,100,67.1875,76.5625,100,100,34.375,100,23.4375,100,76.5625,100,100,90.625,45.3125,93.75,100,46.875,40.625,100,81.25,100,100,75,67.1875,100,95.3125,92.1875,100,65.625,67.1875,75,100,100,100,25,100,100,93.75,100,100,100,82.8125,67.1875,46.875,7.8125,100,70.3125,50,28.125,79.6875,54.6875,76.5625,100,25,93.75,54.6875,93.75,100,100,48.4375,85.9375,100,93.75,82.8125,100,100,59.375,100,100,100,93.75,37.5,31.25,100,100,100,67.1875,71.875,56.25,67.1875,96.875,100,100,100,100,100,60.9375,42.1875,100,71.875,100,100,100,100,100,100,100,59.375,98.4375,100,82.8125,100,54.6875,100,25,100,45.3125,100,100,100,67.1875,100,84.375,96.875,92.1875,100,87.5,78.125,35.9375,87.5,93.75,100,100,93.75,65.625,57.8125,84.375,100,100,100,26.5625,76.5625,100,71.875,100,100,100,100,100,42.1875,57.8125,100,89.0625,100,100,71.875,100,81.25,12.5,89.0625,100,100,59.375,100,100,100,100,78.125,46.875,84.375,100,100,100,100,100,100,100,100,73.4375,100,100,71.875,65.625,59.375,100,26.5625,100,100,42.1875,59.375,100,100,50,100,90.625,90.625,100,100,92.1875,85.9375,84.375,82.8125,100,89.0625,100,25,100,100,76.5625,64.0625,64.0625,100,100,100,98.4375,100,100,82.8125,62.5,100,59.375,75,96.875,100,71.875,100,100,100,100,100,90.625,100,98.4375,100,100,29.6875,68.75,54.6875,87.5,59.375,100,100,64.0625,100,100,57.8125,46.875,100,100,100,100,78.125,100,56.25,71.875,100,100,43.75,76.5625,46.875,100,100,71.875,100,82.8125,92.1875,100,100,73.4375,100,87.5,100,60.9375,100,46.875,81.25,48.4375,100,100,68.75,79.6875,64.0625,100,78.125,43.75,79.6875,100,35.9375,100,34.375,100,100,100,100,76.5625,42.1875,62.5,56.25,100,93.75,100,54.6875,100,100,100,60.9375,100,100,85.9375,100,100,57.8125,100,100,100,100,100,71.875,100,75,100,100,100,95.3125,92.1875,100,56.25,100,100,100,56.25,100,87.5,100,62.5,100,100,56.25,100,95.3125,81.25,45.3125,100,100,35.9375,10.9375,100,68.75,100,100,100,75,71.875,71.875,100,100,100,100,42.1875,70.3125,100,100,100,95.3125,100,100,51.5625,95.3125,64.0625,68.75,100,100,100,100,89.0625,100,100,85.9375,75,82.8125,87.5,100,70.3125,21.875,100,98.4375,100,92.1875,100,87.5,100,64.0625,100,79.6875,96.875,100,100,96.875,100,100,93.75,68.75,71.875,90.625,18.75,46.875,28.125,100,100,43.75,100,100,100,85.9375,89.0625,84.375,76.5625,39.0625,87.5,100,100,12.5,64.0625,100,100,68.75,75,100,59.375,100,82.8125,79.6875,81.25,100,71.875,54.6875,100,100,100,100,56.25,45.3125,100,100,100,100,100,75,90.625,100,100,65.625,93.75,78.125,100,100,87.5,98.4375,100,100,100,100,56.25,100,73.4375,93.75,100,100,64.0625,100,100,82.8125,100,100,100,71.875,100,98.4375,90.625,82.8125,100,100,76.5625,67.1875,100,59.375,100,65.625,100,57.8125,87.5,100,100,75,100,35.9375,68.75,37.5,71.875,67.1875,100,100,100,85.9375,100,96.875,100,64.0625,62.5,37.5,100,35.9375,100,100,78.125,81.25,100,82.8125,17.1875,78.125,100,71.875,100,59.375,17.1875,73.4375,71.875,98.4375,56.25,100,82.8125,92.1875,42.1875,14.0625,100,68.75,32.8125,100,51.5625,100,100,54.6875,100,71.875,100,79.6875,79.6875,79.6875,82.8125,57.8125,100,100,100,54.6875,100,100,89.0625,100,100,68.75,85.9375,100,100,21.875,100,59.375,100,100,45.3125,100,39.0625,100,82.8125,53.125,100,53.125,100,92.1875,100,17.1875,85.9375,100,100,95.3125,100,71.875,95.3125,20.3125,100,59.375,100,100,100,85.9375,60.9375,43.75,100,100,37.5,64.0625,100,100,62.5,100,100,53.125,100,50,100,100,100,79.6875,100,79.6875,59.375,100,93.75,76.5625,51.5625,40.625,53.125,100,100,100,100,100,100,100,87.5,75,100,95.3125,100,100,89.0625,85.9375,100,67.1875,100,100,100,95.3125,85.9375,26.5625,73.4375,85.9375,81.25,100,100,100,100,56.25,100,1.5625,100,26.5625,28.125,100,75,100,100,100,87.5,100,100,100,100,100,100,59.375,100,100,84.375,100,87.5,96.875,100,53.125,100,62.5,100,100,100,78.125,100,34.375,64.0625,100,100,51.5625,100,100,51.5625,100,100,76.5625,100,100,100,89.0625,90.625,65.625,34.375,67.1875,62.5,100,85.9375,100,100,62.5,45.3125,60.9375,75,45.3125,75,100,100,100,100,75,100,100,59.375,100,68.75,100,100,79.6875,100,25,56.25,100,100,96.875,100,100,100,48.4375,100,100,39.0625,65.625,100,100,67.1875,89.0625,100,81.25,26.5625,65.625,87.5,100,100,100,56.25,100,59.375,37.5,100,87.5,100,100,100,25,73.4375,100,54.6875,92.1875,100,53.125,14.0625,54.6875,100,42.1875,100,70.3125,100,100,95.3125,100,100,100,64.0625,100,100
"6154",87.5,100,39.0625,100,100,54.6875,93.75,60.9375,60.9375,87.5,82.8125,100,100,100,100,78.125,84.375,73.4375,100,100,96.875,95.3125,100,100,75,100,100,95.3125,89.0625,100,100,100,100,95.3125,100,96.875,82.8125,100,100,100,95.3125,67.1875,98.4375,100,100,100,100,100,67.1875,85.9375,75,100,100,70.3125,71.875,100,34.375,100,96.875,43.75,84.375,100,98.4375,100,100,100,51.5625,100,79.6875,100,53.125,70.3125,100,84.375,100,82.8125,100,100,50,100,75,100,85.9375,73.4375,85.9375,100,100,67.1875,100,100,70.3125,89.0625,100,48.4375,84.375,96.875,100,59.375,100,100,76.5625,100,100,73.4375,25,23.4375,100,79.6875,43.75,100,89.0625,68.75,100,100,45.3125,100,100,100,100,100,76.5625,100,100,90.625,100,37.5,100,18.75,100,100,100,100,76.5625,100,100,64.0625,100,78.125,100,95.3125,100,100,54.6875,54.6875,100,100,100,100,60.9375,79.6875,62.5,40.625,84.375,92.1875,95.3125,28.125,75,100,100,100,100,100,73.4375,100,100,70.3125,20.3125,87.5,32.8125,100,85.9375,79.6875,64.0625,100,100,98.4375,84.375,100,100,51.5625,100,34.375,100,100,95.3125,100,46.875,100,100,85.9375,98.4375,43.75,87.5,100,87.5,100,100,60.9375,100,78.125,35.9375,53.125,95.3125,100,100,100,100,100,73.4375,100,64.0625,100,100,98.4375,79.6875,78.125,34.375,95.3125,100,100,100,70.3125,100,100,100,57.8125,100,100,67.1875,100,100,81.25,100,100,100,100,60.9375,60.9375,100,100,100,100,100,34.375,100,20.3125,100,87.5,100,100,100,76.5625,75,92.1875,76.5625,98.4375,100,64.0625,100,100,100,100,29.6875,100,53.125,92.1875,100,96.875,100,100,57.8125,39.0625,100,100,100,39.0625,23.4375,100,57.8125,100,84.375,48.4375,100,100,100,100,45.3125,98.4375,100,92.1875,79.6875,95.3125,50,57.8125,100,100,90.625,84.375,59.375,75,46.875,100,100,100,100,81.25,89.0625,100,85.9375,53.125,100,98.4375,46.875,100,100,96.875,100,100,32.8125,65.625,87.5,100,53.125,67.1875,68.75,100,96.875,96.875,100,100,85.9375,100,76.5625,100,100,31.25,100,87.5,100,100,100,84.375,35.9375,59.375,64.0625,67.1875,18.75,100,100,76.5625,100,78.125,100,100,70.3125,100,68.75,62.5,56.25,84.375,71.875,79.6875,100,100,84.375,53.125,28.125,100,98.4375,100,100,100,95.3125,67.1875,100,100,96.875,65.625,60.9375,100,85.9375,73.4375,100,100,100,64.0625,95.3125,100,64.0625,89.0625,100,76.5625,100,100,100,79.6875,100,59.375,93.75,31.25,100,100,100,100,100,90.625,59.375,100,78.125,57.8125,89.0625,93.75,59.375,95.3125,100,93.75,39.0625,50,100,75,60.9375,100,81.25,100,85.9375,100,39.0625,100,100,100,82.8125,100,81.25,100,21.875,67.1875,34.375,100,100,100,100,93.75,87.5,64.0625,96.875,100,100,100,100,90.625,93.75,100,100,100,84.375,71.875,100,85.9375,100,100,76.5625,71.875,64.0625,100,79.6875,50,100,96.875,100,82.8125,67.1875,57.8125,46.875,100,100,67.1875,100,100,100,100,87.5,100,100,62.5,82.8125,93.75,56.25,100,64.0625,73.4375,100,79.6875,79.6875,100,65.625,100,100,100,78.125,100,54.6875,100,100,100,85.9375,59.375,100,84.375,100,100,62.5,70.3125,68.75,100,100,100,100,85.9375,100,100,76.5625,100,100,60.9375,26.5625,93.75,100,96.875,45.3125,100,40.625,100,98.4375,95.3125,84.375,71.875,100,81.25,82.8125,100,79.6875,68.75,100,35.9375,100,100,85.9375,100,100,70.3125,79.6875,100,100,100,100,54.6875,100,100,67.1875,100,100,71.875,100,70.3125,60.9375,60.9375,37.5,96.875,100,100,78.125,78.125,65.625,100,29.6875,71.875,100,70.3125,71.875,100,65.625,100,100,100,100,100,92.1875,87.5,100,68.75,100,57.8125,100,100,100,100,71.875,100,70.3125,96.875,100,100,100,78.125,34.375,100,100,50,98.4375,62.5,100,100,76.5625,100,45.3125,100,89.0625,100,100,100,100,100,68.75,87.5,100,81.25,75,92.1875,100,100,81.25,100,100,100,100,100,100,82.8125,96.875,100,100,100,59.375,96.875,70.3125,35.9375,93.75,100,100,100,100,93.75,90.625,100,42.1875,6.25,98.4375,54.6875,28.125,100,100,100,100,100,100,82.8125,100,85.9375,42.1875,21.875,71.875,45.3125,53.125,67.1875,75,100,96.875,70.3125,64.0625,70.3125,40.625,92.1875,95.3125,57.8125,100,100,100,100,100,57.8125,100,76.5625,53.125,46.875,68.75,100,100,82.8125,65.625,65.625,46.875,100,50,100,100,100,100,100,100,67.1875,100,76.5625,87.5,82.8125,100,100,64.0625,90.625,100,100,60.9375,100,100,100,81.25,50,100,100,100,100,73.4375,57.8125,100,100,100,98.4375,100,100,100,100,100,100,67.1875,100,96.875,100,62.5,100,100,34.375,89.0625,100,82.8125,37.5,59.375,100,100,62.5,82.8125,100,100,43.75,92.1875,100,67.1875,84.375,100,100,100,100,21.875,78.125,73.4375,4.6875,100,100,100,42.1875,100,9.375,84.375,100,100,79.6875,100,100,98.4375,92.1875,100,100,62.5,100,50,46.875,100,100,64.0625,100,100,100,60.9375,59.375,96.875,100,100,75,70.3125,60.9375,100,57.8125,100,100,100,89.0625,84.375,100,81.25,96.875,100,100,57.8125,100,45.3125,100,100,100,100,93.75,62.5,100,100,89.0625,57.8125,100,100,59.375,100,70.3125,76.5625,81.25,42.1875,100,70.3125,100,81.25,100,100,100,81.25,67.1875,100,100,100,78.125,98.4375,76.5625,29.6875,67.1875,89.0625,100,95.3125,100,82.8125,100,96.875,95.3125,54.6875,100,100,100,43.75,100,100,84.375,100,65.625,39.0625,100,68.75,100,71.875,100,56.25,78.125,100,32.8125,100,34.375,59.375,100,62.5,87.5,78.125,76.5625,100,96.875,73.4375,100,100,68.75,71.875,23.4375,100,100,100,98.4375,79.6875,45.3125,100,100,100,100,100,76.5625,100,79.6875,100,82.8125,100,73.4375,59.375,100,68.75,60.9375,87.5,100,35.9375,100,76.5625,93.75,100,100,70.3125,60.9375,100,100,70.3125,71.875,85.9375,100,79.6875,78.125,78.125,100,71.875,100,100,46.875,96.875,89.0625,32.8125,68.75,90.625,100,100,70.3125,100,100,92.1875,100,100,100,93.75,100,100,100,100,100,100,100,100,70.3125,12.5,100,100,60.9375,28.125,100,85.9375,100,100,70.3125,78.125,53.125,29.6875,100,25,95.3125,81.25,70.3125,100,89.0625,85.9375,100,100,100,100,100,100,100,100,100,57.8125,87.5,100,100,95.3125,90.625,93.75,68.75,65.625,10.9375,100,100,100,84.375,100,67.1875,48.4375,59.375,100,100,100,100,100,100,76.5625,26.5625,100,100,78.125,100,70.3125,100,17.1875,100,100,100,100,100,81.25,98.4375,100,93.75,76.5625,89.0625,68.75,100,100,100,100,100,100,100,85.9375,100,81.25,51.5625,100,100,100,100,100,85.9375,100,90.625,100,93.75,100,100,82.8125,100,42.1875,89.0625,100,84.375,75,48.4375,100,78.125,82.8125,100,81.25,100,100,71.875,40.625,50,98.4375,100,100,100,100,25,100,100,95.3125,100,100,70.3125,85.9375,100,100,100,70.3125,18.75,100,93.75,57.8125,100,100,100,100,100,100,100,90.625,65.625,100,78.125,89.0625,21.875,79.6875,100,87.5,100,100,100,100,100,75,100,100,93.75,48.4375,100,82.8125,59.375,100,65.625,100,68.75,85.9375,100,100,100,100,100,100,85.9375,100,100,100,54.6875,100,100,57.8125,65.625,100,93.75,100,85.9375,100,98.4375,84.375,76.5625,96.875,100,100,100,100,100,87.5,100,39.0625,54.6875,100,100,100,100,100,100,45.3125,67.1875,96.875,100,100,100,100,96.875,100,82.8125,75,100,100,100,84.375,95.3125,92.1875,76.5625,75,100,70.3125,100,100,67.1875,15.625,100,54.6875,51.5625,50,100,68.75,96.875,100,100,100,75,51.5625,39.0625,93.75,25,100,100,100,100,100,100,100,100,100,100,57.8125,65.625,95.3125,53.125,100,67.1875,100,100,100,68.75,95.3125,81.25,100,100,53.125,100,100,54.6875,96.875,68.75,100,100,100,43.75,71.875,75,84.375,100,100,100,100,29.6875,73.4375,100,100,100,89.0625,23.4375,100,46.875,100,100,100,100,68.75,23.4375,100,73.4375,95.3125,96.875,100,100,100,95.3125,73.4375,56.25,87.5,75,100,100,75,71.875,26.5625,67.1875,62.5,50,100,100,68.75,93.75,78.125,79.6875,62.5,100,40.625,95.3125,100,100,100,100,100,92.1875,100,73.4375,100,100,100,95.3125,100,85.9375,100,85.9375,82.8125,100,100,76.5625,100,100,100,89.0625,100,90.625,59.375,62.5,100,81.25,100,98.4375,37.5,89.0625,100,53.125,100,100,85.9375,53.125,100,100,100,56.25,100,42.1875,100,100,56.25,50,79.6875,85.9375,100,100,79.6875,53.125,60.9375,56.25,40.625,100,100,96.875,68.75,60.9375,62.5,79.6875,84.375,93.75,100,90.625,100,53.125,93.75,100,59.375,100,100,59.375,100,89.0625,100,79.6875,73.4375,98.4375,100,92.1875,100,100,96.875,73.4375,25,100,100,39.0625,100,100,100,100,48.4375,65.625,89.0625,100,100,100,100,100,100,54.6875,54.6875,73.4375,46.875,78.125,54.6875,93.75,92.1875,100,96.875,82.8125,100,100,76.5625,29.6875,64.0625,100,73.4375,68.75,100,100,65.625,100,100,100,96.875,100,100,92.1875,100,100,100,100,89.0625,100,100,100,100,100,95.3125,100,100,100,92.1875,87.5,70.3125,100,100,82.8125,93.75,78.125,100,100,71.875,82.8125,100,100,100,15.625,34.375,65.625,100,98.4375,76.5625,100,100,48.4375,45.3125,89.0625,84.375,92.1875,82.8125,60.9375,100,100,100,100,100,100,100,73.4375,100,100,39.0625,50,70.3125,100,62.5,100,100,100,100,100,100,76.5625,96.875,100,100,96.875,100,100,100,100,100,100,95.3125,100,100,100,14.0625,100,57.8125,100,92.1875,100,100,100,95.3125,100,98.4375,96.875,18.75,100,43.75,100,76.5625,100,100,100,87.5,95.3125,75,100,100,60.9375,100,76.5625,100,73.4375,20.3125,76.5625,100,100,100,100,96.875,100,100,100,96.875,31.25,100,100,93.75,100,28.125,100,71.875,89.0625,54.6875,62.5,56.25,51.5625,51.5625,73.4375,100,100,100,100,89.0625,100,100,85.9375,67.1875,96.875,100,100,85.9375,71.875,89.0625,81.25,71.875,100,100,100,67.1875,43.75,81.25,100,92.1875,100,78.125,76.5625,100,85.9375,100,100,100,81.25,100,57.8125,100,100,87.5,90.625,100,100,100,100,100,100,100,100,100,100,100,59.375,100,45.3125,98.4375,82.8125,95.3125,96.875,100,100,84.375,71.875,70.3125,73.4375,100,100,68.75,100,100,100,100,100,76.5625,100,100,100,100,100,59.375,54.6875,100,71.875,100,100,89.0625,100,54.6875,85.9375,76.5625,65.625,100,100,87.5,100,96.875,100,100,65.625,37.5,54.6875,100,45.3125,54.6875,100,95.3125,64.0625,100,100,46.875,100,100,100,93.75,100,29.6875,20.3125,100,100,100,100,100,100,100,100,100,100,12.5,56.25,100,100,95.3125,76.5625,78.125,100,100,100,100,82.8125,100,59.375,100,100,100,100,75,92.1875,100,100,100,100,54.6875,57.8125,100,82.8125,100,53.125,75,100,76.5625,64.0625,100,48.4375,59.375,62.5,90.625,85.9375,100,100,100,100,100,82.8125,93.75,100,100,100,100,82.8125,96.875,100,100,100,100,100,85.9375,100,20.3125,84.375,93.75,100,79.6875,57.8125,100,70.3125,100,46.875,57.8125,100,100,57.8125,87.5,100,100,100,100,100,73.4375,100,84.375,100,40.625,100,31.25,76.5625,100,100,65.625,90.625,100,100,51.5625,100,100,46.875,82.8125,100,23.4375,100,51.5625,100,100,75,100,100,100,67.1875,68.75,100,100,100,82.8125,95.3125,59.375,48.4375,100,70.3125,43.75,79.6875,100,64.0625,81.25,100,48.4375,100,96.875,100,100,100,100,23.4375,64.0625,100,93.75,100,100,43.75,93.75,100,90.625,100,73.4375,64.0625,100,57.8125,73.4375,87.5,100,73.4375,93.75,100,60.9375,100,100,100,26.5625,100,37.5,100,100,100,100,93.75,95.3125,50,100,100,71.875,100,100,100,95.3125,100,82.8125,100,82.8125,100,100,96.875,100,100,31.25,73.4375,100,96.875,57.8125,95.3125,100,100,34.375,35.9375,100,76.5625,76.5625,100,31.25,100,100,100,90.625,100,71.875,65.625,75,98.4375,100,93.75,68.75,25,100,70.3125,100,100,93.75,84.375,100,56.25,32.8125,4.6875,100,62.5,60.9375,92.1875,100,67.1875,84.375,92.1875,76.5625,42.1875,100,35.9375,100,95.3125,59.375,70.3125,82.8125,100,100,95.3125,50,100,100,100,100,100,100,100,100,100,100,100,100,59.375,70.3125,100,100,53.125,82.8125,20.3125,100,100,85.9375,100,100,100,82.8125,81.25,79.6875,100,89.0625,100,100,100,100,100,84.375,48.4375,53.125,100,90.625,100,100,100,15.625,100,100,100,79.6875,95.3125,100,92.1875,84.375,100,100,100,100,100,100,100,89.0625,98.4375,100,100,76.5625,95.3125,100,100,100,84.375,78.125,100,100,67.1875,100,93.75,76.5625,100,100,100,79.6875,78.125,79.6875,100,71.875,42.1875,57.8125,70.3125,100,98.4375,100,100,100,34.375,100,93.75,100,100,93.75,90.625,100,67.1875,100,73.4375,100,100,43.75,100,56.25,4.6875,32.8125,100,9.375,100,100,100,100,89.0625,98.4375,90.625,100,100,76.5625,100,100,25,100,100,100,78.125,100,100,87.5,100,100,34.375,100,90.625,100,93.75,100,100,43.75,81.25,100,100,82.8125,100,100,56.25,100,78.125,100,71.875,100,100,54.6875,100,70.3125,100,75,90.625,70.3125,75,100,100,100,92.1875,98.4375,100,85.9375,100,93.75,100,100,73.4375,76.5625,100,90.625,100,67.1875,90.625,100,34.375,59.375,100,100,100,100,50,100,93.75,100,100,45.3125,48.4375,100,100,100,59.375,71.875,28.125,68.75,73.4375,100,100,59.375,100,82.8125,67.1875,59.375,100,85.9375,82.8125,90.625,73.4375,100,90.625,100,100,73.4375,96.875,42.1875,43.75,79.6875,71.875,39.0625,100,76.5625,100,100,56.25,71.875,100,59.375,100,85.9375,79.6875,90.625,65.625,100,100,100,100,81.25,73.4375,79.6875,89.0625,76.5625,100,100,43.75,60.9375,84.375,100,100,79.6875,95.3125,93.75,57.8125,67.1875,100,100,100,76.5625,95.3125,100,100,84.375,100,46.875,81.25,29.6875,64.0625,51.5625,82.8125,71.875,87.5,90.625,96.875,100,12.5,32.8125,100,100,100,100,87.5,96.875,87.5,43.75,76.5625,100,35.9375,40.625,100,81.25,100,100,73.4375,67.1875,81.25,98.4375,93.75,100,65.625,59.375,78.125,100,100,100,100,100,100,82.8125,100,96.875,100,85.9375,68.75,40.625,23.4375,100,70.3125,64.0625,100,81.25,45.3125,73.4375,87.5,20.3125,93.75,54.6875,85.9375,100,100,50,84.375,100,84.375,81.25,100,100,20.3125,100,100,100,93.75,50,32.8125,87.5,100,100,79.6875,79.6875,51.5625,67.1875,100,100,100,100,100,100,71.875,46.875,87.5,82.8125,100,100,100,100,100,100,100,54.6875,100,100,98.4375,100,68.75,100,23.4375,100,85.9375,100,100,100,67.1875,100,84.375,93.75,89.0625,100,100,92.1875,100,85.9375,98.4375,53.125,100,100,67.1875,56.25,75,100,100,100,26.5625,85.9375,100,100,100,85.9375,100,100,100,56.25,59.375,100,87.5,100,100,100,100,73.4375,29.6875,15.625,100,100,89.0625,100,100,100,84.375,60.9375,17.1875,70.3125,100,100,100,68.75,100,100,15.625,100,64.0625,92.1875,92.1875,54.6875,75,64.0625,59.375,25,100,100,14.0625,54.6875,100,100,50,100,71.875,100,100,100,90.625,84.375,78.125,100,100,89.0625,100,21.875,98.4375,100,81.25,62.5,100,100,93.75,100,98.4375,100,100,84.375,53.125,100,60.9375,78.125,100,100,79.6875,100,100,100,100,100,100,100,93.75,100,100,25,68.75,53.125,100,59.375,100,100,67.1875,100,100,54.6875,26.5625,100,100,100,73.4375,79.6875,100,57.8125,71.875,37.5,100,43.75,76.5625,67.1875,100,100,89.0625,100,73.4375,100,40.625,100,73.4375,40.625,85.9375,100,57.8125,100,100,100,51.5625,100,100,67.1875,78.125,93.75,100,100,100,71.875,100,29.6875,100,100,100,100,100,100,76.5625,43.75,100,100,100,92.1875,100,51.5625,100,100,100,59.375,100,78.125,79.6875,100,100,65.625,100,100,68.75,100,100,50,100,73.4375,100,100,100,100,93.75,100,45.3125,100,100,100,46.875,100,87.5,50,62.5,100,100,51.5625,100,81.25,82.8125,42.1875,100,100,59.375,10.9375,100,62.5,100,100,100,75,98.4375,76.5625,100,100,100,100,37.5,54.6875,100,96.875,81.25,95.3125,96.875,100,64.0625,92.1875,64.0625,56.25,100,100,98.4375,100,100,100,100,78.125,71.875,100,92.1875,50,62.5,92.1875,87.5,98.4375,95.3125,100,100,100,100,64.0625,90.625,81.25,100,64.0625,100,96.875,100,100,85.9375,67.1875,98.4375,89.0625,20.3125,48.4375,100,100,100,45.3125,60.9375,100,100,100,100,73.4375,79.6875,35.9375,89.0625,39.0625,100,100,68.75,100,93.75,78.125,100,100,59.375,100,92.1875,78.125,81.25,100,79.6875,54.6875,100,28.125,100,100,48.4375,45.3125,100,100,51.5625,100,100,67.1875,29.6875,100,100,59.375,90.625,78.125,100,96.875,100,100,100,100,100,100,53.125,100,73.4375,29.6875,100,100,79.6875,100,100,59.375,100,100,100,100,100,100,89.0625,100,100,100,92.1875,64.0625,100,59.375,100,54.6875,100,60.9375,89.0625,100,100,78.125,81.25,32.8125,68.75,35.9375,54.6875,64.0625,100,100,100,79.6875,100,98.4375,100,53.125,56.25,35.9375,100,100,100,100,98.4375,75,100,95.3125,100,76.5625,98.4375,71.875,100,76.5625,37.5,93.75,71.875,85.9375,48.4375,95.3125,81.25,100,45.3125,34.375,100,84.375,90.625,100,48.4375,100,100,59.375,100,100,100,82.8125,100,78.125,85.9375,10.9375,100,100,100,51.5625,100,100,90.625,100,98.4375,68.75,84.375,100,100,21.875,100,56.25,100,100,43.75,100,39.0625,100,82.8125,75,100,53.125,45.3125,100,100,17.1875,85.9375,100,100,95.3125,100,78.125,98.4375,28.125,100,57.8125,100,100,100,79.6875,68.75,42.1875,100,100,48.4375,62.5,100,100,35.9375,100,100,42.1875,100,48.4375,100,100,73.4375,84.375,100,75,48.4375,100,93.75,65.625,48.4375,46.875,53.125,100,100,100,100,100,100,100,75,73.4375,100,23.4375,100,100,90.625,85.9375,90.625,70.3125,100,100,93.75,93.75,87.5,32.8125,82.8125,100,87.5,100,100,100,100,42.1875,100,1.5625,100,70.3125,34.375,100,79.6875,100,100,79.6875,84.375,100,100,31.25,85.9375,100,100,100,98.4375,100,90.625,100,98.4375,48.4375,100,50,100,60.9375,100,100,96.875,76.5625,100,43.75,64.0625,100,100,45.3125,100,100,85.9375,100,100,84.375,90.625,100,100,89.0625,79.6875,56.25,28.125,92.1875,100,98.4375,100,76.5625,100,62.5,100,56.25,100,82.8125,75,100,100,64.0625,100,75,100,62.5,54.6875,100,67.1875,100,89.0625,70.3125,100,31.25,53.125,100,100,96.875,93.75,92.1875,95.3125,46.875,100,95.3125,26.5625,71.875,100,100,60.9375,85.9375,85.9375,79.6875,26.5625,65.625,84.375,100,100,100,62.5,100,59.375,37.5,100,100,100,100,100,46.875,84.375,100,54.6875,79.6875,100,51.5625,96.875,54.6875,84.375,71.875,78.125,59.375,100,71.875,65.625,100,100,100,78.125,100,100
"6155",90.625,100,100,100,100,57.8125,95.3125,73.4375,51.5625,45.3125,100,100,100,100,100,75,82.8125,76.5625,100,100,96.875,96.875,100,100,75,100,100,85.9375,81.25,100,100,100,100,96.875,100,98.4375,78.125,100,93.75,100,92.1875,62.5,84.375,100,100,100,100,100,67.1875,82.8125,75,100,100,68.75,75,100,23.4375,100,100,100,96.875,100,98.4375,25,100,100,37.5,100,59.375,100,54.6875,70.3125,100,68.75,60.9375,73.4375,100,100,51.5625,100,75,100,87.5,73.4375,59.375,100,100,100,100,100,56.25,89.0625,100,50,79.6875,98.4375,100,62.5,100,100,76.5625,100,100,70.3125,18.75,21.875,96.875,100,79.6875,100,81.25,70.3125,100,100,40.625,100,100,100,100,100,17.1875,100,100,85.9375,100,42.1875,100,18.75,100,100,75,100,96.875,78.125,100,62.5,100,78.125,100,96.875,100,78.125,45.3125,100,100,100,100,100,59.375,79.6875,62.5,40.625,82.8125,92.1875,95.3125,45.3125,73.4375,100,100,100,100,100,75,100,100,68.75,71.875,89.0625,31.25,100,76.5625,84.375,79.6875,100,100,100,100,100,100,100,100,62.5,100,100,100,100,45.3125,100,21.875,84.375,100,100,87.5,100,92.1875,100,79.6875,67.1875,100,100,35.9375,14.0625,96.875,100,100,100,100,12.5,75,95.3125,65.625,100,100,100,79.6875,78.125,37.5,95.3125,100,100,100,76.5625,92.1875,100,100,57.8125,79.6875,100,79.6875,100,100,81.25,100,100,100,100,59.375,60.9375,100,100,100,100,100,100,100,20.3125,96.875,81.25,100,100,100,76.5625,64.0625,100,100,98.4375,100,60.9375,100,100,53.125,98.4375,29.6875,96.875,42.1875,98.4375,100,100,81.25,100,45.3125,95.3125,100,100,100,64.0625,21.875,51.5625,60.9375,100,84.375,48.4375,100,100,100,100,45.3125,98.4375,100,79.6875,79.6875,98.4375,45.3125,56.25,100,100,100,84.375,60.9375,75,48.4375,100,100,81.25,100,89.0625,100,29.6875,70.3125,100,100,98.4375,45.3125,100,100,96.875,100,100,28.125,57.8125,100,100,50,67.1875,79.6875,70.3125,90.625,96.875,100,100,85.9375,100,75,100,90.625,29.6875,100,89.0625,100,100,95.3125,84.375,37.5,59.375,65.625,65.625,20.3125,100,68.75,71.875,100,100,100,100,71.875,100,64.0625,50,60.9375,100,79.6875,92.1875,100,100,85.9375,53.125,51.5625,100,98.4375,100,100,100,100,64.0625,100,100,90.625,59.375,79.6875,95.3125,73.4375,78.125,32.8125,100,100,43.75,95.3125,100,95.3125,92.1875,100,90.625,100,100,100,75,100,59.375,96.875,31.25,100,100,100,100,100,100,59.375,100,68.75,62.5,79.6875,95.3125,70.3125,82.8125,100,98.4375,35.9375,53.125,100,75,62.5,100,40.625,100,100,25,76.5625,100,100,100,82.8125,100,84.375,100,50,68.75,45.3125,100,100,100,100,100,78.125,71.875,73.4375,100,100,100,85.9375,92.1875,92.1875,100,17.1875,100,82.8125,73.4375,100,82.8125,100,92.1875,75,73.4375,67.1875,100,64.0625,53.125,100,75,87.5,75,67.1875,54.6875,59.375,100,100,68.75,100,100,100,93.75,64.0625,100,90.625,60.9375,82.8125,100,53.125,100,62.5,73.4375,100,81.25,78.125,100,64.0625,100,100,64.0625,57.8125,78.125,73.4375,100,100,100,85.9375,68.75,100,84.375,100,100,60.9375,68.75,68.75,100,100,100,100,100,100,100,32.8125,71.875,78.125,62.5,28.125,92.1875,93.75,100,46.875,100,37.5,100,98.4375,92.1875,84.375,71.875,100,79.6875,84.375,93.75,100,59.375,100,35.9375,59.375,100,84.375,100,100,70.3125,100,100,100,100,96.875,46.875,81.25,100,67.1875,100,100,71.875,100,51.5625,100,100,29.6875,95.3125,100,100,60.9375,78.125,65.625,100,32.8125,85.9375,100,64.0625,65.625,100,65.625,100,100,100,100,96.875,100,100,100,65.625,100,65.625,100,100,100,100,59.375,100,54.6875,95.3125,100,100,100,100,37.5,100,100,17.1875,100,51.5625,100,100,78.125,100,21.875,100,100,70.3125,100,100,100,100,100,78.125,100,76.5625,100,100,100,78.125,82.8125,100,93.75,100,100,78.125,100,96.875,100,78.125,100,100,59.375,96.875,70.3125,43.75,93.75,100,100,100,100,89.0625,90.625,100,42.1875,6.25,76.5625,50,28.125,100,100,100,100,100,100,81.25,100,82.8125,40.625,59.375,79.6875,40.625,53.125,67.1875,75,50,92.1875,29.6875,71.875,76.5625,40.625,89.0625,95.3125,51.5625,100,100,100,100,100,48.4375,100,76.5625,53.125,43.75,68.75,100,100,84.375,100,65.625,46.875,100,45.3125,100,100,100,100,100,100,87.5,100,90.625,90.625,84.375,100,100,57.8125,90.625,100,100,62.5,85.9375,100,100,82.8125,100,100,100,100,100,76.5625,78.125,100,51.5625,100,100,100,100,100,100,100,100,68.75,100,100,100,46.875,100,100,34.375,89.0625,100,73.4375,40.625,59.375,96.875,100,68.75,100,100,100,100,70.3125,100,67.1875,85.9375,100,100,87.5,56.25,46.875,70.3125,68.75,18.75,100,100,100,39.0625,100,9.375,84.375,100,87.5,81.25,100,100,76.5625,100,100,98.4375,100,100,45.3125,46.875,100,100,59.375,100,100,100,60.9375,57.8125,90.625,100,100,53.125,60.9375,100,100,14.0625,100,100,100,89.0625,76.5625,100,42.1875,92.1875,100,100,59.375,100,65.625,98.4375,92.1875,100,100,95.3125,62.5,68.75,100,89.0625,87.5,100,100,57.8125,100,68.75,85.9375,81.25,40.625,100,76.5625,100,75,100,100,100,79.6875,70.3125,100,100,100,79.6875,100,76.5625,29.6875,67.1875,100,100,75,75,76.5625,100,92.1875,93.75,54.6875,100,37.5,100,70.3125,100,100,84.375,100,64.0625,40.625,100,70.3125,100,75,100,100,78.125,100,46.875,100,100,57.8125,71.875,57.8125,75,85.9375,76.5625,100,98.4375,100,59.375,100,39.0625,71.875,21.875,100,100,100,98.4375,100,48.4375,100,100,100,100,100,78.125,100,78.125,100,79.6875,75,82.8125,100,100,65.625,59.375,92.1875,100,35.9375,100,100,100,100,95.3125,70.3125,51.5625,100,100,71.875,75,71.875,100,89.0625,79.6875,98.4375,71.875,43.75,100,100,57.8125,95.3125,100,34.375,100,93.75,100,100,71.875,100,100,90.625,100,100,98.4375,93.75,95.3125,100,100,100,100,100,100,100,57.8125,46.875,100,100,60.9375,12.5,100,89.0625,100,100,100,100,53.125,29.6875,100,37.5,92.1875,71.875,70.3125,100,89.0625,85.9375,100,100,100,100,100,100,100,100,100,59.375,87.5,6.25,100,93.75,57.8125,95.3125,60.9375,57.8125,100,87.5,100,100,84.375,100,59.375,40.625,56.25,95.3125,100,100,56.25,100,100,76.5625,34.375,100,100,79.6875,100,76.5625,100,62.5,100,79.6875,100,100,100,81.25,100,100,100,76.5625,93.75,70.3125,100,100,100,100,100,100,100,100,100,79.6875,82.8125,62.5,100,100,100,100,85.9375,100,89.0625,100,93.75,100,100,98.4375,100,42.1875,96.875,100,82.8125,75,100,100,81.25,81.25,100,78.125,100,23.4375,70.3125,100,51.5625,100,100,100,100,100,26.5625,100,100,85.9375,81.25,76.5625,54.6875,78.125,100,100,100,70.3125,17.1875,100,100,60.9375,100,100,100,100,100,100,84.375,92.1875,64.0625,100,92.1875,100,23.4375,85.9375,100,87.5,100,100,100,100,100,75,100,100,93.75,64.0625,89.0625,82.8125,51.5625,100,82.8125,100,73.4375,93.75,100,100,100,40.625,100,100,87.5,100,100,100,100,100,100,60.9375,65.625,100,93.75,100,84.375,100,100,70.3125,78.125,96.875,40.625,100,100,100,100,100,100,39.0625,65.625,100,100,100,100,100,100,45.3125,100,96.875,100,100,78.125,100,96.875,100,78.125,75,100,100,100,75,90.625,100,89.0625,75,100,98.4375,100,100,92.1875,28.125,100,48.4375,51.5625,78.125,100,70.3125,93.75,100,78.125,100,76.5625,40.625,100,93.75,25,100,100,100,100,100,100,100,100,100,100,84.375,70.3125,65.625,53.125,100,65.625,100,96.875,100,68.75,90.625,79.6875,100,100,54.6875,100,100,53.125,51.5625,76.5625,100,100,100,42.1875,95.3125,75,82.8125,100,100,100,100,26.5625,73.4375,100,100,85.9375,89.0625,34.375,100,37.5,100,100,100,100,64.0625,50,100,73.4375,100,100,26.5625,75,100,98.4375,75,53.125,89.0625,73.4375,100,100,78.125,71.875,40.625,67.1875,100,50,100,100,67.1875,93.75,100,75,60.9375,100,43.75,90.625,100,100,100,100,100,93.75,100,73.4375,100,100,100,79.6875,28.125,31.25,100,85.9375,78.125,100,100,70.3125,100,100,100,57.8125,100,89.0625,73.4375,62.5,100,65.625,100,100,100,89.0625,100,100,100,100,92.1875,68.75,100,56.25,100,65.625,100,37.5,96.875,100,62.5,51.5625,81.25,78.125,100,100,75,54.6875,62.5,56.25,42.1875,100,100,75,59.375,60.9375,71.875,65.625,87.5,95.3125,100,90.625,100,50,62.5,89.0625,70.3125,100,100,59.375,100,95.3125,100,85.9375,79.6875,100,89.0625,93.75,100,100,100,48.4375,25,100,100,98.4375,100,100,71.875,100,35.9375,60.9375,90.625,100,82.8125,100,100,100,100,53.125,85.9375,75,43.75,76.5625,57.8125,93.75,100,100,100,40.625,100,100,95.3125,29.6875,84.375,100,73.4375,71.875,100,100,65.625,100,100,100,45.3125,32.8125,100,85.9375,100,100,95.3125,17.1875,87.5,100,100,100,100,100,92.1875,37.5,100,100,14.0625,78.125,87.5,100,100,84.375,89.0625,70.3125,100,100,71.875,67.1875,100,100,100,14.0625,40.625,60.9375,100,98.4375,82.8125,100,100,71.875,42.1875,98.4375,100,100,81.25,76.5625,100,100,100,100,100,95.3125,100,68.75,100,100,42.1875,46.875,76.5625,100,65.625,100,100,100,100,100,100,100,96.875,100,90.625,25,100,100,100,100,100,100,95.3125,87.5,100,100,92.1875,100,50,100,89.0625,100,100,100,90.625,70.3125,100,100,37.5,100,39.0625,100,100,100,100,93.75,81.25,100,75,100,100,60.9375,100,82.8125,100,73.4375,100,67.1875,100,100,100,100,85.9375,100,100,100,96.875,20.3125,100,100,93.75,100,31.25,100,71.875,59.375,71.875,59.375,79.6875,79.6875,79.6875,65.625,100,100,100,100,89.0625,100,87.5,95.3125,59.375,51.5625,100,100,85.9375,100,100,81.25,100,100,93.75,100,48.4375,43.75,93.75,100,92.1875,100,79.6875,79.6875,100,100,100,100,98.4375,79.6875,100,81.25,100,100,87.5,100,100,100,100,87.5,100,32.8125,100,100,100,100,100,59.375,100,100,100,82.8125,100,100,100,100,90.625,71.875,100,62.5,100,100,82.8125,100,100,90.625,68.75,100,54.6875,100,29.6875,100,100,100,73.4375,59.375,100,81.25,100,100,87.5,100,43.75,84.375,75,65.625,100,100,87.5,100,100,79.6875,100,92.1875,23.4375,60.9375,100,46.875,54.6875,100,95.3125,62.5,100,100,87.5,100,100,100,93.75,100,31.25,20.3125,100,100,100,100,100,100,100,100,100,100,12.5,23.4375,98.4375,100,100,82.8125,73.4375,100,95.3125,100,100,87.5,100,70.3125,92.1875,100,100,100,76.5625,93.75,100,100,100,100,62.5,53.125,100,84.375,100,100,75,100,81.25,81.25,100,40.625,59.375,62.5,95.3125,79.6875,100,98.4375,100,92.1875,100,81.25,89.0625,100,100,100,100,81.25,98.4375,100,100,100,100,100,85.9375,100,18.75,84.375,87.5,100,92.1875,73.4375,100,76.5625,85.9375,45.3125,78.125,100,100,46.875,100,100,100,100,100,100,73.4375,100,84.375,100,51.5625,100,75,79.6875,98.4375,100,100,84.375,84.375,81.25,50,100,100,50,68.75,100,18.75,100,53.125,100,100,75,100,100,100,65.625,87.5,100,82.8125,100,100,95.3125,60.9375,100,57.8125,70.3125,57.8125,78.125,100,56.25,84.375,100,100,100,96.875,100,100,100,100,39.0625,65.625,100,62.5,100,100,53.125,100,100,89.0625,100,79.6875,64.0625,100,51.5625,76.5625,15.625,32.8125,73.4375,93.75,65.625,76.5625,100,100,100,79.6875,100,46.875,100,100,100,100,84.375,90.625,51.5625,100,100,84.375,100,100,100,100,100,82.8125,100,82.8125,90.625,100,34.375,100,95.3125,31.25,98.4375,90.625,87.5,57.8125,70.3125,76.5625,100,40.625,35.9375,100,65.625,79.6875,100,31.25,100,100,100,89.0625,35.9375,87.5,67.1875,100,100,100,100,45.3125,25,100,70.3125,100,100,92.1875,75,100,56.25,34.375,100,100,71.875,60.9375,92.1875,100,73.4375,84.375,92.1875,100,40.625,100,29.6875,100,89.0625,59.375,70.3125,26.5625,100,100,95.3125,42.1875,100,100,100,100,98.4375,100,100,39.0625,100,100,89.0625,100,59.375,64.0625,100,100,50,90.625,20.3125,100,75,12.5,100,100,100,70.3125,71.875,82.8125,79.6875,18.75,100,100,100,100,100,79.6875,43.75,53.125,100,100,100,100,100,4.6875,87.5,100,100,100,96.875,100,90.625,84.375,70.3125,100,100,100,100,100,90.625,100,100,71.875,100,76.5625,75,100,100,100,89.0625,100,100,100,67.1875,100,92.1875,95.3125,100,100,100,76.5625,78.125,100,100,87.5,42.1875,59.375,89.0625,100,90.625,100,100,100,57.8125,100,85.9375,100,100,93.75,100,100,67.1875,100,75,100,100,42.1875,100,100,4.6875,32.8125,100,10.9375,100,100,100,100,87.5,98.4375,100,100,100,82.8125,100,100,57.8125,100,100,100,71.875,100,76.5625,85.9375,71.875,100,79.6875,100,65.625,100,89.0625,100,100,40.625,81.25,100,100,81.25,100,100,59.375,100,79.6875,100,57.8125,100,100,51.5625,100,70.3125,100,81.25,90.625,70.3125,73.4375,100,100,100,100,100,100,84.375,100,96.875,100,59.375,73.4375,100,100,92.1875,100,59.375,78.125,100,89.0625,65.625,100,87.5,100,100,50,100,90.625,100,92.1875,45.3125,92.1875,100,100,100,56.25,64.0625,29.6875,68.75,59.375,100,100,59.375,100,100,68.75,6.25,100,85.9375,76.5625,81.25,96.875,100,90.625,100,100,68.75,96.875,42.1875,50,71.875,71.875,35.9375,100,75,100,100,54.6875,75,100,60.9375,100,89.0625,75,84.375,67.1875,96.875,100,100,100,81.25,73.4375,100,89.0625,78.125,100,100,50,62.5,89.0625,100,79.6875,100,67.1875,76.5625,57.8125,67.1875,100,100,100,100,95.3125,90.625,100,79.6875,39.0625,64.0625,67.1875,21.875,89.0625,51.5625,82.8125,98.4375,100,100,68.75,100,84.375,32.8125,100,100,100,70.3125,75,90.625,89.0625,43.75,87.5,100,56.25,40.625,100,81.25,100,100,73.4375,75,100,98.4375,92.1875,100,71.875,23.4375,78.125,100,100,100,89.0625,100,100,90.625,100,100,100,73.4375,100,46.875,7.8125,100,70.3125,64.0625,73.4375,82.8125,81.25,68.75,100,20.3125,95.3125,54.6875,87.5,100,100,45.3125,84.375,100,100,81.25,100,100,100,100,100,100,93.75,50,32.8125,92.1875,100,100,76.5625,71.875,50,67.1875,100,71.875,95.3125,100,100,100,84.375,42.1875,79.6875,100,100,100,100,100,100,100,100,40.625,100,96.875,100,100,60.9375,100,25,100,75,100,68.75,100,92.1875,100,85.9375,93.75,95.3125,100,100,92.1875,100,90.625,85.9375,100,100,100,93.75,56.25,95.3125,100,100,100,26.5625,75,100,100,100,92.1875,100,100,100,59.375,54.6875,100,87.5,100,100,82.8125,95.3125,81.25,70.3125,89.0625,100,100,70.3125,95.3125,100,100,71.875,79.6875,35.9375,100,100,100,100,78.125,100,100,25,100,65.625,85.9375,93.75,67.1875,75,64.0625,100,26.5625,100,100,56.25,54.6875,100,100,50,96.875,71.875,90.625,100,100,100,84.375,78.125,100,100,90.625,100,21.875,100,100,78.125,62.5,78.125,100,98.4375,100,98.4375,100,100,84.375,64.0625,100,59.375,76.5625,100,100,78.125,100,100,93.75,100,100,100,100,96.875,100,100,100,70.3125,53.125,100,59.375,100,100,65.625,100,93.75,57.8125,100,100,87.5,100,100,78.125,100,56.25,71.875,100,100,43.75,59.375,70.3125,100,100,87.5,100,73.4375,100,100,100,73.4375,100,85.9375,100,56.25,100,100,92.1875,50,100,100,65.625,82.8125,64.0625,100,100,90.625,75,100,100,100,100,92.1875,100,100,100,76.5625,73.4375,92.1875,100,100,79.6875,100,50,100,100,100,59.375,100,100,71.875,100,100,56.25,100,100,60.9375,100,100,79.6875,100,73.4375,65.625,100,100,100,90.625,100,45.3125,32.8125,100,100,54.6875,100,82.8125,45.3125,62.5,100,100,57.8125,100,82.8125,82.8125,46.875,100,100,35.9375,10.9375,100,64.0625,100,100,100,75,82.8125,100,100,100,100,100,39.0625,100,100,100,79.6875,93.75,100,100,60.9375,100,64.0625,65.625,100,100,100,100,93.75,100,100,100,87.5,100,87.5,46.875,56.25,92.1875,85.9375,98.4375,96.875,89.0625,100,100,100,71.875,84.375,81.25,100,100,100,96.875,100,100,82.8125,45.3125,87.5,87.5,20.3125,46.875,100,100,100,45.3125,28.125,100,100,100,100,79.6875,78.125,35.9375,90.625,100,100,100,62.5,100,100,100,90.625,100,57.8125,100,81.25,79.6875,81.25,100,68.75,54.6875,100,100,100,100,53.125,45.3125,100,100,50,100,100,65.625,29.6875,100,100,57.8125,93.75,78.125,100,100,71.875,100,100,100,100,100,53.125,100,73.4375,29.6875,100,100,65.625,100,100,57.8125,100,100,95.3125,85.9375,100,92.1875,85.9375,100,100,100,100,57.8125,100,60.9375,100,75,100,59.375,95.3125,100,100,81.25,100,35.9375,29.6875,35.9375,100,60.9375,100,96.875,100,96.875,100,95.3125,100,65.625,56.25,35.9375,100,85.9375,100,100,96.875,70.3125,100,92.1875,100,79.6875,100,71.875,100,67.1875,100,87.5,75,98.4375,51.5625,95.3125,82.8125,100,42.1875,37.5,100,95.3125,100,100,48.4375,100,100,59.375,76.5625,71.875,100,81.25,87.5,79.6875,87.5,37.5,100,100,100,51.5625,100,100,89.0625,100,85.9375,67.1875,85.9375,100,100,21.875,100,59.375,100,100,45.3125,100,37.5,100,82.8125,73.4375,100,50,54.6875,98.4375,89.0625,18.75,85.9375,100,100,100,100,78.125,93.75,43.75,100,54.6875,100,100,100,81.25,67.1875,45.3125,100,100,50,65.625,100,100,100,100,100,35.9375,100,50,100,100,100,81.25,100,93.75,42.1875,100,75,79.6875,53.125,35.9375,53.125,100,100,76.5625,100,100,100,100,75,75,100,100,100,100,89.0625,84.375,100,100,100,100,100,93.75,87.5,50,73.4375,100,87.5,100,100,100,100,39.0625,100,1.5625,100,100,34.375,100,92.1875,100,100,100,84.375,100,100,95.3125,85.9375,100,100,100,95.3125,100,95.3125,100,100,70.3125,100,42.1875,100,73.4375,100,100,89.0625,75,100,43.75,64.0625,100,100,68.75,100,100,100,100,100,79.6875,93.75,100,100,89.0625,48.4375,70.3125,31.25,75,100,98.4375,56.25,14.0625,100,62.5,100,53.125,60.9375,65.625,100,100,100,59.375,100,78.125,100,67.1875,57.8125,100,82.8125,100,76.5625,84.375,100,34.375,56.25,100,100,96.875,95.3125,70.3125,100,46.875,100,100,26.5625,67.1875,100,100,54.6875,76.5625,100,79.6875,28.125,68.75,89.0625,100,100,100,56.25,100,62.5,37.5,95.3125,90.625,100,100,100,100,76.5625,100,54.6875,89.0625,100,51.5625,100,100,100,40.625,68.75,76.5625,100,100,51.5625,100,100,100,100,100,100
"6156",90.625,100,43.75,100,100,50,95.3125,84.375,56.25,50,89.0625,100,100,100,98.4375,76.5625,84.375,73.4375,100,100,96.875,100,100,100,75,100,100,64.0625,84.375,100,100,100,100,87.5,100,96.875,71.875,100,100,100,95.3125,62.5,73.4375,100,54.6875,100,100,100,67.1875,79.6875,75,100,59.375,71.875,71.875,100,7.8125,100,100,45.3125,100,100,98.4375,100,100,100,39.0625,100,79.6875,100,53.125,65.625,100,96.875,60.9375,84.375,100,70.3125,51.5625,100,78.125,98.4375,87.5,71.875,100,100,100,100,100,100,57.8125,89.0625,100,50,20.3125,92.1875,100,48.4375,100,100,79.6875,100,100,70.3125,15.625,20.3125,84.375,87.5,85.9375,100,79.6875,73.4375,100,90.625,40.625,100,100,100,100,100,78.125,100,100,98.4375,100,43.75,100,18.75,100,89.0625,73.4375,100,100,100,100,64.0625,100,78.125,100,100,100,75,50,59.375,100,100,90.625,81.25,56.25,81.25,62.5,20.3125,78.125,92.1875,96.875,26.5625,73.4375,100,100,100,100,100,78.125,100,53.125,68.75,75,89.0625,26.5625,100,84.375,73.4375,100,100,100,100,89.0625,100,100,100,85.9375,43.75,100,100,95.3125,100,43.75,100,90.625,89.0625,92.1875,21.875,87.5,100,87.5,100,84.375,79.6875,100,100,42.1875,100,96.875,100,100,100,84.375,100,71.875,100,64.0625,32.8125,100,100,85.9375,78.125,37.5,95.3125,100,98.4375,64.0625,76.5625,100,100,100,56.25,26.5625,100,71.875,100,100,82.8125,73.4375,56.25,100,100,59.375,60.9375,100,100,100,100,100,82.8125,100,20.3125,95.3125,87.5,100,100,100,79.6875,81.25,92.1875,100,100,100,64.0625,100,100,100,96.875,29.6875,78.125,65.625,89.0625,100,76.5625,87.5,100,46.875,42.1875,100,100,100,64.0625,25,100,57.8125,100,100,43.75,100,100,100,100,43.75,96.875,100,90.625,81.25,98.4375,45.3125,56.25,100,100,100,84.375,48.4375,75,48.4375,100,100,100,100,85.9375,78.125,14.0625,73.4375,93.75,100,100,51.5625,100,100,96.875,100,93.75,29.6875,53.125,89.0625,100,50,100,84.375,71.875,92.1875,96.875,100,100,85.9375,100,76.5625,100,100,26.5625,100,87.5,100,100,100,84.375,35.9375,53.125,65.625,65.625,20.3125,100,100,76.5625,100,75,100,100,71.875,100,100,35.9375,56.25,75,54.6875,90.625,100,100,85.9375,53.125,29.6875,100,98.4375,100,100,25,98.4375,67.1875,89.0625,100,93.75,59.375,79.6875,71.875,85.9375,100,85.9375,100,100,54.6875,93.75,100,68.75,90.625,100,78.125,100,100,100,73.4375,100,59.375,71.875,42.1875,100,100,100,100,100,82.8125,59.375,78.125,70.3125,87.5,73.4375,92.1875,73.4375,68.75,100,64.0625,34.375,56.25,100,76.5625,60.9375,100,100,100,100,31.25,100,100,92.1875,100,82.8125,100,89.0625,100,82.8125,70.3125,51.5625,100,100,100,100,93.75,65.625,64.0625,100,100,100,100,82.8125,92.1875,96.875,100,100,100,85.9375,71.875,100,92.1875,100,100,76.5625,70.3125,60.9375,96.875,67.1875,78.125,100,100,100,100,67.1875,53.125,48.4375,100,100,87.5,100,100,100,100,70.3125,100,100,60.9375,82.8125,100,48.4375,100,67.1875,73.4375,100,79.6875,79.6875,100,62.5,78.125,100,60.9375,59.375,65.625,54.6875,100,100,100,84.375,79.6875,90.625,84.375,100,100,57.8125,68.75,73.4375,100,100,85.9375,100,100,100,51.5625,85.9375,100,100,60.9375,28.125,92.1875,100,100,42.1875,100,39.0625,100,98.4375,92.1875,84.375,71.875,100,79.6875,84.375,100,95.3125,59.375,100,34.375,54.6875,100,84.375,100,100,70.3125,100,100,100,100,98.4375,46.875,100,100,64.0625,100,100,71.875,100,65.625,100,100,31.25,76.5625,100,100,78.125,76.5625,67.1875,100,29.6875,71.875,100,84.375,100,100,65.625,100,100,100,87.5,100,29.6875,65.625,100,67.1875,100,57.8125,100,100,100,100,73.4375,100,54.6875,95.3125,100,100,100,90.625,50,100,76.5625,25,100,54.6875,100,100,78.125,100,15.625,100,100,92.1875,100,100,100,100,54.6875,81.25,100,100,100,100,100,81.25,81.25,67.1875,100,100,100,100,100,100,100,100,100,100,60.9375,96.875,68.75,81.25,93.75,100,100,78.125,100,90.625,90.625,100,42.1875,6.25,68.75,60.9375,28.125,100,100,100,100,100,100,81.25,100,82.8125,39.0625,59.375,34.375,35.9375,54.6875,67.1875,75,96.875,90.625,100,73.4375,73.4375,40.625,89.0625,95.3125,46.875,100,100,100,100,100,100,100,76.5625,54.6875,43.75,68.75,100,100,85.9375,100,59.375,46.875,100,68.75,100,100,100,100,100,100,79.6875,100,78.125,90.625,82.8125,100,100,64.0625,100,100,100,57.8125,100,100,100,75,100,100,100,100,100,71.875,57.8125,100,100,100,100,100,100,100,100,100,100,68.75,100,76.5625,100,45.3125,100,100,35.9375,85.9375,100,84.375,40.625,60.9375,93.75,100,64.0625,93.75,100,100,100,64.0625,100,67.1875,85.9375,100,100,85.9375,48.4375,46.875,75,73.4375,6.25,100,100,100,42.1875,100,9.375,84.375,100,100,81.25,100,100,81.25,100,100,96.875,64.0625,100,35.9375,50,48.4375,100,100,100,100,100,60.9375,57.8125,96.875,100,100,71.875,68.75,100,100,14.0625,32.8125,100,100,89.0625,100,100,37.5,95.3125,100,100,65.625,100,35.9375,100,100,100,100,95.3125,62.5,95.3125,100,89.0625,82.8125,100,100,57.8125,100,71.875,82.8125,81.25,42.1875,100,93.75,100,60.9375,100,100,100,82.8125,67.1875,100,100,100,79.6875,100,76.5625,35.9375,57.8125,100,100,82.8125,100,89.0625,100,90.625,98.4375,56.25,79.6875,32.8125,100,35.9375,100,100,62.5,100,67.1875,37.5,100,68.75,100,67.1875,100,45.3125,78.125,100,71.875,100,100,57.8125,100,64.0625,93.75,68.75,90.625,64.0625,98.4375,100,59.375,100,100,71.875,21.875,100,100,100,98.4375,54.6875,60.9375,100,100,100,100,18.75,73.4375,100,76.5625,100,79.6875,100,65.625,60.9375,100,67.1875,57.8125,89.0625,100,35.9375,100,100,100,100,100,70.3125,64.0625,100,100,71.875,53.125,84.375,100,100,76.5625,70.3125,73.4375,35.9375,100,100,42.1875,93.75,100,32.8125,68.75,84.375,100,100,71.875,100,100,95.3125,100,100,100,93.75,100,100,100,100,100,93.75,100,100,70.3125,59.375,100,100,59.375,23.4375,100,89.0625,100,100,76.5625,76.5625,48.4375,31.25,100,28.125,93.75,70.3125,70.3125,100,89.0625,85.9375,100,100,100,90.625,100,100,100,100,100,59.375,87.5,100,67.1875,93.75,62.5,95.3125,64.0625,71.875,100,96.875,98.4375,100,84.375,100,50,100,81.25,100,100,100,56.25,100,100,78.125,26.5625,100,100,78.125,100,57.8125,100,96.875,100,100,100,100,100,81.25,79.6875,100,45.3125,76.5625,95.3125,70.3125,100,100,85.9375,100,100,100,100,73.4375,100,81.25,96.875,100,100,100,100,100,100,100,87.5,100,95.3125,100,100,87.5,100,43.75,93.75,100,78.125,21.875,98.4375,100,17.1875,81.25,100,81.25,90.625,100,73.4375,100,53.125,79.6875,87.5,100,100,100,26.5625,75,100,85.9375,98.4375,100,59.375,82.8125,100,100,100,70.3125,17.1875,100,100,75,100,100,100,100,100,100,84.375,79.6875,65.625,100,92.1875,100,25,84.375,100,87.5,100,100,100,100,100,75,100,100,93.75,56.25,100,82.8125,54.6875,100,82.8125,100,70.3125,100,100,100,100,100,100,100,79.6875,100,100,100,48.4375,100,100,57.8125,65.625,100,93.75,100,85.9375,100,95.3125,75,78.125,100,25,100,100,100,100,100,100,39.0625,32.8125,96.875,100,100,100,100,40.625,39.0625,60.9375,87.5,100,100,67.1875,100,96.875,100,82.8125,75,100,100,100,81.25,100,100,85.9375,79.6875,100,100,78.125,100,89.0625,23.4375,100,51.5625,51.5625,70.3125,100,68.75,98.4375,100,100,100,85.9375,42.1875,100,93.75,26.5625,100,100,100,100,100,100,100,100,100,100,68.75,75,68.75,54.6875,100,75,100,84.375,57.8125,70.3125,93.75,81.25,100,100,54.6875,100,100,48.4375,100,82.8125,100,100,100,42.1875,87.5,75,81.25,100,100,100,100,29.6875,73.4375,100,100,95.3125,89.0625,21.875,100,39.0625,100,100,100,100,65.625,64.0625,100,73.4375,100,95.3125,39.0625,84.375,100,96.875,85.9375,53.125,87.5,73.4375,100,100,79.6875,84.375,54.6875,67.1875,62.5,60.9375,100,100,64.0625,92.1875,100,81.25,60.9375,100,46.875,84.375,100,100,100,100,100,87.5,100,73.4375,100,100,100,87.5,17.1875,96.875,100,85.9375,85.9375,100,100,100,100,100,100,87.5,100,89.0625,59.375,62.5,100,56.25,100,100,100,89.0625,100,100,100,100,93.75,45.3125,100,100,100,59.375,100,32.8125,92.1875,100,64.0625,50,81.25,71.875,100,100,64.0625,56.25,68.75,56.25,40.625,100,100,75,59.375,65.625,100,67.1875,75,95.3125,100,90.625,100,51.5625,93.75,89.0625,62.5,85.9375,100,59.375,100,100,100,85.9375,89.0625,100,84.375,75,100,100,98.4375,40.625,25,100,100,100,100,100,70.3125,100,100,59.375,90.625,100,56.25,100,100,100,100,57.8125,95.3125,64.0625,45.3125,79.6875,56.25,95.3125,100,79.6875,98.4375,87.5,100,100,92.1875,28.125,78.125,81.25,73.4375,67.1875,100,100,65.625,100,100,100,100,100,100,95.3125,96.875,100,96.875,45.3125,87.5,100,100,100,100,100,93.75,100,100,100,39.0625,67.1875,89.0625,100,100,90.625,84.375,71.875,100,100,68.75,73.4375,100,100,100,15.625,40.625,62.5,100,100,76.5625,100,100,62.5,40.625,100,100,90.625,73.4375,78.125,100,100,100,100,100,100,100,100,100,100,56.25,48.4375,70.3125,100,43.75,100,100,100,100,100,100,26.5625,93.75,100,90.625,78.125,100,76.5625,100,100,100,100,93.75,89.0625,100,100,92.1875,100,46.875,100,92.1875,100,100,100,95.3125,84.375,90.625,93.75,39.0625,100,37.5,100,100,100,53.125,73.4375,87.5,100,100,100,100,59.375,100,76.5625,100,71.875,100,65.625,100,100,100,100,76.5625,100,100,100,96.875,76.5625,100,100,98.4375,100,34.375,100,40.625,56.25,64.0625,95.3125,25,73.4375,57.8125,57.8125,100,100,68.75,100,82.8125,100,89.0625,81.25,70.3125,56.25,100,100,85.9375,100,100,78.125,100,100,96.875,100,50,43.75,79.6875,53.125,78.125,100,39.0625,59.375,100,90.625,100,100,100,100,100,60.9375,100,93.75,89.0625,70.3125,100,100,100,81.25,100,100,100,100,100,84.375,100,31.25,100,100,96.875,81.25,100,100,100,100,93.75,71.875,100,71.875,100,100,75,100,100,84.375,68.75,100,56.25,100,25,100,100,100,64.0625,56.25,100,76.5625,100,100,84.375,21.875,40.625,85.9375,73.4375,62.5,100,100,90.625,100,100,82.8125,100,59.375,25,65.625,100,45.3125,51.5625,100,95.3125,75,100,100,87.5,100,100,100,93.75,100,29.6875,18.75,100,100,100,100,85.9375,100,100,100,100,100,12.5,32.8125,87.5,100,100,79.6875,67.1875,100,100,100,100,87.5,100,64.0625,96.875,100,100,100,92.1875,90.625,100,100,100,100,67.1875,59.375,100,100,100,43.75,75,100,85.9375,70.3125,14.0625,40.625,59.375,62.5,98.4375,81.25,100,89.0625,100,95.3125,100,85.9375,89.0625,82.8125,100,100,100,85.9375,98.4375,100,100,100,100,100,90.625,100,6.25,84.375,59.375,100,100,57.8125,100,87.5,100,42.1875,51.5625,100,100,51.5625,84.375,100,100,100,89.0625,100,76.5625,100,84.375,100,32.8125,100,100,82.8125,100,100,100,90.625,84.375,100,43.75,100,100,46.875,68.75,100,26.5625,100,54.6875,100,100,75,100,84.375,100,68.75,75,100,96.875,100,100,71.875,59.375,48.4375,28.125,65.625,53.125,75,100,100,82.8125,100,39.0625,100,95.3125,100,100,100,100,23.4375,64.0625,100,92.1875,100,100,46.875,90.625,100,75,100,75,64.0625,95.3125,59.375,65.625,82.8125,100,73.4375,96.875,100,85.9375,100,100,93.75,75,100,67.1875,100,100,100,100,84.375,90.625,51.5625,100,100,81.25,100,68.75,100,100,100,82.8125,42.1875,81.25,100,100,100,100,98.4375,26.5625,70.3125,100,100,78.125,89.0625,96.875,100,18.75,35.9375,100,60.9375,79.6875,100,31.25,100,100,100,90.625,100,87.5,37.5,62.5,100,100,79.6875,70.3125,25,100,68.75,100,100,93.75,68.75,100,57.8125,32.8125,12.5,100,20.3125,62.5,100,100,76.5625,84.375,90.625,100,39.0625,100,34.375,100,93.75,59.375,70.3125,64.0625,100,100,78.125,40.625,73.4375,100,100,100,95.3125,100,100,100,100,100,73.4375,100,59.375,64.0625,100,100,57.8125,90.625,20.3125,100,89.0625,85.9375,100,100,100,84.375,65.625,82.8125,100,87.5,100,100,100,100,100,79.6875,42.1875,53.125,100,92.1875,100,100,100,4.6875,96.875,100,100,100,93.75,100,92.1875,84.375,68.75,100,100,100,100,100,84.375,100,100,89.0625,100,76.5625,87.5,100,100,100,85.9375,98.4375,57.8125,100,67.1875,100,79.6875,62.5,100,100,100,75,78.125,81.25,100,71.875,39.0625,59.375,68.75,100,100,21.875,100,100,100,100,82.8125,100,100,93.75,95.3125,100,67.1875,82.8125,76.5625,100,100,43.75,100,62.5,4.6875,28.125,100,9.375,100,100,82.8125,78.125,92.1875,100,100,100,89.0625,82.8125,100,100,10.9375,100,100,100,76.5625,100,95.3125,87.5,53.125,100,84.375,100,81.25,100,90.625,100,98.4375,50,81.25,100,98.4375,85.9375,100,100,17.1875,100,79.6875,100,46.875,100,100,51.5625,100,70.3125,100,79.6875,90.625,71.875,75,100,100,100,100,100,100,85.9375,100,100,100,59.375,70.3125,100,100,90.625,100,64.0625,78.125,100,89.0625,59.375,100,100,100,100,50,100,100,100,42.1875,46.875,98.4375,100,100,100,56.25,78.125,28.125,85.9375,62.5,98.4375,100,59.375,100,57.8125,68.75,9.375,100,89.0625,73.4375,98.4375,75,100,92.1875,100,100,59.375,76.5625,45.3125,45.3125,67.1875,71.875,39.0625,100,82.8125,100,100,53.125,70.3125,84.375,56.25,100,85.9375,75,92.1875,67.1875,100,100,100,100,82.8125,70.3125,84.375,78.125,71.875,78.125,100,43.75,53.125,87.5,100,76.5625,67.1875,100,71.875,57.8125,62.5,100,100,100,100,95.3125,100,100,81.25,26.5625,64.0625,75,25,92.1875,53.125,84.375,81.25,100,85.9375,100,100,100,32.8125,100,31.25,100,59.375,89.0625,98.4375,89.0625,42.1875,70.3125,76.5625,56.25,40.625,65.625,81.25,100,100,75,81.25,64.0625,95.3125,93.75,100,68.75,25,78.125,100,100,100,100,100,59.375,87.5,50,100,100,85.9375,79.6875,50,14.0625,100,68.75,56.25,100,70.3125,53.125,78.125,100,21.875,95.3125,54.6875,85.9375,100,100,53.125,85.9375,100,100,81.25,100,100,100,100,100,81.25,95.3125,40.625,28.125,87.5,100,100,81.25,71.875,62.5,67.1875,100,100,100,100,100,100,56.25,43.75,87.5,100,100,100,100,100,100,100,100,59.375,90.625,100,81.25,100,78.125,100,21.875,100,81.25,100,100,100,76.5625,100,98.4375,100,90.625,100,100,89.0625,100,90.625,98.4375,100,100,100,67.1875,59.375,85.9375,100,100,100,26.5625,85.9375,100,100,100,100,17.1875,100,100,42.1875,51.5625,100,100,100,100,85.9375,93.75,78.125,70.3125,84.375,100,100,89.0625,100,93.75,92.1875,73.4375,76.5625,48.4375,75,100,100,100,84.375,100,100,60.9375,100,64.0625,71.875,92.1875,70.3125,92.1875,67.1875,100,26.5625,100,100,35.9375,54.6875,100,100,50,100,67.1875,96.875,100,100,100,89.0625,98.4375,82.8125,100,84.375,100,23.4375,100,100,75,67.1875,68.75,100,100,100,98.4375,100,100,84.375,57.8125,100,59.375,79.6875,100,100,79.6875,100,100,92.1875,100,100,100,100,98.4375,100,100,87.5,67.1875,62.5,82.8125,59.375,100,100,64.0625,100,100,57.8125,100,100,81.25,100,100,84.375,100,56.25,71.875,100,100,45.3125,78.125,53.125,100,100,84.375,100,82.8125,92.1875,100,100,73.4375,100,85.9375,100,60.9375,100,21.875,100,48.4375,100,100,65.625,59.375,100,100,73.4375,100,64.0625,100,100,100,100,100,100,100,100,76.5625,46.875,100,100,100,78.125,100,48.4375,100,100,100,57.8125,100,14.0625,100,100,100,85.9375,100,100,57.8125,100,100,81.25,100,73.4375,100,100,100,90.625,92.1875,100,48.4375,76.5625,98.4375,100,45.3125,100,85.9375,53.125,62.5,100,100,59.375,100,75,82.8125,40.625,100,100,39.0625,10.9375,100,60.9375,100,100,100,75,79.6875,76.5625,100,78.125,100,100,37.5,53.125,100,100,89.0625,93.75,100,100,65.625,92.1875,64.0625,54.6875,100,100,90.625,100,96.875,100,100,85.9375,85.9375,100,90.625,100,60.9375,75,100,100,100,73.4375,100,100,100,71.875,70.3125,78.125,100,100,100,96.875,100,100,90.625,68.75,48.4375,87.5,51.5625,46.875,78.125,100,100,45.3125,40.625,100,100,100,100,71.875,79.6875,35.9375,89.0625,96.875,100,100,68.75,100,100,100,48.4375,100,59.375,100,93.75,79.6875,81.25,100,75,54.6875,100,100,100,100,43.75,46.875,100,100,54.6875,100,100,65.625,29.6875,100,100,57.8125,89.0625,78.125,100,100,81.25,92.1875,100,100,100,100,54.6875,100,73.4375,31.25,100,100,65.625,100,100,54.6875,100,100,98.4375,90.625,100,93.75,87.5,85.9375,100,100,81.25,54.6875,100,57.8125,100,90.625,100,65.625,89.0625,100,100,81.25,100,37.5,78.125,40.625,100,59.375,100,100,100,100,78.125,100,100,50,54.6875,35.9375,100,100,100,100,78.125,75,100,85.9375,100,71.875,100,71.875,100,60.9375,57.8125,87.5,78.125,87.5,53.125,95.3125,82.8125,90.625,42.1875,31.25,100,89.0625,100,100,45.3125,100,100,57.8125,65.625,70.3125,100,71.875,100,78.125,85.9375,43.75,100,100,100,46.875,100,100,79.6875,100,100,64.0625,87.5,100,100,23.4375,100,59.375,100,100,45.3125,100,37.5,100,78.125,93.75,100,46.875,53.125,95.3125,100,18.75,85.9375,100,100,82.8125,100,82.8125,100,42.1875,100,53.125,100,100,100,81.25,54.6875,42.1875,100,100,50,64.0625,100,59.375,100,100,96.875,26.5625,100,46.875,100,100,100,84.375,100,100,59.375,100,31.25,78.125,51.5625,35.9375,53.125,100,100,100,100,100,100,100,70.3125,100,100,100,100,100,92.1875,84.375,100,100,100,100,100,100,100,37.5,100,100,85.9375,100,100,100,100,81.25,100,1.5625,100,100,28.125,100,85.9375,100,100,100,89.0625,100,100,70.3125,85.9375,100,100,100,95.3125,100,84.375,100,100,56.25,100,42.1875,100,65.625,100,100,100,76.5625,100,56.25,64.0625,100,100,51.5625,100,100,98.4375,100,100,76.5625,100,100,100,89.0625,20.3125,53.125,26.5625,84.375,100,96.875,100,73.4375,100,62.5,15.625,59.375,68.75,78.125,71.875,100,100,70.3125,100,81.25,100,82.8125,57.8125,100,67.1875,100,93.75,85.9375,100,32.8125,59.375,100,100,96.875,92.1875,82.8125,100,45.3125,100,96.875,26.5625,64.0625,100,100,56.25,85.9375,100,98.4375,26.5625,62.5,39.0625,75,100,100,43.75,59.375,59.375,35.9375,100,71.875,100,100,95.3125,67.1875,65.625,100,56.25,84.375,100,51.5625,79.6875,59.375,89.0625,42.1875,68.75,89.0625,100,79.6875,54.6875,100,100,100,84.375,100,100
"6157",89.0625,100,39.0625,100,100,45.3125,95.3125,65.625,57.8125,60.9375,76.5625,100,100,100,100,76.5625,85.9375,79.6875,100,100,96.875,98.4375,100,100,76.5625,100,100,92.1875,84.375,100,100,100,100,100,100,96.875,81.25,100,100,100,90.625,67.1875,85.9375,100,100,100,100,100,68.75,84.375,75,100,100,84.375,75,100,21.875,100,100,42.1875,90.625,100,98.4375,57.8125,100,100,39.0625,100,71.875,100,51.5625,62.5,45.3125,85.9375,60.9375,100,100,100,48.4375,100,68.75,100,87.5,75,65.625,100,100,100,100,100,56.25,89.0625,100,50,82.8125,92.1875,100,60.9375,100,100,87.5,98.4375,100,92.1875,23.4375,17.1875,95.3125,100,71.875,100,82.8125,85.9375,100,100,39.0625,100,100,100,100,100,68.75,100,100,100,98.4375,40.625,100,18.75,100,100,100,100,100,100,100,65.625,100,78.125,100,96.875,100,73.4375,50,57.8125,100,100,95.3125,100,60.9375,78.125,62.5,25,82.8125,92.1875,100,25,76.5625,100,100,100,100,100,98.4375,100,100,68.75,100,90.625,25,68.75,87.5,76.5625,100,100,100,100,84.375,100,100,100,100,62.5,100,100,90.625,100,43.75,100,100,85.9375,96.875,67.1875,87.5,100,87.5,100,95.3125,62.5,100,78.125,50,17.1875,96.875,100,100,100,100,100,84.375,100,64.0625,100,100,100,82.8125,78.125,39.0625,93.75,100,100,56.25,75,100,85.9375,100,57.8125,100,100,76.5625,100,100,82.8125,100,100,79.6875,100,60.9375,60.9375,100,100,100,100,100,50,100,21.875,93.75,87.5,100,100,39.0625,76.5625,84.375,21.875,100,93.75,100,70.3125,100,100,100,98.4375,31.25,100,35.9375,100,100,100,100,100,56.25,89.0625,92.1875,100,100,75,28.125,100,56.25,93.75,90.625,34.375,98.4375,100,100,100,43.75,98.4375,100,82.8125,79.6875,100,45.3125,40.625,100,100,89.0625,84.375,59.375,75,57.8125,100,100,89.0625,100,81.25,85.9375,50,75,100,100,100,50,100,100,96.875,100,100,54.6875,57.8125,90.625,100,50,79.6875,70.3125,62.5,98.4375,96.875,100,100,85.9375,71.875,76.5625,100,100,25,100,87.5,100,100,100,84.375,34.375,50,64.0625,60.9375,20.3125,100,76.5625,68.75,100,78.125,100,100,70.3125,100,42.1875,48.4375,53.125,100,75,89.0625,100,100,85.9375,53.125,29.6875,95.3125,100,100,100,100,100,68.75,100,100,92.1875,68.75,95.3125,100,79.6875,87.5,79.6875,90.625,100,40.625,95.3125,100,59.375,92.1875,100,84.375,100,62.5,100,79.6875,100,100,100,60.9375,100,100,100,100,100,87.5,59.375,79.6875,68.75,87.5,100,100,100,100,100,89.0625,39.0625,46.875,100,84.375,65.625,100,100,100,100,31.25,48.4375,100,93.75,100,82.8125,100,100,85.9375,81.25,70.3125,48.4375,100,100,100,100,93.75,75,67.1875,100,100,100,100,87.5,92.1875,89.0625,100,100,100,84.375,73.4375,100,79.6875,100,100,76.5625,92.1875,59.375,100,89.0625,51.5625,100,82.8125,100,87.5,75,53.125,60.9375,100,100,68.75,100,100,100,82.8125,64.0625,100,100,60.9375,82.8125,100,48.4375,100,67.1875,73.4375,100,79.6875,78.125,100,65.625,100,100,89.0625,71.875,71.875,75,100,100,100,85.9375,60.9375,93.75,84.375,100,100,59.375,68.75,68.75,100,100,48.4375,100,100,100,100,79.6875,100,71.875,59.375,26.5625,98.4375,100,100,45.3125,100,39.0625,100,98.4375,100,87.5,70.3125,100,79.6875,81.25,100,79.6875,60.9375,100,35.9375,51.5625,100,84.375,100,100,70.3125,75,95.3125,100,100,100,45.3125,89.0625,100,67.1875,100,100,70.3125,95.3125,100,100,100,34.375,89.0625,100,100,68.75,100,70.3125,100,29.6875,71.875,100,60.9375,84.375,100,65.625,100,100,100,98.4375,100,100,68.75,100,62.5,100,70.3125,100,35.9375,100,100,100,100,57.8125,96.875,67.1875,100,100,100,39.0625,15.625,60.9375,48.4375,100,48.4375,100,100,75,100,23.4375,100,100,100,100,100,100,100,100,82.8125,100,82.8125,100,100,100,79.6875,82.8125,60.9375,100,100,100,34.375,100,89.0625,100,100,100,100,60.9375,96.875,76.5625,65.625,100,100,100,79.6875,100,79.6875,90.625,100,42.1875,6.25,100,53.125,28.125,100,100,100,100,100,100,79.6875,100,90.625,35.9375,59.375,60.9375,39.0625,60.9375,70.3125,75,75,92.1875,78.125,71.875,60.9375,40.625,89.0625,95.3125,40.625,100,100,100,100,100,100,100,76.5625,100,43.75,68.75,100,100,82.8125,57.8125,96.875,46.875,100,42.1875,100,100,100,100,100,100,60.9375,100,89.0625,90.625,78.125,100,82.8125,62.5,100,100,100,59.375,100,100,100,62.5,100,100,100,100,100,70.3125,60.9375,100,100,100,85.9375,100,100,100,100,100,100,68.75,48.4375,92.1875,100,64.0625,100,100,34.375,89.0625,100,95.3125,54.6875,75,100,100,82.8125,84.375,100,100,100,89.0625,100,67.1875,85.9375,100,100,62.5,48.4375,100,73.4375,70.3125,12.5,100,100,100,40.625,100,9.375,84.375,100,100,85.9375,100,100,84.375,100,100,100,100,100,37.5,46.875,100,100,64.0625,100,100,100,100,59.375,100,92.1875,100,20.3125,100,100,100,32.8125,100,100,100,89.0625,81.25,9.375,37.5,93.75,100,100,59.375,100,60.9375,100,100,100,100,96.875,62.5,65.625,100,85.9375,79.6875,100,100,56.25,100,68.75,76.5625,81.25,29.6875,100,76.5625,100,35.9375,100,100,100,64.0625,64.0625,100,100,100,71.875,100,76.5625,12.5,57.8125,100,100,100,100,100,100,92.1875,93.75,56.25,100,100,100,67.1875,98.4375,100,85.9375,100,64.0625,37.5,100,70.3125,100,67.1875,100,51.5625,73.4375,100,43.75,100,34.375,59.375,100,68.75,100,84.375,76.5625,100,98.4375,100,90.625,100,100,73.4375,32.8125,100,100,100,98.4375,90.625,64.0625,100,100,84.375,100,100,100,100,76.5625,100,79.6875,100,84.375,59.375,100,62.5,60.9375,100,100,35.9375,100,100,100,92.1875,96.875,78.125,57.8125,100,100,70.3125,62.5,65.625,100,100,78.125,71.875,82.8125,32.8125,100,100,42.1875,93.75,95.3125,34.375,84.375,100,100,100,64.0625,100,100,96.875,100,100,98.4375,93.75,100,71.875,100,64.0625,100,98.4375,100,100,64.0625,53.125,79.6875,100,59.375,42.1875,100,92.1875,100,100,100,73.4375,50,29.6875,100,25,92.1875,84.375,70.3125,100,89.0625,92.1875,100,100,100,100,100,89.0625,100,100,100,59.375,87.5,100,100,92.1875,67.1875,95.3125,57.8125,45.3125,100,71.875,93.75,100,84.375,100,50,87.5,100,100,84.375,100,81.25,100,100,73.4375,26.5625,100,100,75,100,53.125,100,96.875,100,100,100,100,100,82.8125,92.1875,100,100,76.5625,87.5,68.75,100,100,100,100,100,100,100,100,100,82.8125,98.4375,40.625,100,100,100,100,93.75,100,85.9375,100,85.9375,100,100,100,100,48.4375,96.875,64.0625,31.25,39.0625,100,90.625,70.3125,67.1875,100,81.25,100,100,68.75,100,54.6875,100,79.6875,76.5625,100,100,29.6875,75,100,85.9375,84.375,100,53.125,78.125,100,100,100,76.5625,15.625,100,100,100,100,100,100,100,100,89.0625,75,92.1875,64.0625,100,90.625,100,23.4375,100,100,82.8125,100,100,100,100,100,76.5625,100,100,93.75,65.625,100,82.8125,50,100,82.8125,100,95.3125,100,100,100,100,100,100,100,89.0625,100,100,100,48.4375,100,100,62.5,65.625,100,93.75,100,82.8125,100,98.4375,75,79.6875,95.3125,100,100,100,100,100,100,100,39.0625,65.625,100,100,100,100,100,100,56.25,70.3125,90.625,100,100,65.625,100,95.3125,100,82.8125,75,100,100,100,85.9375,93.75,100,81.25,84.375,100,59.375,100,100,90.625,12.5,100,79.6875,51.5625,76.5625,100,68.75,100,100,100,100,85.9375,51.5625,100,92.1875,26.5625,100,100,100,100,100,100,100,100,100,100,100,73.4375,96.875,53.125,100,57.8125,100,76.5625,90.625,67.1875,95.3125,76.5625,100,100,53.125,100,100,53.125,100,67.1875,100,100,100,42.1875,100,75,100,100,100,92.1875,100,26.5625,67.1875,100,90.625,98.4375,89.0625,26.5625,100,43.75,100,100,100,68.75,60.9375,68.75,100,67.1875,100,100,45.3125,100,100,98.4375,76.5625,54.6875,87.5,75,100,100,42.1875,53.125,71.875,67.1875,62.5,64.0625,100,100,67.1875,93.75,100,82.8125,60.9375,100,42.1875,92.1875,100,100,100,100,100,93.75,100,75,100,100,89.0625,92.1875,100,96.875,100,85.9375,73.4375,100,100,70.3125,100,71.875,100,70.3125,100,81.25,64.0625,62.5,100,95.3125,92.1875,89.0625,100,89.0625,100,100,100,100,89.0625,65.625,100,100,100,85.9375,100,32.8125,92.1875,100,64.0625,51.5625,84.375,84.375,100,100,62.5,54.6875,62.5,75,42.1875,100,100,75,67.1875,62.5,81.25,62.5,90.625,95.3125,100,89.0625,100,53.125,95.3125,98.4375,96.875,100,100,59.375,100,95.3125,100,82.8125,92.1875,100,100,92.1875,100,100,95.3125,73.4375,26.5625,60.9375,100,93.75,100,100,71.875,100,100,60.9375,87.5,100,54.6875,100,100,100,100,65.625,89.0625,71.875,40.625,79.6875,45.3125,93.75,100,100,95.3125,75,100,31.25,92.1875,28.125,84.375,100,73.4375,68.75,100,100,65.625,100,98.4375,100,100,53.125,100,100,100,100,100,100,89.0625,100,100,100,100,100,93.75,100,100,100,100,87.5,68.75,100,100,84.375,87.5,84.375,100,100,68.75,70.3125,100,90.625,100,26.5625,40.625,64.0625,100,100,81.25,100,100,70.3125,53.125,100,100,92.1875,67.1875,75,100,100,100,100,100,100,100,100,100,100,39.0625,48.4375,67.1875,100,62.5,100,100,100,100,100,100,15.625,96.875,100,100,89.0625,100,79.6875,100,100,100,100,93.75,100,100,100,92.1875,100,46.875,100,89.0625,100,100,100,87.5,100,81.25,100,39.0625,100,34.375,100,100,100,100,59.375,100,100,100,100,100,57.8125,100,79.6875,100,73.4375,100,62.5,21.875,100,100,100,81.25,100,100,100,96.875,50,100,100,98.4375,100,64.0625,100,50,59.375,62.5,98.4375,79.6875,96.875,79.6875,56.25,100,100,100,100,89.0625,100,87.5,85.9375,57.8125,54.6875,100,100,85.9375,100,100,100,100,100,100,100,50,42.1875,95.3125,100,100,100,40.625,76.5625,100,93.75,100,100,100,96.875,100,62.5,100,92.1875,87.5,82.8125,100,100,100,93.75,100,23.4375,100,100,100,100,100,59.375,100,100,100,59.375,100,100,100,100,84.375,71.875,81.25,67.1875,100,100,79.6875,100,100,78.125,68.75,100,70.3125,100,39.0625,100,100,100,76.5625,65.625,100,87.5,100,100,89.0625,100,40.625,84.375,78.125,62.5,100,100,90.625,100,60.9375,76.5625,100,98.4375,29.6875,51.5625,100,43.75,54.6875,100,95.3125,78.125,100,100,87.5,100,100,100,95.3125,85.9375,29.6875,20.3125,100,100,100,100,100,100,100,100,100,100,14.0625,59.375,100,100,100,81.25,95.3125,100,100,100,100,100,100,68.75,98.4375,100,100,100,100,93.75,100,100,81.25,100,65.625,70.3125,100,100,100,51.5625,75,100,78.125,65.625,100,46.875,43.75,62.5,98.4375,76.5625,100,95.3125,100,93.75,100,78.125,89.0625,100,100,100,100,79.6875,100,100,100,100,100,100,84.375,100,12.5,84.375,100,100,100,46.875,100,90.625,100,48.4375,50,100,100,56.25,100,100,87.5,100,100,100,100,100,84.375,100,34.375,37.5,62.5,76.5625,100,100,100,100,85.9375,100,45.3125,100,100,43.75,71.875,100,17.1875,100,85.9375,100,100,76.5625,100,96.875,100,62.5,87.5,100,73.4375,85.9375,100,93.75,60.9375,43.75,62.5,65.625,48.4375,76.5625,100,53.125,85.9375,90.625,43.75,100,96.875,100,100,100,100,23.4375,62.5,100,98.4375,100,73.4375,42.1875,89.0625,26.5625,76.5625,100,75,64.0625,100,56.25,67.1875,42.1875,75,73.4375,96.875,100,84.375,100,100,50,79.6875,100,67.1875,100,100,100,100,87.5,50,50,100,100,81.25,100,65.625,100,98.4375,62.5,82.8125,100,79.6875,100,87.5,78.125,60.9375,90.625,25,100,100,96.875,79.6875,100,57.8125,100,43.75,35.9375,100,67.1875,79.6875,100,31.25,100,100,100,85.9375,100,90.625,45.3125,100,100,100,92.1875,59.375,25,100,68.75,100,100,89.0625,70.3125,100,60.9375,39.0625,100,100,68.75,60.9375,100,100,73.4375,85.9375,92.1875,95.3125,45.3125,100,35.9375,100,100,62.5,96.875,85.9375,100,100,78.125,46.875,71.875,100,100,100,96.875,100,100,59.375,100,100,59.375,100,59.375,62.5,100,100,73.4375,89.0625,20.3125,100,81.25,79.6875,100,96.875,100,65.625,62.5,81.25,100,81.25,100,100,100,100,100,76.5625,42.1875,54.6875,100,90.625,100,100,100,28.125,100,100,100,90.625,95.3125,45.3125,100,87.5,67.1875,100,100,100,100,100,90.625,100,100,65.625,100,76.5625,71.875,100,100,100,92.1875,100,100,100,67.1875,100,81.25,67.1875,100,100,100,75,78.125,100,100,87.5,70.3125,59.375,64.0625,100,100,100,100,100,100,100,82.8125,100,100,35.9375,100,100,67.1875,100,67.1875,100,100,43.75,100,60.9375,4.6875,25,100,56.25,100,100,100,84.375,67.1875,100,92.1875,100,100,79.6875,100,100,12.5,100,100,100,73.4375,100,100,85.9375,100,100,78.125,100,87.5,100,100,100,100,37.5,81.25,100,89.0625,95.3125,100,100,18.75,100,92.1875,100,46.875,100,100,53.125,100,45.3125,100,79.6875,93.75,70.3125,62.5,100,100,100,100,100,100,85.9375,100,96.875,100,46.875,71.875,92.1875,100,92.1875,100,64.0625,81.25,100,87.5,60.9375,100,100,100,100,50,100,93.75,100,31.25,45.3125,96.875,100,100,100,56.25,68.75,28.125,78.125,62.5,100,100,59.375,100,100,70.3125,6.25,100,85.9375,79.6875,53.125,65.625,100,90.625,100,100,59.375,82.8125,46.875,42.1875,73.4375,70.3125,37.5,100,70.3125,100,100,56.25,100,87.5,60.9375,100,87.5,75,87.5,59.375,78.125,100,100,100,95.3125,75,89.0625,79.6875,81.25,60.9375,100,14.0625,59.375,87.5,100,76.5625,100,100,95.3125,59.375,64.0625,100,100,100,100,95.3125,100,100,89.0625,39.0625,64.0625,54.6875,29.6875,62.5,100,79.6875,78.125,96.875,89.0625,65.625,100,100,35.9375,100,100,100,92.1875,96.875,50,85.9375,42.1875,75,100,12.5,40.625,100,81.25,100,100,73.4375,89.0625,100,98.4375,92.1875,100,67.1875,67.1875,62.5,100,100,100,100,100,57.8125,82.8125,31.25,98.4375,100,87.5,56.25,39.0625,7.8125,100,70.3125,54.6875,93.75,79.6875,34.375,78.125,100,20.3125,93.75,54.6875,85.9375,100,100,43.75,84.375,100,100,81.25,100,100,59.375,100,100,87.5,95.3125,76.5625,64.0625,89.0625,100,100,79.6875,96.875,76.5625,64.0625,100,60.9375,100,100,100,98.4375,71.875,46.875,95.3125,100,100,95.3125,100,100,100,100,100,28.125,78.125,96.875,100,100,75,100,23.4375,100,60.9375,79.6875,100,100,78.125,100,84.375,100,78.125,100,100,92.1875,100,90.625,90.625,100,100,100,71.875,60.9375,75,100,100,100,26.5625,71.875,100,100,100,100,100,93.75,100,57.8125,54.6875,100,87.5,100,100,89.0625,100,85.9375,70.3125,81.25,100,100,81.25,98.4375,100,100,68.75,85.9375,48.4375,100,100,100,100,65.625,100,100,100,100,65.625,92.1875,96.875,95.3125,71.875,67.1875,100,25,100,100,53.125,54.6875,100,100,50,100,92.1875,92.1875,100,100,100,87.5,78.125,81.25,100,79.6875,100,23.4375,100,100,81.25,59.375,79.6875,100,100,100,98.4375,98.4375,100,81.25,59.375,100,59.375,79.6875,100,100,76.5625,100,100,96.875,100,95.3125,100,100,98.4375,100,100,93.75,65.625,60.9375,100,59.375,100,100,64.0625,100,100,57.8125,100,100,90.625,100,81.25,100,100,56.25,71.875,100,100,43.75,78.125,59.375,100,100,79.6875,100,73.4375,98.4375,67.1875,100,73.4375,100,79.6875,100,60.9375,100,82.8125,100,50,100,100,65.625,90.625,65.625,100,76.5625,100,64.0625,100,100,100,93.75,100,21.875,100,100,76.5625,37.5,100,100,100,89.0625,100,43.75,100,100,64.0625,25,100,57.8125,93.75,100,81.25,53.125,100,100,59.375,100,100,81.25,100,71.875,100,100,100,96.875,92.1875,100,45.3125,35.9375,100,100,46.875,100,84.375,81.25,62.5,100,100,64.0625,100,65.625,84.375,31.25,100,100,39.0625,20.3125,100,62.5,100,100,100,75,73.4375,75,100,100,100,100,37.5,56.25,100,96.875,95.3125,93.75,96.875,100,65.625,100,64.0625,56.25,100,100,90.625,100,95.3125,100,15.625,100,71.875,100,62.5,46.875,53.125,92.1875,84.375,100,96.875,93.75,100,100,100,71.875,100,78.125,6.25,100,100,96.875,37.5,85.9375,96.875,70.3125,50,89.0625,20.3125,45.3125,100,100,100,45.3125,60.9375,100,100,100,100,73.4375,79.6875,35.9375,87.5,100,100,100,65.625,100,100,75,100,98.4375,57.8125,87.5,84.375,79.6875,79.6875,100,65.625,54.6875,100,100,100,100,53.125,45.3125,100,100,50,100,32.8125,64.0625,28.125,100,100,56.25,93.75,42.1875,100,98.4375,79.6875,100,100,95.3125,100,100,54.6875,100,95.3125,68.75,100,100,79.6875,100,100,64.0625,100,93.75,90.625,93.75,100,90.625,85.9375,98.4375,100,100,67.1875,100,100,60.9375,100,76.5625,100,64.0625,87.5,84.375,100,100,100,32.8125,85.9375,43.75,100,60.9375,100,100,100,98.4375,53.125,96.875,100,79.6875,59.375,37.5,100,100,100,100,78.125,70.3125,100,85.9375,100,78.125,93.75,71.875,100,85.9375,32.8125,48.4375,71.875,98.4375,51.5625,95.3125,84.375,45.3125,43.75,35.9375,100,90.625,70.3125,100,45.3125,100,100,59.375,79.6875,79.6875,100,73.4375,100,79.6875,85.9375,42.1875,100,100,100,50,100,100,87.5,100,100,90.625,85.9375,100,100,21.875,100,59.375,100,100,43.75,100,39.0625,100,82.8125,76.5625,73.4375,50,34.375,100,100,17.1875,85.9375,100,100,98.4375,100,70.3125,100,20.3125,100,53.125,100,93.75,100,98.4375,34.375,42.1875,100,100,48.4375,62.5,100,100,100,100,100,25,100,45.3125,100,100,100,51.5625,100,95.3125,53.125,100,70.3125,76.5625,60.9375,35.9375,53.125,100,100,100,100,100,100,100,73.4375,100,100,100,100,100,87.5,84.375,100,100,100,100,100,96.875,56.25,39.0625,73.4375,40.625,87.5,100,100,100,100,64.0625,100,1.5625,96.875,100,28.125,100,81.25,100,89.0625,100,100,100,100,84.375,85.9375,100,100,100,95.3125,100,96.875,100,100,46.875,100,42.1875,100,57.8125,100,100,98.4375,87.5,100,43.75,64.0625,100,100,53.125,100,100,56.25,100,100,73.4375,100,100,100,89.0625,100,59.375,28.125,100,100,100,79.6875,76.5625,100,62.5,100,64.0625,100,79.6875,100,100,100,71.875,100,73.4375,100,67.1875,57.8125,100,68.75,100,96.875,78.125,92.1875,89.0625,56.25,100,100,96.875,100,75,100,46.875,100,93.75,28.125,65.625,100,100,54.6875,79.6875,100,79.6875,26.5625,68.75,85.9375,100,100,100,60.9375,100,62.5,37.5,100,70.3125,100,100,100,54.6875,84.375,100,54.6875,89.0625,100,51.5625,100,60.9375,100,53.125,67.1875,89.0625,100,17.1875,56.25,100,100,100,73.4375,100,100
"6158",89.0625,100,67.1875,100,35.9375,43.75,95.3125,70.3125,54.6875,73.4375,98.4375,100,100,100,100,78.125,92.1875,73.4375,100,100,96.875,100,100,100,76.5625,100,100,76.5625,85.9375,100,100,100,100,100,100,42.1875,84.375,100,100,100,92.1875,65.625,79.6875,100,100,100,100,100,68.75,82.8125,75,100,100,78.125,76.5625,100,14.0625,100,29.6875,62.5,96.875,100,98.4375,100,100,100,40.625,100,79.6875,100,53.125,78.125,57.8125,79.6875,62.5,85.9375,100,100,50,100,100,100,79.6875,68.75,85.9375,100,100,100,100,100,64.0625,89.0625,39.0625,48.4375,34.375,93.75,100,56.25,100,100,84.375,100,100,92.1875,18.75,17.1875,100,100,82.8125,100,84.375,82.8125,100,100,40.625,100,98.4375,100,100,100,70.3125,100,100,84.375,100,40.625,100,18.75,100,37.5,93.75,100,100,100,100,62.5,100,76.5625,100,95.3125,100,75,51.5625,45.3125,100,100,90.625,100,51.5625,71.875,62.5,35.9375,79.6875,92.1875,100,23.4375,76.5625,100,100,100,100,100,100,100,100,65.625,21.875,89.0625,21.875,79.6875,85.9375,76.5625,100,100,100,100,84.375,98.4375,100,100,100,21.875,100,100,100,76.5625,43.75,100,100,85.9375,100,60.9375,87.5,100,87.5,100,100,57.8125,100,100,42.1875,21.875,96.875,100,100,100,100,18.75,79.6875,100,62.5,100,100,95.3125,81.25,78.125,34.375,95.3125,100,79.6875,100,73.4375,100,100,100,57.8125,73.4375,100,57.8125,100,100,79.6875,100,100,84.375,100,84.375,59.375,96.875,100,100,100,100,15.625,100,21.875,89.0625,90.625,100,100,40.625,78.125,68.75,100,48.4375,96.875,100,60.9375,100,100,100,100,31.25,100,21.875,100,100,93.75,50,100,45.3125,71.875,100,93.75,100,64.0625,32.8125,100,57.8125,100,84.375,39.0625,96.875,100,100,100,43.75,100,100,98.4375,79.6875,100,42.1875,57.8125,100,95.3125,100,84.375,56.25,75,53.125,100,100,100,100,81.25,81.25,64.0625,79.6875,100,100,100,42.1875,100,100,95.3125,100,100,54.6875,57.8125,90.625,100,50,64.0625,75,60.9375,93.75,96.875,100,100,85.9375,100,76.5625,96.875,100,28.125,100,87.5,100,100,100,84.375,32.8125,54.6875,65.625,64.0625,21.875,100,68.75,76.5625,100,78.125,100,100,70.3125,100,71.875,45.3125,53.125,100,71.875,90.625,100,100,78.125,53.125,50,100,100,100,100,100,92.1875,71.875,100,100,90.625,68.75,75,100,87.5,75,82.8125,82.8125,100,60.9375,93.75,100,64.0625,93.75,100,89.0625,100,100,100,79.6875,100,82.8125,100,15.625,100,100,100,100,100,75,59.375,79.6875,70.3125,84.375,78.125,95.3125,76.5625,51.5625,100,100,37.5,46.875,100,87.5,67.1875,100,62.5,100,100,25,45.3125,100,93.75,100,82.8125,100,81.25,100,79.6875,73.4375,45.3125,100,100,100,100,90.625,100,85.9375,100,100,100,100,82.8125,92.1875,85.9375,100,15.625,100,84.375,71.875,100,87.5,100,100,76.5625,93.75,65.625,100,68.75,53.125,100,100,100,89.0625,82.8125,53.125,64.0625,93.75,100,87.5,100,100,100,73.4375,76.5625,100,100,67.1875,82.8125,100,51.5625,100,67.1875,73.4375,100,78.125,78.125,100,64.0625,100,100,100,73.4375,73.4375,82.8125,100,100,100,84.375,76.5625,100,84.375,100,100,57.8125,70.3125,68.75,100,100,100,100,100,100,100,92.1875,100,100,60.9375,26.5625,100,100,100,45.3125,100,40.625,100,98.4375,100,84.375,70.3125,100,81.25,82.8125,100,100,64.0625,100,35.9375,57.8125,100,85.9375,100,100,70.3125,100,89.0625,100,100,100,42.1875,79.6875,100,62.5,92.1875,100,71.875,93.75,81.25,100,100,31.25,73.4375,100,100,78.125,85.9375,67.1875,100,31.25,100,100,60.9375,70.3125,100,100,100,100,100,100,100,29.6875,65.625,100,64.0625,100,70.3125,100,100,100,100,100,100,57.8125,96.875,100,95.3125,100,96.875,51.5625,100,70.3125,57.8125,100,50,100,100,75,100,26.5625,100,100,73.4375,100,100,100,100,92.1875,68.75,71.875,81.25,100,73.4375,100,82.8125,81.25,100,100,100,100,100,100,100,100,100,100,100,59.375,96.875,76.5625,71.875,93.75,100,100,51.5625,100,93.75,90.625,100,42.1875,6.25,87.5,53.125,28.125,100,100,100,100,100,100,59.375,100,82.8125,39.0625,59.375,84.375,34.375,62.5,68.75,76.5625,100,93.75,31.25,75,65.625,40.625,90.625,95.3125,54.6875,76.5625,100,100,100,100,100,100,76.5625,65.625,46.875,68.75,100,100,81.25,56.25,70.3125,46.875,100,51.5625,100,100,100,100,100,100,56.25,100,84.375,82.8125,76.5625,100,100,65.625,98.4375,100,100,60.9375,100,100,100,81.25,100,100,100,100,100,70.3125,79.6875,100,100,100,92.1875,100,100,100,100,100,100,68.75,100,82.8125,56.25,64.0625,100,100,35.9375,89.0625,100,78.125,40.625,60.9375,100,100,82.8125,100,100,100,100,70.3125,100,67.1875,90.625,100,100,85.9375,48.4375,48.4375,78.125,70.3125,6.25,100,100,100,39.0625,100,9.375,84.375,100,100,100,100,100,81.25,64.0625,100,100,70.3125,100,29.6875,45.3125,96.875,100,60.9375,100,100,100,100,56.25,100,98.4375,100,71.875,76.5625,100,100,29.6875,64.0625,100,100,79.6875,92.1875,100,54.6875,93.75,100,100,57.8125,100,78.125,100,100,100,100,95.3125,62.5,100,100,85.9375,62.5,100,100,57.8125,100,68.75,92.1875,79.6875,43.75,100,59.375,100,79.6875,100,100,100,53.125,70.3125,78.125,100,100,71.875,100,76.5625,37.5,51.5625,100,100,75,100,78.125,100,90.625,96.875,56.25,100,100,59.375,59.375,93.75,100,59.375,100,68.75,37.5,100,68.75,100,67.1875,100,46.875,100,100,10.9375,100,26.5625,57.8125,85.9375,71.875,100,82.8125,76.5625,100,98.4375,100,75,100,100,73.4375,18.75,100,100,100,98.4375,87.5,50,100,100,100,100,100,54.6875,100,82.8125,100,79.6875,100,67.1875,59.375,100,68.75,59.375,89.0625,100,35.9375,100,100,100,98.4375,100,70.3125,65.625,85.9375,100,70.3125,100,96.875,100,100,79.6875,96.875,67.1875,35.9375,100,100,59.375,93.75,100,39.0625,100,100,100,100,60.9375,100,29.6875,100,100,100,100,93.75,100,23.4375,100,82.8125,100,100,100,100,70.3125,50,100,100,59.375,51.5625,100,95.3125,100,100,100,76.5625,54.6875,29.6875,100,25,100,70.3125,70.3125,100,89.0625,100,100,100,100,100,100,100,100,100,100,57.8125,87.5,76.5625,100,92.1875,59.375,95.3125,62.5,57.8125,100,34.375,95.3125,56.25,84.375,100,48.4375,92.1875,68.75,100,100,100,93.75,100,100,96.875,29.6875,100,90.625,79.6875,100,65.625,100,93.75,100,100,100,100,100,82.8125,100,100,100,76.5625,100,67.1875,100,100,100,100,100,100,100,75,100,75,40.625,98.4375,100,100,100,100,84.375,100,95.3125,53.125,92.1875,100,100,82.8125,100,46.875,96.875,100,81.25,45.3125,100,100,71.875,82.8125,100,79.6875,100,100,71.875,100,65.625,98.4375,81.25,75,100,100,29.6875,79.6875,100,98.4375,100,100,50,75,100,100,100,68.75,15.625,100,100,100,100,100,100,100,100,71.875,100,90.625,65.625,100,90.625,89.0625,29.6875,42.1875,100,84.375,100,100,100,100,100,75,100,100,93.75,53.125,100,82.8125,46.875,100,82.8125,100,92.1875,95.3125,100,100,100,100,100,100,84.375,100,100,100,51.5625,100,100,57.8125,65.625,100,93.75,100,84.375,100,95.3125,68.75,76.5625,98.4375,42.1875,100,92.1875,100,100,100,100,39.0625,64.0625,100,100,100,100,100,100,51.5625,62.5,84.375,100,100,70.3125,100,96.875,100,82.8125,75,100,100,100,85.9375,98.4375,100,79.6875,82.8125,100,95.3125,100,100,100,17.1875,100,53.125,51.5625,65.625,100,68.75,56.25,100,100,100,90.625,51.5625,100,89.0625,31.25,100,100,100,100,100,100,100,100,100,100,68.75,78.125,98.4375,54.6875,100,65.625,100,96.875,65.625,73.4375,95.3125,79.6875,100,100,54.6875,100,100,56.25,100,84.375,100,100,100,42.1875,100,75,93.75,100,100,34.375,100,20.3125,46.875,100,100,100,89.0625,23.4375,100,37.5,100,100,100,100,62.5,67.1875,100,65.625,100,90.625,87.5,82.8125,100,95.3125,85.9375,54.6875,87.5,76.5625,100,100,70.3125,70.3125,71.875,67.1875,56.25,64.0625,100,100,64.0625,92.1875,100,81.25,60.9375,100,43.75,93.75,100,100,100,100,100,89.0625,100,73.4375,100,100,100,84.375,17.1875,89.0625,100,85.9375,56.25,100,100,70.3125,100,82.8125,100,87.5,100,100,60.9375,62.5,100,70.3125,100,100,76.5625,89.0625,100,100,100,100,92.1875,53.125,100,100,100,78.125,100,34.375,95.3125,100,64.0625,48.4375,84.375,62.5,100,95.3125,51.5625,57.8125,62.5,53.125,42.1875,100,100,75,62.5,60.9375,100,67.1875,92.1875,100,100,89.0625,100,53.125,100,100,64.0625,56.25,100,54.6875,100,93.75,100,85.9375,81.25,100,95.3125,93.75,100,100,95.3125,71.875,26.5625,100,100,90.625,100,100,71.875,100,100,57.8125,90.625,100,35.9375,100,100,100,100,53.125,93.75,81.25,45.3125,78.125,50,96.875,96.875,17.1875,79.6875,87.5,100,100,90.625,29.6875,82.8125,100,76.5625,67.1875,89.0625,100,65.625,100,100,100,100,100,100,92.1875,100,100,100,100,89.0625,100,100,100,100,100,92.1875,100,100,100,100,67.1875,68.75,100,100,85.9375,98.4375,71.875,100,100,70.3125,76.5625,100,93.75,100,35.9375,42.1875,60.9375,100,98.4375,81.25,100,100,71.875,68.75,100,95.3125,93.75,79.6875,76.5625,100,100,100,100,100,100,100,100,100,100,39.0625,46.875,70.3125,100,56.25,100,100,100,100,100,100,67.1875,100,100,89.0625,46.875,100,75,100,100,100,100,100,100,100,100,92.1875,100,45.3125,100,90.625,100,100,100,79.6875,71.875,95.3125,100,39.0625,100,32.8125,100,96.875,100,100,100,100,100,70.3125,100,100,57.8125,100,76.5625,100,78.125,100,67.1875,100,100,100,100,78.125,98.4375,100,100,96.875,32.8125,100,93.75,96.875,100,67.1875,100,54.6875,57.8125,48.4375,100,82.8125,56.25,57.8125,54.6875,100,100,100,100,90.625,100,87.5,79.6875,64.0625,59.375,100,100,87.5,100,100,100,100,100,89.0625,100,67.1875,43.75,85.9375,100,100,100,35.9375,71.875,100,95.3125,100,100,100,100,100,75,100,100,85.9375,100,100,100,100,100,100,100,100,100,100,54.6875,100,59.375,100,45.3125,100,100,93.75,56.25,100,100,100,71.875,100,71.875,100,100,68.75,100,100,81.25,70.3125,100,70.3125,100,25,100,100,100,70.3125,57.8125,100,95.3125,100,100,89.0625,73.4375,43.75,28.125,89.0625,62.5,100,100,87.5,100,100,76.5625,100,100,25,85.9375,100,45.3125,54.6875,100,95.3125,68.75,28.125,100,87.5,100,100,100,93.75,89.0625,29.6875,20.3125,100,100,100,90.625,89.0625,100,100,100,100,100,15.625,37.5,100,100,100,79.6875,89.0625,100,96.875,100,100,85.9375,100,68.75,100,100,100,100,100,90.625,100,100,92.1875,100,100,68.75,100,100,100,53.125,73.4375,100,76.5625,71.875,100,43.75,46.875,62.5,98.4375,82.8125,100,85.9375,100,78.125,100,100,92.1875,100,100,100,100,82.8125,98.4375,100,100,100,100,100,87.5,100,15.625,85.9375,90.625,100,100,48.4375,100,89.0625,100,51.5625,76.5625,95.3125,100,51.5625,100,100,100,100,95.3125,100,100,100,78.125,100,34.375,100,60.9375,81.25,100,100,100,100,85.9375,92.1875,50,100,100,43.75,68.75,100,29.6875,53.125,68.75,100,100,75,100,98.4375,100,68.75,79.6875,100,78.125,100,100,95.3125,43.75,40.625,56.25,65.625,56.25,75,100,67.1875,84.375,93.75,51.5625,100,96.875,100,100,100,100,46.875,65.625,95.3125,79.6875,100,57.8125,42.1875,50,100,65.625,100,75,64.0625,34.375,53.125,64.0625,81.25,100,73.4375,98.4375,100,85.9375,100,100,100,79.6875,100,67.1875,100,100,100,100,95.3125,100,51.5625,100,100,82.8125,100,98.4375,100,100,100,82.8125,46.875,78.125,100,100,39.0625,100,95.3125,23.4375,87.5,98.4375,90.625,65.625,100,56.25,100,40.625,35.9375,100,65.625,81.25,100,31.25,100,100,98.4375,89.0625,84.375,93.75,56.25,100,100,96.875,89.0625,65.625,26.5625,100,68.75,100,100,90.625,76.5625,100,56.25,39.0625,25,100,67.1875,60.9375,100,100,73.4375,84.375,92.1875,100,40.625,100,35.9375,100,93.75,60.9375,71.875,100,100,100,100,23.4375,100,100,100,100,100,100,100,100,100,100,100,100,62.5,57.8125,100,100,59.375,100,18.75,100,48.4375,81.25,100,90.625,100,82.8125,62.5,82.8125,100,87.5,100,100,100,100,100,70.3125,56.25,53.125,100,89.0625,100,100,100,14.0625,93.75,100,100,100,96.875,100,89.0625,100,73.4375,100,100,100,100,100,90.625,100,100,79.6875,100,76.5625,82.8125,100,100,98.4375,89.0625,100,100,100,67.1875,100,89.0625,62.5,100,96.875,87.5,71.875,79.6875,100,100,85.9375,39.0625,60.9375,81.25,100,100,100,100,100,100,100,85.9375,100,100,64.0625,96.875,98.4375,67.1875,100,71.875,100,100,40.625,100,78.125,4.6875,23.4375,100,9.375,100,100,100,82.8125,70.3125,93.75,100,100,79.6875,81.25,100,100,84.375,100,100,100,73.4375,100,98.4375,100,100,100,64.0625,100,100,100,89.0625,100,100,39.0625,81.25,100,100,82.8125,100,100,31.25,100,85.9375,84.375,53.125,100,100,57.8125,100,46.875,100,75,90.625,71.875,100,100,100,100,100,100,100,85.9375,100,96.875,100,59.375,71.875,100,100,90.625,100,87.5,78.125,100,87.5,56.25,100,75,100,100,50,100,89.0625,100,39.0625,45.3125,93.75,100,100,100,57.8125,65.625,28.125,78.125,84.375,100,100,59.375,100,37.5,67.1875,4.6875,100,85.9375,78.125,98.4375,73.4375,100,92.1875,100,100,59.375,79.6875,45.3125,50,70.3125,71.875,39.0625,100,81.25,100,100,54.6875,95.3125,84.375,53.125,100,73.4375,75,90.625,57.8125,100,100,100,100,100,71.875,70.3125,85.9375,81.25,100,100,48.4375,56.25,95.3125,100,85.9375,28.125,100,95.3125,57.8125,62.5,100,100,100,100,95.3125,100,100,7.8125,25,64.0625,85.9375,29.6875,62.5,53.125,85.9375,84.375,100,81.25,87.5,100,100,34.375,100,50,100,89.0625,98.4375,46.875,85.9375,42.1875,100,100,14.0625,40.625,67.1875,81.25,100,100,70.3125,76.5625,93.75,98.4375,96.875,100,67.1875,67.1875,39.0625,73.4375,100,100,90.625,100,50,82.8125,100,100,100,57.8125,100,51.5625,7.8125,100,70.3125,54.6875,100,81.25,73.4375,73.4375,100,20.3125,93.75,54.6875,85.9375,100,100,45.3125,85.9375,92.1875,92.1875,82.8125,100,100,76.5625,100,100,92.1875,95.3125,73.4375,42.1875,87.5,100,100,79.6875,71.875,85.9375,64.0625,100,100,100,100,100,100,62.5,42.1875,87.5,100,100,100,100,100,100,100,100,34.375,92.1875,89.0625,95.3125,100,73.4375,100,26.5625,100,51.5625,100,100,100,75,84.375,84.375,100,100,100,100,92.1875,100,92.1875,95.3125,100,100,100,73.4375,57.8125,95.3125,100,100,100,26.5625,75,100,100,100,100,100,100,100,64.0625,50,100,87.5,100,100,82.8125,90.625,85.9375,67.1875,87.5,100,100,76.5625,100,100,100,71.875,79.6875,48.4375,71.875,100,100,100,76.5625,100,100,100,100,100,70.3125,93.75,84.375,95.3125,59.375,100,26.5625,100,100,28.125,54.6875,92.1875,100,51.5625,87.5,89.0625,92.1875,57.8125,100,90.625,85.9375,79.6875,87.5,100,85.9375,100,26.5625,100,100,75,59.375,79.6875,100,100,100,98.4375,100,100,84.375,64.0625,100,59.375,81.25,100,100,98.4375,100,100,100,100,100,98.4375,100,28.125,100,100,100,67.1875,64.0625,100,59.375,100,100,64.0625,100,100,56.25,100,100,93.75,100,100,100,100,56.25,71.875,29.6875,100,42.1875,75,62.5,100,100,100,100,62.5,96.875,100,100,75,100,92.1875,100,60.9375,100,25,100,48.4375,100,100,67.1875,65.625,78.125,100,73.4375,100,62.5,100,87.5,100,100,100,100,100,100,76.5625,39.0625,100,100,100,93.75,100,43.75,100,100,37.5,23.4375,100,100,70.3125,100,100,54.6875,15.625,100,54.6875,100,100,40.625,100,73.4375,100,100,100,100,95.3125,100,56.25,100,100,100,53.125,100,89.0625,87.5,60.9375,18.75,100,57.8125,84.375,82.8125,100,34.375,100,100,39.0625,20.3125,100,65.625,100,100,100,75,78.125,96.875,100,46.875,100,100,39.0625,100,100,100,82.8125,73.4375,98.4375,100,65.625,78.125,64.0625,64.0625,100,100,93.75,100,100,100,100,79.6875,81.25,100,68.75,21.875,57.8125,92.1875,92.1875,98.4375,85.9375,100,96.875,100,100,71.875,100,78.125,100,100,100,96.875,100,42.1875,95.3125,70.3125,82.8125,90.625,21.875,46.875,100,100,100,45.3125,46.875,100,100,100,100,87.5,79.6875,37.5,87.5,100,100,100,68.75,82.8125,100,81.25,64.0625,100,57.8125,100,92.1875,79.6875,81.25,100,67.1875,54.6875,56.25,100,100,100,53.125,45.3125,100,100,50,100,100,75,29.6875,100,100,59.375,90.625,100,100,100,71.875,98.4375,100,100,100,100,57.8125,100,100,100,100,100,81.25,100,100,56.25,100,100,100,67.1875,100,90.625,79.6875,100,100,100,76.5625,54.6875,100,62.5,100,78.125,100,60.9375,93.75,100,100,100,100,35.9375,100,40.625,100,60.9375,100,100,100,89.0625,100,100,100,70.3125,60.9375,35.9375,100,100,100,100,78.125,71.875,100,95.3125,100,82.8125,100,71.875,100,82.8125,42.1875,56.25,70.3125,98.4375,56.25,96.875,82.8125,100,42.1875,35.9375,100,59.375,71.875,100,45.3125,100,84.375,59.375,75,78.125,100,76.5625,100,78.125,85.9375,64.0625,100,100,100,59.375,100,100,87.5,100,100,71.875,84.375,100,100,21.875,100,57.8125,100,100,43.75,100,40.625,100,81.25,45.3125,100,50,54.6875,100,100,18.75,64.0625,100,100,93.75,100,78.125,100,34.375,100,82.8125,100,64.0625,100,95.3125,48.4375,43.75,100,100,50,65.625,100,100,100,100,100,18.75,100,50,100,100,100,100,100,95.3125,68.75,100,93.75,62.5,46.875,37.5,53.125,100,100,96.875,95.3125,100,100,100,82.8125,73.4375,100,100,100,100,89.0625,85.9375,100,71.875,100,100,100,93.75,100,100,76.5625,100,51.5625,100,100,100,84.375,15.625,100,1.5625,98.4375,45.3125,34.375,67.1875,78.125,100,100,100,100,100,100,100,85.9375,100,100,100,95.3125,100,89.0625,100,100,62.5,100,35.9375,100,59.375,100,100,100,98.4375,100,43.75,64.0625,100,100,42.1875,100,100,87.5,100,98.4375,96.875,100,100,100,89.0625,100,60.9375,29.6875,89.0625,98.4375,96.875,53.125,100,100,62.5,85.9375,62.5,95.3125,71.875,87.5,100,100,76.5625,100,75,100,100,54.6875,100,65.625,100,100,93.75,100,34.375,59.375,100,100,96.875,82.8125,78.125,51.5625,45.3125,100,100,26.5625,62.5,100,100,71.875,87.5,100,79.6875,28.125,68.75,42.1875,100,100,100,62.5,100,60.9375,37.5,85.9375,89.0625,100,100,100,100,78.125,100,54.6875,100,100,53.125,100,60.9375,100,76.5625,67.1875,79.6875,100,89.0625,59.375,100,100,100,87.5,100,100
"6159",89.0625,100,100,100,100,40.625,95.3125,100,42.1875,59.375,78.125,100,100,100,100,75,85.9375,78.125,100,100,96.875,100,100,100,71.875,100,100,81.25,84.375,100,51.5625,100,100,98.4375,100,100,81.25,60.9375,100,100,87.5,64.0625,92.1875,100,100,45.3125,100,100,67.1875,81.25,75,100,100,68.75,68.75,100,10.9375,100,100,40.625,89.0625,100,98.4375,67.1875,100,100,39.0625,100,59.375,100,54.6875,64.0625,89.0625,100,65.625,85.9375,100,100,50,100,84.375,100,82.8125,70.3125,59.375,100,100,53.125,100,100,57.8125,89.0625,100,45.3125,92.1875,100,100,54.6875,100,100,100,100,100,90.625,12.5,15.625,92.1875,100,85.9375,100,78.125,82.8125,100,100,40.625,100,100,100,95.3125,100,87.5,100,95.3125,100,68.75,42.1875,100,18.75,100,23.4375,100,100,100,100,100,65.625,100,78.125,100,100,100,78.125,45.3125,100,100,100,85.9375,62.5,59.375,64.0625,57.8125,43.75,79.6875,92.1875,98.4375,25,39.0625,100,100,100,100,100,100,100,50,65.625,59.375,89.0625,20.3125,100,76.5625,81.25,100,100,100,100,84.375,84.375,100,100,100,54.6875,100,100,100,100,42.1875,100,100,84.375,100,34.375,87.5,100,87.5,100,100,65.625,100,96.875,42.1875,100,96.875,100,100,98.4375,100,17.1875,73.4375,100,64.0625,100,100,100,87.5,78.125,39.0625,93.75,100,100,100,75,68.75,100,100,59.375,68.75,100,92.1875,100,100,82.8125,100,90.625,54.6875,100,62.5,62.5,98.4375,100,100,93.75,100,64.0625,100,23.4375,92.1875,92.1875,100,100,100,79.6875,76.5625,100,100,96.875,100,62.5,100,100,100,98.4375,31.25,93.75,46.875,100,100,100,100,100,45.3125,90.625,100,100,100,62.5,34.375,100,76.5625,100,76.5625,42.1875,51.5625,100,100,100,42.1875,100,100,100,82.8125,100,42.1875,56.25,100,84.375,100,87.5,59.375,75,46.875,100,100,92.1875,100,89.0625,93.75,57.8125,84.375,100,100,100,43.75,100,100,96.875,100,100,32.8125,54.6875,89.0625,100,50,100,67.1875,53.125,93.75,96.875,81.25,100,85.9375,100,46.875,100,100,26.5625,100,85.9375,100,100,100,84.375,35.9375,78.125,68.75,64.0625,20.3125,100,96.875,75,100,34.375,100,100,70.3125,100,45.3125,64.0625,51.5625,92.1875,67.1875,89.0625,100,100,76.5625,53.125,29.6875,85.9375,100,100,100,100,100,65.625,75,100,96.875,67.1875,68.75,100,78.125,82.8125,100,84.375,100,54.6875,93.75,100,64.0625,92.1875,100,78.125,100,100,100,76.5625,100,48.4375,96.875,17.1875,100,100,100,100,100,95.3125,59.375,73.4375,68.75,89.0625,76.5625,90.625,100,75,100,100,35.9375,48.4375,100,78.125,67.1875,100,100,98.4375,100,28.125,56.25,100,92.1875,100,82.8125,100,78.125,100,76.5625,68.75,48.4375,100,100,100,100,89.0625,100,73.4375,100,60.9375,100,100,87.5,93.75,87.5,100,100,100,84.375,71.875,100,92.1875,100,100,76.5625,100,59.375,100,89.0625,53.125,100,100,100,78.125,73.4375,51.5625,42.1875,100,100,89.0625,100,100,100,100,75,20.3125,100,60.9375,82.8125,100,54.6875,100,64.0625,73.4375,100,78.125,78.125,100,64.0625,78.125,98.4375,100,71.875,71.875,67.1875,100,100,100,85.9375,71.875,100,82.8125,100,100,57.8125,62.5,68.75,100,100,100,100,100,100,100,96.875,100,98.4375,59.375,26.5625,92.1875,100,100,50,100,37.5,100,98.4375,93.75,84.375,70.3125,100,81.25,84.375,100,92.1875,60.9375,100,35.9375,45.3125,100,78.125,100,100,70.3125,73.4375,93.75,100,100,100,43.75,78.125,100,59.375,100,100,71.875,100,71.875,100,100,31.25,76.5625,100,100,59.375,79.6875,75,100,32.8125,73.4375,100,60.9375,82.8125,100,100,100,93.75,100,100,96.875,31.25,67.1875,100,70.3125,100,71.875,100,100,100,100,100,100,43.75,95.3125,100,93.75,100,100,53.125,48.4375,65.625,53.125,100,50,100,100,76.5625,100,20.3125,100,100,65.625,100,100,100,100,81.25,73.4375,96.875,100,100,100,100,75,81.25,100,100,100,100,100,100,100,100,100,100,100,57.8125,96.875,76.5625,76.5625,100,100,100,26.5625,100,93.75,90.625,100,42.1875,6.25,73.4375,51.5625,28.125,100,100,39.0625,100,100,100,59.375,100,82.8125,37.5,59.375,64.0625,37.5,65.625,67.1875,75,81.25,93.75,98.4375,73.4375,70.3125,40.625,87.5,95.3125,50,76.5625,100,100,100,100,100,100,76.5625,53.125,43.75,68.75,100,100,85.9375,67.1875,46.875,46.875,100,56.25,100,100,100,100,100,100,56.25,100,76.5625,89.0625,81.25,100,100,65.625,100,100,100,57.8125,100,100,100,75,100,100,100,100,100,78.125,62.5,100,100,100,90.625,100,100,100,100,100,100,68.75,100,100,34.375,42.1875,100,100,34.375,82.8125,100,95.3125,39.0625,59.375,100,100,67.1875,100,100,100,100,79.6875,100,67.1875,90.625,100,100,95.3125,48.4375,23.4375,70.3125,68.75,6.25,100,100,100,39.0625,100,10.9375,84.375,100,90.625,100,100,100,92.1875,100,100,100,71.875,100,40.625,45.3125,84.375,100,75,100,100,100,100,48.4375,100,100,100,92.1875,85.9375,100,100,14.0625,53.125,93.75,100,89.0625,85.9375,100,39.0625,93.75,100,100,56.25,100,79.6875,100,100,100,100,95.3125,62.5,84.375,100,87.5,85.9375,100,100,40.625,100,70.3125,82.8125,79.6875,45.3125,100,70.3125,100,73.4375,100,100,100,59.375,62.5,100,100,100,67.1875,100,76.5625,18.75,10.9375,100,100,85.9375,100,98.4375,100,90.625,100,56.25,100,100,100,85.9375,96.875,100,100,100,64.0625,39.0625,100,68.75,100,67.1875,100,51.5625,45.3125,100,31.25,100,39.0625,57.8125,100,68.75,64.0625,81.25,75,100,100,100,57.8125,100,90.625,73.4375,21.875,100,100,100,100,90.625,53.125,100,100,100,100,100,62.5,100,76.5625,100,78.125,100,100,62.5,100,73.4375,62.5,84.375,100,35.9375,100,75,100,87.5,100,70.3125,59.375,68.75,100,71.875,70.3125,70.3125,100,82.8125,78.125,85.9375,81.25,37.5,100,100,39.0625,95.3125,87.5,34.375,68.75,89.0625,100,100,67.1875,100,100,96.875,100,100,100,93.75,100,100,100,100,100,100,100,100,57.8125,45.3125,100,100,59.375,40.625,100,90.625,100,100,100,73.4375,51.5625,29.6875,100,25,93.75,70.3125,71.875,100,89.0625,20.3125,100,100,100,100,100,60.9375,100,100,100,4.6875,87.5,100,100,93.75,60.9375,93.75,67.1875,54.6875,100,100,100,100,84.375,100,67.1875,100,79.6875,100,100,100,78.125,100,100,95.3125,28.125,100,84.375,81.25,100,68.75,100,96.875,85.9375,64.0625,100,100,100,81.25,93.75,100,100,76.5625,100,68.75,100,100,100,100,100,100,100,71.875,100,81.25,7.8125,100,100,100,100,100,87.5,100,96.875,100,92.1875,100,100,100,100,43.75,92.1875,100,82.8125,75,100,100,70.3125,82.8125,100,82.8125,100,100,71.875,100,60.9375,100,81.25,84.375,100,100,34.375,100,100,82.8125,73.4375,85.9375,48.4375,79.6875,100,100,100,78.125,15.625,100,100,73.4375,100,100,100,100,100,100,82.8125,100,62.5,100,92.1875,100,23.4375,100,100,81.25,100,100,93.75,100,100,73.4375,100,100,93.75,48.4375,100,82.8125,46.875,100,82.8125,100,100,100,100,100,100,98.4375,100,67.1875,82.8125,100,100,100,59.375,100,100,60.9375,65.625,100,93.75,100,82.8125,100,100,71.875,78.125,96.875,71.875,100,100,100,100,100,100,39.0625,51.5625,100,100,100,100,100,100,43.75,64.0625,87.5,100,100,65.625,85.9375,96.875,100,76.5625,75,100,100,100,48.4375,95.3125,100,87.5,75,100,98.4375,100,100,81.25,15.625,100,46.875,51.5625,39.0625,100,68.75,92.1875,100,100,100,85.9375,51.5625,100,92.1875,31.25,100,100,100,100,100,100,100,100,100,100,70.3125,67.1875,98.4375,54.6875,100,73.4375,100,90.625,100,70.3125,95.3125,81.25,100,100,54.6875,100,100,57.8125,93.75,71.875,100,100,100,40.625,90.625,68.75,78.125,100,100,100,100,25,71.875,21.875,100,100,89.0625,32.8125,100,35.9375,100,100,100,100,60.9375,68.75,100,65.625,100,100,100,82.8125,100,96.875,85.9375,53.125,89.0625,75,100,100,65.625,70.3125,67.1875,67.1875,59.375,50,100,96.875,68.75,93.75,100,81.25,59.375,100,46.875,85.9375,100,100,100,100,100,95.3125,100,73.4375,98.4375,100,98.4375,100,64.0625,96.875,100,85.9375,82.8125,100,100,60.9375,100,84.375,100,60.9375,100,89.0625,75,62.5,100,46.875,93.75,100,100,89.0625,100,100,100,100,92.1875,70.3125,100,93.75,100,76.5625,100,32.8125,96.875,100,64.0625,48.4375,82.8125,89.0625,100,100,46.875,64.0625,64.0625,56.25,43.75,100,100,75,59.375,60.9375,92.1875,64.0625,90.625,100,100,89.0625,100,48.4375,100,75,60.9375,100,100,59.375,100,92.1875,100,84.375,87.5,100,82.8125,93.75,100,53.125,92.1875,73.4375,28.125,100,100,100,100,100,89.0625,100,62.5,62.5,89.0625,100,100,100,100,100,100,46.875,100,68.75,43.75,81.25,51.5625,95.3125,100,100,79.6875,87.5,100,100,90.625,29.6875,79.6875,100,75,67.1875,100,100,62.5,100,100,100,100,93.75,100,75,100,100,93.75,100,89.0625,100,92.1875,100,100,100,93.75,100,100,100,12.5,89.0625,67.1875,100,100,84.375,100,71.875,100,100,68.75,70.3125,100,90.625,100,18.75,43.75,57.8125,100,98.4375,76.5625,100,100,78.125,54.6875,100,100,93.75,75,78.125,100,100,100,100,70.3125,100,100,100,100,100,45.3125,45.3125,70.3125,100,59.375,100,100,100,100,100,100,28.125,100,100,90.625,100,100,92.1875,100,100,100,100,95.3125,90.625,100,100,93.75,100,50,100,87.5,89.0625,100,100,87.5,85.9375,90.625,100,35.9375,100,35.9375,100,93.75,100,100,96.875,100,100,100,100,100,60.9375,100,76.5625,100,73.4375,100,71.875,100,100,100,100,75,100,100,73.4375,98.4375,100,100,98.4375,100,100,18.75,100,60.9375,51.5625,75,57.8125,78.125,14.0625,79.6875,67.1875,100,100,100,100,90.625,100,89.0625,84.375,68.75,62.5,100,100,87.5,37.5,100,100,100,100,92.1875,100,53.125,42.1875,100,100,98.4375,100,34.375,68.75,100,100,100,100,100,100,71.875,64.0625,100,90.625,89.0625,100,100,100,95.3125,76.5625,100,92.1875,100,100,100,100,100,59.375,100,39.0625,100,100,100,89.0625,100,100,100,71.875,98.4375,62.5,100,100,70.3125,100,100,75,70.3125,100,68.75,100,14.0625,100,100,100,60.9375,56.25,100,84.375,100,100,87.5,100,45.3125,31.25,84.375,64.0625,100,100,89.0625,100,100,82.8125,100,70.3125,23.4375,62.5,100,48.4375,56.25,100,95.3125,65.625,100,100,87.5,100,100,100,93.75,100,31.25,23.4375,100,100,100,100,87.5,100,100,100,100,100,15.625,50,90.625,100,100,79.6875,100,100,100,100,95.3125,84.375,85.9375,60.9375,93.75,100,100,100,90.625,100,100,100,100,100,89.0625,68.75,100,100,100,48.4375,73.4375,100,79.6875,76.5625,100,37.5,57.8125,62.5,98.4375,79.6875,100,95.3125,100,85.9375,100,79.6875,26.5625,100,100,98.4375,100,81.25,100,100,100,100,100,100,90.625,100,42.1875,84.375,100,100,98.4375,48.4375,100,84.375,100,51.5625,62.5,100,100,48.4375,100,100,96.875,100,100,100,100,100,78.125,100,35.9375,37.5,60.9375,84.375,100,100,100,92.1875,90.625,92.1875,42.1875,100,100,42.1875,70.3125,100,17.1875,100,67.1875,100,100,75,100,84.375,100,68.75,71.875,50,75,100,100,90.625,60.9375,40.625,46.875,68.75,59.375,75,100,64.0625,82.8125,85.9375,35.9375,100,96.875,100,100,100,100,21.875,59.375,100,100,100,100,42.1875,98.4375,100,76.5625,100,75,64.0625,100,53.125,68.75,37.5,15.625,73.4375,89.0625,100,67.1875,100,100,100,79.6875,100,37.5,100,100,100,100,95.3125,20.3125,51.5625,100,100,68.75,100,73.4375,100,100,98.4375,81.25,100,79.6875,76.5625,100,28.125,76.5625,92.1875,21.875,98.4375,100,82.8125,57.8125,92.1875,98.4375,100,40.625,35.9375,100,60.9375,79.6875,100,31.25,100,100,100,79.6875,100,93.75,57.8125,100,90.625,100,93.75,81.25,26.5625,100,68.75,100,100,92.1875,68.75,100,56.25,39.0625,100,100,67.1875,60.9375,100,100,73.4375,82.8125,92.1875,96.875,40.625,100,42.1875,100,93.75,60.9375,64.0625,100,100,100,100,40.625,100,100,100,100,95.3125,100,100,100,100,100,100,100,59.375,68.75,100,100,67.1875,100,18.75,100,96.875,85.9375,100,50,100,75,51.5625,82.8125,100,87.5,90.625,100,100,100,100,68.75,45.3125,100,100,85.9375,100,100,100,15.625,92.1875,100,100,90.625,96.875,100,90.625,87.5,70.3125,100,100,100,96.875,26.5625,92.1875,100,100,93.75,100,76.5625,84.375,100,100,100,100,100,78.125,100,67.1875,100,76.5625,68.75,100,100,100,75,78.125,81.25,100,87.5,40.625,59.375,65.625,100,100,100,100,100,100,100,75,100,100,35.9375,98.4375,98.4375,67.1875,100,62.5,100,100,40.625,100,75,17.1875,21.875,100,56.25,100,100,100,87.5,82.8125,96.875,87.5,100,65.625,79.6875,100,100,39.0625,100,100,100,73.4375,100,98.4375,100,100,100,51.5625,100,100,100,92.1875,100,73.4375,40.625,81.25,100,100,79.6875,100,100,34.375,100,89.0625,100,48.4375,100,100,53.125,100,48.4375,100,76.5625,89.0625,70.3125,73.4375,100,100,100,100,100,100,84.375,100,98.4375,100,50,70.3125,100,100,90.625,100,60.9375,79.6875,100,89.0625,60.9375,100,89.0625,100,100,50,100,90.625,100,39.0625,45.3125,79.6875,100,100,100,57.8125,67.1875,25,71.875,46.875,100,100,59.375,100,100,67.1875,4.6875,100,84.375,81.25,98.4375,70.3125,100,92.1875,100,100,64.0625,81.25,40.625,45.3125,73.4375,70.3125,39.0625,100,73.4375,100,100,81.25,70.3125,89.0625,56.25,100,87.5,75,85.9375,65.625,98.4375,100,100,100,82.8125,73.4375,57.8125,81.25,78.125,100,100,32.8125,56.25,98.4375,100,100,100,100,92.1875,59.375,68.75,100,100,100,100,96.875,56.25,100,81.25,73.4375,64.0625,85.9375,20.3125,62.5,51.5625,82.8125,85.9375,100,100,75,100,100,32.8125,100,59.375,100,60.9375,100,68.75,87.5,43.75,68.75,100,57.8125,40.625,100,81.25,100,100,70.3125,87.5,93.75,98.4375,92.1875,90.625,67.1875,65.625,46.875,34.375,67.1875,100,100,100,56.25,87.5,100,100,100,78.125,65.625,50,10.9375,100,70.3125,37.5,64.0625,82.8125,35.9375,71.875,50,20.3125,93.75,54.6875,85.9375,62.5,100,50,84.375,100,93.75,81.25,85.9375,100,73.4375,100,100,87.5,95.3125,79.6875,32.8125,100,100,100,78.125,95.3125,75,65.625,100,100,100,100,100,100,59.375,42.1875,87.5,100,100,100,100,100,100,100,100,59.375,100,95.3125,93.75,100,73.4375,100,28.125,100,51.5625,100,100,100,84.375,100,84.375,100,100,100,100,92.1875,98.4375,89.0625,93.75,100,100,100,75,59.375,95.3125,100,100,100,26.5625,78.125,100,100,31.25,100,100,100,100,53.125,50,100,84.375,100,100,100,89.0625,73.4375,54.6875,87.5,100,100,65.625,96.875,100,100,70.3125,89.0625,39.0625,78.125,81.25,100,100,62.5,100,100,85.9375,100,81.25,100,92.1875,68.75,89.0625,67.1875,100,25,100,100,46.875,56.25,62.5,100,48.4375,100,78.125,90.625,100,100,98.4375,87.5,81.25,79.6875,100,89.0625,100,28.125,100,100,81.25,56.25,76.5625,100,100,100,98.4375,100,100,81.25,59.375,100,60.9375,79.6875,100,100,100,100,100,79.6875,100,100,100,98.4375,98.4375,100,42.1875,100,84.375,64.0625,95.3125,59.375,100,100,64.0625,100,95.3125,59.375,100,100,84.375,100,53.125,100,100,57.8125,70.3125,100,100,43.75,78.125,42.1875,100,100,100,100,59.375,92.1875,100,100,73.4375,100,92.1875,100,65.625,100,100,100,48.4375,100,100,70.3125,65.625,92.1875,100,87.5,60.9375,65.625,100,100,100,100,100,100,100,100,68.75,73.4375,100,100,100,93.75,100,43.75,100,100,100,59.375,39.0625,93.75,85.9375,100,67.1875,21.875,100,100,53.125,100,100,81.25,100,73.4375,100,100,100,78.125,89.0625,100,45.3125,100,100,100,57.8125,100,89.0625,100,62.5,100,92.1875,53.125,100,81.25,84.375,34.375,100,100,39.0625,21.875,100,64.0625,100,100,100,75,100,100,100,100,100,100,37.5,71.875,100,100,81.25,95.3125,100,100,64.0625,93.75,64.0625,56.25,100,100,85.9375,100,96.875,100,100,82.8125,71.875,100,100,100,59.375,92.1875,100,98.4375,85.9375,98.4375,100,100,100,67.1875,100,78.125,100,100,100,96.875,100,54.6875,92.1875,70.3125,95.3125,85.9375,18.75,48.4375,100,100,100,45.3125,78.125,100,100,100,100,84.375,79.6875,54.6875,84.375,100,100,100,62.5,14.0625,100,35.9375,51.5625,100,57.8125,100,76.5625,79.6875,79.6875,100,78.125,54.6875,100,100,100,100,57.8125,45.3125,100,100,51.5625,100,96.875,70.3125,28.125,100,100,57.8125,90.625,42.1875,100,100,84.375,100,100,98.4375,100,100,57.8125,100,100,82.8125,100,48.4375,79.6875,100,100,64.0625,100,100,100,100,100,93.75,79.6875,84.375,100,100,67.1875,54.6875,100,60.9375,100,67.1875,100,59.375,92.1875,100,100,100,100,34.375,57.8125,37.5,79.6875,65.625,100,100,100,87.5,100,78.125,100,53.125,56.25,37.5,100,100,100,100,85.9375,64.0625,100,92.1875,100,75,87.5,68.75,100,85.9375,32.8125,56.25,71.875,98.4375,54.6875,96.875,82.8125,45.3125,42.1875,40.625,100,81.25,65.625,100,43.75,100,100,59.375,100,71.875,100,76.5625,67.1875,75,87.5,50,100,100,100,53.125,100,100,87.5,100,100,68.75,84.375,100,100,21.875,100,59.375,100,100,43.75,100,40.625,100,81.25,46.875,100,56.25,34.375,93.75,100,18.75,70.3125,100,100,100,100,75,93.75,26.5625,100,51.5625,100,87.5,100,100,46.875,40.625,100,100,50,65.625,100,100,100,100,100,17.1875,100,46.875,100,100,100,50,100,100,59.375,100,95.3125,71.875,51.5625,37.5,53.125,100,100,100,96.875,100,100,100,100,95.3125,100,100,100,100,64.0625,84.375,100,67.1875,100,100,100,100,100,100,68.75,100,59.375,100,100,100,100,70.3125,100,1.5625,95.3125,70.3125,35.9375,100,78.125,100,100,100,100,100,100,45.3125,82.8125,100,100,100,100,100,84.375,100,100,43.75,100,43.75,100,59.375,100,100,81.25,98.4375,100,46.875,64.0625,100,64.0625,70.3125,100,100,95.3125,100,98.4375,73.4375,100,100,100,89.0625,100,100,28.125,82.8125,93.75,98.4375,100,76.5625,79.6875,62.5,100,85.9375,100,70.3125,73.4375,100,100,57.8125,100,81.25,100,62.5,56.25,20.3125,68.75,100,65.625,89.0625,100,34.375,100,100,100,96.875,100,93.75,98.4375,45.3125,100,96.875,26.5625,65.625,100,100,67.1875,78.125,100,84.375,28.125,64.0625,89.0625,76.5625,100,100,50,100,64.0625,37.5,100,82.8125,100,100,95.3125,45.3125,68.75,100,54.6875,90.625,100,53.125,95.3125,53.125,100,64.0625,68.75,73.4375,100,78.125,60.9375,100,100,100,76.5625,100,100
"6160",89.0625,100,79.6875,100,100,35.9375,95.3125,60.9375,40.625,76.5625,87.5,100,100,100,100,75,82.8125,78.125,100,100,96.875,92.1875,100,100,76.5625,100,100,76.5625,87.5,100,100,100,100,87.5,100,100,100,100,100,100,93.75,64.0625,73.4375,100,100,100,100,100,67.1875,87.5,75,100,100,62.5,75,100,12.5,100,100,43.75,85.9375,100,98.4375,45.3125,100,100,42.1875,100,73.4375,100,54.6875,75,53.125,100,57.8125,100,100,95.3125,48.4375,100,100,100,79.6875,68.75,59.375,100,100,31.25,100,95.3125,56.25,89.0625,100,48.4375,71.875,100,100,51.5625,100,100,84.375,98.4375,100,90.625,18.75,15.625,93.75,100,85.9375,100,82.8125,90.625,100,100,40.625,100,100,100,100,100,71.875,100,100,90.625,96.875,43.75,100,18.75,100,100,90.625,100,100,100,100,65.625,100,79.6875,18.75,92.1875,100,100,40.625,50,100,100,98.4375,100,15.625,43.75,60.9375,37.5,79.6875,92.1875,96.875,25,37.5,100,100,100,100,100,100,100,14.0625,64.0625,40.625,89.0625,20.3125,100,100,76.5625,85.9375,100,100,100,84.375,78.125,100,93.75,100,34.375,100,100,92.1875,100,43.75,42.1875,84.375,93.75,100,67.1875,87.5,98.4375,90.625,100,100,60.9375,100,92.1875,37.5,100,96.875,100,100,98.4375,100,100,78.125,100,62.5,93.75,100,100,87.5,78.125,45.3125,95.3125,100,78.125,100,73.4375,54.6875,100,100,57.8125,51.5625,14.0625,68.75,100,100,81.25,39.0625,100,84.375,100,84.375,62.5,100,100,100,100,100,18.75,100,23.4375,92.1875,90.625,100,100,100,76.5625,62.5,100,100,96.875,100,75,100,100,100,100,32.8125,100,26.5625,100,100,100,79.6875,100,51.5625,54.6875,100,100,100,75,35.9375,100,78.125,100,85.9375,43.75,39.0625,100,100,100,42.1875,98.4375,100,100,79.6875,100,43.75,54.6875,100,78.125,96.875,90.625,54.6875,75,51.5625,100,100,64.0625,100,84.375,76.5625,56.25,62.5,100,100,96.875,42.1875,100,100,96.875,100,100,35.9375,56.25,73.4375,100,50,100,71.875,60.9375,79.6875,96.875,100,100,87.5,100,53.125,100,100,28.125,100,87.5,100,100,100,84.375,34.375,48.4375,67.1875,60.9375,21.875,100,76.5625,75,100,71.875,100,100,70.3125,100,100,35.9375,51.5625,89.0625,57.8125,92.1875,100,100,70.3125,53.125,31.25,92.1875,98.4375,100,100,100,100,68.75,79.6875,100,84.375,79.6875,67.1875,96.875,51.5625,95.3125,100,76.5625,100,100,93.75,100,60.9375,93.75,100,73.4375,100,21.875,100,79.6875,100,56.25,100,15.625,100,79.6875,100,100,100,90.625,57.8125,79.6875,78.125,87.5,90.625,89.0625,100,76.5625,100,100,34.375,46.875,100,100,65.625,100,100,100,100,20.3125,39.0625,100,92.1875,100,82.8125,100,50,100,93.75,87.5,48.4375,100,100,100,100,93.75,87.5,100,100,95.3125,100,87.5,79.6875,93.75,89.0625,100,100,100,84.375,71.875,100,67.1875,100,100,76.5625,100,57.8125,100,76.5625,53.125,100,76.5625,100,100,68.75,50,45.3125,92.1875,100,67.1875,100,100,100,100,71.875,100,100,62.5,82.8125,100,51.5625,100,67.1875,75,100,79.6875,78.125,100,64.0625,100,100,100,71.875,73.4375,68.75,100,100,100,85.9375,76.5625,100,87.5,100,100,59.375,68.75,68.75,100,100,100,100,85.9375,100,100,78.125,100,100,62.5,28.125,92.1875,100,100,48.4375,51.5625,37.5,100,92.1875,92.1875,84.375,68.75,100,79.6875,84.375,100,100,62.5,100,35.9375,53.125,100,64.0625,100,100,70.3125,100,100,100,100,100,45.3125,87.5,100,59.375,93.75,100,71.875,95.3125,67.1875,100,100,31.25,75,100,100,60.9375,70.3125,92.1875,100,32.8125,70.3125,100,59.375,98.4375,100,100,100,100,100,100,96.875,17.1875,68.75,100,64.0625,100,68.75,100,100,100,100,100,100,56.25,96.875,100,100,100,95.3125,48.4375,100,65.625,17.1875,100,48.4375,100,100,75,100,78.125,100,100,84.375,100,100,100,100,81.25,73.4375,100,76.5625,98.4375,100,100,81.25,82.8125,100,54.6875,100,100,100,100,100,100,100,100,100,57.8125,96.875,67.1875,78.125,100,100,100,100,100,90.625,90.625,100,42.1875,7.8125,98.4375,75,32.8125,42.1875,100,53.125,100,100,100,60.9375,100,82.8125,34.375,59.375,71.875,35.9375,70.3125,67.1875,75,96.875,93.75,100,73.4375,96.875,40.625,92.1875,95.3125,42.1875,73.4375,100,100,100,100,100,100,76.5625,100,45.3125,68.75,100,100,79.6875,92.1875,40.625,46.875,100,54.6875,100,100,100,100,100,100,65.625,100,84.375,90.625,84.375,100,100,65.625,100,100,100,57.8125,100,100,100,75,100,100,100,100,100,75,90.625,100,100,100,100,100,100,100,100,100,100,68.75,100,100,54.6875,50,100,100,35.9375,85.9375,100,98.4375,42.1875,59.375,100,100,60.9375,100,100,100,100,73.4375,100,67.1875,81.25,100,100,87.5,48.4375,37.5,76.5625,68.75,14.0625,100,100,100,40.625,100,10.9375,84.375,100,100,100,100,100,79.6875,100,75,100,67.1875,100,34.375,45.3125,73.4375,100,82.8125,100,100,100,100,50,100,96.875,100,68.75,64.0625,100,100,18.75,100,87.5,100,89.0625,85.9375,100,37.5,93.75,100,100,64.0625,100,100,84.375,78.125,100,100,96.875,62.5,57.8125,100,84.375,100,100,100,37.5,100,68.75,78.125,79.6875,35.9375,100,73.4375,100,78.125,100,100,100,92.1875,64.0625,100,100,100,68.75,98.4375,76.5625,32.8125,62.5,100,100,84.375,100,78.125,100,92.1875,95.3125,56.25,100,100,100,45.3125,96.875,100,78.125,100,60.9375,37.5,100,68.75,100,67.1875,100,53.125,100,100,9.375,100,50,57.8125,100,67.1875,100,81.25,75,100,98.4375,100,59.375,100,62.5,75,20.3125,100,100,100,98.4375,81.25,53.125,100,100,100,100,100,71.875,100,78.125,100,78.125,100,75,53.125,100,67.1875,59.375,100,100,35.9375,100,79.6875,100,76.5625,100,70.3125,67.1875,100,100,70.3125,75,95.3125,100,59.375,92.1875,81.25,100,35.9375,100,100,42.1875,93.75,100,34.375,70.3125,100,100,100,56.25,100,100,100,100,100,100,93.75,100,100,100,100,100,100,100,78.125,57.8125,42.1875,100,100,59.375,31.25,48.4375,90.625,100,100,100,90.625,48.4375,29.6875,100,25,96.875,70.3125,73.4375,100,89.0625,15.625,100,100,100,100,100,53.125,100,100,100,3.125,87.5,100,100,95.3125,93.75,93.75,68.75,57.8125,100,48.4375,100,100,84.375,100,56.25,79.6875,81.25,100,100,100,76.5625,100,100,89.0625,31.25,100,76.5625,85.9375,100,76.5625,100,96.875,68.75,81.25,89.0625,100,100,81.25,100,100,100,76.5625,100,70.3125,100,100,89.0625,100,100,100,100,92.1875,100,82.8125,100,100,100,100,100,100,85.9375,100,100,95.3125,93.75,100,100,82.8125,100,42.1875,95.3125,15.625,81.25,75,100,81.25,79.6875,81.25,100,100,78.125,100,73.4375,100,51.5625,100,81.25,70.3125,100,100,32.8125,100,100,84.375,100,100,46.875,78.125,100,100,100,95.3125,15.625,100,100,75,100,100,100,100,100,75,82.8125,87.5,62.5,100,90.625,95.3125,29.6875,100,100,79.6875,100,100,100,100,100,70.3125,100,100,93.75,64.0625,100,82.8125,45.3125,100,82.8125,100,93.75,100,100,100,100,100,100,100,78.125,100,100,100,54.6875,100,100,68.75,65.625,100,96.875,100,84.375,100,92.1875,75,78.125,93.75,100,100,100,100,100,18.75,100,39.0625,23.4375,100,100,100,100,100,100,46.875,100,87.5,100,100,68.75,100,96.875,100,25,75,100,100,84.375,85.9375,93.75,92.1875,67.1875,82.8125,100,98.4375,100,100,98.4375,4.6875,100,53.125,51.5625,75,100,68.75,73.4375,100,100,100,87.5,51.5625,100,92.1875,31.25,100,100,100,100,100,100,100,100,100,100,54.6875,78.125,98.4375,53.125,76.5625,75,100,90.625,100,73.4375,95.3125,81.25,100,100,54.6875,100,100,59.375,98.4375,79.6875,100,100,100,40.625,98.4375,70.3125,78.125,100,100,100,100,29.6875,54.6875,100,100,100,89.0625,32.8125,100,37.5,100,100,100,100,68.75,67.1875,100,68.75,100,100,34.375,82.8125,100,98.4375,87.5,53.125,89.0625,100,100,100,100,70.3125,23.4375,67.1875,62.5,50,100,100,65.625,25,70.3125,81.25,57.8125,100,84.375,98.4375,100,96.875,100,100,100,96.875,100,75,100,84.375,85.9375,87.5,82.8125,93.75,100,85.9375,82.8125,100,100,68.75,100,100,100,75,100,85.9375,59.375,62.5,100,48.4375,95.3125,100,100,89.0625,100,100,100,100,98.4375,59.375,100,100,100,78.125,100,43.75,96.875,100,64.0625,48.4375,84.375,78.125,100,100,48.4375,65.625,64.0625,50,42.1875,100,100,75,59.375,60.9375,81.25,54.6875,92.1875,95.3125,100,90.625,100,42.1875,90.625,79.6875,100,100,100,54.6875,100,92.1875,100,84.375,82.8125,98.4375,100,93.75,100,100,100,73.4375,28.125,60.9375,100,100,100,100,100,100,40.625,53.125,89.0625,100,100,100,100,100,100,48.4375,85.9375,62.5,40.625,81.25,50,96.875,100,100,100,87.5,100,100,100,31.25,87.5,100,73.4375,67.1875,100,100,64.0625,100,100,100,100,100,100,76.5625,100,100,93.75,100,87.5,100,96.875,100,100,100,92.1875,100,100,100,37.5,68.75,70.3125,93.75,100,84.375,85.9375,75,100,100,68.75,71.875,100,93.75,100,14.0625,40.625,65.625,100,98.4375,78.125,100,100,100,40.625,90.625,93.75,93.75,79.6875,78.125,100,100,100,100,100,100,100,100,100,100,42.1875,45.3125,71.875,100,54.6875,100,100,87.5,100,43.75,100,14.0625,95.3125,100,90.625,75,93.75,85.9375,100,100,100,100,96.875,96.875,100,100,15.625,100,57.8125,100,92.1875,100,100,100,92.1875,71.875,90.625,100,37.5,100,35.9375,100,100,100,100,100,100,100,67.1875,100,100,60.9375,100,79.6875,100,70.3125,100,82.8125,100,100,100,100,82.8125,100,100,100,96.875,26.5625,100,100,100,100,62.5,100,71.875,54.6875,53.125,35.9375,79.6875,34.375,56.25,56.25,100,100,100,60.9375,90.625,100,87.5,85.9375,73.4375,81.25,100,100,87.5,100,100,100,100,100,90.625,100,46.875,40.625,93.75,100,68.75,100,35.9375,65.625,100,100,100,100,100,100,100,64.0625,100,79.6875,85.9375,75,100,100,100,100,100,100,100,100,100,100,100,59.375,100,84.375,98.4375,100,100,96.875,100,100,100,71.875,65.625,68.75,100,100,68.75,100,100,71.875,70.3125,100,68.75,100,100,100,100,100,71.875,54.6875,100,89.0625,100,100,89.0625,100,40.625,85.9375,73.4375,65.625,100,100,85.9375,100,100,100,100,54.6875,25,62.5,100,50,56.25,100,95.3125,54.6875,100,100,87.5,100,89.0625,100,95.3125,100,32.8125,20.3125,100,100,100,100,100,100,100,100,100,100,15.625,51.5625,100,100,100,81.25,73.4375,100,100,87.5,100,85.9375,100,67.1875,100,100,100,100,100,93.75,100,100,100,100,64.0625,68.75,100,100,100,51.5625,75,100,79.6875,70.3125,100,40.625,59.375,62.5,96.875,79.6875,100,100,100,73.4375,100,79.6875,31.25,95.3125,100,100,100,79.6875,98.4375,100,100,100,100,100,90.625,100,29.6875,84.375,100,100,76.5625,48.4375,100,79.6875,100,50,62.5,100,100,51.5625,100,100,100,100,100,100,100,100,82.8125,100,42.1875,100,60.9375,87.5,100,100,100,76.5625,89.0625,82.8125,51.5625,100,100,43.75,68.75,100,28.125,100,100,100,100,75,100,100,100,65.625,93.75,100,75,100,100,73.4375,7.8125,40.625,42.1875,65.625,57.8125,76.5625,100,48.4375,81.25,87.5,48.4375,100,95.3125,100,100,100,100,23.4375,60.9375,100,96.875,100,96.875,48.4375,85.9375,100,84.375,100,76.5625,64.0625,100,54.6875,65.625,15.625,100,73.4375,93.75,20.3125,85.9375,100,92.1875,25,79.6875,100,42.1875,98.4375,100,100,100,90.625,100,48.4375,100,100,85.9375,100,78.125,100,100,100,82.8125,100,79.6875,95.3125,100,100,100,92.1875,21.875,100,100,79.6875,53.125,70.3125,65.625,100,40.625,35.9375,100,68.75,78.125,100,31.25,98.4375,100,100,90.625,78.125,93.75,100,100,85.9375,87.5,89.0625,59.375,26.5625,100,68.75,100,100,89.0625,84.375,100,56.25,40.625,28.125,100,76.5625,60.9375,100,100,73.4375,84.375,43.75,93.75,40.625,100,39.0625,100,100,89.0625,75,100,100,100,75,48.4375,100,100,100,100,87.5,100,100,100,100,100,96.875,100,60.9375,71.875,100,100,100,100,20.3125,100,65.625,81.25,100,81.25,100,75,60.9375,82.8125,100,89.0625,100,100,100,100,100,75,54.6875,51.5625,98.4375,75,100,100,100,17.1875,95.3125,100,100,87.5,96.875,100,90.625,81.25,75,100,100,100,100,100,92.1875,100,100,85.9375,100,76.5625,93.75,100,100,100,84.375,100,100,100,67.1875,100,98.4375,65.625,100,100,100,68.75,78.125,85.9375,100,96.875,40.625,59.375,70.3125,100,98.4375,100,100,100,39.0625,100,82.8125,100,100,100,100,100,67.1875,100,53.125,100,100,39.0625,100,79.6875,4.6875,20.3125,100,9.375,100,100,100,73.4375,90.625,100,96.875,100,78.125,76.5625,100,100,50,100,100,93.75,73.4375,100,100,84.375,98.4375,100,53.125,100,100,100,93.75,100,100,43.75,81.25,100,100,84.375,100,100,46.875,100,40.625,100,43.75,100,100,51.5625,100,46.875,100,78.125,92.1875,73.4375,100,100,100,100,100,100,100,84.375,100,96.875,100,59.375,70.3125,100,100,90.625,100,96.875,81.25,100,89.0625,60.9375,100,100,100,100,50,100,90.625,84.375,37.5,45.3125,73.4375,100,100,100,57.8125,65.625,25,76.5625,79.6875,100,100,59.375,100,100,67.1875,4.6875,100,89.0625,78.125,82.8125,75,100,90.625,100,100,59.375,84.375,45.3125,48.4375,67.1875,67.1875,39.0625,100,70.3125,100,100,73.4375,65.625,89.0625,53.125,100,81.25,75,87.5,67.1875,100,100,100,100,100,73.4375,100,76.5625,79.6875,100,100,50,53.125,87.5,93.75,87.5,100,100,95.3125,56.25,64.0625,100,100,87.5,100,95.3125,100,100,87.5,84.375,64.0625,90.625,59.375,62.5,51.5625,100,93.75,90.625,78.125,87.5,100,100,34.375,100,100,100,70.3125,100,35.9375,90.625,45.3125,75,100,57.8125,40.625,46.875,81.25,100,100,68.75,84.375,100,96.875,95.3125,29.6875,82.8125,64.0625,100,100,100,100,98.4375,100,59.375,90.625,100,100,100,87.5,100,43.75,7.8125,100,71.875,60.9375,100,78.125,100,82.8125,100,20.3125,93.75,54.6875,85.9375,100,100,48.4375,84.375,95.3125,92.1875,81.25,100,100,100,79.6875,100,92.1875,95.3125,78.125,23.4375,96.875,100,100,76.5625,67.1875,62.5,65.625,100,100,100,100,100,100,62.5,42.1875,100,100,100,100,100,100,100,100,100,62.5,92.1875,100,98.4375,100,76.5625,100,28.125,100,53.125,95.3125,100,100,100,100,90.625,100,100,100,100,92.1875,100,84.375,96.875,100,100,100,100,57.8125,98.4375,100,100,100,26.5625,79.6875,100,100,100,100,40.625,100,100,51.5625,46.875,100,85.9375,100,100,81.25,98.4375,78.125,53.125,89.0625,100,100,79.6875,100,100,79.6875,81.25,62.5,48.4375,76.5625,100,100,100,73.4375,100,100,48.4375,100,100,100,92.1875,73.4375,70.3125,65.625,100,26.5625,100,62.5,100,54.6875,68.75,100,50,79.6875,75,92.1875,100,100,93.75,89.0625,81.25,78.125,100,84.375,100,28.125,100,100,81.25,65.625,67.1875,100,100,100,98.4375,100,100,82.8125,75,100,59.375,76.5625,100,100,100,100,100,96.875,100,100,100,100,93.75,100,100,96.875,76.5625,81.25,70.3125,59.375,100,100,64.0625,100,100,57.8125,100,100,76.5625,100,100,100,100,56.25,67.1875,53.125,100,43.75,78.125,62.5,100,100,73.4375,89.0625,64.0625,92.1875,100,100,73.4375,100,89.0625,100,100,100,100,100,48.4375,100,100,70.3125,71.875,100,100,75,100,60.9375,100,100,100,100,100,100,100,50,53.125,40.625,100,100,100,90.625,100,43.75,100,100,32.8125,57.8125,15.625,100,73.4375,100,100,60.9375,100,100,54.6875,100,100,100,100,75,100,100,100,100,87.5,100,46.875,100,32.8125,100,71.875,100,84.375,67.1875,62.5,100,100,59.375,81.25,81.25,82.8125,31.25,100,100,39.0625,20.3125,100,68.75,100,100,100,75,96.875,98.4375,100,81.25,100,100,39.0625,100,100,100,78.125,93.75,95.3125,100,65.625,98.4375,64.0625,59.375,100,100,90.625,100,100,100,100,79.6875,76.5625,100,92.1875,100,54.6875,92.1875,93.75,98.4375,85.9375,96.875,100,100,100,65.625,100,78.125,100,100,100,96.875,73.4375,92.1875,92.1875,67.1875,53.125,87.5,18.75,45.3125,100,100,100,14.0625,56.25,100,100,100,100,70.3125,79.6875,96.875,84.375,85.9375,100,100,64.0625,15.625,100,81.25,46.875,100,60.9375,100,82.8125,79.6875,81.25,100,75,54.6875,100,100,100,100,48.4375,43.75,100,100,50,100,100,67.1875,29.6875,100,100,57.8125,90.625,100,100,98.4375,71.875,100,100,100,100,100,56.25,100,100,62.5,100,100,64.0625,100,100,50,100,100,100,96.875,100,90.625,76.5625,100,100,100,81.25,64.0625,100,59.375,100,79.6875,100,64.0625,93.75,100,100,100,98.4375,35.9375,70.3125,39.0625,73.4375,59.375,100,100,100,100,25,96.875,100,100,56.25,37.5,100,25,100,100,96.875,81.25,17.1875,87.5,100,78.125,100,64.0625,100,84.375,34.375,84.375,70.3125,100,56.25,95.3125,82.8125,79.6875,42.1875,12.5,100,96.875,100,100,48.4375,100,100,59.375,100,68.75,100,75,73.4375,78.125,84.375,32.8125,100,100,100,50,100,100,90.625,100,100,70.3125,87.5,100,100,21.875,100,59.375,100,100,45.3125,100,42.1875,100,85.9375,81.25,100,50,48.4375,100,100,20.3125,85.9375,100,100,18.75,100,70.3125,90.625,42.1875,100,57.8125,100,100,100,100,43.75,42.1875,100,100,50,65.625,100,100,100,100,54.6875,21.875,100,46.875,100,100,100,100,100,100,100,100,95.3125,54.6875,48.4375,37.5,53.125,100,100,100,96.875,100,100,100,76.5625,73.4375,100,100,67.1875,100,68.75,84.375,100,70.3125,100,100,100,100,87.5,100,60.9375,100,48.4375,100,100,100,100,23.4375,100,1.5625,100,40.625,29.6875,100,79.6875,100,100,100,92.1875,100,100,31.25,82.8125,100,100,100,98.4375,100,92.1875,75,100,75,100,43.75,100,60.9375,39.0625,100,100,100,100,43.75,64.0625,100,100,57.8125,100,100,81.25,100,100,73.4375,100,100,100,89.0625,100,92.1875,26.5625,100,100,98.4375,100,75,46.875,62.5,98.4375,34.375,85.9375,68.75,79.6875,100,100,56.25,100,75,100,85.9375,57.8125,31.25,68.75,100,90.625,64.0625,100,34.375,57.8125,100,100,96.875,89.0625,76.5625,100,45.3125,100,100,26.5625,65.625,100,100,68.75,85.9375,75,82.8125,31.25,62.5,87.5,100,100,100,51.5625,100,65.625,37.5,100,76.5625,100,100,100,54.6875,71.875,100,54.6875,100,100,53.125,95.3125,54.6875,98.4375,100,70.3125,90.625,100,62.5,56.25,100,100,100,87.5,100,100
"6161",89.0625,100,50,100,100,40.625,95.3125,56.25,48.4375,98.4375,90.625,100,100,100,100,76.5625,84.375,76.5625,100,100,96.875,98.4375,100,100,76.5625,100,100,79.6875,85.9375,100,100,89.0625,100,100,100,100,84.375,100,100,100,87.5,62.5,85.9375,100,100,79.6875,100,100,59.375,82.8125,75,100,100,70.3125,68.75,100,35.9375,100,100,40.625,89.0625,100,98.4375,100,100,100,42.1875,100,70.3125,100,54.6875,59.375,57.8125,75,67.1875,82.8125,100,81.25,51.5625,100,100,100,84.375,73.4375,79.6875,100,100,81.25,100,100,56.25,89.0625,100,48.4375,39.0625,95.3125,100,64.0625,100,89.0625,100,100,100,92.1875,15.625,15.625,93.75,100,85.9375,100,75,100,100,87.5,39.0625,93.75,100,100,100,82.8125,79.6875,100,100,79.6875,100,43.75,100,18.75,100,100,89.0625,100,96.875,100,100,65.625,100,76.5625,90.625,100,100,78.125,51.5625,45.3125,100,81.25,92.1875,31.25,59.375,46.875,59.375,37.5,81.25,89.0625,95.3125,28.125,39.0625,100,100,100,100,100,100,100,100,60.9375,87.5,90.625,20.3125,100,81.25,76.5625,100,100,100,95.3125,85.9375,100,100,100,100,40.625,100,100,100,100,42.1875,59.375,93.75,85.9375,100,54.6875,87.5,100,87.5,100,100,67.1875,100,95.3125,34.375,100,95.3125,100,100,95.3125,78.125,100,84.375,100,62.5,100,100,100,85.9375,79.6875,43.75,90.625,100,95.3125,100,76.5625,45.3125,100,100,56.25,75,20.3125,67.1875,100,100,79.6875,42.1875,100,56.25,100,59.375,59.375,100,100,100,100,100,54.6875,100,25,100,90.625,100,100,100,76.5625,64.0625,87.5,100,95.3125,100,60.9375,100,100,100,100,32.8125,100,81.25,100,100,100,92.1875,100,46.875,93.75,100,100,100,64.0625,39.0625,100,73.4375,100,84.375,45.3125,17.1875,100,100,100,42.1875,98.4375,100,100,85.9375,96.875,42.1875,54.6875,100,100,100,82.8125,62.5,75,60.9375,100,100,59.375,100,87.5,89.0625,40.625,84.375,100,100,100,42.1875,100,100,96.875,100,100,48.4375,56.25,100,100,50,90.625,71.875,56.25,87.5,96.875,100,98.4375,100,100,76.5625,100,100,29.6875,100,89.0625,100,100,100,82.8125,35.9375,51.5625,68.75,67.1875,21.875,100,70.3125,73.4375,100,78.125,100,100,71.875,100,71.875,65.625,56.25,100,78.125,90.625,100,100,70.3125,53.125,29.6875,87.5,98.4375,100,100,76.5625,95.3125,81.25,78.125,100,85.9375,82.8125,100,100,42.1875,87.5,100,92.1875,100,100,93.75,100,64.0625,93.75,100,82.8125,100,100,100,79.6875,100,50,71.875,17.1875,100,79.6875,65.625,100,100,93.75,59.375,79.6875,68.75,92.1875,100,95.3125,90.625,76.5625,100,95.3125,39.0625,46.875,100,100,65.625,100,100,100,100,32.8125,45.3125,100,92.1875,100,82.8125,100,92.1875,100,84.375,71.875,45.3125,100,100,100,100,92.1875,100,65.625,100,100,100,98.4375,96.875,93.75,92.1875,100,100,100,84.375,71.875,100,79.6875,100,100,76.5625,100,60.9375,100,100,59.375,100,85.9375,100,76.5625,81.25,51.5625,42.1875,100,100,67.1875,100,100,100,100,100,64.0625,89.0625,60.9375,82.8125,100,50,100,64.0625,75,100,79.6875,79.6875,100,65.625,100,100,100,71.875,73.4375,65.625,100,100,100,89.0625,71.875,100,84.375,100,100,59.375,68.75,68.75,100,92.1875,100,100,98.4375,100,100,78.125,100,78.125,59.375,29.6875,95.3125,100,100,48.4375,100,39.0625,100,73.4375,92.1875,84.375,71.875,100,79.6875,82.8125,98.4375,89.0625,59.375,100,35.9375,53.125,100,84.375,100,100,68.75,100,96.875,100,100,100,37.5,78.125,100,59.375,100,100,71.875,100,64.0625,100,40.625,31.25,100,100,100,68.75,81.25,87.5,100,34.375,68.75,100,60.9375,100,100,65.625,100,96.875,100,89.0625,100,68.75,79.6875,100,64.0625,100,70.3125,100,100,50,75,100,100,59.375,96.875,100,100,100,92.1875,53.125,100,85.9375,25,100,50,100,100,76.5625,100,29.6875,100,92.1875,65.625,100,100,100,100,100,64.0625,100,75,67.1875,100,100,81.25,82.8125,100,100,78.125,100,100,100,84.375,100,100,100,100,59.375,96.875,76.5625,68.75,100,100,100,100,100,95.3125,90.625,100,42.1875,31.25,100,51.5625,28.125,100,100,42.1875,100,100,100,62.5,100,89.0625,34.375,59.375,57.8125,43.75,73.4375,67.1875,76.5625,93.75,96.875,75,59.375,70.3125,40.625,92.1875,95.3125,45.3125,73.4375,100,100,100,100,100,100,76.5625,53.125,45.3125,68.75,100,100,78.125,93.75,46.875,46.875,100,46.875,100,100,100,100,100,100,60.9375,100,100,90.625,84.375,100,100,73.4375,31.25,100,100,59.375,100,100,100,78.125,100,100,100,100,100,76.5625,62.5,100,100,100,100,100,100,100,100,100,100,68.75,100,93.75,18.75,50,64.0625,100,35.9375,89.0625,100,73.4375,40.625,59.375,100,100,67.1875,95.3125,100,100,100,71.875,100,67.1875,71.875,100,100,100,48.4375,45.3125,93.75,71.875,4.6875,100,100,100,40.625,100,9.375,82.8125,100,100,82.8125,100,100,79.6875,100,100,100,100,100,35.9375,45.3125,85.9375,100,100,100,100,100,100,57.8125,100,100,100,65.625,81.25,100,100,20.3125,100,87.5,100,85.9375,73.4375,100,50,96.875,100,100,56.25,100,21.875,100,100,92.1875,100,95.3125,62.5,100,100,82.8125,75,100,100,42.1875,100,70.3125,78.125,81.25,100,100,71.875,100,17.1875,100,100,100,76.5625,62.5,100,100,100,67.1875,98.4375,76.5625,37.5,56.25,100,100,81.25,100,73.4375,100,92.1875,100,54.6875,100,100,100,81.25,95.3125,100,85.9375,100,65.625,35.9375,100,68.75,100,68.75,100,42.1875,100,100,17.1875,100,100,60.9375,81.25,57.8125,56.25,85.9375,76.5625,100,98.4375,100,90.625,100,67.1875,75,23.4375,100,100,100,100,100,56.25,100,100,100,100,100,62.5,100,78.125,100,78.125,100,79.6875,50,100,87.5,57.8125,89.0625,100,35.9375,100,79.6875,100,87.5,98.4375,70.3125,67.1875,100,100,68.75,79.6875,57.8125,100,79.6875,81.25,48.4375,93.75,39.0625,100,100,53.125,93.75,90.625,37.5,100,100,100,100,59.375,100,100,96.875,100,100,100,92.1875,98.4375,100,100,90.625,100,100,100,95.3125,65.625,32.8125,100,100,60.9375,18.75,100,96.875,100,82.8125,93.75,76.5625,48.4375,29.6875,100,25,84.375,87.5,70.3125,100,89.0625,82.8125,100,100,100,100,100,57.8125,100,100,100,3.125,87.5,100,100,93.75,64.0625,93.75,71.875,57.8125,100,64.0625,98.4375,100,84.375,100,56.25,100,79.6875,100,92.1875,100,73.4375,100,100,71.875,31.25,100,64.0625,79.6875,100,78.125,100,95.3125,32.8125,100,100,89.0625,89.0625,81.25,90.625,100,100,76.5625,100,67.1875,100,100,100,84.375,100,100,100,78.125,100,81.25,56.25,96.875,100,100,100,100,90.625,100,98.4375,100,96.875,100,100,100,100,42.1875,100,15.625,82.8125,75,100,100,70.3125,82.8125,100,82.8125,100,100,71.875,100,50,95.3125,79.6875,82.8125,100,39.0625,34.375,100,100,96.875,100,100,53.125,76.5625,100,100,100,65.625,15.625,100,100,71.875,100,100,100,100,100,87.5,78.125,85.9375,65.625,43.75,90.625,87.5,26.5625,100,100,78.125,100,100,100,100,100,73.4375,100,59.375,93.75,48.4375,100,82.8125,18.75,100,81.25,100,100,100,100,100,100,100,100,100,73.4375,100,100,100,56.25,100,100,57.8125,65.625,100,95.3125,100,82.8125,100,96.875,71.875,76.5625,100,35.9375,100,100,100,100,100,100,39.0625,62.5,100,100,100,100,100,100,71.875,100,87.5,100,100,67.1875,100,96.875,100,92.1875,75,100,100,100,85.9375,95.3125,100,82.8125,75,100,89.0625,100,100,85.9375,6.25,100,53.125,51.5625,23.4375,100,68.75,96.875,100,100,100,81.25,51.5625,100,90.625,31.25,100,100,90.625,100,100,100,100,45.3125,100,100,100,78.125,98.4375,59.375,100,76.5625,100,85.9375,100,67.1875,95.3125,81.25,100,100,54.6875,100,100,64.0625,82.8125,96.875,100,100,100,40.625,95.3125,64.0625,100,100,100,100,100,20.3125,59.375,65.625,100,100,89.0625,29.6875,100,39.0625,100,100,100,81.25,67.1875,67.1875,100,70.3125,100,100,100,64.0625,100,100,84.375,51.5625,87.5,75,100,100,100,84.375,100,67.1875,62.5,57.8125,100,100,67.1875,89.0625,100,81.25,57.8125,100,45.3125,100,100,100,100,100,100,81.25,100,73.4375,100,100,84.375,78.125,92.1875,100,100,85.9375,62.5,100,100,71.875,100,75,100,73.4375,100,96.875,67.1875,62.5,100,100,100,100,100,89.0625,100,100,100,100,89.0625,100,100,100,100,67.1875,100,43.75,89.0625,100,65.625,48.4375,87.5,82.8125,100,100,42.1875,65.625,64.0625,54.6875,51.5625,100,100,75,59.375,60.9375,76.5625,56.25,84.375,95.3125,100,90.625,100,37.5,93.75,100,67.1875,70.3125,100,48.4375,100,93.75,100,84.375,20.3125,100,89.0625,92.1875,100,100,100,35.9375,28.125,65.625,100,100,100,100,76.5625,100,100,62.5,87.5,100,46.875,100,100,100,100,46.875,87.5,64.0625,42.1875,78.125,54.6875,96.875,100,100,100,87.5,100,100,92.1875,31.25,78.125,60.9375,73.4375,68.75,100,100,64.0625,90.625,100,100,21.875,100,100,78.125,100,100,93.75,100,89.0625,100,98.4375,100,100,100,93.75,100,100,100,84.375,70.3125,81.25,100,100,84.375,85.9375,100,100,100,70.3125,73.4375,100,100,100,14.0625,40.625,71.875,100,98.4375,76.5625,100,100,65.625,100,89.0625,100,90.625,71.875,76.5625,100,100,85.9375,100,100,100,100,100,100,100,45.3125,45.3125,70.3125,100,65.625,100,100,100,100,100,100,25,100,21.875,90.625,81.25,100,100,100,100,100,100,92.1875,90.625,100,100,93.75,100,67.1875,100,68.75,100,100,100,93.75,98.4375,96.875,100,34.375,100,34.375,100,95.3125,100,100,100,100,100,62.5,100,100,59.375,100,76.5625,100,73.4375,100,85.9375,100,100,100,100,95.3125,100,100,100,84.375,100,100,100,98.4375,100,31.25,100,71.875,54.6875,70.3125,100,23.4375,70.3125,79.6875,68.75,100,100,37.5,100,89.0625,100,87.5,79.6875,64.0625,59.375,100,100,85.9375,100,100,100,100,100,90.625,100,54.6875,40.625,95.3125,100,89.0625,100,54.6875,79.6875,100,100,100,100,98.4375,93.75,100,65.625,100,100,85.9375,76.5625,100,100,100,93.75,100,100,100,100,100,100,100,59.375,100,100,96.875,100,84.375,100,100,100,100,71.875,76.5625,67.1875,100,100,65.625,100,100,65.625,67.1875,100,65.625,100,18.75,100,100,100,76.5625,54.6875,100,84.375,100,100,85.9375,100,100,84.375,89.0625,64.0625,100,100,87.5,100,100,92.1875,100,96.875,23.4375,100,100,46.875,54.6875,100,95.3125,50,100,100,87.5,100,100,100,95.3125,100,32.8125,20.3125,100,100,100,100,100,100,100,100,100,100,14.0625,100,93.75,100,100,92.1875,75,100,100,100,100,87.5,95.3125,65.625,100,100,100,100,64.0625,90.625,100,98.4375,100,100,73.4375,68.75,100,100,100,42.1875,71.875,100,82.8125,70.3125,100,40.625,59.375,62.5,98.4375,79.6875,100,100,100,79.6875,100,100,53.125,100,100,100,100,90.625,100,100,100,100,100,100,89.0625,100,26.5625,85.9375,90.625,100,92.1875,46.875,100,87.5,100,50,53.125,98.4375,100,45.3125,100,100,100,100,95.3125,100,100,100,100,100,45.3125,100,60.9375,82.8125,100,100,100,90.625,85.9375,92.1875,76.5625,100,100,45.3125,68.75,100,20.3125,100,54.6875,100,100,76.5625,100,100,100,37.5,70.3125,100,100,100,100,90.625,59.375,42.1875,57.8125,65.625,57.8125,75,100,60.9375,82.8125,95.3125,34.375,100,71.875,100,100,100,100,23.4375,54.6875,100,100,100,100,50,96.875,100,70.3125,100,75,64.0625,100,51.5625,67.1875,100,96.875,73.4375,100,100,75,100,100,100,82.8125,100,32.8125,100,100,100,100,93.75,71.875,50,100,100,82.8125,100,70.3125,100,100,100,81.25,100,79.6875,100,89.0625,29.6875,100,100,20.3125,65.625,95.3125,78.125,57.8125,96.875,95.3125,100,42.1875,35.9375,100,51.5625,79.6875,92.1875,31.25,100,100,100,76.5625,100,100,39.0625,100,87.5,100,92.1875,57.8125,26.5625,100,68.75,100,100,93.75,54.6875,100,56.25,42.1875,100,100,78.125,60.9375,100,100,73.4375,85.9375,93.75,89.0625,43.75,100,31.25,100,100,57.8125,59.375,100,100,100,96.875,32.8125,100,100,100,100,95.3125,100,100,100,100,100,98.4375,100,62.5,76.5625,100,100,54.6875,100,18.75,100,84.375,85.9375,100,75,100,84.375,54.6875,82.8125,100,89.0625,100,100,100,100,100,76.5625,56.25,53.125,100,100,100,100,100,64.0625,96.875,100,100,92.1875,96.875,100,95.3125,87.5,73.4375,100,100,100,100,100,85.9375,100,100,71.875,100,76.5625,93.75,100,100,100,87.5,100,100,100,67.1875,100,100,62.5,100,100,100,71.875,78.125,89.0625,100,100,42.1875,59.375,73.4375,100,95.3125,100,100,100,37.5,100,71.875,76.5625,100,100,96.875,98.4375,65.625,100,48.4375,100,100,39.0625,100,73.4375,4.6875,20.3125,100,56.25,98.4375,100,100,79.6875,81.25,87.5,100,100,79.6875,79.6875,100,100,12.5,100,100,100,82.8125,100,98.4375,100,100,100,56.25,100,100,100,100,100,95.3125,45.3125,73.4375,14.0625,100,84.375,100,100,56.25,100,48.4375,100,39.0625,100,60.9375,56.25,100,56.25,100,76.5625,89.0625,70.3125,100,100,100,100,100,100,100,85.9375,100,100,100,54.6875,70.3125,100,100,90.625,100,64.0625,82.8125,100,89.0625,60.9375,100,85.9375,100,100,50,100,100,100,39.0625,45.3125,78.125,100,100,45.3125,59.375,67.1875,25,76.5625,100,100,100,59.375,100,100,67.1875,4.6875,100,98.4375,82.8125,96.875,71.875,100,92.1875,100,100,59.375,84.375,46.875,46.875,75,70.3125,39.0625,100,50,100,100,76.5625,71.875,93.75,54.6875,100,64.0625,75,90.625,64.0625,98.4375,100,100,100,100,71.875,100,93.75,79.6875,100,100,40.625,62.5,92.1875,100,85.9375,100,100,95.3125,57.8125,65.625,100,100,67.1875,100,95.3125,100,100,92.1875,82.8125,64.0625,96.875,29.6875,62.5,53.125,93.75,82.8125,100,100,100,100,100,35.9375,100,53.125,100,65.625,100,100,90.625,45.3125,82.8125,100,35.9375,40.625,100,81.25,100,100,68.75,82.8125,100,98.4375,93.75,100,67.1875,65.625,100,100,96.875,100,100,100,71.875,90.625,100,98.4375,100,85.9375,75,51.5625,26.5625,100,71.875,57.8125,64.0625,82.8125,51.5625,64.0625,79.6875,20.3125,93.75,54.6875,85.9375,100,100,45.3125,84.375,100,100,85.9375,100,100,73.4375,100,100,100,95.3125,78.125,31.25,90.625,100,100,81.25,59.375,57.8125,64.0625,100,100,100,100,100,100,59.375,43.75,89.0625,100,100,100,93.75,100,100,100,100,18.75,93.75,90.625,98.4375,100,75,100,28.125,98.4375,46.875,100,100,100,76.5625,100,89.0625,100,57.8125,100,100,92.1875,100,85.9375,96.875,100,100,100,100,62.5,93.75,100,100,100,26.5625,75,100,53.125,100,100,100,98.4375,100,60.9375,51.5625,100,84.375,100,100,100,89.0625,93.75,59.375,89.0625,100,100,89.0625,100,100,76.5625,100,71.875,46.875,73.4375,100,100,100,79.6875,100,100,53.125,100,79.6875,54.6875,100,71.875,92.1875,67.1875,100,26.5625,100,100,59.375,54.6875,100,100,50,100,73.4375,87.5,100,100,90.625,89.0625,90.625,78.125,100,85.9375,100,29.6875,51.5625,100,78.125,76.5625,26.5625,100,100,100,98.4375,100,100,84.375,51.5625,100,59.375,81.25,85.9375,100,100,100,100,85.9375,100,100,92.1875,100,93.75,100,20.3125,100,70.3125,79.6875,71.875,59.375,100,100,65.625,100,100,59.375,100,100,100,100,100,100,100,56.25,70.3125,42.1875,100,43.75,78.125,76.5625,100,100,89.0625,100,67.1875,93.75,100,93.75,73.4375,100,92.1875,100,62.5,100,89.0625,100,48.4375,100,100,62.5,71.875,100,100,84.375,100,67.1875,100,85.9375,90.625,93.75,100,100,100,100,71.875,39.0625,100,100,100,92.1875,100,42.1875,100,100,29.6875,59.375,53.125,64.0625,90.625,100,98.4375,56.25,100,100,100,100,100,81.25,100,75,100,100,100,70.3125,95.3125,100,57.8125,100,100,100,53.125,100,87.5,100,62.5,100,100,65.625,100,81.25,82.8125,34.375,100,100,39.0625,20.3125,100,79.6875,100,100,100,75,67.1875,71.875,100,100,100,100,39.0625,64.0625,100,100,95.3125,93.75,100,100,65.625,100,64.0625,60.9375,100,100,79.6875,95.3125,100,100,100,78.125,75,100,62.5,100,53.125,92.1875,79.6875,100,85.9375,92.1875,100,100,100,67.1875,100,78.125,100,100,100,96.875,100,100,93.75,70.3125,93.75,87.5,20.3125,48.4375,100,100,100,45.3125,18.75,100,100,100,100,89.0625,79.6875,96.875,81.25,93.75,100,100,65.625,17.1875,100,78.125,43.75,100,59.375,100,100,76.5625,76.5625,100,96.875,54.6875,100,100,100,100,54.6875,43.75,100,100,51.5625,100,100,67.1875,56.25,100,100,64.0625,93.75,100,100,100,75,96.875,100,100,100,100,59.375,100,100,25,100,100,71.875,100,100,46.875,100,93.75,75,96.875,100,90.625,85.9375,84.375,100,100,68.75,59.375,100,57.8125,100,79.6875,100,68.75,92.1875,100,100,100,87.5,35.9375,60.9375,39.0625,90.625,62.5,100,100,100,85.9375,84.375,85.9375,100,73.4375,62.5,37.5,100,100,100,100,84.375,65.625,100,92.1875,100,73.4375,100,70.3125,100,85.9375,90.625,75,84.375,98.4375,34.375,95.3125,81.25,56.25,42.1875,37.5,100,28.125,100,100,46.875,100,100,59.375,75,70.3125,100,81.25,96.875,71.875,87.5,92.1875,100,100,100,50,100,100,89.0625,100,100,70.3125,85.9375,100,100,26.5625,100,59.375,100,100,45.3125,100,43.75,100,81.25,93.75,92.1875,48.4375,100,100,100,18.75,85.9375,100,100,100,100,75,95.3125,20.3125,100,51.5625,100,100,100,100,34.375,43.75,100,100,50,67.1875,100,100,50,100,100,12.5,100,46.875,100,100,100,100,100,95.3125,39.0625,100,92.1875,51.5625,53.125,37.5,53.125,100,100,100,96.875,100,100,100,82.8125,100,100,100,100,100,92.1875,85.9375,100,73.4375,100,100,100,90.625,89.0625,100,65.625,87.5,84.375,100,100,100,100,23.4375,100,1.5625,100,28.125,25,100,75,100,100,100,84.375,100,100,100,85.9375,100,100,100,95.3125,100,85.9375,100,100,100,100,51.5625,100,62.5,100,100,90.625,100,100,45.3125,64.0625,100,100,64.0625,100,100,59.375,100,100,73.4375,100,100,100,89.0625,100,56.25,34.375,100,100,100,100,70.3125,100,62.5,85.9375,42.1875,96.875,79.6875,84.375,100,71.875,68.75,100,73.4375,100,54.6875,59.375,59.375,62.5,100,84.375,60.9375,100,34.375,57.8125,100,100,96.875,100,73.4375,95.3125,45.3125,100,98.4375,26.5625,65.625,100,100,67.1875,84.375,100,82.8125,29.6875,64.0625,87.5,81.25,100,100,57.8125,100,62.5,37.5,100,70.3125,92.1875,100,100,100,75,100,54.6875,81.25,100,53.125,100,53.125,98.4375,100,92.1875,85.9375,100,100,100,100,100,98.4375,93.75,100,100
"6162",90.625,100,48.4375,100,100,34.375,95.3125,100,57.8125,96.875,85.9375,100,100,100,100,75,87.5,75,100,100,96.875,93.75,100,100,76.5625,100,100,78.125,84.375,100,100,100,100,90.625,100,100,79.6875,100,100,100,87.5,68.75,92.1875,100,100,100,100,100,68.75,85.9375,75,100,100,68.75,37.5,100,34.375,100,100,46.875,93.75,100,98.4375,100,100,100,42.1875,100,71.875,100,54.6875,70.3125,100,73.4375,79.6875,87.5,100,100,51.5625,100,100,100,79.6875,70.3125,85.9375,100,100,37.5,100,100,70.3125,89.0625,100,46.875,54.6875,89.0625,100,64.0625,100,100,79.6875,100,100,92.1875,9.375,18.75,100,92.1875,85.9375,100,73.4375,79.6875,100,98.4375,40.625,84.375,100,100,100,100,87.5,100,75,76.5625,100,46.875,100,18.75,100,100,100,100,100,100,100,62.5,100,78.125,100,98.4375,89.0625,100,48.4375,45.3125,100,100,100,100,56.25,46.875,56.25,35.9375,87.5,92.1875,98.4375,60.9375,71.875,100,100,100,100,100,100,100,100,62.5,96.875,87.5,20.3125,100,95.3125,75,100,100,35.9375,98.4375,82.8125,100,100,75,100,26.5625,100,100,100,100,42.1875,100,56.25,85.9375,84.375,51.5625,87.5,100,87.5,100,96.875,56.25,100,100,37.5,96.875,96.875,100,100,93.75,100,100,71.875,100,57.8125,100,100,100,79.6875,78.125,50,95.3125,100,100,93.75,82.8125,100,100,100,57.8125,45.3125,100,85.9375,100,100,82.8125,100,100,100,100,71.875,60.9375,100,100,100,100,96.875,34.375,100,25,96.875,90.625,100,100,100,79.6875,79.6875,90.625,60.9375,98.4375,100,60.9375,100,100,100,98.4375,32.8125,100,62.5,90.625,100,100,17.1875,100,42.1875,84.375,100,100,100,82.8125,37.5,100,73.4375,100,87.5,46.875,42.1875,100,100,100,42.1875,98.4375,100,100,79.6875,100,42.1875,56.25,100,98.4375,100,84.375,62.5,75,45.3125,100,100,62.5,100,81.25,87.5,100,84.375,100,100,100,43.75,100,100,96.875,100,100,78.125,60.9375,100,100,50,100,75,71.875,92.1875,96.875,100,100,100,100,76.5625,100,100,29.6875,100,89.0625,65.625,100,100,84.375,34.375,53.125,68.75,68.75,20.3125,100,56.25,71.875,100,76.5625,100,100,70.3125,100,50,98.4375,60.9375,90.625,75,93.75,100,100,71.875,53.125,51.5625,93.75,98.4375,100,100,51.5625,92.1875,79.6875,65.625,100,98.4375,60.9375,75,100,48.4375,82.8125,100,90.625,100,50,93.75,100,67.1875,85.9375,100,75,100,100,100,75,100,64.0625,100,17.1875,100,100,100,100,100,85.9375,59.375,75,75,75,82.8125,92.1875,78.125,82.8125,100,90.625,39.0625,51.5625,100,96.875,17.1875,100,100,100,100,21.875,56.25,100,92.1875,100,82.8125,100,92.1875,100,90.625,68.75,67.1875,100,100,100,29.6875,92.1875,57.8125,75,100,100,100,92.1875,98.4375,93.75,92.1875,100,100,100,85.9375,71.875,100,65.625,100,100,76.5625,65.625,67.1875,100,100,62.5,100,78.125,100,76.5625,68.75,50,50,100,100,70.3125,100,100,100,93.75,68.75,78.125,100,62.5,82.8125,100,50,100,68.75,71.875,100,76.5625,78.125,100,64.0625,100,100,54.6875,75,100,68.75,100,100,100,84.375,60.9375,100,82.8125,100,100,57.8125,68.75,70.3125,100,100,100,100,95.3125,100,100,67.1875,100,100,62.5,28.125,95.3125,100,100,48.4375,100,37.5,100,95.3125,93.75,84.375,70.3125,100,81.25,84.375,100,81.25,60.9375,100,34.375,100,100,78.125,100,100,70.3125,100,100,100,100,100,51.5625,100,100,64.0625,100,100,70.3125,100,65.625,100,100,31.25,100,100,100,60.9375,78.125,65.625,100,34.375,71.875,100,57.8125,100,100,71.875,100,100,57.8125,100,100,48.4375,65.625,100,70.3125,100,62.5,100,100,100,100,100,100,67.1875,100,100,98.4375,100,96.875,59.375,100,64.0625,14.0625,100,51.5625,100,100,75,100,20.3125,100,93.75,60.9375,100,100,100,100,92.1875,73.4375,100,71.875,14.0625,100,100,100,81.25,93.75,100,100,100,100,12.5,100,95.3125,100,100,100,57.8125,96.875,73.4375,81.25,100,100,100,79.6875,100,90.625,90.625,100,42.1875,29.6875,85.9375,50,28.125,85.9375,100,100,100,100,100,59.375,100,87.5,37.5,59.375,50,45.3125,75,67.1875,75,100,100,100,78.125,67.1875,40.625,90.625,95.3125,45.3125,95.3125,100,100,100,100,100,100,76.5625,53.125,45.3125,68.75,100,100,76.5625,60.9375,43.75,48.4375,100,50,100,100,100,100,100,100,65.625,100,89.0625,90.625,84.375,100,100,60.9375,71.875,100,100,57.8125,100,100,100,76.5625,100,100,100,100,100,75,59.375,100,100,100,100,100,100,100,100,100,100,68.75,100,93.75,100,59.375,100,100,35.9375,84.375,100,71.875,39.0625,62.5,98.4375,100,62.5,84.375,100,100,100,73.4375,100,65.625,89.0625,100,100,100,48.4375,25,68.75,73.4375,17.1875,100,100,28.125,40.625,100,9.375,82.8125,100,100,81.25,100,100,85.9375,100,100,100,79.6875,100,28.125,45.3125,100,100,68.75,100,100,100,100,64.0625,100,95.3125,100,68.75,57.8125,100,100,40.625,100,92.1875,100,89.0625,71.875,100,46.875,93.75,100,100,57.8125,100,39.0625,100,100,100,100,95.3125,62.5,79.6875,100,84.375,67.1875,100,100,43.75,100,70.3125,81.25,79.6875,100,100,73.4375,100,76.5625,100,100,100,95.3125,60.9375,96.875,100,100,68.75,100,76.5625,39.0625,100,100,100,76.5625,100,76.5625,100,95.3125,100,56.25,100,100,100,60.9375,96.875,100,81.25,100,62.5,35.9375,100,70.3125,100,68.75,100,46.875,100,100,51.5625,100,100,57.8125,100,62.5,93.75,84.375,82.8125,100,98.4375,100,60.9375,100,100,73.4375,34.375,100,100,100,98.4375,78.125,50,100,100,100,100,100,73.4375,100,79.6875,100,78.125,90.625,100,48.4375,93.75,68.75,59.375,90.625,100,35.9375,100,76.5625,100,100,100,70.3125,57.8125,100,100,68.75,75,90.625,100,90.625,78.125,76.5625,100,42.1875,100,100,51.5625,92.1875,84.375,34.375,71.875,100,100,100,70.3125,100,100,98.4375,100,100,100,92.1875,98.4375,100,100,68.75,98.4375,100,100,75,59.375,50,100,100,59.375,21.875,100,90.625,100,100,51.5625,78.125,50,29.6875,100,25,98.4375,70.3125,70.3125,100,89.0625,89.0625,100,100,100,100,100,100,100,100,100,3.125,87.5,100,100,96.875,67.1875,93.75,64.0625,43.75,100,100,92.1875,100,84.375,100,59.375,31.25,56.25,100,100,100,85.9375,90.625,100,79.6875,32.8125,100,100,79.6875,100,75,100,84.375,100,48.4375,100,100,100,81.25,100,100,100,78.125,100,68.75,100,100,100,100,100,100,100,70.3125,100,78.125,76.5625,100,100,100,100,100,96.875,100,96.875,100,92.1875,100,100,100,100,40.625,95.3125,15.625,84.375,25,100,98.4375,79.6875,79.6875,100,81.25,100,100,75,100,56.25,100,78.125,78.125,100,100,34.375,100,100,82.8125,90.625,100,100,75,100,100,100,54.6875,17.1875,100,100,75,100,100,100,100,100,100,100,85.9375,65.625,100,92.1875,79.6875,25,90.625,100,81.25,100,100,100,100,100,73.4375,100,100,93.75,50,100,82.8125,62.5,100,82.8125,100,100,100,100,100,100,100,100,100,75,100,100,100,45.3125,100,100,59.375,65.625,100,93.75,100,82.8125,100,87.5,84.375,76.5625,96.875,100,100,100,100,100,100,100,40.625,65.625,100,100,100,100,100,100,51.5625,71.875,100,100,100,96.875,100,96.875,100,79.6875,75,100,100,100,84.375,95.3125,100,84.375,75,100,92.1875,100,100,81.25,12.5,100,35.9375,51.5625,76.5625,100,68.75,95.3125,100,100,100,84.375,50,100,100,29.6875,100,100,100,39.0625,100,100,100,100,100,100,79.6875,57.8125,98.4375,53.125,56.25,76.5625,100,90.625,100,68.75,95.3125,81.25,100,100,54.6875,100,32.8125,62.5,96.875,56.25,100,100,100,43.75,100,70.3125,81.25,100,100,100,100,28.125,56.25,100,100,100,89.0625,32.8125,100,46.875,100,100,100,100,60.9375,68.75,100,67.1875,98.4375,92.1875,100,73.4375,100,96.875,85.9375,51.5625,87.5,75,100,100,100,70.3125,84.375,67.1875,62.5,51.5625,100,96.875,65.625,93.75,100,82.8125,59.375,100,50,90.625,100,100,100,100,100,98.4375,100,73.4375,100,100,84.375,87.5,100,15.625,100,85.9375,84.375,100,100,65.625,100,100,100,73.4375,100,87.5,60.9375,62.5,100,57.8125,100,100,28.125,89.0625,100,100,68.75,100,90.625,45.3125,100,100,100,37.5,100,42.1875,95.3125,100,67.1875,48.4375,76.5625,64.0625,100,87.5,46.875,67.1875,64.0625,56.25,43.75,100,100,75,62.5,60.9375,79.6875,53.125,85.9375,95.3125,100,89.0625,100,45.3125,79.6875,100,60.9375,78.125,100,53.125,100,92.1875,100,84.375,89.0625,100,100,92.1875,100,100,98.4375,73.4375,28.125,100,100,100,76.5625,100,70.3125,100,89.0625,56.25,89.0625,100,65.625,100,100,100,100,51.5625,100,64.0625,34.375,78.125,59.375,95.3125,100,100,100,73.4375,100,100,100,31.25,89.0625,100,76.5625,68.75,100,100,64.0625,100,100,100,37.5,100,100,90.625,100,17.1875,93.75,100,89.0625,100,100,100,100,100,93.75,100,100,100,78.125,71.875,71.875,85.9375,100,82.8125,100,68.75,100,100,68.75,81.25,100,14.0625,100,37.5,42.1875,68.75,100,98.4375,79.6875,100,100,76.5625,43.75,90.625,100,89.0625,78.125,76.5625,100,100,100,100,100,100,100,100,48.4375,100,40.625,45.3125,75,100,64.0625,100,100,100,100,100,100,100,100,100,90.625,73.4375,100,100,100,100,100,100,92.1875,100,100,100,95.3125,100,71.875,100,45.3125,100,100,100,82.8125,73.4375,100,93.75,95.3125,100,35.9375,100,100,100,100,100,85.9375,100,76.5625,100,100,60.9375,100,82.8125,100,73.4375,100,79.6875,100,100,100,100,81.25,100,100,100,98.4375,29.6875,100,100,100,100,35.9375,100,70.3125,75,65.625,100,81.25,92.1875,60.9375,56.25,100,100,100,98.4375,90.625,100,89.0625,95.3125,67.1875,54.6875,100,100,84.375,70.3125,100,100,100,100,100,100,65.625,40.625,100,100,87.5,100,68.75,78.125,100,100,64.0625,100,90.625,78.125,100,71.875,100,90.625,84.375,89.0625,100,50,100,68.75,100,54.6875,100,100,100,100,100,42.1875,100,100,98.4375,100,100,100,87.5,100,100,71.875,98.4375,68.75,100,100,95.3125,100,100,79.6875,68.75,100,70.3125,100,100,98.4375,100,100,59.375,54.6875,100,89.0625,100,100,89.0625,31.25,42.1875,81.25,76.5625,64.0625,100,100,89.0625,100,90.625,100,100,45.3125,35.9375,64.0625,100,42.1875,51.5625,75,95.3125,70.3125,100,100,87.5,100,100,100,93.75,100,31.25,18.75,100,100,100,100,100,100,100,100,100,100,14.0625,59.375,95.3125,100,100,79.6875,71.875,100,100,100,100,85.9375,92.1875,65.625,100,100,100,100,100,93.75,43.75,100,100,100,65.625,68.75,100,100,100,48.4375,73.4375,100,78.125,76.5625,100,39.0625,59.375,62.5,84.375,79.6875,100,89.0625,100,98.4375,100,73.4375,26.5625,100,100,98.4375,100,85.9375,98.4375,100,100,35.9375,100,100,90.625,100,12.5,85.9375,89.0625,100,82.8125,53.125,100,81.25,31.25,50,56.25,96.875,100,57.8125,98.4375,100,100,100,96.875,100,100,100,78.125,100,53.125,100,62.5,89.0625,100,100,100,100,96.875,100,56.25,100,93.75,43.75,68.75,100,25,100,100,100,100,76.5625,100,81.25,100,65.625,64.0625,100,81.25,100,100,81.25,60.9375,42.1875,40.625,65.625,65.625,75,100,67.1875,82.8125,79.6875,26.5625,100,75,100,100,100,100,21.875,59.375,100,100,100,100,48.4375,98.4375,100,78.125,100,76.5625,64.0625,100,54.6875,67.1875,18.75,100,73.4375,26.5625,100,64.0625,100,100,29.6875,82.8125,100,35.9375,100,100,100,100,93.75,81.25,50,100,100,82.8125,100,100,100,100,100,82.8125,100,79.6875,100,81.25,48.4375,100,87.5,20.3125,76.5625,95.3125,85.9375,56.25,100,85.9375,100,17.1875,35.9375,100,54.6875,79.6875,100,31.25,93.75,100,100,90.625,100,85.9375,35.9375,100,90.625,100,93.75,60.9375,26.5625,100,68.75,100,100,90.625,100,50,56.25,40.625,7.8125,100,84.375,60.9375,100,100,76.5625,81.25,93.75,89.0625,39.0625,100,100,100,87.5,59.375,67.1875,85.9375,100,100,76.5625,43.75,100,100,100,100,93.75,100,100,100,100,100,70.3125,100,57.8125,71.875,100,79.6875,50,93.75,18.75,100,100,81.25,100,71.875,100,76.5625,57.8125,79.6875,100,92.1875,100,100,100,100,100,84.375,46.875,53.125,100,100,100,100,100,50,92.1875,100,100,100,95.3125,100,89.0625,89.0625,73.4375,100,98.4375,100,100,100,100,100,100,65.625,100,76.5625,90.625,100,100,100,84.375,100,64.0625,100,67.1875,100,98.4375,64.0625,100,100,100,76.5625,81.25,85.9375,100,71.875,42.1875,59.375,68.75,98.4375,100,100,100,100,39.0625,100,89.0625,100,100,100,95.3125,100,65.625,100,56.25,100,100,40.625,100,100,4.6875,21.875,100,9.375,100,100,100,81.25,92.1875,85.9375,100,100,81.25,100,100,100,87.5,100,100,100,81.25,100,100,90.625,100,100,65.625,100,100,89.0625,100,100,100,56.25,81.25,100,73.4375,84.375,100,100,100,100,48.4375,100,46.875,100,100,54.6875,100,42.1875,100,76.5625,89.0625,71.875,100,100,75,100,100,100,100,84.375,100,100,100,46.875,71.875,76.5625,100,90.625,100,62.5,100,100,87.5,60.9375,100,90.625,100,100,50,100,96.875,100,39.0625,45.3125,93.75,100,100,100,54.6875,65.625,25,71.875,60.9375,100,100,59.375,100,100,67.1875,4.6875,100,95.3125,68.75,84.375,68.75,100,90.625,100,100,60.9375,89.0625,42.1875,54.6875,100,71.875,39.0625,100,76.5625,100,100,54.6875,70.3125,100,56.25,100,89.0625,75,92.1875,65.625,100,100,89.0625,100,98.4375,46.875,81.25,93.75,75,100,100,15.625,62.5,90.625,100,81.25,100,100,95.3125,57.8125,70.3125,100,100,100,100,92.1875,100,100,78.125,73.4375,64.0625,98.4375,29.6875,62.5,53.125,79.6875,84.375,100,71.875,59.375,100,100,35.9375,100,100,100,100,100,79.6875,90.625,46.875,100,100,37.5,40.625,56.25,81.25,100,67.1875,71.875,81.25,100,98.4375,89.0625,100,67.1875,23.4375,100,100,100,100,100,100,51.5625,79.6875,100,100,100,87.5,65.625,48.4375,7.8125,100,73.4375,60.9375,100,81.25,43.75,81.25,100,20.3125,93.75,54.6875,85.9375,100,100,51.5625,85.9375,100,90.625,81.25,100,100,40.625,100,100,85.9375,95.3125,62.5,32.8125,100,100,100,81.25,68.75,51.5625,64.0625,100,100,100,100,100,100,70.3125,42.1875,89.0625,100,100,100,95.3125,100,100,100,100,60.9375,100,65.625,100,100,73.4375,100,29.6875,100,51.5625,100,100,100,70.3125,100,96.875,95.3125,100,100,100,92.1875,54.6875,85.9375,98.4375,100,100,100,67.1875,56.25,90.625,100,100,100,28.125,85.9375,100,100,100,100,100,100,100,64.0625,54.6875,100,84.375,100,100,100,89.0625,78.125,51.5625,64.0625,100,100,82.8125,100,75,93.75,67.1875,100,42.1875,98.4375,100,100,100,67.1875,100,100,92.1875,100,75,43.75,100,70.3125,62.5,65.625,100,35.9375,100,100,100,54.6875,100,100,50,93.75,75,100,95.3125,100,95.3125,87.5,79.6875,100,100,81.25,100,28.125,100,100,78.125,62.5,78.125,100,100,100,98.4375,100,100,82.8125,60.9375,100,59.375,79.6875,100,43.75,85.9375,100,100,90.625,100,100,100,100,96.875,100,100,100,67.1875,85.9375,100,59.375,100,100,65.625,100,100,59.375,100,100,100,100,53.125,100,100,56.25,70.3125,57.8125,100,42.1875,78.125,51.5625,100,100,56.25,87.5,59.375,100,100,90.625,73.4375,100,84.375,100,62.5,100,100,92.1875,48.4375,100,100,62.5,60.9375,100,100,100,100,71.875,100,26.5625,100,100,100,100,100,100,75,43.75,100,100,100,92.1875,100,45.3125,100,100,43.75,59.375,100,57.8125,40.625,100,93.75,60.9375,100,100,68.75,100,100,81.25,100,75,100,100,100,100,82.8125,100,100,100,100,100,62.5,100,81.25,100,62.5,100,100,79.6875,100,79.6875,90.625,29.6875,100,100,59.375,21.875,100,70.3125,54.6875,100,100,75,70.3125,75,100,92.1875,100,100,40.625,54.6875,100,100,82.8125,93.75,100,100,59.375,73.4375,64.0625,54.6875,100,43.75,87.5,100,100,100,100,78.125,71.875,100,92.1875,87.5,56.25,92.1875,84.375,100,85.9375,100,100,100,100,67.1875,100,78.125,100,100,100,96.875,100,82.8125,95.3125,68.75,64.0625,87.5,12.5,45.3125,100,100,100,43.75,100,100,100,100,100,70.3125,78.125,96.875,78.125,100,100,100,65.625,26.5625,100,79.6875,100,100,59.375,100,100,78.125,79.6875,100,100,54.6875,100,100,100,100,50,43.75,100,100,50,100,100,64.0625,34.375,100,100,57.8125,92.1875,100,100,98.4375,98.4375,26.5625,100,100,100,100,57.8125,100,100,42.1875,100,100,64.0625,100,100,60.9375,100,100,100,87.5,100,100,81.25,87.5,100,100,50,59.375,100,56.25,100,84.375,100,95.3125,87.5,100,100,100,100,35.9375,37.5,45.3125,76.5625,59.375,100,100,100,93.75,100,50,100,60.9375,56.25,35.9375,100,98.4375,100,100,71.875,64.0625,100,93.75,100,71.875,100,70.3125,100,87.5,15.625,79.6875,71.875,87.5,50,96.875,82.8125,100,42.1875,40.625,100,59.375,100,100,48.4375,100,100,59.375,59.375,70.3125,100,100,90.625,73.4375,56.25,100,100,100,100,46.875,100,100,89.0625,100,96.875,73.4375,85.9375,100,100,21.875,100,59.375,100,100,51.5625,100,43.75,100,78.125,46.875,100,51.5625,50,89.0625,100,18.75,85.9375,100,100,81.25,100,71.875,93.75,21.875,100,57.8125,100,100,100,93.75,42.1875,40.625,100,100,51.5625,65.625,100,100,67.1875,100,100,12.5,100,46.875,100,100,100,100,100,76.5625,67.1875,100,73.4375,57.8125,59.375,40.625,53.125,100,100,100,95.3125,100,100,100,76.5625,57.8125,100,100,100,100,92.1875,84.375,100,67.1875,100,100,100,100,100,100,65.625,100,85.9375,100,100,100,100,100,100,1.5625,96.875,6.25,31.25,100,84.375,100,100,85.9375,90.625,100,100,76.5625,82.8125,100,100,100,95.3125,100,96.875,100,84.375,81.25,100,56.25,100,54.6875,100,100,100,100,100,48.4375,64.0625,100,100,64.0625,100,100,70.3125,100,100,85.9375,100,100,100,89.0625,85.9375,57.8125,28.125,71.875,100,95.3125,57.8125,68.75,100,62.5,100,65.625,85.9375,45.3125,67.1875,100,100,53.125,100,75,100,92.1875,59.375,48.4375,64.0625,100,100,93.75,100,31.25,59.375,100,100,96.875,96.875,81.25,100,45.3125,100,96.875,100,70.3125,100,100,68.75,78.125,100,82.8125,29.6875,68.75,60.9375,100,100,100,57.8125,95.3125,59.375,39.0625,100,71.875,100,100,95.3125,100,73.4375,100,54.6875,100,100,57.8125,100,53.125,95.3125,100,67.1875,64.0625,100,50,57.8125,100,100,100,100,100,100
"6163",89.0625,100,54.6875,100,100,43.75,95.3125,67.1875,64.0625,98.4375,96.875,100,100,100,100,76.5625,82.8125,87.5,100,100,96.875,100,100,100,75,100,100,81.25,79.6875,100,100,100,100,90.625,100,100,84.375,100,100,92.1875,95.3125,62.5,78.125,100,100,100,100,100,65.625,82.8125,75,100,100,68.75,73.4375,100,31.25,100,100,43.75,92.1875,100,98.4375,100,100,100,42.1875,100,75,100,56.25,65.625,100,75,64.0625,84.375,100,100,48.4375,100,64.0625,100,87.5,73.4375,68.75,100,100,45.3125,100,100,54.6875,89.0625,100,46.875,84.375,100,100,64.0625,100,100,81.25,100,100,92.1875,17.1875,25,100,93.75,85.9375,100,79.6875,81.25,100,100,40.625,100,100,100,96.875,98.4375,79.6875,100,100,75,96.875,42.1875,100,18.75,100,100,96.875,100,100,100,100,62.5,100,78.125,100,89.0625,100,100,46.875,45.3125,100,100,87.5,70.3125,60.9375,82.8125,62.5,39.0625,85.9375,92.1875,96.875,39.0625,73.4375,100,100,100,100,100,89.0625,100,100,62.5,62.5,90.625,23.4375,100,92.1875,78.125,100,100,100,100,82.8125,98.4375,100,100,100,35.9375,100,100,100,78.125,43.75,78.125,23.4375,90.625,100,37.5,87.5,100,87.5,100,73.4375,70.3125,100,100,35.9375,100,98.4375,100,100,92.1875,100,100,70.3125,100,60.9375,100,100,100,82.8125,78.125,39.0625,93.75,100,95.3125,60.9375,75,71.875,100,100,56.25,68.75,100,65.625,100,100,82.8125,100,100,90.625,100,59.375,60.9375,100,100,100,100,100,78.125,100,25,96.875,84.375,100,100,100,53.125,68.75,90.625,100,96.875,100,60.9375,100,100,100,98.4375,32.8125,100,78.125,100,100,100,21.875,100,43.75,90.625,92.1875,100,100,67.1875,37.5,96.875,78.125,100,87.5,48.4375,73.4375,100,100,100,42.1875,100,100,100,79.6875,100,42.1875,56.25,100,100,100,85.9375,64.0625,75,45.3125,100,100,64.0625,100,89.0625,85.9375,56.25,84.375,100,100,100,43.75,100,79.6875,95.3125,100,62.5,70.3125,54.6875,68.75,100,50,100,84.375,67.1875,100,96.875,100,100,87.5,100,70.3125,100,100,32.8125,100,87.5,29.6875,100,100,84.375,34.375,51.5625,67.1875,67.1875,23.4375,100,75,75,100,75,100,100,71.875,100,46.875,59.375,59.375,84.375,81.25,95.3125,100,100,31.25,53.125,31.25,100,98.4375,100,100,100,100,50,78.125,100,98.4375,64.0625,95.3125,100,81.25,90.625,87.5,100,100,43.75,95.3125,100,67.1875,93.75,100,76.5625,100,100,100,75,100,65.625,64.0625,15.625,100,100,100,100,100,84.375,59.375,78.125,67.1875,96.875,82.8125,90.625,100,78.125,100,84.375,32.8125,50,100,76.5625,23.4375,100,100,100,100,23.4375,56.25,100,92.1875,100,82.8125,100,82.8125,29.6875,87.5,75,51.5625,100,100,100,100,89.0625,100,89.0625,100,100,100,100,95.3125,93.75,95.3125,100,100,100,85.9375,73.4375,100,65.625,23.4375,100,76.5625,73.4375,64.0625,100,100,68.75,100,81.25,100,100,64.0625,51.5625,50,100,100,68.75,100,100,100,95.3125,62.5,56.25,100,64.0625,82.8125,100,50,100,68.75,73.4375,100,79.6875,78.125,100,64.0625,81.25,100,87.5,70.3125,70.3125,67.1875,100,100,100,84.375,57.8125,100,84.375,100,100,57.8125,68.75,68.75,100,100,100,100,100,100,100,87.5,68.75,87.5,60.9375,32.8125,100,100,93.75,51.5625,100,35.9375,100,96.875,92.1875,84.375,71.875,100,79.6875,84.375,92.1875,81.25,62.5,100,35.9375,51.5625,100,85.9375,100,100,76.5625,100,100,100,100,100,53.125,82.8125,100,67.1875,100,100,71.875,100,100,100,100,29.6875,76.5625,100,100,67.1875,100,90.625,100,35.9375,71.875,100,59.375,100,100,73.4375,100,90.625,100,100,93.75,100,100,100,64.0625,100,57.8125,100,100,100,100,100,100,56.25,95.3125,100,100,100,89.0625,59.375,100,65.625,42.1875,98.4375,48.4375,100,100,79.6875,100,23.4375,100,100,78.125,100,100,100,100,71.875,81.25,100,85.9375,39.0625,100,100,81.25,84.375,100,100,100,100,100,100,92.1875,98.4375,98.4375,100,100,60.9375,96.875,67.1875,67.1875,92.1875,100,100,100,100,92.1875,92.1875,100,42.1875,31.25,89.0625,54.6875,28.125,100,100,100,100,100,100,65.625,100,89.0625,42.1875,59.375,59.375,35.9375,76.5625,67.1875,76.5625,90.625,96.875,46.875,76.5625,67.1875,40.625,92.1875,95.3125,45.3125,35.9375,100,100,100,100,100,100,76.5625,53.125,45.3125,68.75,100,100,76.5625,57.8125,48.4375,46.875,100,53.125,100,100,100,100,100,100,59.375,100,78.125,90.625,84.375,100,100,62.5,100,100,70.3125,60.9375,100,100,100,76.5625,100,100,100,100,100,100,62.5,100,100,100,100,100,100,100,100,100,100,68.75,100,93.75,15.625,43.75,100,100,34.375,84.375,100,81.25,40.625,59.375,100,100,62.5,82.8125,100,100,100,60.9375,100,67.1875,90.625,23.4375,100,98.4375,48.4375,100,75,73.4375,6.25,100,100,100,40.625,65.625,9.375,84.375,100,96.875,100,100,100,96.875,100,100,100,26.5625,100,31.25,45.3125,82.8125,100,60.9375,100,100,100,100,56.25,100,68.75,100,54.6875,81.25,100,100,20.3125,100,93.75,100,89.0625,79.6875,100,39.0625,96.875,100,100,73.4375,100,73.4375,100,100,100,100,95.3125,62.5,90.625,100,79.6875,89.0625,100,100,37.5,100,70.3125,92.1875,81.25,42.1875,100,67.1875,100,81.25,100,100,100,84.375,62.5,98.4375,53.125,100,67.1875,100,76.5625,6.25,67.1875,64.0625,100,78.125,98.4375,82.8125,100,92.1875,92.1875,54.6875,100,100,100,100,95.3125,100,73.4375,100,70.3125,40.625,100,70.3125,100,67.1875,100,40.625,76.5625,100,39.0625,100,67.1875,100,100,64.0625,100,79.6875,87.5,100,98.4375,100,57.8125,100,71.875,73.4375,18.75,100,100,100,100,100,48.4375,100,100,100,100,100,75,100,79.6875,100,78.125,100,93.75,51.5625,100,68.75,59.375,89.0625,100,35.9375,100,79.6875,100,100,95.3125,70.3125,79.6875,95.3125,100,70.3125,82.8125,85.9375,100,59.375,81.25,76.5625,70.3125,42.1875,100,100,42.1875,96.875,100,34.375,67.1875,100,100,100,70.3125,100,100,95.3125,100,84.375,100,93.75,100,100,100,100,100,100,100,92.1875,60.9375,48.4375,100,100,59.375,31.25,100,92.1875,100,100,98.4375,84.375,62.5,29.6875,100,25,81.25,70.3125,73.4375,100,89.0625,84.375,100,100,100,98.4375,100,100,100,100,100,3.125,87.5,21.875,100,96.875,64.0625,95.3125,62.5,57.8125,100,67.1875,96.875,100,84.375,100,48.4375,6.25,65.625,87.5,100,100,59.375,100,100,84.375,32.8125,100,87.5,82.8125,100,73.4375,100,89.0625,100,93.75,100,100,100,81.25,89.0625,100,87.5,78.125,100,68.75,100,100,100,100,100,100,100,100,100,73.4375,18.75,100,100,100,98.4375,100,96.875,100,96.875,100,90.625,100,100,90.625,100,42.1875,92.1875,15.625,82.8125,32.8125,100,87.5,73.4375,81.25,100,81.25,100,100,75,100,48.4375,100,90.625,73.4375,100,100,34.375,95.3125,100,79.6875,96.875,100,60.9375,79.6875,100,100,79.6875,70.3125,17.1875,100,100,75,100,100,79.6875,100,100,100,87.5,85.9375,60.9375,100,87.5,84.375,25,85.9375,100,85.9375,100,100,100,100,100,70.3125,100,100,93.75,45.3125,100,82.8125,46.875,100,81.25,100,100,100,46.875,100,100,100,100,100,85.9375,100,100,100,100,100,100,59.375,65.625,100,96.875,100,89.0625,100,98.4375,71.875,78.125,92.1875,100,100,100,100,100,100,100,46.875,67.1875,100,98.4375,100,100,100,100,46.875,90.625,87.5,100,100,70.3125,100,96.875,100,79.6875,75,100,100,100,84.375,100,100,85.9375,73.4375,100,90.625,100,100,89.0625,7.8125,100,53.125,51.5625,100,100,68.75,64.0625,100,100,100,82.8125,50,100,89.0625,31.25,100,100,100,100,100,100,29.6875,100,100,100,100,78.125,98.4375,51.5625,71.875,76.5625,100,71.875,100,70.3125,95.3125,79.6875,100,100,54.6875,100,100,62.5,100,89.0625,100,100,100,42.1875,100,75,81.25,100,100,100,100,23.4375,70.3125,100,100,100,89.0625,40.625,100,37.5,100,100,100,100,65.625,67.1875,100,73.4375,100,100,100,100,100,93.75,79.6875,67.1875,87.5,73.4375,100,100,81.25,82.8125,92.1875,67.1875,62.5,50,100,100,65.625,87.5,100,81.25,57.8125,100,45.3125,82.8125,100,100,100,100,100,90.625,100,75,100,100,82.8125,78.125,75,92.1875,100,87.5,82.8125,100,100,71.875,100,73.4375,100,68.75,100,81.25,65.625,62.5,100,67.1875,96.875,100,100,89.0625,100,100,100,100,89.0625,48.4375,100,100,100,57.8125,100,43.75,95.3125,100,64.0625,48.4375,81.25,84.375,100,100,56.25,76.5625,64.0625,75,45.3125,81.25,100,75,59.375,60.9375,65.625,59.375,92.1875,95.3125,100,90.625,100,42.1875,98.4375,81.25,67.1875,100,100,54.6875,100,92.1875,100,78.125,79.6875,100,85.9375,92.1875,100,100,100,73.4375,29.6875,100,100,100,100,100,75,100,50,59.375,89.0625,100,81.25,100,100,100,100,46.875,100,62.5,39.0625,78.125,48.4375,98.4375,100,100,100,53.125,100,100,71.875,32.8125,82.8125,100,76.5625,71.875,100,100,64.0625,100,100,100,40.625,37.5,100,78.125,100,100,93.75,100,90.625,100,96.875,100,100,100,93.75,100,100,100,9.375,81.25,76.5625,100,100,81.25,92.1875,73.4375,100,100,71.875,73.4375,100,93.75,100,20.3125,43.75,71.875,100,100,84.375,100,100,65.625,51.5625,95.3125,82.8125,98.4375,76.5625,76.5625,100,100,100,100,95.3125,75,100,100,57.8125,100,40.625,45.3125,70.3125,100,67.1875,100,100,100,100,100,100,17.1875,100,100,92.1875,67.1875,100,100,100,100,100,100,90.625,100,100,100,95.3125,100,71.875,100,50,100,100,100,95.3125,73.4375,100,65.625,37.5,100,34.375,100,100,100,100,100,92.1875,100,100,100,100,60.9375,100,82.8125,100,73.4375,100,68.75,100,100,100,100,89.0625,100,100,100,96.875,53.125,100,100,100,100,26.5625,100,79.6875,64.0625,82.8125,46.875,17.1875,71.875,79.6875,60.9375,100,100,100,100,90.625,100,87.5,84.375,62.5,56.25,100,100,82.8125,40.625,100,43.75,100,100,85.9375,100,60.9375,43.75,90.625,100,89.0625,100,68.75,79.6875,100,100,100,100,100,95.3125,100,79.6875,100,100,85.9375,79.6875,100,100,100,95.3125,100,31.25,84.375,100,100,82.8125,100,59.375,100,100,100,81.25,98.4375,100,100,100,100,71.875,78.125,67.1875,100,100,71.875,100,100,70.3125,71.875,100,68.75,100,85.9375,98.4375,100,100,70.3125,56.25,100,82.8125,100,100,89.0625,100,39.0625,76.5625,78.125,65.625,43.75,100,87.5,100,100,84.375,100,46.875,23.4375,56.25,100,42.1875,54.6875,100,95.3125,76.5625,100,100,87.5,100,100,100,79.6875,100,34.375,20.3125,100,100,100,100,100,100,100,100,100,100,12.5,51.5625,87.5,62.5,100,81.25,79.6875,100,98.4375,100,100,100,89.0625,64.0625,93.75,100,100,100,81.25,89.0625,100,100,100,100,57.8125,68.75,100,100,100,100,73.4375,100,79.6875,73.4375,100,40.625,59.375,62.5,98.4375,79.6875,100,98.4375,100,87.5,100,81.25,32.8125,84.375,100,100,100,89.0625,100,100,76.5625,100,100,100,87.5,100,85.9375,87.5,96.875,100,18.75,65.625,100,90.625,42.1875,50,60.9375,100,100,54.6875,76.5625,100,14.0625,100,92.1875,100,87.5,100,82.8125,100,34.375,100,68.75,87.5,100,100,100,98.4375,85.9375,46.875,51.5625,100,100,43.75,68.75,100,18.75,100,59.375,100,100,75,100,89.0625,100,64.0625,68.75,100,87.5,100,100,92.1875,60.9375,100,28.125,65.625,60.9375,76.5625,100,62.5,82.8125,57.8125,20.3125,100,100,100,100,100,100,25,65.625,100,100,100,67.1875,48.4375,79.6875,100,92.1875,100,81.25,64.0625,100,56.25,70.3125,32.8125,100,75,95.3125,100,84.375,100,100,100,79.6875,100,35.9375,100,100,100,100,95.3125,92.1875,46.875,100,100,82.8125,100,92.1875,100,100,100,82.8125,100,79.6875,100,100,64.0625,100,70.3125,21.875,71.875,100,75,45.3125,87.5,100,100,40.625,35.9375,100,62.5,76.5625,100,32.8125,100,100,100,73.4375,39.0625,92.1875,42.1875,100,90.625,100,76.5625,35.9375,26.5625,100,68.75,100,100,92.1875,95.3125,100,56.25,42.1875,100,100,79.6875,60.9375,100,100,73.4375,85.9375,95.3125,100,40.625,100,100,100,92.1875,60.9375,68.75,100,100,100,100,46.875,100,100,100,100,90.625,100,100,100,100,100,81.25,100,59.375,75,100,100,70.3125,93.75,20.3125,100,70.3125,81.25,100,75,100,70.3125,62.5,81.25,100,81.25,100,100,100,100,100,82.8125,43.75,53.125,100,87.5,100,100,100,59.375,98.4375,100,100,84.375,96.875,100,90.625,90.625,73.4375,100,100,100,100,100,90.625,100,100,70.3125,98.4375,76.5625,96.875,100,100,100,93.75,100,100,100,67.1875,100,98.4375,89.0625,100,100,100,78.125,79.6875,84.375,100,67.1875,42.1875,59.375,93.75,100,100,100,100,100,39.0625,100,81.25,100,100,85.9375,96.875,100,67.1875,100,53.125,100,100,42.1875,100,70.3125,4.6875,25,100,56.25,100,100,100,81.25,92.1875,84.375,96.875,100,100,78.125,100,68.75,100,100,100,100,73.4375,100,100,92.1875,100,100,82.8125,100,84.375,100,100,100,90.625,65.625,81.25,100,100,85.9375,100,100,100,100,90.625,100,50,100,100,53.125,100,68.75,100,82.8125,92.1875,70.3125,62.5,100,100,100,100,100,100,85.9375,100,96.875,93.75,60.9375,71.875,90.625,100,90.625,100,62.5,82.8125,100,87.5,62.5,100,73.4375,100,100,50,100,87.5,100,43.75,45.3125,93.75,100,100,92.1875,54.6875,75,25,76.5625,95.3125,100,100,59.375,100,100,68.75,4.6875,100,95.3125,76.5625,82.8125,100,100,90.625,96.875,100,67.1875,85.9375,40.625,43.75,65.625,67.1875,39.0625,100,70.3125,100,100,53.125,78.125,100,56.25,100,85.9375,75,31.25,65.625,100,100,100,100,78.125,71.875,82.8125,90.625,100,100,100,48.4375,62.5,92.1875,100,78.125,100,100,96.875,59.375,71.875,100,100,100,100,93.75,100,100,78.125,81.25,65.625,93.75,51.5625,62.5,48.4375,85.9375,81.25,100,100,82.8125,100,100,35.9375,100,100,100,42.1875,79.6875,100,89.0625,46.875,100,100,57.8125,40.625,100,81.25,100,100,68.75,57.8125,100,98.4375,81.25,100,67.1875,65.625,78.125,100,100,100,100,100,53.125,82.8125,100,98.4375,100,87.5,87.5,53.125,21.875,100,73.4375,60.9375,100,81.25,42.1875,75,100,20.3125,93.75,54.6875,87.5,100,100,56.25,85.9375,100,100,82.8125,100,100,34.375,100,100,100,95.3125,39.0625,92.1875,100,100,100,81.25,73.4375,57.8125,67.1875,100,100,100,100,100,100,82.8125,46.875,93.75,100,100,100,100,100,100,100,100,62.5,92.1875,100,95.3125,100,81.25,100,29.6875,100,48.4375,100,100,100,89.0625,100,84.375,96.875,100,100,100,92.1875,100,87.5,95.3125,100,100,100,70.3125,56.25,92.1875,100,100,100,28.125,71.875,100,100,100,100,100,100,100,46.875,46.875,100,79.6875,100,100,78.125,32.8125,89.0625,54.6875,85.9375,100,100,59.375,98.4375,100,100,70.3125,82.8125,45.3125,92.1875,100,100,100,68.75,100,100,100,100,73.4375,93.75,100,68.75,90.625,64.0625,100,25,100,100,10.9375,54.6875,100,100,50,92.1875,75,92.1875,100,100,93.75,87.5,79.6875,84.375,100,82.8125,100,29.6875,100,100,81.25,57.8125,71.875,100,100,100,98.4375,100,100,85.9375,51.5625,100,59.375,82.8125,100,100,79.6875,100,100,96.875,100,100,100,92.1875,98.4375,100,100,64.0625,70.3125,95.3125,100,65.625,100,100,67.1875,100,100,56.25,100,100,82.8125,100,100,98.4375,93.75,56.25,65.625,67.1875,100,43.75,45.3125,85.9375,100,100,85.9375,100,56.25,92.1875,100,100,73.4375,100,92.1875,100,62.5,100,100,100,48.4375,100,100,70.3125,65.625,100,100,78.125,100,75,100,35.9375,100,100,100,100,100,100,64.0625,40.625,100,100,100,92.1875,100,46.875,100,100,62.5,60.9375,100,100,93.75,100,100,48.4375,100,100,100,100,100,100,100,75,100,100,100,87.5,93.75,100,100,100,100,100,67.1875,89.0625,87.5,62.5,59.375,100,93.75,78.125,100,82.8125,82.8125,28.125,100,100,39.0625,20.3125,100,67.1875,100,100,100,75,75,68.75,100,100,100,100,39.0625,57.8125,100,98.4375,84.375,31.25,98.4375,100,53.125,100,64.0625,54.6875,100,100,96.875,96.875,100,100,100,89.0625,75,100,90.625,67.1875,64.0625,92.1875,76.5625,98.4375,92.1875,76.5625,100,100,100,65.625,95.3125,78.125,100,100,100,96.875,100,100,93.75,67.1875,46.875,87.5,18.75,48.4375,100,100,100,46.875,95.3125,100,100,75,100,82.8125,79.6875,96.875,75,100,100,100,67.1875,100,98.4375,81.25,53.125,100,59.375,100,100,79.6875,81.25,100,76.5625,54.6875,100,100,100,100,57.8125,43.75,100,100,51.5625,100,100,68.75,29.6875,100,100,59.375,92.1875,78.125,100,100,70.3125,100,100,100,100,100,57.8125,100,73.4375,26.5625,100,98.4375,81.25,100,100,53.125,100,100,100,100,100,93.75,90.625,100,100,100,100,64.0625,100,57.8125,100,73.4375,100,50,89.0625,100,100,85.9375,100,37.5,84.375,39.0625,68.75,65.625,100,100,100,100,98.4375,73.4375,100,100,54.6875,35.9375,100,100,100,100,82.8125,81.25,100,90.625,100,75,100,65.625,100,85.9375,78.125,81.25,70.3125,98.4375,51.5625,95.3125,64.0625,100,45.3125,37.5,100,65.625,60.9375,100,48.4375,100,89.0625,59.375,75,87.5,100,64.0625,98.4375,78.125,37.5,100,100,98.4375,100,70.3125,100,100,89.0625,100,100,67.1875,85.9375,100,100,21.875,100,59.375,100,100,43.75,100,45.3125,100,85.9375,98.4375,100,53.125,42.1875,89.0625,100,18.75,85.9375,100,100,100,100,76.5625,85.9375,21.875,100,50,100,89.0625,100,73.4375,46.875,40.625,100,100,48.4375,65.625,100,100,100,100,100,43.75,100,56.25,100,100,100,85.9375,100,62.5,62.5,100,37.5,60.9375,51.5625,42.1875,53.125,100,100,54.6875,100,100,100,100,73.4375,81.25,100,100,100,100,85.9375,84.375,100,70.3125,100,100,100,100,100,100,85.9375,100,87.5,100,100,100,100,75,100,1.5625,96.875,7.8125,35.9375,100,82.8125,100,100,100,93.75,100,51.5625,50,82.8125,100,100,14.0625,96.875,100,84.375,100,87.5,51.5625,100,57.8125,100,64.0625,100,100,93.75,75,100,45.3125,65.625,100,100,70.3125,100,100,71.875,100,100,73.4375,100,100,100,89.0625,100,73.4375,28.125,98.4375,100,96.875,57.8125,71.875,100,62.5,100,64.0625,76.5625,54.6875,100,100,100,53.125,100,75,100,68.75,59.375,100,70.3125,100,84.375,90.625,100,34.375,59.375,100,100,96.875,81.25,89.0625,100,45.3125,100,95.3125,45.3125,64.0625,100,100,100,87.5,100,100,29.6875,65.625,48.4375,100,100,100,39.0625,100,59.375,39.0625,100,73.4375,100,100,95.3125,100,90.625,100,54.6875,85.9375,100,54.6875,96.875,56.25,100,100,68.75,67.1875,100,87.5,76.5625,100,100,100,100,100,100
"6164",90.625,100,51.5625,100,100,53.125,95.3125,81.25,43.75,98.4375,100,100,100,100,100,76.5625,85.9375,81.25,100,100,96.875,100,100,100,76.5625,100,100,90.625,81.25,100,100,100,100,93.75,100,100,82.8125,100,100,100,92.1875,68.75,89.0625,100,100,100,100,100,65.625,85.9375,75,100,100,70.3125,71.875,100,32.8125,100,100,39.0625,89.0625,100,98.4375,62.5,100,100,37.5,100,68.75,100,56.25,73.4375,100,81.25,57.8125,79.6875,100,90.625,50,100,78.125,100,87.5,68.75,70.3125,100,100,45.3125,100,100,57.8125,89.0625,100,48.4375,92.1875,37.5,100,64.0625,100,100,78.125,100,100,90.625,10.9375,23.4375,100,100,85.9375,100,87.5,62.5,100,100,40.625,100,100,100,100,100,85.9375,100,84.375,95.3125,100,42.1875,100,18.75,100,100,100,100,96.875,100,100,65.625,100,78.125,100,92.1875,100,100,43.75,48.4375,100,100,100,100,57.8125,79.6875,59.375,37.5,79.6875,92.1875,96.875,48.4375,75,100,100,100,100,100,75,100,100,60.9375,76.5625,87.5,29.6875,42.1875,82.8125,76.5625,100,100,87.5,87.5,84.375,100,100,100,100,35.9375,100,100,93.75,100,45.3125,100,100,85.9375,100,70.3125,87.5,100,87.5,100,96.875,84.375,100,100,48.4375,100,96.875,100,100,90.625,75,100,71.875,53.125,64.0625,100,100,100,85.9375,78.125,46.875,90.625,100,100,87.5,73.4375,100,100,100,56.25,100,100,71.875,89.0625,100,82.8125,100,100,75,100,60.9375,59.375,93.75,100,100,100,100,17.1875,100,26.5625,95.3125,56.25,100,100,100,76.5625,70.3125,100,100,90.625,100,67.1875,100,100,85.9375,96.875,32.8125,93.75,85.9375,95.3125,100,100,31.25,100,57.8125,39.0625,100,100,100,76.5625,37.5,100,73.4375,100,67.1875,46.875,98.4375,100,100,100,43.75,100,100,100,85.9375,98.4375,43.75,57.8125,100,100,100,93.75,67.1875,75,46.875,100,100,78.125,100,90.625,81.25,34.375,79.6875,100,100,100,45.3125,100,95.3125,96.875,100,100,71.875,56.25,68.75,100,50,70.3125,82.8125,67.1875,95.3125,96.875,100,100,87.5,100,76.5625,100,100,34.375,100,87.5,100,100,100,84.375,37.5,51.5625,67.1875,65.625,25,100,57.8125,76.5625,100,78.125,100,100,70.3125,100,82.8125,39.0625,50,79.6875,76.5625,92.1875,100,25,78.125,53.125,29.6875,100,98.4375,100,100,29.6875,100,70.3125,100,100,84.375,62.5,79.6875,100,85.9375,82.8125,100,100,100,100,95.3125,100,65.625,89.0625,100,100,100,100,100,73.4375,100,48.4375,100,31.25,100,100,100,100,100,89.0625,42.1875,76.5625,75,90.625,76.5625,90.625,71.875,71.875,100,100,39.0625,48.4375,100,76.5625,39.0625,100,100,100,100,37.5,46.875,100,93.75,100,82.8125,100,85.9375,100,84.375,68.75,71.875,100,100,100,100,93.75,68.75,67.1875,100,100,100,87.5,85.9375,93.75,71.875,100,100,100,85.9375,71.875,100,59.375,100,100,76.5625,73.4375,65.625,100,100,65.625,100,82.8125,100,100,65.625,50,56.25,100,100,65.625,100,100,100,100,76.5625,60.9375,81.25,64.0625,82.8125,100,53.125,100,68.75,73.4375,100,76.5625,78.125,100,64.0625,100,100,82.8125,73.4375,76.5625,68.75,100,100,100,84.375,64.0625,100,82.8125,100,100,59.375,70.3125,70.3125,100,100,65.625,68.75,98.4375,100,100,100,100,100,62.5,34.375,92.1875,100,100,51.5625,100,37.5,100,28.125,92.1875,84.375,68.75,100,70.3125,75,100,78.125,64.0625,100,35.9375,53.125,100,84.375,100,100,70.3125,100,100,100,100,100,51.5625,84.375,100,67.1875,95.3125,100,71.875,100,78.125,100,100,31.25,81.25,100,100,68.75,84.375,93.75,100,37.5,75,100,67.1875,96.875,100,67.1875,100,100,100,87.5,96.875,54.6875,70.3125,100,100,100,64.0625,100,100,100,37.5,100,100,56.25,95.3125,100,100,100,100,70.3125,100,81.25,64.0625,100,50,100,100,75,100,18.75,100,100,65.625,100,100,100,100,89.0625,82.8125,100,100,26.5625,100,100,85.9375,81.25,70.3125,96.875,100,100,100,100,96.875,100,100,100,100,57.8125,96.875,73.4375,84.375,92.1875,100,100,100,100,93.75,90.625,100,42.1875,34.375,81.25,53.125,28.125,100,100,100,100,100,100,62.5,100,89.0625,43.75,59.375,67.1875,46.875,76.5625,67.1875,76.5625,100,100,100,76.5625,67.1875,39.0625,92.1875,95.3125,48.4375,46.875,100,100,100,100,100,100,31.25,59.375,43.75,68.75,100,100,81.25,68.75,54.6875,46.875,100,65.625,100,100,100,100,100,100,59.375,100,82.8125,89.0625,84.375,100,100,65.625,96.875,100,100,62.5,100,100,100,93.75,100,100,100,100,100,79.6875,60.9375,100,100,100,100,100,100,100,100,100,100,68.75,100,95.3125,100,46.875,100,100,35.9375,89.0625,100,78.125,42.1875,64.0625,98.4375,100,81.25,100,100,100,100,73.4375,100,67.1875,89.0625,100,100,85.9375,48.4375,46.875,79.6875,76.5625,6.25,100,100,100,42.1875,100,9.375,84.375,100,100,100,100,100,90.625,54.6875,100,98.4375,50,100,31.25,43.75,100,100,56.25,100,100,100,100,56.25,100,78.125,100,78.125,78.125,100,100,15.625,100,100,100,89.0625,82.8125,100,39.0625,93.75,100,100,60.9375,100,85.9375,100,100,100,100,95.3125,62.5,79.6875,100,85.9375,67.1875,100,100,40.625,100,68.75,84.375,79.6875,43.75,100,82.8125,100,68.75,100,100,100,81.25,62.5,100,100,100,67.1875,76.5625,76.5625,18.75,100,100,89.0625,82.8125,100,100,100,90.625,100,54.6875,100,100,100,85.9375,95.3125,100,81.25,100,67.1875,35.9375,100,68.75,100,67.1875,100,46.875,75,100,9.375,100,100,59.375,81.25,82.8125,84.375,71.875,84.375,100,98.4375,23.4375,59.375,100,60.9375,71.875,18.75,100,100,100,98.4375,73.4375,50,100,100,100,100,100,71.875,100,78.125,100,79.6875,98.4375,62.5,57.8125,98.4375,60.9375,56.25,98.4375,100,35.9375,100,82.8125,100,100,100,70.3125,57.8125,79.6875,100,71.875,71.875,93.75,100,95.3125,79.6875,73.4375,96.875,56.25,100,100,43.75,96.875,100,34.375,100,90.625,100,100,71.875,100,100,95.3125,100,26.5625,100,93.75,100,100,100,70.3125,100,100,100,100,64.0625,50,100,100,59.375,48.4375,100,93.75,100,100,100,76.5625,67.1875,29.6875,100,25,96.875,70.3125,75,100,89.0625,89.0625,100,100,100,100,100,100,100,100,100,57.8125,87.5,84.375,100,95.3125,60.9375,95.3125,78.125,57.8125,100,100,100,100,84.375,45.3125,59.375,90.625,100,100,100,100,53.125,100,100,85.9375,34.375,100,100,84.375,100,76.5625,100,96.875,100,56.25,100,100,100,82.8125,100,100,100,76.5625,100,70.3125,100,100,100,100,100,100,100,82.8125,100,65.625,23.4375,98.4375,96.875,100,100,100,92.1875,100,100,100,100,100,100,100,100,40.625,93.75,14.0625,82.8125,46.875,100,95.3125,73.4375,81.25,100,82.8125,100,100,64.0625,100,50,95.3125,87.5,68.75,100,100,35.9375,85.9375,100,84.375,100,100,56.25,78.125,100,100,100,70.3125,17.1875,100,100,70.3125,98.4375,100,100,100,100,100,81.25,85.9375,62.5,100,92.1875,90.625,23.4375,75,100,87.5,100,100,100,100,100,67.1875,100,100,93.75,51.5625,100,84.375,64.0625,100,62.5,100,100,100,31.25,100,100,100,100,100,71.875,100,100,100,54.6875,100,100,60.9375,65.625,100,96.875,100,87.5,100,100,73.4375,78.125,100,100,100,100,100,100,100,100,45.3125,67.1875,98.4375,100,100,100,100,100,40.625,37.5,93.75,100,100,65.625,100,92.1875,100,73.4375,75,100,100,100,85.9375,95.3125,100,79.6875,73.4375,100,67.1875,100,100,85.9375,1.5625,100,62.5,51.5625,51.5625,100,70.3125,92.1875,100,26.5625,100,75,43.75,100,100,31.25,100,15.625,100,100,100,100,56.25,100,100,100,84.375,78.125,100,51.5625,100,76.5625,100,100,50,70.3125,95.3125,81.25,100,100,54.6875,100,100,64.0625,100,70.3125,79.6875,100,100,43.75,100,73.4375,79.6875,100,100,100,100,25,68.75,100,100,100,89.0625,40.625,100,37.5,100,100,100,100,68.75,68.75,100,73.4375,100,100,100,84.375,100,98.4375,76.5625,53.125,87.5,76.5625,100,100,81.25,84.375,92.1875,67.1875,62.5,51.5625,100,100,67.1875,100,100,78.125,59.375,100,84.375,82.8125,100,100,100,100,100,100,100,73.4375,100,100,84.375,90.625,21.875,92.1875,100,87.5,85.9375,100,100,100,100,85.9375,90.625,68.75,100,100,87.5,62.5,100,68.75,100,100,100,89.0625,100,100,100,70.3125,93.75,48.4375,100,100,100,65.625,100,43.75,100,100,67.1875,50,79.6875,76.5625,100,100,64.0625,70.3125,62.5,59.375,43.75,84.375,100,75,59.375,60.9375,89.0625,70.3125,90.625,95.3125,100,89.0625,100,35.9375,93.75,56.25,78.125,100,100,56.25,100,100,100,84.375,93.75,100,89.0625,93.75,100,100,98.4375,73.4375,29.6875,31.25,100,100,57.8125,100,73.4375,100,100,53.125,90.625,100,100,100,100,100,100,48.4375,100,67.1875,48.4375,78.125,57.8125,100,100,100,62.5,79.6875,100,100,71.875,32.8125,84.375,100,71.875,70.3125,100,100,60.9375,96.875,100,100,100,100,100,76.5625,100,100,93.75,100,89.0625,100,100,100,100,100,87.5,100,100,100,20.3125,65.625,98.4375,26.5625,100,82.8125,82.8125,68.75,100,100,68.75,70.3125,100,95.3125,100,76.5625,43.75,78.125,100,98.4375,78.125,100,100,84.375,54.6875,100,84.375,100,79.6875,78.125,100,100,100,100,100,100,100,95.3125,100,100,40.625,46.875,71.875,100,70.3125,100,100,100,100,100,100,12.5,100,100,92.1875,57.8125,100,82.8125,100,100,100,100,100,92.1875,100,100,90.625,100,71.875,100,43.75,100,100,100,95.3125,93.75,100,40.625,53.125,100,31.25,100,100,100,100,100,100,100,100,100,100,60.9375,100,85.9375,100,79.6875,100,65.625,100,100,100,100,79.6875,100,100,100,96.875,50,100,100,96.875,100,95.3125,100,81.25,65.625,68.75,100,82.8125,100,56.25,59.375,100,100,100,100,90.625,100,95.3125,81.25,65.625,79.6875,100,100,82.8125,21.875,100,75,100,100,90.625,100,54.6875,42.1875,90.625,100,87.5,100,57.8125,79.6875,100,100,100,100,100,78.125,100,60.9375,100,100,85.9375,75,100,100,100,96.875,100,82.8125,100,100,100,100,100,32.8125,100,42.1875,98.4375,82.8125,100,100,93.75,100,100,71.875,70.3125,68.75,100,100,67.1875,100,100,75,67.1875,100,62.5,100,48.4375,100,100,100,76.5625,56.25,100,95.3125,100,100,89.0625,100,100,85.9375,84.375,64.0625,100,100,90.625,100,100,57.8125,87.5,50,23.4375,59.375,100,46.875,51.5625,100,95.3125,70.3125,100,100,87.5,100,100,100,93.75,100,34.375,18.75,100,100,28.125,100,95.3125,100,100,100,100,100,12.5,50,100,26.5625,100,89.0625,81.25,100,100,100,100,96.875,93.75,65.625,92.1875,100,100,100,85.9375,93.75,62.5,100,100,100,100,67.1875,100,100,100,62.5,75,100,84.375,73.4375,100,45.3125,59.375,62.5,100,84.375,100,90.625,100,87.5,100,81.25,92.1875,100,100,100,100,79.6875,100,100,100,100,100,100,82.8125,100,100,85.9375,70.3125,100,98.4375,50,100,89.0625,100,50,68.75,100,100,54.6875,89.0625,100,100,100,90.625,100,76.5625,100,84.375,100,35.9375,100,60.9375,87.5,100,100,100,100,89.0625,79.6875,51.5625,100,100,48.4375,68.75,100,20.3125,100,57.8125,100,100,75,100,100,100,67.1875,81.25,100,82.8125,100,100,89.0625,60.9375,40.625,75,67.1875,65.625,75,100,67.1875,82.8125,65.625,21.875,100,100,100,100,100,100,23.4375,64.0625,100,100,65.625,92.1875,42.1875,96.875,100,96.875,100,93.75,65.625,100,53.125,81.25,48.4375,100,73.4375,100,100,79.6875,100,100,62.5,81.25,100,37.5,100,100,100,100,95.3125,93.75,46.875,75,100,82.8125,100,62.5,100,100,100,82.8125,32.8125,82.8125,78.125,100,71.875,100,85.9375,26.5625,67.1875,98.4375,84.375,43.75,100,71.875,100,34.375,35.9375,100,68.75,54.6875,100,31.25,89.0625,100,100,89.0625,100,92.1875,53.125,100,90.625,93.75,85.9375,100,26.5625,100,68.75,100,100,89.0625,78.125,85.9375,54.6875,42.1875,4.6875,100,100,60.9375,100,100,73.4375,84.375,95.3125,84.375,39.0625,100,100,100,92.1875,67.1875,65.625,100,100,100,84.375,37.5,100,100,100,100,95.3125,100,100,100,100,100,100,100,59.375,70.3125,100,100,57.8125,100,21.875,100,73.4375,84.375,100,65.625,98.4375,81.25,67.1875,81.25,100,87.5,100,100,100,100,100,84.375,45.3125,100,90.625,84.375,100,100,100,56.25,100,100,100,100,96.875,100,89.0625,84.375,81.25,100,100,100,100,100,100,100,100,67.1875,100,76.5625,93.75,100,100,100,89.0625,100,100,100,67.1875,100,78.125,62.5,100,100,100,75,79.6875,95.3125,100,73.4375,43.75,59.375,64.0625,100,100,100,100,100,45.3125,100,75,100,100,93.75,96.875,100,67.1875,100,62.5,100,100,45.3125,100,100,18.75,28.125,100,9.375,100,100,29.6875,79.6875,92.1875,90.625,100,100,82.8125,78.125,100,78.125,100,100,100,100,75,100,100,75,100,100,82.8125,100,98.4375,100,100,100,100,90.625,56.25,100,93.75,100,100,100,100,100,84.375,100,73.4375,100,100,54.6875,100,70.3125,100,79.6875,90.625,71.875,76.5625,100,100,100,100,100,100,84.375,100,98.4375,84.375,59.375,73.4375,95.3125,100,90.625,100,65.625,87.5,100,87.5,62.5,100,93.75,100,100,50,100,93.75,100,37.5,45.3125,90.625,100,100,100,54.6875,81.25,26.5625,76.5625,50,100,100,59.375,100,100,67.1875,4.6875,100,95.3125,71.875,76.5625,67.1875,100,90.625,100,100,75,87.5,46.875,42.1875,76.5625,67.1875,39.0625,100,51.5625,100,100,53.125,76.5625,100,54.6875,100,89.0625,75,48.4375,64.0625,100,100,100,100,100,73.4375,82.8125,90.625,82.8125,100,100,50,60.9375,98.4375,100,79.6875,100,100,100,57.8125,68.75,100,100,100,100,95.3125,65.625,100,78.125,75,64.0625,100,54.6875,62.5,48.4375,84.375,68.75,100,56.25,100,100,100,35.9375,100,100,100,37.5,71.875,84.375,90.625,48.4375,100,100,56.25,40.625,85.9375,81.25,100,100,68.75,54.6875,100,96.875,81.25,100,67.1875,28.125,75,100,100,100,90.625,100,51.5625,82.8125,100,100,100,87.5,64.0625,39.0625,7.8125,100,75,59.375,60.9375,81.25,42.1875,75,32.8125,20.3125,93.75,54.6875,87.5,100,100,54.6875,84.375,100,76.5625,82.8125,100,100,100,100,100,95.3125,95.3125,53.125,39.0625,90.625,100,100,75,67.1875,51.5625,59.375,100,100,100,100,100,98.4375,59.375,43.75,87.5,100,100,100,100,100,100,100,100,64.0625,45.3125,98.4375,100,100,68.75,100,31.25,100,50,100,100,100,51.5625,100,89.0625,100,100,100,100,92.1875,100,89.0625,92.1875,100,100,100,68.75,57.8125,93.75,100,100,100,28.125,82.8125,100,100,100,100,100,100,100,40.625,54.6875,100,87.5,100,100,78.125,50,78.125,59.375,87.5,100,100,82.8125,95.3125,100,56.25,73.4375,79.6875,48.4375,78.125,100,100,100,78.125,100,100,100,100,87.5,100,93.75,95.3125,100,65.625,89.0625,26.5625,100,100,81.25,56.25,100,100,50,100,71.875,90.625,100,100,100,84.375,95.3125,82.8125,100,85.9375,100,29.6875,100,100,78.125,54.6875,71.875,100,100,100,98.4375,100,100,84.375,21.875,100,59.375,75,50,71.875,78.125,100,100,100,100,100,100,100,100,100,100,100,67.1875,100,90.625,59.375,100,100,64.0625,100,100,59.375,100,100,85.9375,100,34.375,84.375,100,56.25,65.625,76.5625,100,45.3125,76.5625,57.8125,100,100,93.75,100,64.0625,92.1875,53.125,100,73.4375,100,92.1875,59.375,57.8125,100,100,100,50,100,100,51.5625,67.1875,93.75,100,78.125,84.375,79.6875,100,100,100,100,96.875,100,100,100,53.125,68.75,100,100,100,92.1875,100,46.875,100,100,85.9375,59.375,100,100,100,100,100,57.8125,100,100,100,100,100,81.25,100,75,100,100,100,100,89.0625,95.3125,100,100,100,100,57.8125,100,79.6875,100,60.9375,100,100,67.1875,100,79.6875,78.125,31.25,100,100,42.1875,12.5,100,71.875,100,100,100,75,84.375,100,100,100,100,100,42.1875,53.125,100,100,87.5,93.75,100,100,62.5,90.625,64.0625,92.1875,100,100,98.4375,100,100,100,100,78.125,87.5,100,92.1875,46.875,68.75,92.1875,100,100,100,93.75,100,100,100,67.1875,96.875,78.125,100,100,100,96.875,100,100,87.5,68.75,57.8125,87.5,31.25,45.3125,100,100,100,45.3125,45.3125,100,100,100,100,81.25,79.6875,96.875,87.5,95.3125,100,100,65.625,100,100,53.125,50,100,57.8125,100,85.9375,78.125,81.25,100,65.625,54.6875,100,100,98.4375,100,62.5,43.75,100,100,51.5625,100,100,71.875,29.6875,100,100,57.8125,93.75,78.125,100,100,85.9375,100,100,100,100,100,57.8125,100,73.4375,100,100,100,67.1875,100,100,54.6875,100,100,100,100,100,96.875,82.8125,100,100,100,75,57.8125,100,67.1875,100,92.1875,100,81.25,87.5,100,100,79.6875,100,35.9375,75,45.3125,100,64.0625,100,100,100,82.8125,92.1875,100,100,57.8125,57.8125,37.5,100,100,100,100,79.6875,76.5625,100,84.375,100,76.5625,100,59.375,100,82.8125,18.75,85.9375,75,98.4375,40.625,95.3125,68.75,100,45.3125,34.375,100,53.125,100,100,51.5625,100,100,59.375,85.9375,75,100,84.375,100,81.25,100,100,100,100,100,75,100,100,87.5,100,81.25,70.3125,85.9375,100,100,21.875,100,59.375,100,100,45.3125,100,46.875,100,82.8125,59.375,100,46.875,12.5,85.9375,100,18.75,84.375,100,100,95.3125,100,76.5625,100,21.875,100,62.5,100,100,100,75,56.25,42.1875,100,100,6.25,67.1875,100,75,100,100,100,21.875,100,46.875,100,100,100,85.9375,100,68.75,76.5625,100,34.375,73.4375,48.4375,46.875,53.125,100,100,100,100,100,100,100,100,100,100,100,100,100,90.625,82.8125,100,65.625,100,100,100,93.75,100,100,89.0625,93.75,87.5,100,100,100,100,73.4375,100,1.5625,100,26.5625,40.625,100,84.375,100,100,100,87.5,81.25,100,70.3125,82.8125,100,100,100,98.4375,100,92.1875,100,89.0625,57.8125,100,56.25,100,67.1875,100,100,100,75,100,46.875,64.0625,100,100,75,100,100,60.9375,100,100,73.4375,100,100,100,89.0625,100,76.5625,28.125,76.5625,100,98.4375,100,59.375,100,62.5,100,60.9375,71.875,68.75,78.125,100,100,65.625,100,78.125,100,96.875,57.8125,50,68.75,100,82.8125,92.1875,100,23.4375,59.375,100,100,96.875,92.1875,65.625,100,48.4375,100,100,37.5,64.0625,100,100,100,73.4375,100,100,32.8125,68.75,100,100,100,100,56.25,100,59.375,39.0625,100,81.25,95.3125,100,100,100,65.625,100,54.6875,98.4375,100,54.6875,100,54.6875,100,100,68.75,79.6875,100,79.6875,60.9375,100,100,98.4375,100,100,100
"6165",90.625,100,35.9375,100,100,60.9375,95.3125,67.1875,57.8125,98.4375,81.25,100,100,100,100,75,84.375,78.125,100,100,96.875,92.1875,100,100,73.4375,100,100,82.8125,81.25,100,100,100,100,100,100,100,43.75,100,81.25,89.0625,87.5,59.375,71.875,100,100,100,100,100,71.875,81.25,75,100,100,68.75,73.4375,100,34.375,100,100,42.1875,96.875,100,98.4375,100,100,100,39.0625,100,73.4375,100,57.8125,71.875,100,96.875,60.9375,73.4375,100,87.5,51.5625,100,76.5625,100,79.6875,75,76.5625,100,100,67.1875,100,100,56.25,89.0625,100,46.875,75,98.4375,100,64.0625,100,100,78.125,100,100,92.1875,18.75,25,100,84.375,85.9375,100,84.375,73.4375,100,100,40.625,93.75,100,100,100,100,67.1875,100,92.1875,78.125,100,42.1875,100,18.75,100,100,98.4375,100,100,100,100,65.625,100,79.6875,100,92.1875,98.4375,100,64.0625,45.3125,100,100,100,100,60.9375,78.125,62.5,35.9375,81.25,92.1875,95.3125,59.375,75,100,100,100,100,100,73.4375,100,100,65.625,100,81.25,35.9375,100,100,79.6875,100,100,45.3125,89.0625,82.8125,100,100,100,100,42.1875,100,100,82.8125,89.0625,45.3125,100,98.4375,87.5,93.75,100,87.5,100,87.5,100,78.125,71.875,100,100,34.375,53.125,96.875,100,100,87.5,100,100,71.875,100,64.0625,100,100,100,79.6875,78.125,46.875,95.3125,100,100,100,75,100,100,100,56.25,73.4375,100,67.1875,100,100,82.8125,100,100,100,100,60.9375,59.375,100,100,100,100,100,43.75,100,29.6875,81.25,53.125,100,100,100,78.125,78.125,100,100,93.75,100,60.9375,100,100,96.875,96.875,32.8125,100,73.4375,92.1875,100,100,43.75,100,45.3125,20.3125,100,100,100,75,45.3125,100,67.1875,100,75,43.75,100,100,100,100,46.875,98.4375,100,100,79.6875,100,45.3125,57.8125,100,54.6875,98.4375,85.9375,64.0625,75,68.75,100,100,68.75,100,89.0625,79.6875,14.0625,78.125,100,100,100,46.875,100,98.4375,96.875,100,15.625,54.6875,71.875,90.625,100,50,100,81.25,67.1875,95.3125,96.875,100,100,85.9375,100,76.5625,100,98.4375,39.0625,100,87.5,51.5625,100,100,84.375,40.625,50,64.0625,68.75,34.375,100,79.6875,71.875,100,75,100,100,56.25,100,50,50,60.9375,82.8125,76.5625,93.75,100,100,85.9375,53.125,29.6875,100,98.4375,100,100,100,89.0625,79.6875,81.25,100,95.3125,62.5,70.3125,100,85.9375,56.25,100,98.4375,100,45.3125,93.75,100,62.5,92.1875,100,85.9375,100,95.3125,100,73.4375,100,54.6875,78.125,20.3125,100,100,79.6875,100,100,100,40.625,79.6875,71.875,84.375,81.25,90.625,67.1875,76.5625,100,93.75,39.0625,51.5625,100,75,65.625,100,100,100,100,42.1875,45.3125,100,93.75,100,82.8125,100,92.1875,100,92.1875,75,53.125,100,100,100,100,93.75,98.4375,70.3125,100,100,100,92.1875,85.9375,93.75,96.875,100,100,100,84.375,71.875,100,71.875,100,100,76.5625,73.4375,65.625,100,81.25,67.1875,100,82.8125,100,78.125,81.25,53.125,51.5625,100,100,70.3125,100,100,100,100,78.125,60.9375,100,67.1875,82.8125,100,59.375,100,67.1875,73.4375,96.875,81.25,79.6875,100,65.625,100,100,75,75,79.6875,79.6875,100,100,100,84.375,73.4375,76.5625,82.8125,100,100,57.8125,70.3125,68.75,100,100,100,100,98.4375,100,100,100,100,67.1875,64.0625,39.0625,93.75,100,95.3125,56.25,100,35.9375,100,96.875,92.1875,85.9375,71.875,100,71.875,81.25,100,81.25,59.375,100,35.9375,56.25,87.5,82.8125,100,100,70.3125,100,100,100,100,100,43.75,78.125,100,67.1875,93.75,100,71.875,76.5625,60.9375,100,100,29.6875,100,100,100,73.4375,100,60.9375,100,39.0625,81.25,100,64.0625,100,100,68.75,100,100,56.25,100,100,100,67.1875,100,85.9375,100,68.75,100,100,100,23.4375,100,100,75,95.3125,100,100,100,98.4375,87.5,100,100,54.6875,100,57.8125,100,100,76.5625,100,26.5625,100,100,100,100,100,100,100,100,84.375,100,67.1875,57.8125,100,100,78.125,85.9375,85.9375,100,100,100,100,100,100,100,100,100,100,59.375,96.875,71.875,84.375,100,100,100,100,100,93.75,90.625,100,42.1875,26.5625,59.375,51.5625,28.125,100,100,100,100,100,100,65.625,100,84.375,43.75,59.375,81.25,39.0625,76.5625,68.75,76.5625,100,100,56.25,62.5,73.4375,40.625,92.1875,95.3125,50,68.75,100,100,100,100,100,100,31.25,53.125,45.3125,68.75,100,100,78.125,100,56.25,46.875,100,48.4375,100,100,100,100,100,100,56.25,100,95.3125,87.5,82.8125,100,100,73.4375,59.375,100,100,62.5,100,100,100,71.875,100,100,100,100,100,79.6875,60.9375,100,100,100,85.9375,100,100,100,100,46.875,100,68.75,100,95.3125,34.375,64.0625,100,100,35.9375,84.375,100,75,40.625,65.625,100,100,96.875,87.5,100,100,100,100,100,67.1875,82.8125,100,100,98.4375,48.4375,25,71.875,68.75,9.375,100,100,100,43.75,90.625,9.375,82.8125,100,100,68.75,100,100,87.5,84.375,100,100,67.1875,100,39.0625,45.3125,100,100,76.5625,100,100,100,100,57.8125,100,100,100,100,100,100,100,14.0625,100,95.3125,100,87.5,84.375,100,39.0625,93.75,100,100,54.6875,100,85.9375,100,100,100,100,96.875,62.5,53.125,100,87.5,76.5625,100,100,40.625,100,70.3125,90.625,81.25,43.75,100,78.125,100,48.4375,100,100,100,82.8125,60.9375,100,100,100,76.5625,100,76.5625,46.875,67.1875,98.4375,95.3125,75,100,78.125,100,92.1875,100,56.25,100,100,100,48.4375,95.3125,100,78.125,100,65.625,37.5,100,70.3125,100,67.1875,100,79.6875,78.125,100,28.125,100,26.5625,59.375,100,75,100,62.5,84.375,100,100,32.8125,57.8125,100,54.6875,71.875,18.75,100,100,100,98.4375,54.6875,68.75,100,100,100,100,100,56.25,100,78.125,100,78.125,100,84.375,53.125,100,71.875,59.375,89.0625,100,35.9375,100,87.5,100,100,65.625,70.3125,57.8125,59.375,100,71.875,60.9375,85.9375,100,67.1875,81.25,90.625,84.375,53.125,100,100,43.75,93.75,93.75,34.375,67.1875,100,100,100,70.3125,100,100,98.4375,100,100,95.3125,93.75,100,100,100,65.625,100,100,100,100,64.0625,60.9375,100,100,59.375,48.4375,100,89.0625,100,100,100,71.875,51.5625,29.6875,100,25,100,68.75,70.3125,15.625,89.0625,87.5,100,100,100,100,100,100,100,100,100,59.375,87.5,60.9375,100,92.1875,59.375,95.3125,59.375,54.6875,100,87.5,100,98.4375,84.375,100,59.375,29.6875,100,100,100,100,57.8125,68.75,100,68.75,42.1875,100,89.0625,87.5,100,76.5625,100,96.875,100,100,100,100,100,82.8125,100,100,100,76.5625,100,70.3125,100,100,82.8125,100,100,100,100,81.25,100,81.25,48.4375,95.3125,100,100,100,100,90.625,100,100,100,100,100,100,84.375,100,43.75,96.875,14.0625,50,75,100,100,67.1875,70.3125,100,81.25,100,100,73.4375,100,50,100,79.6875,67.1875,100,100,37.5,85.9375,100,79.6875,92.1875,100,54.6875,79.6875,100,100,100,92.1875,17.1875,100,100,75,95.3125,100,100,100,100,98.4375,87.5,90.625,62.5,100,92.1875,90.625,23.4375,82.8125,100,87.5,100,76.5625,100,100,100,75,100,98.4375,93.75,50,100,84.375,46.875,100,82.8125,100,75,100,100,100,100,100,100,100,90.625,100,100,100,48.4375,100,100,57.8125,65.625,100,93.75,100,89.0625,100,95.3125,73.4375,78.125,100,100,100,89.0625,100,100,87.5,100,51.5625,64.0625,100,100,100,100,100,100,40.625,68.75,87.5,100,100,81.25,100,96.875,100,82.8125,75,100,100,100,85.9375,96.875,100,65.625,75,100,98.4375,100,100,92.1875,14.0625,100,53.125,51.5625,60.9375,100,68.75,68.75,100,46.875,100,87.5,46.875,100,100,32.8125,100,100,100,100,100,100,71.875,100,100,100,53.125,59.375,98.4375,51.5625,100,71.875,100,85.9375,100,67.1875,95.3125,81.25,100,100,54.6875,100,100,65.625,100,93.75,100,100,100,43.75,70.3125,75,85.9375,100,100,100,100,21.875,71.875,100,100,100,89.0625,48.4375,100,40.625,100,100,100,100,60.9375,67.1875,100,73.4375,100,100,100,90.625,100,98.4375,81.25,59.375,87.5,76.5625,100,100,76.5625,70.3125,90.625,67.1875,62.5,50,100,100,65.625,100,100,82.8125,60.9375,100,46.875,89.0625,100,100,100,100,100,100,100,73.4375,100,100,85.9375,89.0625,85.9375,92.1875,100,85.9375,82.8125,100,100,79.6875,100,85.9375,100,76.5625,100,87.5,100,62.5,100,84.375,100,100,100,89.0625,100,100,100,100,87.5,67.1875,100,100,100,85.9375,100,43.75,100,100,65.625,51.5625,78.125,70.3125,31.25,100,73.4375,71.875,62.5,57.8125,42.1875,100,100,75,59.375,60.9375,79.6875,64.0625,92.1875,96.875,98.4375,90.625,100,48.4375,100,73.4375,90.625,100,100,62.5,100,90.625,100,85.9375,89.0625,100,89.0625,93.75,100,56.25,100,73.4375,34.375,31.25,100,100,32.8125,100,84.375,100,100,59.375,89.0625,100,53.125,98.4375,100,100,100,68.75,95.3125,71.875,37.5,76.5625,56.25,90.625,100,100,85.9375,64.0625,100,100,64.0625,37.5,89.0625,100,76.5625,71.875,70.3125,100,60.9375,100,100,51.5625,90.625,100,100,76.5625,73.4375,75,93.75,100,89.0625,100,100,100,100,100,95.3125,100,100,100,71.875,67.1875,75,100,100,82.8125,84.375,75,100,100,73.4375,75,100,92.1875,100,35.9375,43.75,78.125,96.875,98.4375,76.5625,100,100,92.1875,57.8125,93.75,100,100,81.25,78.125,100,100,100,100,98.4375,100,87.5,100,100,100,42.1875,50,75,100,71.875,100,100,100,100,100,100,28.125,95.3125,100,92.1875,75,100,84.375,100,100,100,100,92.1875,100,100,98.4375,93.75,100,71.875,100,73.4375,100,100,100,95.3125,71.875,95.3125,92.1875,37.5,100,35.9375,100,100,100,100,100,95.3125,100,100,100,100,60.9375,100,76.5625,100,76.5625,100,84.375,100,100,100,100,81.25,100,100,100,98.4375,17.1875,100,100,89.0625,100,28.125,100,81.25,70.3125,67.1875,100,81.25,12.5,79.6875,64.0625,100,100,100,100,90.625,100,89.0625,78.125,76.5625,67.1875,100,100,85.9375,100,100,76.5625,100,100,90.625,100,53.125,46.875,93.75,100,82.8125,100,57.8125,78.125,98.4375,76.5625,100,100,95.3125,79.6875,100,78.125,100,100,85.9375,93.75,100,100,100,78.125,100,85.9375,79.6875,100,100,57.8125,100,59.375,100,34.375,100,76.5625,100,100,100,98.4375,100,71.875,100,67.1875,100,100,64.0625,100,100,85.9375,67.1875,100,59.375,100,70.3125,100,100,100,75,54.6875,100,93.75,100,100,89.0625,85.9375,85.9375,84.375,75,62.5,100,100,87.5,100,100,100,100,100,23.4375,62.5,100,45.3125,54.6875,100,95.3125,60.9375,100,100,87.5,100,100,100,90.625,100,34.375,18.75,100,100,100,100,87.5,100,100,100,100,100,12.5,96.875,100,100,100,81.25,81.25,100,95.3125,100,100,84.375,95.3125,65.625,95.3125,100,100,100,57.8125,87.5,100,100,100,100,46.875,68.75,100,100,100,50,75,100,82.8125,73.4375,100,42.1875,59.375,62.5,96.875,81.25,100,100,100,87.5,100,76.5625,85.9375,85.9375,100,100,100,81.25,100,100,100,100,100,100,89.0625,100,25,87.5,100,100,100,60.9375,100,89.0625,89.0625,51.5625,50,81.25,100,51.5625,81.25,100,100,100,96.875,100,81.25,100,84.375,100,34.375,100,65.625,73.4375,100,15.625,100,92.1875,89.0625,98.4375,51.5625,100,100,46.875,68.75,100,18.75,100,60.9375,100,100,75,100,100,100,65.625,67.1875,100,95.3125,98.4375,100,95.3125,56.25,42.1875,39.0625,67.1875,67.1875,73.4375,100,57.8125,81.25,98.4375,89.0625,100,71.875,100,100,100,100,23.4375,70.3125,100,96.875,100,95.3125,48.4375,100,100,76.5625,82.8125,79.6875,65.625,100,51.5625,70.3125,53.125,100,75,95.3125,100,82.8125,100,100,100,79.6875,100,42.1875,100,100,100,100,95.3125,96.875,46.875,100,100,68.75,100,75,100,100,100,82.8125,100,78.125,100,100,59.375,100,62.5,29.6875,100,100,84.375,42.1875,100,59.375,100,42.1875,35.9375,100,62.5,54.6875,100,31.25,100,100,100,82.8125,100,93.75,53.125,78.125,85.9375,96.875,65.625,100,31.25,100,70.3125,100,100,90.625,65.625,100,56.25,40.625,100,100,76.5625,60.9375,100,100,71.875,85.9375,57.8125,76.5625,39.0625,100,100,100,100,62.5,98.4375,100,93.75,100,93.75,37.5,100,100,100,100,93.75,100,100,100,85.9375,100,67.1875,100,57.8125,64.0625,100,100,50,89.0625,20.3125,100,84.375,87.5,100,71.875,100,71.875,70.3125,82.8125,100,89.0625,100,100,100,100,100,84.375,43.75,100,100,89.0625,100,100,100,71.875,90.625,100,100,98.4375,21.875,100,90.625,84.375,71.875,100,95.3125,100,100,100,93.75,100,100,65.625,100,76.5625,93.75,100,100,96.875,85.9375,100,100,100,67.1875,100,84.375,62.5,100,98.4375,100,75,81.25,92.1875,100,64.0625,45.3125,59.375,60.9375,100,93.75,100,100,100,95.3125,100,73.4375,100,100,93.75,96.875,100,67.1875,100,73.4375,100,100,45.3125,64.0625,73.4375,4.6875,31.25,100,54.6875,100,100,100,84.375,85.9375,84.375,100,100,81.25,78.125,100,65.625,29.6875,100,100,100,73.4375,100,100,90.625,100,100,79.6875,100,100,100,100,100,100,98.4375,35.9375,100,98.4375,85.9375,100,100,100,100,85.9375,100,65.625,100,100,56.25,100,70.3125,100,78.125,90.625,70.3125,75,100,100,100,100,100,100,85.9375,100,100,68.75,59.375,75,98.4375,100,90.625,100,65.625,78.125,100,89.0625,60.9375,100,95.3125,100,100,50,100,87.5,98.4375,35.9375,45.3125,98.4375,100,100,100,57.8125,71.875,26.5625,85.9375,62.5,100,100,59.375,100,100,67.1875,6.25,100,96.875,70.3125,85.9375,78.125,100,90.625,100,100,81.25,87.5,46.875,56.25,76.5625,71.875,37.5,100,56.25,100,100,56.25,68.75,100,54.6875,100,82.8125,75,90.625,65.625,100,100,100,100,84.375,43.75,71.875,93.75,75,100,100,25,60.9375,95.3125,100,79.6875,100,100,100,59.375,68.75,100,100,100,40.625,95.3125,100,100,82.8125,87.5,64.0625,100,23.4375,62.5,54.6875,82.8125,85.9375,100,100,85.9375,100,100,35.9375,100,100,100,35.9375,75,50,90.625,48.4375,100,100,43.75,40.625,100,81.25,100,100,71.875,64.0625,100,95.3125,89.0625,100,67.1875,65.625,78.125,100,100,100,81.25,100,54.6875,82.8125,100,100,100,87.5,67.1875,50,21.875,100,71.875,60.9375,73.4375,79.6875,40.625,75,100,20.3125,95.3125,54.6875,87.5,100,100,62.5,84.375,89.0625,96.875,81.25,100,31.25,100,34.375,100,96.875,95.3125,42.1875,31.25,92.1875,100,100,78.125,67.1875,56.25,62.5,100,90.625,100,100,100,98.4375,64.0625,42.1875,87.5,100,100,100,84.375,100,100,100,100,39.0625,100,98.4375,100,100,81.25,100,39.0625,100,81.25,100,100,100,65.625,100,84.375,95.3125,100,100,100,92.1875,100,87.5,93.75,100,100,100,65.625,56.25,85.9375,100,100,100,29.6875,85.9375,100,100,100,100,100,98.4375,100,95.3125,62.5,100,90.625,100,100,84.375,90.625,78.125,67.1875,87.5,100,100,67.1875,100,100,98.4375,68.75,89.0625,40.625,76.5625,100,100,100,100,100,100,62.5,100,60.9375,51.5625,92.1875,81.25,84.375,67.1875,29.6875,25,100,100,32.8125,54.6875,100,100,62.5,92.1875,100,93.75,100,100,95.3125,89.0625,87.5,82.8125,100,85.9375,100,34.375,100,100,81.25,64.0625,76.5625,100,68.75,100,98.4375,100,100,81.25,62.5,100,59.375,81.25,67.1875,100,79.6875,100,100,100,100,100,96.875,85.9375,100,100,100,100,67.1875,100,78.125,59.375,100,100,65.625,100,100,57.8125,100,100,73.4375,100,71.875,87.5,100,57.8125,71.875,95.3125,100,46.875,78.125,15.625,100,100,100,100,71.875,92.1875,100,100,73.4375,100,92.1875,100,54.6875,100,14.0625,100,48.4375,100,100,59.375,82.8125,18.75,100,78.125,100,85.9375,100,100,100,100,100,100,100,100,76.5625,40.625,100,100,100,92.1875,100,45.3125,100,100,40.625,59.375,100,67.1875,100,100,57.8125,65.625,100,100,67.1875,100,100,81.25,100,73.4375,100,100,100,100,95.3125,100,100,100,100,100,50,100,90.625,100,59.375,100,100,50,100,81.25,82.8125,37.5,100,100,37.5,10.9375,100,71.875,100,100,100,75,76.5625,100,100,68.75,100,100,40.625,67.1875,100,100,79.6875,39.0625,100,100,65.625,93.75,64.0625,57.8125,100,100,90.625,100,100,100,31.25,81.25,87.5,100,90.625,28.125,73.4375,92.1875,92.1875,100,98.4375,95.3125,100,100,100,67.1875,100,78.125,100,100,100,96.875,100,100,92.1875,70.3125,85.9375,87.5,18.75,51.5625,100,51.5625,100,45.3125,100,100,100,98.4375,85.9375,79.6875,79.6875,98.4375,89.0625,75,100,100,64.0625,100,100,82.8125,45.3125,100,57.8125,100,89.0625,79.6875,79.6875,100,100,54.6875,100,100,100,100,56.25,43.75,100,40.625,51.5625,100,100,100,29.6875,100,100,59.375,92.1875,73.4375,100,100,78.125,90.625,100,100,100,100,56.25,100,73.4375,18.75,100,100,65.625,100,100,62.5,46.875,100,100,81.25,100,95.3125,89.0625,84.375,100,100,75,54.6875,100,67.1875,100,87.5,100,51.5625,89.0625,100,100,73.4375,100,35.9375,50,48.4375,60.9375,65.625,100,100,100,100,100,95.3125,100,57.8125,56.25,37.5,100,100,100,100,100,78.125,100,92.1875,100,67.1875,100,71.875,100,78.125,85.9375,84.375,71.875,98.4375,46.875,95.3125,76.5625,100,46.875,39.0625,100,78.125,54.6875,100,50,100,28.125,59.375,82.8125,73.4375,100,76.5625,100,75,82.8125,100,100,100,100,57.8125,100,100,87.5,100,100,78.125,84.375,100,100,21.875,100,56.25,100,100,45.3125,100,46.875,100,82.8125,56.25,100,56.25,45.3125,89.0625,100,18.75,85.9375,100,100,84.375,100,78.125,87.5,18.75,100,60.9375,100,89.0625,100,76.5625,42.1875,43.75,100,100,48.4375,65.625,100,100,100,100,100,10.9375,100,46.875,100,100,100,82.8125,100,54.6875,37.5,100,95.3125,78.125,54.6875,50,53.125,100,48.4375,65.625,100,100,100,100,71.875,65.625,100,100,100,100,37.5,84.375,100,68.75,100,100,100,98.4375,87.5,100,68.75,85.9375,84.375,100,100,100,92.1875,100,100,1.5625,100,73.4375,26.5625,100,82.8125,100,100,100,100,100,100,14.0625,82.8125,100,100,100,96.875,100,87.5,100,100,53.125,100,59.375,100,64.0625,100,100,92.1875,75,100,57.8125,64.0625,100,100,73.4375,100,100,75,100,100,75,98.4375,100,100,89.0625,100,100,28.125,100,100,98.4375,100,76.5625,100,62.5,100,87.5,73.4375,71.875,78.125,100,100,60.9375,100,75,100,100,57.8125,29.6875,71.875,100,71.875,76.5625,100,39.0625,59.375,100,100,96.875,85.9375,70.3125,48.4375,46.875,100,96.875,42.1875,62.5,100,100,57.8125,90.625,100,100,34.375,67.1875,68.75,100,100,100,100,100,60.9375,40.625,100,65.625,93.75,100,100,57.8125,68.75,100,54.6875,81.25,100,57.8125,100,54.6875,100,100,87.5,93.75,100,59.375,62.5,100,100,100,78.125,100,100
"6166",90.625,100,42.1875,100,73.4375,67.1875,95.3125,100,64.0625,76.5625,75,100,100,100,100,67.1875,90.625,78.125,100,100,96.875,100,100,100,76.5625,100,100,79.6875,81.25,100,100,100,100,100,100,100,78.125,100,100,95.3125,95.3125,64.0625,76.5625,100,100,100,100,100,68.75,82.8125,75,100,100,71.875,68.75,100,10.9375,100,100,46.875,87.5,100,98.4375,90.625,100,100,40.625,100,68.75,100,57.8125,67.1875,100,100,60.9375,84.375,100,87.5,48.4375,100,75,98.4375,82.8125,70.3125,73.4375,100,100,40.625,100,100,54.6875,89.0625,100,46.875,100,95.3125,100,62.5,100,100,89.0625,98.4375,100,92.1875,31.25,29.6875,100,90.625,85.9375,100,84.375,65.625,100,100,46.875,100,100,100,95.3125,92.1875,65.625,98.4375,100,93.75,100,42.1875,100,18.75,100,100,100,100,100,100,100,65.625,100,79.6875,100,96.875,100,100,43.75,59.375,100,100,98.4375,100,60.9375,76.5625,62.5,35.9375,79.6875,90.625,95.3125,31.25,76.5625,100,100,100,100,100,71.875,100,100,64.0625,100,85.9375,37.5,100,84.375,81.25,100,100,60.9375,96.875,82.8125,100,100,100,100,32.8125,100,100,79.6875,100,45.3125,100,42.1875,85.9375,100,35.9375,87.5,100,87.5,100,87.5,64.0625,100,100,34.375,82.8125,95.3125,100,100,87.5,100,100,71.875,100,62.5,100,100,100,85.9375,78.125,81.25,95.3125,100,100,100,68.75,100,100,100,56.25,100,98.4375,71.875,100,100,81.25,100,100,82.8125,100,85.9375,60.9375,100,100,100,100,100,17.1875,100,26.5625,95.3125,25,100,100,100,78.125,82.8125,98.4375,100,96.875,100,59.375,100,100,64.0625,98.4375,31.25,100,79.6875,79.6875,100,100,42.1875,100,48.4375,31.25,100,100,100,31.25,45.3125,100,70.3125,100,67.1875,43.75,75,100,100,100,43.75,98.4375,100,100,81.25,100,20.3125,53.125,100,100,100,82.8125,64.0625,75,45.3125,100,100,64.0625,100,89.0625,100,21.875,89.0625,100,100,100,46.875,100,100,96.875,100,57.8125,45.3125,56.25,75,100,53.125,100,71.875,67.1875,93.75,96.875,100,92.1875,95.3125,100,76.5625,100,100,39.0625,100,89.0625,25,100,67.1875,84.375,39.0625,51.5625,68.75,67.1875,35.9375,100,39.0625,75,100,73.4375,100,100,59.375,100,84.375,42.1875,54.6875,84.375,81.25,81.25,100,100,79.6875,53.125,59.375,100,100,100,100,100,90.625,76.5625,87.5,100,96.875,60.9375,82.8125,100,85.9375,85.9375,100,93.75,100,45.3125,93.75,100,64.0625,89.0625,100,76.5625,100,100,100,76.5625,100,89.0625,93.75,50,100,100,100,100,100,100,40.625,73.4375,68.75,98.4375,95.3125,100,70.3125,87.5,100,65.625,39.0625,50,100,76.5625,60.9375,96.875,100,100,100,51.5625,39.0625,100,98.4375,100,82.8125,100,84.375,100,98.4375,79.6875,57.8125,100,100,100,100,93.75,65.625,70.3125,100,100,100,100,79.6875,93.75,56.25,100,100,100,82.8125,71.875,100,64.0625,100,100,76.5625,73.4375,68.75,100,60.9375,70.3125,100,81.25,100,100,64.0625,56.25,60.9375,100,100,67.1875,100,100,100,96.875,81.25,57.8125,100,73.4375,82.8125,100,48.4375,100,68.75,73.4375,100,76.5625,79.6875,100,65.625,100,100,73.4375,75,70.3125,76.5625,100,100,100,84.375,60.9375,95.3125,82.8125,100,100,57.8125,67.1875,68.75,100,100,100,100,100,100,100,100,100,100,60.9375,37.5,98.4375,100,98.4375,54.6875,100,37.5,100,25,92.1875,84.375,70.3125,100,73.4375,84.375,100,78.125,60.9375,100,35.9375,54.6875,100,84.375,100,100,68.75,79.6875,100,100,100,100,46.875,100,100,68.75,100,100,68.75,100,75,100,100,37.5,87.5,100,100,71.875,78.125,65.625,100,43.75,100,100,64.0625,100,100,75,87.5,100,45.3125,100,96.875,64.0625,67.1875,100,79.6875,100,71.875,100,100,100,59.375,84.375,100,71.875,100,100,100,100,100,71.875,100,100,26.5625,100,59.375,100,100,78.125,100,25,100,100,70.3125,100,100,100,100,100,84.375,100,67.1875,7.8125,100,100,100,92.1875,100,98.4375,100,100,50,100,89.0625,100,100,100,100,59.375,96.875,70.3125,81.25,100,100,62.5,100,100,93.75,92.1875,100,42.1875,4.6875,90.625,54.6875,28.125,100,100,92.1875,100,100,100,62.5,100,87.5,48.4375,59.375,70.3125,35.9375,75,68.75,75,71.875,92.1875,45.3125,76.5625,76.5625,40.625,90.625,95.3125,57.8125,100,100,100,100,100,100,100,75,62.5,45.3125,68.75,100,100,78.125,57.8125,59.375,46.875,100,48.4375,100,100,100,100,100,100,48.4375,100,78.125,81.25,84.375,100,100,73.4375,100,100,100,60.9375,100,100,100,65.625,100,100,100,100,100,71.875,57.8125,100,100,100,85.9375,100,100,100,100,100,100,68.75,100,70.3125,32.8125,39.0625,100,100,35.9375,89.0625,100,78.125,40.625,65.625,100,100,71.875,82.8125,100,93.75,100,68.75,100,68.75,87.5,64.0625,100,85.9375,48.4375,26.5625,76.5625,67.1875,7.8125,100,100,93.75,45.3125,89.0625,10.9375,84.375,100,93.75,96.875,100,100,87.5,70.3125,100,100,96.875,100,54.6875,51.5625,93.75,100,100,100,100,100,100,57.8125,92.1875,100,100,81.25,81.25,90.625,100,14.0625,100,100,100,89.0625,90.625,100,35.9375,93.75,12.5,100,57.8125,100,57.8125,100,100,79.6875,100,95.3125,62.5,100,100,78.125,75,100,100,35.9375,100,70.3125,76.5625,79.6875,43.75,100,64.0625,100,26.5625,100,100,100,84.375,64.0625,100,100,100,67.1875,98.4375,76.5625,15.625,64.0625,100,100,78.125,100,90.625,100,85.9375,98.4375,57.8125,100,100,100,100,100,100,28.125,100,70.3125,39.0625,100,68.75,100,67.1875,100,46.875,73.4375,100,23.4375,100,100,54.6875,100,62.5,100,78.125,76.5625,100,98.4375,100,60.9375,100,100,71.875,29.6875,100,100,100,98.4375,100,50,100,100,100,100,100,71.875,100,78.125,100,78.125,100,67.1875,60.9375,93.75,57.8125,57.8125,90.625,100,35.9375,100,87.5,100,87.5,100,70.3125,57.8125,100,100,71.875,100,100,100,100,78.125,73.4375,92.1875,59.375,100,100,46.875,92.1875,92.1875,34.375,67.1875,93.75,100,100,67.1875,100,100,100,100,100,95.3125,93.75,100,100,100,84.375,100,100,100,100,65.625,31.25,100,100,59.375,35.9375,100,90.625,100,100,100,79.6875,50,29.6875,100,37.5,100,68.75,70.3125,100,89.0625,82.8125,100,100,100,100,100,100,100,100,100,59.375,87.5,100,100,95.3125,59.375,95.3125,59.375,57.8125,100,62.5,100,100,84.375,100,73.4375,53.125,100,100,100,100,51.5625,100,100,100,42.1875,100,71.875,85.9375,100,73.4375,100,85.9375,100,100,100,100,100,82.8125,100,100,100,76.5625,100,25,100,100,100,100,100,100,100,82.8125,100,65.625,92.1875,100,89.0625,100,100,100,89.0625,100,96.875,100,95.3125,100,100,100,100,43.75,92.1875,100,59.375,75,100,100,70.3125,82.8125,100,84.375,100,100,73.4375,100,54.6875,85.9375,79.6875,68.75,100,100,28.125,89.0625,100,87.5,62.5,93.75,54.6875,76.5625,100,100,100,59.375,17.1875,100,100,93.75,100,100,100,100,100,98.4375,84.375,100,64.0625,100,89.0625,98.4375,25,82.8125,100,87.5,100,100,100,100,100,75,100,90.625,93.75,45.3125,100,84.375,48.4375,100,82.8125,100,89.0625,100,100,100,100,100,100,100,75,100,100,100,54.6875,100,100,56.25,65.625,100,93.75,100,87.5,100,100,73.4375,81.25,96.875,96.875,100,100,100,100,100,100,51.5625,64.0625,100,100,100,100,100,100,54.6875,75,96.875,67.1875,100,67.1875,100,96.875,100,75,75,100,100,100,85.9375,89.0625,100,82.8125,78.125,100,98.4375,100,100,85.9375,3.125,100,59.375,51.5625,75,100,68.75,95.3125,100,45.3125,100,85.9375,40.625,100,93.75,32.8125,100,75,100,98.4375,100,100,100,100,100,100,73.4375,78.125,98.4375,53.125,100,76.5625,100,100,100,70.3125,95.3125,76.5625,100,100,53.125,100,100,73.4375,100,78.125,100,100,100,43.75,95.3125,71.875,81.25,100,100,100,100,28.125,71.875,100,100,85.9375,89.0625,46.875,100,39.0625,100,100,100,100,59.375,67.1875,100,73.4375,100,100,100,87.5,100,78.125,81.25,54.6875,87.5,70.3125,100,100,79.6875,84.375,79.6875,67.1875,62.5,50,100,100,60.9375,84.375,100,81.25,60.9375,100,43.75,90.625,100,100,100,100,100,95.3125,100,73.4375,100,100,81.25,84.375,17.1875,89.0625,100,85.9375,100,100,100,56.25,100,82.8125,100,76.5625,100,93.75,100,62.5,100,65.625,98.4375,100,100,89.0625,100,100,100,100,85.9375,62.5,100,87.5,100,79.6875,100,32.8125,100,100,65.625,53.125,79.6875,67.1875,100,100,75,73.4375,65.625,56.25,45.3125,100,100,75,60.9375,60.9375,100,64.0625,87.5,96.875,100,90.625,100,57.8125,100,84.375,56.25,100,100,70.3125,100,90.625,100,85.9375,95.3125,100,85.9375,92.1875,100,100,100,73.4375,37.5,29.6875,46.875,100,100,100,87.5,100,100,57.8125,90.625,100,68.75,100,100,100,100,46.875,90.625,70.3125,48.4375,78.125,53.125,90.625,100,100,95.3125,45.3125,100,100,60.9375,39.0625,78.125,100,73.4375,70.3125,100,100,62.5,100,100,53.125,100,100,100,81.25,100,100,93.75,100,89.0625,100,100,100,100,100,92.1875,100,100,100,87.5,64.0625,70.3125,71.875,100,82.8125,90.625,70.3125,100,100,68.75,78.125,100,98.4375,100,71.875,43.75,78.125,100,100,78.125,100,100,82.8125,64.0625,89.0625,100,93.75,81.25,78.125,100,100,100,100,100,100,100,100,100,100,48.4375,48.4375,76.5625,100,70.3125,100,100,100,100,100,100,59.375,95.3125,100,90.625,100,100,78.125,100,100,100,100,90.625,87.5,100,100,95.3125,100,71.875,100,92.1875,100,100,100,93.75,71.875,100,100,18.75,100,39.0625,100,100,100,100,100,79.6875,100,56.25,100,100,59.375,100,76.5625,100,82.8125,100,73.4375,100,100,100,100,84.375,100,100,100,98.4375,34.375,100,100,84.375,100,81.25,100,76.5625,65.625,53.125,100,35.9375,29.6875,59.375,60.9375,100,100,100,100,90.625,100,87.5,82.8125,76.5625,84.375,100,100,87.5,100,100,65.625,100,100,81.25,100,70.3125,43.75,95.3125,100,90.625,100,60.9375,81.25,100,98.4375,100,100,100,78.125,100,73.4375,100,100,87.5,100,100,100,100,95.3125,100,76.5625,100,100,100,100,100,59.375,100,100,96.875,78.125,100,100,100,100,100,71.875,62.5,67.1875,100,100,67.1875,100,100,89.0625,67.1875,100,67.1875,100,18.75,100,100,100,60.9375,56.25,100,12.5,100,100,89.0625,68.75,50,84.375,76.5625,57.8125,100,100,87.5,100,100,78.125,100,62.5,23.4375,53.125,100,46.875,54.6875,100,95.3125,50,48.4375,100,87.5,100,100,100,95.3125,100,31.25,18.75,100,100,100,100,85.9375,100,100,100,100,100,12.5,100,100,100,100,82.8125,79.6875,100,96.875,100,100,85.9375,78.125,60.9375,89.0625,100,100,100,59.375,95.3125,100,100,100,100,100,68.75,100,100,100,54.6875,73.4375,100,84.375,100,100,42.1875,60.9375,62.5,96.875,82.8125,100,95.3125,100,96.875,100,73.4375,82.8125,100,100,100,100,87.5,98.4375,100,100,100,100,100,90.625,100,26.5625,84.375,73.4375,100,50,60.9375,100,85.9375,100,51.5625,50,100,100,82.8125,87.5,100,100,100,95.3125,100,76.5625,100,84.375,100,32.8125,93.75,62.5,84.375,95.3125,35.9375,100,89.0625,90.625,45.3125,50,100,45.3125,50,68.75,100,18.75,100,65.625,100,100,76.5625,100,71.875,100,67.1875,71.875,100,84.375,100,100,89.0625,42.1875,40.625,100,68.75,71.875,100,100,56.25,81.25,98.4375,10.9375,100,75,100,100,100,100,23.4375,71.875,100,100,100,59.375,48.4375,82.8125,100,73.4375,100,82.8125,65.625,100,56.25,70.3125,21.875,100,73.4375,93.75,100,59.375,100,100,100,68.75,100,35.9375,100,100,100,100,89.0625,34.375,42.1875,100,100,78.125,100,73.4375,100,93.75,100,82.8125,100,82.8125,70.3125,100,100,100,100,32.8125,75,100,82.8125,54.6875,84.375,53.125,100,40.625,35.9375,100,59.375,79.6875,100,31.25,100,100,100,90.625,96.875,90.625,64.0625,92.1875,82.8125,96.875,81.25,60.9375,34.375,100,68.75,100,100,90.625,79.6875,95.3125,56.25,40.625,18.75,100,79.6875,60.9375,100,100,71.875,79.6875,93.75,81.25,39.0625,100,100,100,93.75,62.5,78.125,84.375,100,100,79.6875,35.9375,100,100,100,100,87.5,100,100,51.5625,59.375,100,70.3125,100,59.375,60.9375,100,100,46.875,100,18.75,100,70.3125,79.6875,100,79.6875,100,75,71.875,81.25,100,87.5,100,100,100,100,100,84.375,43.75,51.5625,100,85.9375,100,100,100,57.8125,90.625,100,100,100,23.4375,100,89.0625,100,73.4375,100,100,100,100,100,87.5,100,100,60.9375,100,76.5625,79.6875,100,100,34.375,93.75,100,82.8125,100,67.1875,100,100,64.0625,100,100,100,78.125,79.6875,100,100,78.125,45.3125,57.8125,67.1875,98.4375,95.3125,100,100,100,100,100,82.8125,100,100,93.75,96.875,100,67.1875,100,76.5625,100,100,42.1875,100,79.6875,18.75,34.375,100,9.375,100,100,100,84.375,90.625,87.5,100,100,96.875,78.125,100,64.0625,29.6875,100,100,100,73.4375,100,100,100,100,100,79.6875,100,93.75,100,89.0625,100,87.5,100,81.25,100,100,84.375,100,100,100,100,70.3125,100,53.125,100,100,57.8125,100,70.3125,100,79.6875,90.625,71.875,73.4375,100,100,100,100,100,100,82.8125,100,96.875,50,57.8125,75,89.0625,100,92.1875,100,65.625,82.8125,100,85.9375,60.9375,100,90.625,100,100,50,100,89.0625,96.875,100,45.3125,87.5,100,100,100,57.8125,70.3125,25,75,90.625,100,100,59.375,100,100,65.625,12.5,100,95.3125,26.5625,84.375,70.3125,100,90.625,100,100,84.375,87.5,46.875,39.0625,62.5,70.3125,39.0625,100,57.8125,100,100,53.125,90.625,100,57.8125,100,87.5,75,90.625,65.625,100,100,100,100,85.9375,73.4375,76.5625,85.9375,81.25,100,100,48.4375,60.9375,95.3125,100,100,100,100,98.4375,67.1875,67.1875,100,82.8125,100,100,93.75,100,100,79.6875,51.5625,64.0625,100,29.6875,64.0625,50,96.875,90.625,100,100,78.125,100,100,35.9375,100,50,100,62.5,93.75,92.1875,90.625,40.625,100,100,42.1875,40.625,100,81.25,100,100,70.3125,65.625,100,98.4375,95.3125,100,67.1875,67.1875,78.125,100,100,100,100,100,70.3125,92.1875,100,100,100,87.5,68.75,50,7.8125,100,71.875,62.5,100,79.6875,42.1875,84.375,100,20.3125,93.75,54.6875,85.9375,100,100,71.875,85.9375,100,100,81.25,100,10.9375,100,51.5625,100,100,93.75,98.4375,45.3125,78.125,100,100,81.25,70.3125,62.5,64.0625,100,100,100,100,100,100,59.375,42.1875,95.3125,100,100,100,100,100,100,100,100,100,82.8125,90.625,95.3125,100,62.5,100,37.5,100,89.0625,100,100,100,59.375,100,84.375,92.1875,84.375,100,100,92.1875,100,81.25,92.1875,100,100,100,75,57.8125,90.625,100,100,100,29.6875,82.8125,100,100,100,100,93.75,100,100,48.4375,53.125,100,87.5,100,100,76.5625,90.625,95.3125,67.1875,82.8125,100,100,100,100,100,100,71.875,79.6875,40.625,75,100,100,100,75,100,100,40.625,100,54.6875,98.4375,95.3125,64.0625,76.5625,10.9375,29.6875,26.5625,100,100,100,54.6875,100,100,50,95.3125,73.4375,92.1875,84.375,100,95.3125,87.5,84.375,81.25,100,78.125,100,32.8125,100,100,81.25,62.5,84.375,100,76.5625,100,98.4375,100,100,84.375,60.9375,100,59.375,76.5625,100,100,76.5625,100,100,95.3125,100,100,100,93.75,96.875,100,100,100,68.75,100,100,59.375,100,100,65.625,100,100,57.8125,100,100,90.625,100,100,92.1875,100,56.25,70.3125,75,100,43.75,78.125,26.5625,100,100,100,100,79.6875,93.75,100,100,73.4375,100,90.625,100,62.5,100,100,100,48.4375,100,100,65.625,92.1875,29.6875,100,82.8125,100,95.3125,100,100,100,100,100,100,100,100,76.5625,46.875,100,73.4375,100,92.1875,100,51.5625,100,100,54.6875,59.375,100,10.9375,70.3125,100,100,46.875,100,100,92.1875,100,100,67.1875,100,73.4375,100,100,100,76.5625,15.625,100,100,12.5,100,100,46.875,100,87.5,100,62.5,100,100,51.5625,100,82.8125,82.8125,42.1875,100,100,39.0625,10.9375,100,73.4375,100,100,100,75,87.5,79.6875,100,100,100,100,42.1875,51.5625,84.375,100,84.375,95.3125,100,100,65.625,87.5,64.0625,53.125,100,100,96.875,100,100,100,100,76.5625,81.25,100,93.75,64.0625,73.4375,92.1875,100,98.4375,92.1875,89.0625,100,100,100,70.3125,84.375,78.125,100,100,100,96.875,100,98.4375,95.3125,60.9375,100,87.5,23.4375,45.3125,100,100,100,46.875,40.625,100,100,85.9375,100,71.875,79.6875,98.4375,85.9375,100,95.3125,100,65.625,100,100,82.8125,56.25,100,57.8125,79.6875,87.5,79.6875,79.6875,100,76.5625,54.6875,100,100,93.75,100,45.3125,43.75,100,100,50,100,100,67.1875,28.125,100,100,59.375,92.1875,76.5625,100,100,71.875,92.1875,100,100,100,100,53.125,100,73.4375,29.6875,100,100,68.75,100,100,73.4375,100,100,100,73.4375,100,96.875,89.0625,85.9375,100,100,81.25,100,100,67.1875,100,84.375,100,82.8125,87.5,100,100,79.6875,48.4375,35.9375,62.5,45.3125,73.4375,67.1875,100,100,100,92.1875,85.9375,100,100,54.6875,56.25,35.9375,100,100,100,100,75,79.6875,96.875,87.5,100,70.3125,100,71.875,100,85.9375,60.9375,42.1875,70.3125,98.4375,56.25,96.875,78.125,100,43.75,40.625,100,85.9375,45.3125,100,51.5625,100,82.8125,59.375,70.3125,70.3125,100,70.3125,100,78.125,85.9375,100,100,100,100,51.5625,100,100,90.625,100,100,98.4375,90.625,100,100,28.125,100,50,100,100,45.3125,100,37.5,100,81.25,57.8125,100,46.875,14.0625,85.9375,100,18.75,85.9375,100,100,82.8125,100,70.3125,100,20.3125,100,57.8125,100,100,100,76.5625,65.625,43.75,100,100,50,68.75,100,100,100,100,100,15.625,100,48.4375,100,100,100,78.125,100,50,59.375,100,95.3125,81.25,56.25,50,53.125,100,100,100,92.1875,100,89.0625,100,89.0625,73.4375,100,100,100,100,92.1875,85.9375,100,70.3125,100,100,100,100,89.0625,100,75,100,37.5,100,100,100,100,95.3125,100,1.5625,100,100,28.125,100,78.125,100,100,100,93.75,100,100,75,82.8125,100,100,100,98.4375,100,100,100,84.375,79.6875,100,59.375,100,65.625,100,100,100,75,100,46.875,64.0625,100,100,87.5,100,100,79.6875,100,100,89.0625,100,100,100,89.0625,100,73.4375,28.125,79.6875,100,98.4375,100,100,76.5625,62.5,100,85.9375,67.1875,40.625,73.4375,100,100,62.5,100,75,100,75,57.8125,100,82.8125,100,87.5,89.0625,100,76.5625,53.125,100,100,96.875,93.75,67.1875,82.8125,45.3125,100,100,39.0625,64.0625,100,100,65.625,84.375,100,100,31.25,68.75,43.75,100,100,100,60.9375,100,59.375,32.8125,100,100,100,100,100,100,70.3125,100,54.6875,100,100,54.6875,82.8125,54.6875,100,100,65.625,64.0625,100,79.6875,60.9375,100,100,98.4375,71.875,100,100
"6167",92.1875,100,37.5,100,100,65.625,95.3125,100,65.625,89.0625,93.75,100,100,100,95.3125,73.4375,82.8125,95.3125,100,100,96.875,100,100,100,76.5625,100,100,87.5,79.6875,100,82.8125,100,100,100,100,100,82.8125,100,100,92.1875,95.3125,67.1875,98.4375,100,100,100,100,100,71.875,84.375,75,100,100,73.4375,32.8125,100,9.375,100,100,67.1875,96.875,100,98.4375,93.75,100,100,45.3125,100,59.375,100,57.8125,70.3125,100,78.125,59.375,87.5,100,81.25,50,100,78.125,100,82.8125,70.3125,70.3125,100,100,100,100,100,56.25,89.0625,100,46.875,81.25,87.5,100,59.375,100,100,82.8125,96.875,100,92.1875,18.75,29.6875,84.375,85.9375,85.9375,100,89.0625,71.875,100,100,40.625,100,100,100,100,100,65.625,100,100,73.4375,95.3125,43.75,100,18.75,100,100,100,100,100,100,100,64.0625,100,79.6875,100,95.3125,100,81.25,65.625,57.8125,100,100,98.4375,31.25,48.4375,75,57.8125,37.5,79.6875,92.1875,95.3125,54.6875,76.5625,100,100,100,100,100,71.875,100,100,65.625,62.5,90.625,39.0625,100,100,76.5625,100,100,100,100,84.375,100,100,100,100,64.0625,100,100,95.3125,100,45.3125,100,65.625,85.9375,82.8125,32.8125,87.5,100,89.0625,100,81.25,64.0625,100,95.3125,37.5,100,96.875,100,100,82.8125,100,100,71.875,100,65.625,100,100,100,82.8125,78.125,53.125,95.3125,100,100,100,79.6875,100,100,100,56.25,34.375,100,95.3125,100,100,82.8125,100,100,87.5,100,59.375,60.9375,100,100,100,100,100,18.75,100,28.125,82.8125,87.5,100,100,100,76.5625,71.875,96.875,78.125,96.875,100,100,100,100,96.875,98.4375,34.375,100,95.3125,100,100,100,100,100,46.875,95.3125,100,100,100,42.1875,40.625,100,67.1875,100,81.25,42.1875,100,100,100,100,45.3125,98.4375,100,100,79.6875,100,20.3125,57.8125,100,100,100,90.625,71.875,75,43.75,100,100,82.8125,100,89.0625,78.125,29.6875,82.8125,100,100,100,46.875,100,100,96.875,100,100,31.25,56.25,89.0625,100,50,100,70.3125,59.375,98.4375,96.875,100,93.75,85.9375,90.625,54.6875,100,100,37.5,100,89.0625,53.125,100,87.5,82.8125,40.625,57.8125,65.625,67.1875,37.5,100,79.6875,70.3125,100,42.1875,100,100,54.6875,100,100,54.6875,48.4375,78.125,93.75,87.5,100,100,85.9375,53.125,57.8125,100,98.4375,100,100,100,93.75,100,75,100,90.625,57.8125,98.4375,100,85.9375,81.25,100,100,100,54.6875,93.75,100,64.0625,92.1875,100,71.875,100,90.625,100,78.125,100,51.5625,100,31.25,100,100,100,100,100,100,59.375,78.125,68.75,89.0625,76.5625,96.875,100,85.9375,100,98.4375,39.0625,50,100,75,60.9375,87.5,100,100,100,31.25,50,100,93.75,100,82.8125,100,82.8125,100,87.5,68.75,57.8125,100,100,100,100,90.625,100,57.8125,100,100,100,100,100,93.75,93.75,100,100,100,82.8125,73.4375,100,67.1875,100,100,76.5625,73.4375,67.1875,100,75,71.875,100,100,100,100,71.875,54.6875,81.25,100,100,68.75,100,100,100,100,75,59.375,100,62.5,82.8125,100,48.4375,100,68.75,75,100,78.125,79.6875,100,64.0625,100,100,78.125,59.375,100,73.4375,100,100,100,84.375,60.9375,100,84.375,100,100,59.375,79.6875,68.75,54.6875,100,68.75,100,100,100,100,53.125,100,100,60.9375,35.9375,95.3125,100,96.875,53.125,100,37.5,100,95.3125,92.1875,84.375,68.75,100,75,82.8125,100,82.8125,57.8125,100,35.9375,56.25,100,85.9375,100,100,70.3125,100,100,100,100,98.4375,46.875,76.5625,100,68.75,100,100,71.875,100,59.375,100,100,31.25,84.375,100,100,60.9375,70.3125,71.875,100,40.625,100,100,62.5,100,100,75,100,85.9375,18.75,100,98.4375,12.5,68.75,100,65.625,100,64.0625,100,100,100,100,71.875,95.3125,64.0625,96.875,100,100,100,82.8125,79.6875,100,93.75,10.9375,100,51.5625,100,100,76.5625,100,20.3125,100,93.75,59.375,100,100,100,100,90.625,85.9375,29.6875,76.5625,6.25,98.4375,100,71.875,82.8125,82.8125,100,100,100,100,100,100,39.0625,100,100,100,59.375,96.875,68.75,82.8125,100,100,43.75,100,100,92.1875,90.625,100,42.1875,6.25,85.9375,53.125,28.125,100,100,100,100,100,100,62.5,100,82.8125,48.4375,59.375,59.375,34.375,76.5625,67.1875,75,100,90.625,71.875,81.25,70.3125,40.625,92.1875,95.3125,64.0625,76.5625,100,100,100,100,100,100,76.5625,57.8125,43.75,68.75,100,100,76.5625,54.6875,60.9375,46.875,100,45.3125,100,100,100,100,100,100,53.125,100,82.8125,89.0625,84.375,100,100,75,75,100,100,60.9375,100,100,100,71.875,100,100,100,100,100,70.3125,60.9375,100,100,100,87.5,100,100,100,100,100,50,68.75,100,100,67.1875,53.125,100,100,35.9375,87.5,100,68.75,42.1875,64.0625,100,100,70.3125,96.875,100,92.1875,50,68.75,100,68.75,89.0625,31.25,100,98.4375,57.8125,23.4375,73.4375,75,21.875,100,100,100,45.3125,100,10.9375,84.375,100,100,85.9375,100,100,92.1875,100,100,100,70.3125,100,46.875,43.75,90.625,100,56.25,100,35.9375,100,100,56.25,98.4375,57.8125,100,90.625,100,100,100,17.1875,100,92.1875,100,89.0625,89.0625,100,37.5,93.75,100,100,62.5,100,50,54.6875,100,100,100,95.3125,62.5,100,100,85.9375,62.5,100,89.0625,40.625,100,70.3125,82.8125,79.6875,43.75,71.875,79.6875,100,79.6875,100,100,100,82.8125,64.0625,100,100,100,70.3125,100,76.5625,12.5,67.1875,100,100,76.5625,100,82.8125,100,93.75,92.1875,56.25,100,100,100,100,96.875,100,100,100,70.3125,37.5,100,68.75,100,67.1875,100,40.625,78.125,100,14.0625,100,34.375,40.625,87.5,57.8125,71.875,79.6875,75,100,96.875,100,60.9375,100,89.0625,71.875,21.875,100,100,100,98.4375,100,46.875,100,100,100,100,100,100,100,76.5625,100,79.6875,100,90.625,48.4375,100,65.625,62.5,90.625,100,35.9375,100,85.9375,100,100,100,70.3125,89.0625,100,100,70.3125,100,100,100,90.625,79.6875,84.375,100,60.9375,100,100,50,96.875,93.75,35.9375,100,93.75,100,100,59.375,100,100,95.3125,100,100,100,93.75,100,100,100,100,100,100,100,100,57.8125,42.1875,81.25,100,59.375,70.3125,100,95.3125,100,100,100,79.6875,57.8125,29.6875,100,25,100,68.75,70.3125,100,89.0625,85.9375,100,48.4375,100,87.5,100,100,100,100,100,59.375,87.5,100,100,95.3125,75,93.75,56.25,57.8125,100,100,100,92.1875,84.375,100,62.5,48.4375,76.5625,100,100,100,56.25,100,100,93.75,39.0625,100,100,82.8125,100,57.8125,100,84.375,100,12.5,100,100,40.625,82.8125,100,100,100,76.5625,100,57.8125,100,100,100,100,100,100,100,82.8125,100,82.8125,39.0625,93.75,90.625,100,100,100,87.5,100,100,100,90.625,100,100,100,100,48.4375,95.3125,15.625,82.8125,75,100,100,71.875,81.25,100,84.375,100,100,73.4375,100,56.25,100,79.6875,64.0625,100,100,31.25,84.375,100,82.8125,95.3125,95.3125,51.5625,81.25,100,100,100,95.3125,17.1875,100,100,100,100,100,100,100,100,100,87.5,62.5,65.625,82.8125,92.1875,79.6875,23.4375,82.8125,100,87.5,100,100,100,100,100,75,65.625,82.8125,93.75,48.4375,100,84.375,53.125,100,82.8125,100,75,100,87.5,100,100,100,20.3125,100,81.25,100,100,100,42.1875,100,100,57.8125,65.625,100,93.75,100,87.5,100,48.4375,76.5625,76.5625,96.875,100,100,100,100,100,100,100,50,65.625,100,100,100,100,100,100,45.3125,64.0625,95.3125,100,100,64.0625,100,96.875,100,73.4375,75,100,100,100,85.9375,98.4375,87.5,73.4375,75,100,82.8125,100,100,87.5,32.8125,100,75,51.5625,79.6875,100,68.75,92.1875,100,71.875,100,87.5,15.625,100,90.625,31.25,100,100,100,100,100,100,100,100,100,100,73.4375,59.375,98.4375,54.6875,100,76.5625,100,85.9375,100,70.3125,95.3125,79.6875,100,100,54.6875,100,100,71.875,100,93.75,89.0625,100,100,43.75,70.3125,73.4375,73.4375,100,100,100,100,26.5625,70.3125,100,100,100,89.0625,25,100,37.5,100,100,100,100,67.1875,67.1875,100,73.4375,100,100,100,84.375,100,51.5625,81.25,53.125,87.5,71.875,100,100,76.5625,70.3125,92.1875,67.1875,100,51.5625,100,100,65.625,32.8125,18.75,82.8125,62.5,100,43.75,85.9375,100,100,100,100,100,100,100,75,100,100,100,100,57.8125,95.3125,100,85.9375,79.6875,100,100,100,100,79.6875,100,59.375,100,90.625,100,62.5,100,60.9375,100,100,100,89.0625,100,100,100,100,92.1875,43.75,100,100,100,59.375,100,32.8125,100,100,67.1875,51.5625,85.9375,76.5625,100,87.5,82.8125,71.875,65.625,57.8125,45.3125,100,100,75,59.375,60.9375,71.875,73.4375,90.625,95.3125,100,89.0625,100,54.6875,98.4375,78.125,73.4375,100,100,65.625,100,85.9375,100,84.375,85.9375,100,90.625,12.5,100,100,100,73.4375,37.5,100,100,100,100,100,84.375,100,100,64.0625,89.0625,100,82.8125,100,100,100,100,46.875,87.5,82.8125,43.75,78.125,54.6875,90.625,100,100,89.0625,67.1875,100,100,64.0625,40.625,92.1875,42.1875,73.4375,67.1875,100,100,59.375,100,100,100,32.8125,100,100,82.8125,100,100,93.75,100,87.5,32.8125,98.4375,100,100,100,96.875,100,100,100,12.5,90.625,79.6875,100,100,92.1875,87.5,76.5625,100,100,68.75,70.3125,100,92.1875,100,25,42.1875,76.5625,100,100,78.125,100,100,76.5625,39.0625,90.625,100,100,70.3125,78.125,98.4375,100,100,100,96.875,100,100,92.1875,100,100,48.4375,46.875,71.875,100,82.8125,100,100,100,100,100,100,37.5,100,100,90.625,100,100,100,100,100,100,100,95.3125,100,100,100,65.625,100,71.875,100,90.625,100,100,100,93.75,73.4375,96.875,100,37.5,100,42.1875,100,100,100,100,100,93.75,100,100,100,100,60.9375,100,76.5625,100,79.6875,100,75,100,100,100,100,76.5625,100,100,100,96.875,57.8125,100,100,82.8125,100,62.5,100,78.125,64.0625,57.8125,40.625,81.25,90.625,79.6875,64.0625,100,100,100,100,90.625,95.3125,87.5,85.9375,81.25,53.125,100,100,87.5,75,39.0625,79.6875,100,100,87.5,100,51.5625,45.3125,100,100,92.1875,100,42.1875,90.625,100,95.3125,100,100,100,79.6875,100,62.5,100,100,87.5,82.8125,100,100,100,100,100,100,100,100,100,100,100,59.375,100,79.6875,100,78.125,100,100,95.3125,100,100,71.875,62.5,67.1875,100,100,64.0625,100,100,81.25,100,100,68.75,100,39.0625,100,100,100,60.9375,54.6875,100,92.1875,100,100,89.0625,53.125,21.875,84.375,85.9375,62.5,100,100,87.5,100,100,87.5,100,64.0625,20.3125,54.6875,100,48.4375,56.25,100,95.3125,100,100,100,87.5,100,100,100,95.3125,100,34.375,20.3125,100,100,100,100,85.9375,100,100,100,100,100,12.5,32.8125,90.625,100,100,78.125,92.1875,100,100,100,100,84.375,93.75,65.625,92.1875,100,100,100,65.625,89.0625,100,100,100,100,78.125,68.75,100,100,100,67.1875,75,100,75,75,100,43.75,59.375,62.5,96.875,70.3125,100,96.875,100,92.1875,100,98.4375,26.5625,90.625,100,100,100,93.75,100,100,100,100,100,100,89.0625,100,23.4375,85.9375,100,100,54.6875,59.375,100,81.25,100,51.5625,89.0625,98.4375,100,53.125,82.8125,100,100,100,100,100,73.4375,100,84.375,100,35.9375,43.75,60.9375,89.0625,100,21.875,100,87.5,89.0625,100,51.5625,100,100,50,68.75,100,21.875,100,62.5,100,100,75,100,89.0625,100,60.9375,68.75,26.5625,78.125,100,100,90.625,9.375,40.625,81.25,70.3125,73.4375,84.375,100,60.9375,54.6875,100,37.5,100,70.3125,100,100,100,100,23.4375,70.3125,100,98.4375,100,95.3125,56.25,98.4375,100,89.0625,100,78.125,65.625,100,57.8125,75,23.4375,100,73.4375,100,100,57.8125,100,100,40.625,79.6875,100,31.25,100,100,100,100,95.3125,93.75,39.0625,100,100,76.5625,100,50,100,100,100,82.8125,100,84.375,95.3125,100,17.1875,100,85.9375,34.375,78.125,100,90.625,43.75,100,71.875,100,20.3125,35.9375,100,57.8125,75,100,31.25,100,100,100,81.25,31.25,90.625,51.5625,68.75,82.8125,75,92.1875,73.4375,28.125,100,70.3125,100,100,90.625,67.1875,65.625,54.6875,39.0625,100,100,70.3125,60.9375,100,100,71.875,84.375,92.1875,85.9375,43.75,100,68.75,100,93.75,59.375,62.5,100,93.75,100,79.6875,35.9375,100,100,100,100,95.3125,100,100,87.5,64.0625,100,64.0625,100,59.375,68.75,100,100,46.875,96.875,20.3125,100,68.75,79.6875,100,90.625,100,70.3125,82.8125,82.8125,100,87.5,100,100,100,100,100,84.375,45.3125,100,100,89.0625,100,100,100,92.1875,95.3125,100,100,100,56.25,100,89.0625,92.1875,70.3125,100,98.4375,100,100,100,93.75,100,100,84.375,100,76.5625,78.125,100,100,100,100,100,100,100,67.1875,100,100,81.25,100,100,95.3125,78.125,79.6875,85.9375,100,70.3125,45.3125,59.375,87.5,100,93.75,100,81.25,100,100,100,75,100,100,93.75,96.875,98.4375,67.1875,100,79.6875,100,100,43.75,100,62.5,4.6875,35.9375,100,56.25,100,100,95.3125,87.5,90.625,84.375,100,100,76.5625,81.25,100,100,70.3125,100,100,100,73.4375,100,100,100,81.25,100,82.8125,100,100,100,100,100,89.0625,100,81.25,100,100,84.375,100,100,100,100,85.9375,70.3125,48.4375,100,100,59.375,100,70.3125,100,76.5625,90.625,71.875,75,100,100,100,100,100,100,82.8125,100,96.875,54.6875,59.375,75,73.4375,100,92.1875,100,64.0625,90.625,100,89.0625,60.9375,95.3125,75,100,100,50,100,89.0625,34.375,64.0625,45.3125,95.3125,100,100,100,57.8125,70.3125,37.5,79.6875,60.9375,100,100,59.375,100,100,65.625,31.25,100,96.875,81.25,87.5,79.6875,100,90.625,100,100,84.375,87.5,42.1875,42.1875,75,71.875,39.0625,100,48.4375,100,100,53.125,70.3125,93.75,57.8125,100,89.0625,75,90.625,64.0625,100,100,100,100,87.5,70.3125,81.25,79.6875,100,100,100,48.4375,50,92.1875,100,81.25,100,73.4375,92.1875,57.8125,65.625,100,100,100,100,100,100,100,78.125,82.8125,64.0625,100,51.5625,64.0625,51.5625,81.25,92.1875,100,100,90.625,100,100,34.375,95.3125,100,100,42.1875,100,84.375,92.1875,43.75,100,100,57.8125,40.625,25,81.25,100,100,65.625,71.875,100,93.75,87.5,100,67.1875,65.625,78.125,100,78.125,100,90.625,100,60.9375,73.4375,100,98.4375,100,87.5,67.1875,40.625,12.5,100,71.875,62.5,100,82.8125,40.625,75,100,21.875,93.75,54.6875,85.9375,100,100,73.4375,84.375,100,100,81.25,31.25,43.75,100,100,100,100,93.75,45.3125,39.0625,100,100,100,79.6875,100,65.625,64.0625,100,100,100,100,100,100,62.5,42.1875,100,100,100,100,100,100,100,100,95.3125,60.9375,100,79.6875,100,100,54.6875,100,37.5,100,64.0625,100,100,100,70.3125,100,84.375,95.3125,93.75,100,100,92.1875,100,87.5,100,100,100,95.3125,79.6875,57.8125,75,100,100,100,28.125,81.25,100,100,65.625,100,100,100,100,53.125,53.125,100,81.25,100,100,68.75,93.75,84.375,65.625,79.6875,100,100,98.4375,96.875,100,100,75,90.625,48.4375,100,100,100,100,65.625,100,100,32.8125,100,70.3125,100,92.1875,64.0625,53.125,53.125,100,26.5625,100,100,40.625,54.6875,100,100,42.1875,100,70.3125,93.75,100,100,100,87.5,79.6875,87.5,100,81.25,100,31.25,100,100,81.25,60.9375,84.375,100,100,100,98.4375,100,100,84.375,56.25,100,59.375,78.125,100,100,76.5625,100,100,96.875,100,100,85.9375,100,73.4375,100,100,100,67.1875,100,100,59.375,100,100,64.0625,100,100,59.375,25,100,98.4375,100,100,85.9375,100,62.5,71.875,100,100,45.3125,57.8125,51.5625,100,100,93.75,100,82.8125,100,100,100,73.4375,100,89.0625,100,65.625,100,62.5,100,48.4375,100,100,59.375,82.8125,20.3125,100,78.125,100,93.75,100,64.0625,100,100,98.4375,100,100,100,76.5625,37.5,100,10.9375,100,93.75,100,51.5625,100,100,60.9375,59.375,25,68.75,100,100,100,57.8125,100,100,48.4375,100,100,81.25,100,73.4375,100,100,100,89.0625,75,100,100,100,100,100,59.375,100,78.125,53.125,59.375,100,76.5625,54.6875,100,90.625,84.375,43.75,100,100,37.5,10.9375,100,75,100,100,100,75,98.4375,79.6875,100,64.0625,100,100,39.0625,92.1875,100,100,81.25,93.75,100,100,64.0625,96.875,64.0625,73.4375,100,100,98.4375,100,100,100,100,82.8125,82.8125,100,92.1875,100,78.125,92.1875,76.5625,100,90.625,100,100,100,100,64.0625,59.375,78.125,100,100,100,96.875,100,100,93.75,53.125,87.5,87.5,18.75,51.5625,100,100,100,45.3125,29.6875,100,100,100,95.3125,85.9375,79.6875,96.875,87.5,100,84.375,100,62.5,100,76.5625,81.25,73.4375,100,57.8125,100,100,79.6875,81.25,100,73.4375,54.6875,100,100,100,100,42.1875,43.75,100,100,51.5625,100,100,67.1875,28.125,100,100,60.9375,93.75,78.125,100,100,54.6875,92.1875,100,100,100,100,59.375,100,73.4375,17.1875,100,98.4375,65.625,100,100,76.5625,100,100,100,70.3125,100,96.875,90.625,93.75,100,100,78.125,60.9375,100,56.25,100,84.375,100,54.6875,87.5,100,100,82.8125,100,35.9375,100,48.4375,65.625,70.3125,100,100,100,89.0625,100,92.1875,100,56.25,56.25,35.9375,100,100,100,100,79.6875,79.6875,92.1875,85.9375,100,70.3125,100,71.875,100,84.375,15.625,93.75,71.875,100,54.6875,95.3125,76.5625,100,45.3125,39.0625,100,64.0625,34.375,100,50,100,89.0625,59.375,68.75,68.75,100,75,71.875,71.875,85.9375,100,100,100,100,56.25,100,100,89.0625,100,82.8125,68.75,87.5,100,100,21.875,100,54.6875,100,100,46.875,100,39.0625,100,78.125,89.0625,100,54.6875,48.4375,95.3125,100,18.75,85.9375,100,100,100,100,76.5625,100,20.3125,100,60.9375,100,73.4375,100,73.4375,62.5,45.3125,100,100,48.4375,68.75,100,100,100,100,100,20.3125,100,51.5625,100,100,100,78.125,100,57.8125,78.125,100,95.3125,82.8125,57.8125,51.5625,53.125,100,100,76.5625,100,100,96.875,100,100,87.5,100,100,100,100,93.75,84.375,100,67.1875,100,100,100,100,87.5,100,71.875,100,76.5625,100,100,100,100,62.5,100,1.5625,100,78.125,29.6875,100,81.25,100,100,100,95.3125,100,100,100,82.8125,100,100,100,100,100,85.9375,100,75,50,100,57.8125,100,64.0625,100,100,98.4375,76.5625,100,46.875,64.0625,100,78.125,78.125,100,100,60.9375,100,100,75,100,100,100,89.0625,100,60.9375,31.25,100,85.9375,96.875,46.875,75,95.3125,62.5,100,84.375,68.75,51.5625,73.4375,100,100,60.9375,100,73.4375,100,68.75,56.25,100,65.625,100,96.875,92.1875,100,51.5625,93.75,100,100,96.875,85.9375,100,100,50,100,100,26.5625,71.875,100,100,75,85.9375,100,100,31.25,42.1875,56.25,100,100,100,51.5625,100,59.375,34.375,100,100,100,100,98.4375,64.0625,67.1875,100,54.6875,92.1875,100,57.8125,78.125,56.25,90.625,100,70.3125,62.5,100,93.75,53.125,100,100,100,82.8125,100,100
"6168",90.625,100,42.1875,100,100,68.75,95.3125,59.375,68.75,98.4375,81.25,100,100,100,100,76.5625,84.375,78.125,100,100,96.875,100,100,100,76.5625,100,100,82.8125,70.3125,100,100,100,100,100,100,100,71.875,100,100,100,92.1875,62.5,81.25,100,100,100,100,100,68.75,84.375,75,100,100,95.3125,71.875,100,32.8125,100,100,39.0625,87.5,100,98.4375,51.5625,100,100,39.0625,100,73.4375,100,57.8125,68.75,100,100,57.8125,100,100,92.1875,48.4375,100,76.5625,100,84.375,68.75,70.3125,100,100,57.8125,100,100,56.25,89.0625,100,46.875,76.5625,95.3125,100,64.0625,100,100,79.6875,98.4375,100,92.1875,29.6875,28.125,82.8125,100,85.9375,100,89.0625,85.9375,100,100,40.625,100,100,100,90.625,100,73.4375,100,92.1875,95.3125,98.4375,42.1875,100,18.75,100,100,95.3125,100,100,100,100,65.625,57.8125,79.6875,100,90.625,100,79.6875,46.875,64.0625,100,100,92.1875,57.8125,100,78.125,62.5,37.5,79.6875,93.75,95.3125,26.5625,73.4375,100,100,100,100,100,73.4375,100,100,67.1875,100,84.375,40.625,100,100,93.75,100,100,100,100,85.9375,100,100,100,100,48.4375,100,100,90.625,100,45.3125,100,71.875,95.3125,100,51.5625,87.5,100,89.0625,100,93.75,57.8125,100,100,45.3125,56.25,96.875,100,100,82.8125,23.4375,100,71.875,100,64.0625,100,100,100,84.375,78.125,50,95.3125,56.25,100,96.875,82.8125,100,100,100,56.25,67.1875,100,81.25,100,100,81.25,57.8125,100,78.125,100,71.875,60.9375,98.4375,100,100,100,100,17.1875,100,26.5625,84.375,85.9375,100,100,100,76.5625,70.3125,92.1875,100,90.625,100,100,100,56.25,100,100,31.25,95.3125,100,90.625,100,100,90.625,100,46.875,65.625,100,100,100,35.9375,39.0625,100,67.1875,100,90.625,46.875,100,100,100,100,45.3125,98.4375,100,100,79.6875,100,21.875,54.6875,100,100,100,84.375,64.0625,75,51.5625,100,100,62.5,100,85.9375,87.5,34.375,73.4375,100,100,100,46.875,100,90.625,96.875,100,70.3125,23.4375,56.25,89.0625,100,50,100,67.1875,57.8125,96.875,96.875,100,84.375,85.9375,82.8125,60.9375,100,100,37.5,100,96.875,100,100,100,84.375,37.5,51.5625,64.0625,67.1875,34.375,100,81.25,71.875,100,76.5625,100,100,59.375,100,100,46.875,54.6875,71.875,82.8125,85.9375,100,100,79.6875,53.125,31.25,90.625,98.4375,100,100,26.5625,96.875,79.6875,79.6875,100,95.3125,57.8125,87.5,100,85.9375,100,78.125,93.75,100,46.875,95.3125,100,65.625,93.75,100,89.0625,100,100,100,79.6875,100,48.4375,71.875,43.75,100,100,100,100,100,100,59.375,73.4375,67.1875,92.1875,71.875,93.75,79.6875,68.75,100,71.875,39.0625,51.5625,100,75,59.375,100,100,100,100,21.875,48.4375,100,93.75,100,82.8125,100,89.0625,100,81.25,95.3125,56.25,100,100,100,100,92.1875,76.5625,100,95.3125,100,100,100,84.375,93.75,89.0625,100,100,100,84.375,73.4375,100,73.4375,31.25,100,76.5625,73.4375,71.875,100,76.5625,70.3125,100,73.4375,100,100,71.875,56.25,65.625,100,100,87.5,100,100,100,100,65.625,57.8125,100,68.75,82.8125,100,50,100,68.75,73.4375,100,78.125,78.125,100,65.625,100,100,64.0625,59.375,81.25,70.3125,100,100,100,85.9375,70.3125,100,82.8125,100,100,59.375,68.75,68.75,100,100,100,100,92.1875,100,100,37.5,75,100,57.8125,34.375,92.1875,100,100,53.125,26.5625,31.25,100,98.4375,92.1875,84.375,71.875,100,73.4375,84.375,93.75,100,60.9375,100,34.375,53.125,100,84.375,100,100,68.75,100,100,100,100,100,46.875,79.6875,100,71.875,100,100,71.875,100,54.6875,100,100,29.6875,78.125,100,100,68.75,78.125,65.625,100,37.5,100,100,60.9375,100,100,73.4375,100,98.4375,100,92.1875,98.4375,68.75,64.0625,100,67.1875,100,56.25,100,100,100,68.75,45.3125,100,67.1875,96.875,100,100,100,100,76.5625,89.0625,59.375,35.9375,100,50,100,100,78.125,100,54.6875,100,100,54.6875,100,100,100,100,82.8125,85.9375,100,68.75,25,100,100,73.4375,89.0625,100,46.875,100,100,100,100,90.625,46.875,100,100,100,59.375,96.875,70.3125,82.8125,100,100,42.1875,100,100,93.75,90.625,100,42.1875,6.25,100,71.875,28.125,65.625,100,100,100,100,100,64.0625,100,82.8125,46.875,59.375,45.3125,37.5,71.875,68.75,75,81.25,92.1875,32.8125,79.6875,73.4375,40.625,90.625,95.3125,43.75,79.6875,100,100,100,100,100,100,78.125,53.125,45.3125,68.75,100,100,81.25,78.125,70.3125,50,100,50,100,100,100,100,100,100,65.625,100,87.5,90.625,84.375,100,100,73.4375,81.25,100,100,60.9375,100,81.25,100,68.75,100,100,100,100,100,70.3125,79.6875,100,100,100,85.9375,100,100,100,100,100,100,68.75,100,100,98.4375,46.875,100,100,35.9375,89.0625,100,60.9375,42.1875,68.75,100,100,70.3125,81.25,100,100,50,71.875,100,67.1875,84.375,100,100,92.1875,48.4375,21.875,73.4375,70.3125,6.25,100,100,100,43.75,71.875,10.9375,84.375,100,100,100,100,100,96.875,100,100,100,84.375,100,56.25,43.75,82.8125,100,59.375,100,100,100,100,56.25,100,100,100,82.8125,82.8125,100,100,20.3125,100,96.875,100,89.0625,85.9375,100,39.0625,93.75,100,100,64.0625,100,100,57.8125,100,100,100,95.3125,62.5,100,100,78.125,100,100,100,39.0625,100,71.875,79.6875,79.6875,100,100,81.25,100,78.125,100,100,100,81.25,62.5,100,100,100,73.4375,96.875,76.5625,56.25,57.8125,100,100,87.5,100,73.4375,100,92.1875,100,56.25,100,100,100,54.6875,95.3125,100,65.625,100,62.5,39.0625,100,68.75,100,67.1875,100,40.625,78.125,100,45.3125,100,100,53.125,100,65.625,100,100,92.1875,100,100,100,60.9375,100,100,71.875,20.3125,100,100,100,98.4375,81.25,53.125,100,100,100,100,100,60.9375,100,76.5625,100,78.125,53.125,70.3125,46.875,100,65.625,57.8125,100,100,35.9375,100,82.8125,100,92.1875,100,70.3125,53.125,100,100,70.3125,100,87.5,100,87.5,85.9375,90.625,100,56.25,100,100,51.5625,92.1875,100,34.375,67.1875,89.0625,100,100,68.75,100,100,96.875,100,100,92.1875,93.75,100,100,100,100,100,100,100,100,65.625,60.9375,9.375,100,59.375,28.125,95.3125,90.625,100,100,73.4375,92.1875,56.25,29.6875,100,37.5,100,68.75,70.3125,76.5625,89.0625,39.0625,100,100,100,100,100,51.5625,100,100,100,57.8125,87.5,35.9375,100,95.3125,90.625,93.75,62.5,71.875,100,90.625,100,100,84.375,100,82.8125,35.9375,78.125,95.3125,100,100,51.5625,100,100,96.875,39.0625,100,100,78.125,100,67.1875,100,82.8125,100,100,100,100,100,82.8125,100,100,81.25,76.5625,100,60.9375,100,100,39.0625,100,100,100,100,79.6875,100,78.125,89.0625,100,96.875,100,100,100,89.0625,100,95.3125,100,92.1875,100,100,100,100,45.3125,87.5,14.0625,82.8125,26.5625,100,100,70.3125,82.8125,100,90.625,79.6875,100,70.3125,100,60.9375,100,79.6875,64.0625,100,100,28.125,75,100,95.3125,100,100,51.5625,79.6875,100,100,100,98.4375,17.1875,100,100,71.875,100,100,100,100,100,100,84.375,93.75,64.0625,100,90.625,82.8125,35.9375,79.6875,100,87.5,100,100,100,100,100,75,54.6875,100,93.75,65.625,100,84.375,46.875,100,82.8125,100,46.875,100,100,29.6875,100,100,45.3125,100,76.5625,100,100,100,60.9375,100,100,68.75,65.625,100,93.75,100,89.0625,100,95.3125,76.5625,78.125,95.3125,42.1875,100,79.6875,100,100,18.75,100,50,100,100,100,100,100,100,100,48.4375,68.75,85.9375,100,100,65.625,100,96.875,100,100,75,100,100,100,87.5,93.75,100,85.9375,75,100,90.625,100,100,85.9375,7.8125,100,64.0625,51.5625,76.5625,100,68.75,82.8125,100,71.875,100,79.6875,51.5625,100,84.375,29.6875,100,100,100,100,100,100,100,100,100,100,68.75,76.5625,100,53.125,100,76.5625,100,100,100,73.4375,95.3125,73.4375,100,100,54.6875,100,100,65.625,64.0625,42.1875,65.625,100,100,42.1875,75,71.875,79.6875,100,100,100,100,25,68.75,100,48.4375,100,89.0625,43.75,100,43.75,100,100,100,87.5,68.75,67.1875,100,73.4375,100,100,14.0625,82.8125,100,81.25,78.125,57.8125,87.5,71.875,100,100,79.6875,71.875,92.1875,67.1875,64.0625,50,100,100,68.75,100,100,82.8125,60.9375,100,46.875,84.375,100,100,100,100,100,100,100,75,100,100,40.625,90.625,20.3125,95.3125,100,85.9375,90.625,100,100,100,100,70.3125,100,75,100,92.1875,60.9375,62.5,100,54.6875,100,100,100,89.0625,100,100,100,100,87.5,43.75,100,95.3125,100,67.1875,100,32.8125,92.1875,78.125,67.1875,53.125,81.25,68.75,100,100,73.4375,78.125,67.1875,57.8125,45.3125,100,100,75,59.375,60.9375,84.375,60.9375,92.1875,98.4375,100,90.625,100,54.6875,100,71.875,100,100,100,65.625,100,60.9375,100,82.8125,17.1875,100,100,71.875,100,100,100,73.4375,34.375,59.375,100,100,100,100,100,100,35.9375,67.1875,90.625,100,67.1875,100,100,100,100,50,100,73.4375,39.0625,78.125,62.5,90.625,100,90.625,100,75,100,100,62.5,39.0625,90.625,100,76.5625,70.3125,100,100,57.8125,100,100,64.0625,100,100,100,78.125,100,100,93.75,100,90.625,100,100,100,100,100,96.875,100,100,100,37.5,67.1875,73.4375,100,100,82.8125,90.625,71.875,100,100,68.75,70.3125,100,96.875,100,35.9375,43.75,76.5625,100,98.4375,79.6875,100,100,100,67.1875,90.625,92.1875,100,57.8125,73.4375,100,100,100,100,65.625,100,100,82.8125,100,100,50,48.4375,71.875,100,67.1875,100,100,100,100,100,100,12.5,100,100,92.1875,100,100,78.125,100,100,100,100,98.4375,90.625,100,100,64.0625,100,71.875,100,92.1875,100,100,100,89.0625,71.875,100,100,39.0625,100,42.1875,100,100,100,100,100,93.75,100,89.0625,100,100,60.9375,100,76.5625,100,71.875,100,62.5,100,100,100,100,81.25,100,100,100,98.4375,50,100,100,85.9375,100,23.4375,100,71.875,64.0625,51.5625,67.1875,82.8125,45.3125,59.375,67.1875,100,100,100,100,89.0625,100,87.5,82.8125,59.375,53.125,100,100,87.5,100,100,79.6875,100,100,89.0625,100,50,45.3125,81.25,100,62.5,100,40.625,81.25,100,90.625,100,100,100,100,100,59.375,100,100,87.5,78.125,100,100,100,100,100,89.0625,100,100,100,100,100,59.375,100,100,98.4375,79.6875,100,100,92.1875,100,100,71.875,64.0625,65.625,100,100,60.9375,100,100,90.625,67.1875,100,68.75,100,15.625,100,100,100,75,59.375,98.4375,56.25,100,100,85.9375,100,42.1875,85.9375,78.125,62.5,100,100,85.9375,100,100,67.1875,100,60.9375,29.6875,57.8125,100,46.875,56.25,100,95.3125,34.375,100,100,87.5,100,92.1875,100,95.3125,100,31.25,20.3125,100,100,100,100,100,100,100,100,100,100,12.5,21.875,100,100,100,79.6875,81.25,100,96.875,100,100,85.9375,98.4375,65.625,95.3125,100,100,100,100,95.3125,100,100,100,100,53.125,68.75,100,100,100,43.75,75,100,82.8125,73.4375,100,43.75,60.9375,62.5,93.75,82.8125,100,90.625,100,98.4375,100,75,32.8125,100,100,100,100,98.4375,96.875,100,100,100,100,100,89.0625,100,21.875,85.9375,54.6875,100,100,71.875,100,53.125,100,51.5625,56.25,100,100,57.8125,89.0625,100,100,100,100,100,73.4375,100,84.375,100,40.625,100,70.3125,84.375,100,100,100,100,82.8125,100,45.3125,100,100,50,68.75,100,18.75,100,100,100,100,75,100,62.5,100,64.0625,92.1875,100,85.9375,100,100,100,4.6875,42.1875,76.5625,68.75,68.75,73.4375,98.4375,45.3125,51.5625,100,39.0625,100,70.3125,100,100,100,100,23.4375,67.1875,100,53.125,81.25,100,32.8125,93.75,100,76.5625,100,70.3125,65.625,100,56.25,73.4375,37.5,100,73.4375,100,75,78.125,100,65.625,100,79.6875,100,40.625,100,100,100,100,90.625,100,40.625,100,100,82.8125,100,70.3125,100,100,100,82.8125,100,84.375,87.5,100,50,98.4375,87.5,34.375,78.125,100,87.5,53.125,100,100,100,9.375,35.9375,100,62.5,76.5625,100,31.25,100,100,95.3125,84.375,100,95.3125,96.875,100,84.375,100,92.1875,64.0625,28.125,100,68.75,100,100,90.625,81.25,100,56.25,39.0625,100,100,70.3125,60.9375,100,100,76.5625,85.9375,93.75,78.125,40.625,100,26.5625,100,100,82.8125,64.0625,85.9375,100,100,96.875,37.5,100,100,100,100,85.9375,100,100,100,100,100,28.125,100,62.5,76.5625,100,100,67.1875,100,20.3125,100,25,87.5,100,89.0625,100,82.8125,79.6875,82.8125,100,87.5,100,100,100,100,100,84.375,43.75,51.5625,100,89.0625,100,100,100,73.4375,100,100,100,100,96.875,100,89.0625,84.375,71.875,100,100,100,100,100,98.4375,100,100,100,100,76.5625,73.4375,100,100,100,92.1875,100,100,100,67.1875,100,92.1875,64.0625,100,100,100,78.125,79.6875,73.4375,100,71.875,48.4375,59.375,85.9375,100,92.1875,100,100,100,100,100,59.375,100,100,92.1875,100,20.3125,67.1875,100,79.6875,100,100,43.75,100,76.5625,4.6875,35.9375,100,9.375,100,100,100,96.875,90.625,98.4375,100,100,70.3125,75,100,100,65.625,100,100,100,76.5625,100,100,95.3125,87.5,100,81.25,100,93.75,100,90.625,100,100,96.875,79.6875,100,82.8125,84.375,100,100,100,100,71.875,100,50,100,100,59.375,100,70.3125,100,76.5625,90.625,70.3125,75,100,100,100,100,100,100,82.8125,100,100,59.375,46.875,73.4375,100,100,92.1875,100,96.875,79.6875,100,89.0625,60.9375,100,100,100,100,50,100,87.5,68.75,35.9375,45.3125,84.375,100,100,100,59.375,65.625,25,71.875,96.875,100,100,60.9375,100,100,65.625,59.375,100,93.75,81.25,84.375,67.1875,100,90.625,100,100,85.9375,90.625,42.1875,40.625,75,68.75,39.0625,100,59.375,100,100,53.125,60.9375,100,59.375,100,85.9375,75,90.625,62.5,100,100,100,100,98.4375,67.1875,78.125,82.8125,100,100,100,28.125,62.5,92.1875,100,76.5625,81.25,87.5,95.3125,57.8125,65.625,100,100,100,100,95.3125,100,100,84.375,81.25,64.0625,98.4375,20.3125,62.5,40.625,96.875,100,100,87.5,100,100,100,32.8125,100,100,100,40.625,100,100,90.625,40.625,100,100,57.8125,40.625,100,81.25,100,100,73.4375,81.25,100,98.4375,89.0625,65.625,67.1875,65.625,78.125,100,100,100,100,100,56.25,82.8125,100,100,100,85.9375,100,48.4375,6.25,100,71.875,60.9375,100,81.25,85.9375,70.3125,100,20.3125,93.75,54.6875,87.5,100,100,76.5625,82.8125,100,100,92.1875,100,100,100,100,100,100,93.75,42.1875,31.25,90.625,100,100,81.25,59.375,64.0625,64.0625,100,100,100,100,100,100,64.0625,43.75,100,100,100,100,100,100,100,100,100,56.25,100,100,82.8125,100,23.4375,100,37.5,100,81.25,96.875,100,100,100,100,85.9375,93.75,87.5,100,100,92.1875,100,84.375,93.75,100,100,100,64.0625,65.625,87.5,100,92.1875,100,28.125,79.6875,100,100,100,100,100,100,100,51.5625,53.125,100,81.25,100,100,100,98.4375,98.4375,65.625,85.9375,100,100,95.3125,100,26.5625,100,92.1875,82.8125,46.875,75,100,100,100,100,100,100,100,100,100,100,93.75,76.5625,68.75,59.375,100,25,100,100,17.1875,54.6875,100,100,50,100,71.875,89.0625,100,100,98.4375,89.0625,79.6875,98.4375,100,81.25,100,31.25,100,100,81.25,65.625,67.1875,100,100,100,98.4375,100,100,82.8125,37.5,100,59.375,79.6875,100,96.875,75,100,100,98.4375,100,100,93.75,100,87.5,100,100,100,65.625,100,100,59.375,100,100,65.625,100,100,56.25,100,100,100,100,100,84.375,100,56.25,68.75,100,100,46.875,76.5625,78.125,100,100,100,100,81.25,100,100,100,73.4375,100,92.1875,100,100,100,100,100,48.4375,100,100,65.625,82.8125,96.875,100,76.5625,100,96.875,100,37.5,92.1875,100,100,100,100,100,73.4375,37.5,100,62.5,100,92.1875,100,50,100,100,57.8125,59.375,100,96.875,79.6875,100,92.1875,67.1875,100,100,45.3125,100,100,60.9375,100,75,100,100,100,100,81.25,100,14.0625,100,68.75,100,50,100,90.625,67.1875,57.8125,100,78.125,56.25,78.125,84.375,82.8125,45.3125,100,100,37.5,10.9375,100,71.875,100,100,100,75,89.0625,75,100,100,100,100,42.1875,100,100,100,84.375,93.75,100,100,64.0625,100,64.0625,70.3125,100,100,98.4375,100,96.875,100,100,100,81.25,100,90.625,100,81.25,92.1875,92.1875,100,90.625,100,100,100,100,81.25,18.75,78.125,79.6875,100,100,96.875,100,100,93.75,68.75,54.6875,87.5,14.0625,45.3125,100,100,100,45.3125,95.3125,100,100,100,100,85.9375,78.125,96.875,85.9375,100,82.8125,100,65.625,100,100,81.25,54.6875,100,62.5,100,96.875,79.6875,81.25,100,81.25,54.6875,100,100,100,100,62.5,45.3125,100,100,50,100,100,67.1875,29.6875,100,100,59.375,92.1875,76.5625,100,98.4375,67.1875,78.125,100,100,100,100,57.8125,100,73.4375,82.8125,100,100,62.5,100,100,78.125,100,100,100,82.8125,100,93.75,89.0625,79.6875,100,100,67.1875,64.0625,100,56.25,100,81.25,100,70.3125,89.0625,100,100,75,100,35.9375,92.1875,43.75,100,62.5,100,100,100,100,92.1875,100,100,100,56.25,37.5,100,62.5,100,100,76.5625,73.4375,100,92.1875,100,78.125,100,70.3125,100,87.5,15.625,64.0625,75,100,46.875,96.875,84.375,100,45.3125,15.625,100,46.875,93.75,100,51.5625,100,92.1875,59.375,100,73.4375,100,75,100,75,87.5,26.5625,100,100,100,51.5625,100,100,90.625,100,95.3125,89.0625,87.5,100,100,21.875,100,57.8125,100,100,45.3125,100,39.0625,100,82.8125,85.9375,100,54.6875,25,100,100,18.75,85.9375,100,100,100,95.3125,76.5625,100,40.625,100,67.1875,100,79.6875,100,92.1875,56.25,43.75,100,100,50,67.1875,100,78.125,95.3125,100,100,18.75,100,59.375,100,100,100,79.6875,100,53.125,85.9375,100,93.75,76.5625,48.4375,48.4375,53.125,100,100,71.875,98.4375,100,98.4375,100,73.4375,75,100,100,100,100,92.1875,85.9375,100,68.75,100,100,100,100,85.9375,100,67.1875,78.125,70.3125,100,100,100,100,100,100,1.5625,100,100,37.5,100,78.125,100,100,100,85.9375,100,100,51.5625,85.9375,100,100,100,96.875,100,93.75,100,92.1875,43.75,100,59.375,100,60.9375,100,100,100,76.5625,100,48.4375,64.0625,100,100,53.125,100,100,68.75,100,100,95.3125,100,100,100,89.0625,100,57.8125,29.6875,82.8125,100,96.875,93.75,56.25,100,62.5,100,87.5,96.875,71.875,76.5625,100,100,85.9375,100,75,100,78.125,57.8125,100,78.125,57.8125,82.8125,90.625,100,37.5,59.375,100,100,96.875,92.1875,100,100,48.4375,100,96.875,26.5625,62.5,100,100,71.875,76.5625,100,93.75,31.25,68.75,42.1875,100,100,100,75,100,62.5,29.6875,100,76.5625,100,100,100,56.25,76.5625,100,54.6875,98.4375,100,57.8125,87.5,54.6875,100,100,68.75,92.1875,100,79.6875,67.1875,100,100,100,79.6875,100,100
"6169",87.5,100,100,100,100,68.75,95.3125,73.4375,62.5,98.4375,78.125,100,100,100,96.875,76.5625,85.9375,89.0625,100,100,96.875,98.4375,100,100,76.5625,100,100,87.5,90.625,100,90.625,100,100,100,100,100,82.8125,100,76.5625,96.875,93.75,62.5,71.875,100,100,100,100,100,68.75,85.9375,75,100,100,100,73.4375,100,10.9375,100,89.0625,100,85.9375,100,98.4375,100,100,100,37.5,100,65.625,100,59.375,78.125,100,93.75,57.8125,90.625,100,96.875,48.4375,100,76.5625,100,87.5,75,73.4375,100,100,29.6875,100,100,56.25,89.0625,100,46.875,29.6875,96.875,100,62.5,100,100,96.875,100,100,90.625,12.5,26.5625,82.8125,82.8125,76.5625,100,84.375,98.4375,100,95.3125,45.3125,100,100,100,100,90.625,65.625,100,76.5625,93.75,100,43.75,100,18.75,100,100,100,100,100,100,100,62.5,59.375,76.5625,100,93.75,100,82.8125,85.9375,100,100,100,90.625,100,60.9375,79.6875,62.5,100,84.375,92.1875,95.3125,28.125,76.5625,100,98.4375,100,100,100,71.875,100,100,65.625,100,89.0625,35.9375,100,84.375,79.6875,100,100,100,100,84.375,100,100,100,100,42.1875,82.8125,100,76.5625,98.4375,46.875,100,54.6875,85.9375,100,50,87.5,100,87.5,100,90.625,67.1875,100,100,39.0625,46.875,96.875,100,100,81.25,100,100,85.9375,100,65.625,100,100,100,82.8125,79.6875,50,95.3125,20.3125,100,6.25,100,100,100,100,57.8125,100,100,85.9375,100,100,81.25,28.125,100,79.6875,100,67.1875,60.9375,100,100,100,100,100,18.75,100,25,95.3125,89.0625,100,100,100,76.5625,81.25,93.75,100,96.875,100,100,100,100,93.75,95.3125,31.25,100,68.75,82.8125,100,100,100,100,40.625,76.5625,100,100,100,39.0625,37.5,64.0625,65.625,100,78.125,39.0625,100,100,100,100,45.3125,100,100,100,82.8125,100,25,57.8125,100,100,100,84.375,64.0625,75,68.75,100,100,60.9375,100,81.25,100,85.9375,79.6875,100,100,100,45.3125,100,100,96.875,100,100,25,59.375,89.0625,100,50,100,78.125,57.8125,90.625,96.875,100,87.5,87.5,96.875,75,100,100,37.5,68.75,100,100,100,100,82.8125,45.3125,65.625,89.0625,65.625,34.375,100,89.0625,73.4375,100,76.5625,100,100,64.0625,100,100,46.875,60.9375,100,89.0625,81.25,100,100,82.8125,50,28.125,87.5,98.4375,100,100,100,95.3125,73.4375,79.6875,100,92.1875,60.9375,76.5625,100,82.8125,79.6875,100,73.4375,100,28.125,95.3125,100,67.1875,89.0625,100,78.125,100,100,100,78.125,100,46.875,100,29.6875,100,100,85.9375,100,100,92.1875,59.375,70.3125,79.6875,76.5625,71.875,85.9375,100,81.25,100,78.125,39.0625,54.6875,100,75,59.375,87.5,100,100,100,29.6875,100,100,96.875,100,82.8125,100,84.375,100,98.4375,67.1875,60.9375,100,100,100,100,93.75,100,82.8125,100,100,100,96.875,84.375,93.75,95.3125,100,100,100,84.375,73.4375,100,90.625,100,100,76.5625,73.4375,67.1875,100,53.125,67.1875,100,85.9375,100,76.5625,79.6875,56.25,59.375,100,100,65.625,100,100,100,100,100,60.9375,100,57.8125,82.8125,100,53.125,100,68.75,75,100,81.25,78.125,100,64.0625,100,100,81.25,73.4375,67.1875,76.5625,100,100,100,84.375,62.5,100,84.375,100,100,59.375,67.1875,68.75,100,100,100,100,98.4375,100,100,37.5,75,81.25,59.375,34.375,93.75,100,100,50,100,37.5,100,98.4375,100,84.375,70.3125,100,73.4375,84.375,96.875,79.6875,60.9375,100,35.9375,51.5625,100,85.9375,100,40.625,70.3125,100,98.4375,100,100,96.875,46.875,78.125,100,71.875,92.1875,100,71.875,100,75,100,100,34.375,81.25,100,100,67.1875,68.75,64.0625,100,37.5,100,100,62.5,100,100,62.5,100,92.1875,100,100,95.3125,43.75,67.1875,100,100,100,70.3125,100,100,100,100,57.8125,92.1875,53.125,96.875,46.875,100,100,100,59.375,100,84.375,56.25,100,51.5625,100,100,76.5625,100,28.125,100,100,62.5,100,100,100,100,100,85.9375,100,78.125,15.625,100,100,76.5625,81.25,100,100,100,100,100,100,100,100,100,100,100,59.375,96.875,71.875,82.8125,100,100,96.875,100,100,93.75,100,100,42.1875,6.25,100,54.6875,29.6875,100,100,100,100,100,100,62.5,100,82.8125,46.875,59.375,67.1875,35.9375,76.5625,68.75,75,92.1875,92.1875,84.375,76.5625,67.1875,40.625,90.625,95.3125,42.1875,100,100,100,100,100,100,100,78.125,57.8125,45.3125,68.75,100,100,79.6875,57.8125,71.875,46.875,100,45.3125,100,100,100,100,100,100,51.5625,100,89.0625,89.0625,84.375,100,100,70.3125,37.5,100,100,62.5,100,100,100,92.1875,100,100,100,100,100,73.4375,59.375,100,100,100,100,100,100,100,100,100,100,68.75,100,100,100,62.5,100,100,35.9375,89.0625,92.1875,87.5,40.625,68.75,100,100,62.5,100,100,100,100,73.4375,100,68.75,35.9375,100,100,98.4375,48.4375,9.375,93.75,73.4375,4.6875,100,100,100,45.3125,50,10.9375,84.375,100,100,78.125,59.375,100,89.0625,100,100,100,100,100,42.1875,43.75,100,100,64.0625,100,100,100,100,59.375,100,90.625,100,100,75,100,100,14.0625,100,92.1875,100,82.8125,81.25,100,100,93.75,100,100,54.6875,100,65.625,100,100,100,100,95.3125,62.5,100,100,89.0625,70.3125,100,100,48.4375,100,71.875,81.25,79.6875,43.75,14.0625,70.3125,100,64.0625,100,100,100,81.25,64.0625,100,100,100,68.75,98.4375,76.5625,60.9375,59.375,100,100,76.5625,100,81.25,100,93.75,100,56.25,100,100,100,50,98.4375,100,75,100,64.0625,39.0625,100,70.3125,100,67.1875,100,46.875,78.125,100,45.3125,100,100,59.375,100,65.625,100,46.875,85.9375,100,100,100,100,100,76.5625,71.875,20.3125,100,100,100,98.4375,100,45.3125,100,100,100,100,100,73.4375,100,78.125,100,78.125,100,78.125,100,100,87.5,57.8125,89.0625,100,35.9375,100,81.25,100,85.9375,79.6875,70.3125,53.125,92.1875,100,65.625,70.3125,67.1875,100,100,78.125,65.625,100,60.9375,100,100,45.3125,90.625,93.75,34.375,67.1875,84.375,100,100,50,100,100,96.875,100,62.5,100,93.75,100,100,100,48.4375,100,100,100,100,60.9375,21.875,100,100,59.375,21.875,100,95.3125,100,100,100,71.875,54.6875,29.6875,100,29.6875,95.3125,96.875,71.875,100,89.0625,85.9375,100,100,100,100,100,100,100,100,100,57.8125,87.5,43.75,48.4375,95.3125,59.375,93.75,60.9375,57.8125,98.4375,84.375,95.3125,23.4375,84.375,100,81.25,50,79.6875,96.875,100,100,50,100,100,95.3125,37.5,100,78.125,84.375,100,62.5,100,96.875,100,65.625,100,100,100,81.25,93.75,100,98.4375,76.5625,89.0625,70.3125,100,100,64.0625,76.5625,100,100,100,81.25,100,78.125,95.3125,100,100,100,100,100,85.9375,100,92.1875,100,93.75,100,100,93.75,100,42.1875,34.375,15.625,81.25,28.125,100,100,70.3125,82.8125,100,81.25,100,100,73.4375,100,57.8125,71.875,76.5625,68.75,100,100,28.125,85.9375,100,96.875,100,85.9375,56.25,81.25,100,100,100,71.875,17.1875,100,100,96.875,100,100,100,100,100,84.375,85.9375,92.1875,65.625,100,71.875,84.375,23.4375,73.4375,100,87.5,100,100,100,100,100,73.4375,100,57.8125,93.75,59.375,100,82.8125,23.4375,100,82.8125,100,45.3125,100,100,100,100,100,37.5,100,76.5625,100,100,100,60.9375,100,100,57.8125,65.625,100,93.75,100,87.5,100,100,76.5625,78.125,100,100,39.0625,98.4375,100,100,100,100,50,57.8125,100,100,100,100,100,100,64.0625,75,92.1875,100,100,57.8125,56.25,96.875,100,90.625,75,100,100,100,85.9375,98.4375,100,84.375,84.375,100,96.875,100,100,89.0625,12.5,100,54.6875,51.5625,79.6875,100,68.75,95.3125,100,85.9375,100,82.8125,48.4375,100,90.625,29.6875,100,100,100,100,100,100,100,100,100,100,71.875,62.5,98.4375,53.125,100,71.875,100,100,100,68.75,95.3125,82.8125,100,100,54.6875,100,100,62.5,100,59.375,68.75,100,100,43.75,78.125,73.4375,100,34.375,100,100,100,26.5625,70.3125,100,100,100,89.0625,46.875,100,39.0625,100,100,100,100,65.625,67.1875,100,73.4375,85.9375,100,93.75,84.375,100,70.3125,81.25,57.8125,87.5,75,100,100,79.6875,84.375,34.375,67.1875,62.5,57.8125,100,100,65.625,73.4375,100,82.8125,59.375,100,45.3125,84.375,100,100,100,100,100,85.9375,100,75,100,87.5,100,82.8125,100,84.375,100,85.9375,82.8125,100,100,70.3125,100,93.75,100,65.625,100,84.375,70.3125,62.5,100,100,100,100,100,89.0625,100,100,100,100,89.0625,84.375,100,100,100,68.75,100,32.8125,81.25,100,67.1875,53.125,82.8125,70.3125,100,100,73.4375,68.75,67.1875,54.6875,51.5625,100,100,75,60.9375,68.75,59.375,57.8125,89.0625,95.3125,100,89.0625,100,51.5625,73.4375,100,60.9375,100,100,68.75,100,98.4375,100,84.375,98.4375,100,100,89.0625,100,100,100,73.4375,34.375,100,100,95.3125,100,100,76.5625,98.4375,100,65.625,85.9375,100,76.5625,100,100,100,100,51.5625,100,84.375,46.875,79.6875,59.375,90.625,100,65.625,100,82.8125,100,100,71.875,40.625,85.9375,100,76.5625,68.75,100,100,59.375,100,100,53.125,100,96.875,100,78.125,100,100,93.75,100,89.0625,100,95.3125,100,100,100,95.3125,100,100,100,93.75,65.625,70.3125,100,100,82.8125,90.625,90.625,100,100,70.3125,68.75,100,92.1875,100,14.0625,42.1875,76.5625,100,98.4375,78.125,100,100,48.4375,89.0625,98.4375,100,100,79.6875,76.5625,100,100,100,100,100,100,76.5625,9.375,100,100,56.25,48.4375,71.875,100,73.4375,100,100,100,100,100,100,100,100,85.9375,90.625,100,100,92.1875,100,100,100,100,96.875,100,100,100,71.875,100,71.875,100,87.5,100,100,100,92.1875,100,95.3125,84.375,100,100,45.3125,100,100,100,100,100,84.375,100,76.5625,100,100,60.9375,100,81.25,100,76.5625,100,60.9375,100,100,100,100,81.25,100,100,100,93.75,95.3125,100,100,87.5,100,75,100,78.125,64.0625,48.4375,100,81.25,67.1875,84.375,67.1875,100,100,100,95.3125,89.0625,100,87.5,82.8125,62.5,59.375,100,100,87.5,100,100,70.3125,100,100,90.625,100,48.4375,45.3125,100,100,78.125,100,50,85.9375,100,75,100,100,92.1875,81.25,100,59.375,100,23.4375,87.5,73.4375,100,100,100,76.5625,100,93.75,100,100,100,100,100,59.375,100,78.125,98.4375,76.5625,85.9375,100,82.8125,100,98.4375,71.875,71.875,68.75,100,100,68.75,100,56.25,93.75,67.1875,100,56.25,98.4375,51.5625,100,100,100,70.3125,57.8125,100,87.5,100,100,89.0625,100,60.9375,85.9375,81.25,62.5,100,100,87.5,100,73.4375,71.875,100,56.25,21.875,84.375,100,48.4375,54.6875,100,95.3125,20.3125,100,100,87.5,100,100,100,93.75,93.75,31.25,100,100,100,100,100,100,100,100,100,100,100,14.0625,46.875,100,100,100,92.1875,76.5625,100,100,100,100,84.375,82.8125,68.75,93.75,100,100,100,56.25,98.4375,100,100,98.4375,100,95.3125,68.75,100,100,100,81.25,71.875,100,76.5625,65.625,100,43.75,59.375,62.5,65.625,82.8125,100,92.1875,100,93.75,100,100,34.375,100,100,100,100,89.0625,98.4375,100,100,100,100,100,87.5,100,12.5,84.375,100,100,100,71.875,100,68.75,100,51.5625,53.125,100,100,45.3125,84.375,54.6875,100,100,96.875,100,76.5625,100,84.375,100,43.75,95.3125,65.625,64.0625,100,100,100,96.875,85.9375,100,73.4375,100,98.4375,53.125,68.75,100,25,100,51.5625,100,100,71.875,100,56.25,100,100,87.5,93.75,100,100,100,26.5625,68.75,40.625,31.25,84.375,68.75,75,100,48.4375,82.8125,100,100,100,76.5625,100,100,100,100,23.4375,70.3125,100,70.3125,100,53.125,32.8125,82.8125,100,71.875,100,78.125,64.0625,100,60.9375,81.25,37.5,100,73.4375,100,100,48.4375,100,100,98.4375,82.8125,100,43.75,100,98.4375,100,100,95.3125,89.0625,39.0625,100,100,53.125,100,67.1875,100,100,100,82.8125,100,84.375,100,100,68.75,100,89.0625,34.375,78.125,98.4375,85.9375,54.6875,84.375,53.125,100,40.625,35.9375,100,67.1875,76.5625,100,31.25,100,100,100,85.9375,81.25,90.625,48.4375,100,85.9375,100,84.375,64.0625,28.125,100,68.75,100,100,90.625,65.625,100,57.8125,35.9375,31.25,100,73.4375,60.9375,100,100,73.4375,85.9375,92.1875,79.6875,46.875,100,73.4375,100,100,68.75,65.625,100,100,100,100,100,100,100,100,100,100,100,100,100,100,98.4375,15.625,100,59.375,70.3125,100,100,45.3125,90.625,18.75,100,23.4375,84.375,100,100,100,84.375,65.625,82.8125,100,90.625,100,100,100,100,100,84.375,46.875,53.125,100,100,100,100,100,51.5625,100,100,100,100,96.875,100,87.5,92.1875,79.6875,100,100,100,100,32.8125,89.0625,100,100,65.625,100,76.5625,79.6875,100,100,100,90.625,100,100,100,67.1875,100,100,64.0625,100,100,98.4375,82.8125,79.6875,82.8125,100,100,42.1875,59.375,68.75,100,90.625,100,100,100,100,100,62.5,100,100,92.1875,95.3125,100,67.1875,100,79.6875,100,62.5,43.75,100,71.875,4.6875,35.9375,100,56.25,100,100,100,89.0625,71.875,90.625,100,100,93.75,81.25,100,100,100,100,100,100,81.25,100,100,93.75,100,100,79.6875,100,100,100,89.0625,100,100,90.625,81.25,100,79.6875,90.625,100,100,100,100,75,81.25,56.25,100,100,57.8125,100,70.3125,100,79.6875,89.0625,70.3125,75,100,100,100,100,100,100,84.375,100,100,59.375,57.8125,73.4375,92.1875,100,90.625,100,100,78.125,100,89.0625,62.5,100,100,100,100,50,100,89.0625,25,35.9375,45.3125,84.375,100,100,48.4375,59.375,71.875,25,70.3125,40.625,100,100,59.375,100,100,65.625,59.375,100,93.75,79.6875,60.9375,71.875,100,90.625,100,100,82.8125,87.5,42.1875,40.625,73.4375,70.3125,39.0625,100,64.0625,100,100,53.125,64.0625,90.625,57.8125,100,60.9375,75,89.0625,65.625,100,100,100,100,100,73.4375,75,82.8125,100,45.3125,100,48.4375,57.8125,93.75,100,78.125,100,100,90.625,59.375,65.625,100,100,100,100,95.3125,100,100,78.125,75,64.0625,95.3125,29.6875,64.0625,53.125,92.1875,82.8125,100,84.375,78.125,100,100,32.8125,100,50,100,43.75,100,73.4375,29.6875,39.0625,100,100,39.0625,40.625,100,81.25,100,100,73.4375,53.125,95.3125,98.4375,84.375,100,67.1875,65.625,78.125,100,100,100,100,100,57.8125,82.8125,100,100,100,87.5,65.625,45.3125,7.8125,100,70.3125,64.0625,90.625,81.25,100,75,100,20.3125,93.75,54.6875,90.625,54.6875,100,71.875,84.375,100,75,98.4375,100,100,100,100,100,100,93.75,42.1875,26.5625,100,100,100,81.25,60.9375,67.1875,67.1875,100,100,100,100,100,98.4375,54.6875,42.1875,96.875,100,100,100,100,100,100,100,100,64.0625,96.875,85.9375,100,34.375,45.3125,100,37.5,100,84.375,100,92.1875,85.9375,68.75,100,84.375,95.3125,85.9375,100,100,92.1875,100,89.0625,96.875,100,100,100,67.1875,59.375,87.5,100,100,100,28.125,84.375,100,100,100,100,82.8125,100,100,51.5625,59.375,100,84.375,100,100,76.5625,92.1875,90.625,70.3125,87.5,100,100,70.3125,100,50,100,100,90.625,45.3125,71.875,100,100,100,100,100,100,12.5,100,76.5625,100,96.875,67.1875,95.3125,67.1875,100,26.5625,100,100,34.375,54.6875,100,100,50,98.4375,75,89.0625,100,100,100,87.5,81.25,100,100,82.8125,100,31.25,43.75,100,81.25,54.6875,100,100,100,100,98.4375,100,100,81.25,54.6875,100,59.375,81.25,100,100,75,100,100,96.875,100,100,96.875,100,93.75,100,100,82.8125,67.1875,100,78.125,59.375,100,100,64.0625,100,100,57.8125,100,100,100,100,100,85.9375,93.75,56.25,70.3125,59.375,100,48.4375,78.125,46.875,100,100,100,100,81.25,100,100,100,73.4375,100,93.75,100,62.5,100,100,100,48.4375,100,100,68.75,87.5,42.1875,100,75,100,100,100,100,100,85.9375,100,100,100,100,71.875,100,100,100,100,93.75,100,50,100,100,71.875,59.375,100,46.875,100,100,100,81.25,100,100,100,100,100,73.4375,100,75,100,100,100,100,96.875,100,42.1875,100,100,100,50,100,76.5625,100,60.9375,100,100,56.25,100,81.25,81.25,46.875,100,100,43.75,10.9375,100,79.6875,100,100,100,75,89.0625,90.625,100,100,100,100,40.625,54.6875,100,100,100,93.75,100,100,65.625,85.9375,64.0625,53.125,100,100,98.4375,100,95.3125,100,100,79.6875,75,100,89.0625,62.5,79.6875,92.1875,85.9375,100,90.625,100,100,100,100,81.25,98.4375,78.125,100,100,100,96.875,100,100,92.1875,60.9375,48.4375,89.0625,18.75,53.125,100,100,100,18.75,57.8125,100,100,100,100,76.5625,78.125,96.875,89.0625,67.1875,92.1875,100,65.625,100,100,81.25,51.5625,100,65.625,100,100,78.125,81.25,100,67.1875,54.6875,100,100,100,100,46.875,45.3125,100,100,50,100,100,70.3125,45.3125,100,100,64.0625,93.75,76.5625,100,100,70.3125,81.25,100,100,100,100,59.375,100,73.4375,25,100,100,64.0625,100,100,70.3125,87.5,100,100,89.0625,100,95.3125,90.625,93.75,100,100,73.4375,100,100,56.25,100,65.625,100,65.625,85.9375,100,100,71.875,100,35.9375,43.75,40.625,65.625,67.1875,60.9375,100,100,93.75,90.625,100,100,53.125,65.625,35.9375,100,100,100,100,82.8125,78.125,100,93.75,100,73.4375,100,68.75,100,85.9375,15.625,89.0625,75,84.375,50,95.3125,84.375,100,43.75,34.375,100,60.9375,100,100,48.4375,100,92.1875,59.375,81.25,76.5625,100,81.25,78.125,78.125,84.375,100,100,100,100,54.6875,100,100,89.0625,100,100,68.75,85.9375,100,100,23.4375,100,59.375,100,100,43.75,100,37.5,100,82.8125,100,73.4375,54.6875,100,100,100,18.75,85.9375,100,100,100,100,76.5625,98.4375,21.875,100,62.5,100,100,100,79.6875,45.3125,43.75,100,100,48.4375,68.75,100,100,57.8125,100,100,51.5625,100,50,100,100,100,76.5625,100,48.4375,34.375,100,95.3125,79.6875,56.25,50,53.125,100,100,100,98.4375,100,100,100,71.875,82.8125,100,100,100,100,92.1875,85.9375,100,68.75,100,100,100,100,100,100,71.875,100,87.5,100,100,100,100,45.3125,100,1.5625,96.875,100,31.25,21.875,79.6875,100,100,100,90.625,100,100,100,85.9375,34.375,100,100,98.4375,100,93.75,100,95.3125,100,100,59.375,100,65.625,100,100,100,76.5625,100,45.3125,64.0625,100,100,50,100,100,79.6875,100,100,73.4375,100,100,100,89.0625,100,71.875,31.25,84.375,32.8125,100,100,75,100,62.5,100,21.875,73.4375,70.3125,78.125,100,100,84.375,100,75,100,78.125,56.25,100,67.1875,81.25,100,92.1875,100,35.9375,59.375,100,100,96.875,100,100,98.4375,46.875,100,100,26.5625,64.0625,100,100,54.6875,85.9375,100,100,31.25,79.6875,53.125,100,100,100,53.125,100,60.9375,32.8125,100,67.1875,100,100,100,60.9375,65.625,100,54.6875,81.25,100,56.25,100,62.5,85.9375,35.9375,96.875,64.0625,100,67.1875,95.3125,100,100,100,82.8125,98.4375,100
"6170",87.5,100,40.625,100,100,62.5,95.3125,75,59.375,98.4375,68.75,100,100,100,100,75,85.9375,84.375,100,100,95.3125,98.4375,100,100,76.5625,100,100,89.0625,84.375,100,100,100,100,89.0625,100,100,100,100,100,89.0625,87.5,65.625,93.75,100,100,100,100,100,67.1875,67.1875,75,100,100,81.25,73.4375,100,7.8125,100,100,42.1875,85.9375,100,98.4375,81.25,100,100,50,100,75,100,57.8125,71.875,59.375,68.75,73.4375,85.9375,100,89.0625,50,100,78.125,100,85.9375,71.875,82.8125,100,100,42.1875,100,100,93.75,89.0625,100,46.875,76.5625,95.3125,100,64.0625,100,100,95.3125,100,100,92.1875,12.5,25,100,100,85.9375,100,85.9375,71.875,100,100,40.625,100,100,100,100,100,70.3125,64.0625,84.375,87.5,100,42.1875,100,18.75,100,100,71.875,100,100,100,100,64.0625,56.25,78.125,100,100,100,100,45.3125,45.3125,100,100,100,96.875,59.375,76.5625,60.9375,35.9375,85.9375,92.1875,95.3125,25,76.5625,100,100,100,100,100,75,100,39.0625,68.75,12.5,85.9375,34.375,100,76.5625,85.9375,100,96.875,100,93.75,84.375,100,100,100,100,37.5,100,100,92.1875,100,45.3125,56.25,92.1875,85.9375,100,59.375,87.5,100,87.5,100,67.1875,71.875,100,100,37.5,29.6875,96.875,100,100,81.25,100,100,70.3125,100,65.625,100,100,100,89.0625,78.125,62.5,95.3125,100,100,100,100,100,100,59.375,56.25,100,100,70.3125,100,100,81.25,100,100,100,100,65.625,62.5,100,100,100,100,98.4375,17.1875,100,26.5625,82.8125,89.0625,100,100,100,76.5625,71.875,92.1875,100,98.4375,100,62.5,100,100,100,95.3125,31.25,96.875,89.0625,89.0625,100,100,89.0625,100,43.75,70.3125,100,100,100,64.0625,37.5,100,64.0625,100,89.0625,42.1875,67.1875,100,100,100,48.4375,100,100,100,79.6875,100,21.875,57.8125,100,100,92.1875,84.375,62.5,75,51.5625,100,100,71.875,100,84.375,76.5625,100,78.125,100,100,100,45.3125,100,100,96.875,100,100,26.5625,60.9375,87.5,100,50,57.8125,76.5625,65.625,92.1875,96.875,100,93.75,85.9375,100,76.5625,100,100,35.9375,15.625,100,100,100,100,84.375,34.375,48.4375,67.1875,65.625,34.375,100,100,76.5625,100,71.875,100,100,64.0625,100,100,82.8125,62.5,100,85.9375,78.125,100,100,85.9375,53.125,29.6875,90.625,98.4375,100,100,100,82.8125,68.75,85.9375,100,98.4375,57.8125,68.75,100,85.9375,82.8125,100,100,100,100,95.3125,100,62.5,90.625,100,76.5625,100,100,100,73.4375,100,57.8125,100,29.6875,100,100,100,100,100,89.0625,59.375,73.4375,70.3125,87.5,71.875,100,79.6875,56.25,100,82.8125,39.0625,51.5625,100,75,65.625,87.5,100,100,100,26.5625,45.3125,100,96.875,100,82.8125,100,85.9375,100,100,65.625,73.4375,100,100,100,100,93.75,65.625,57.8125,100,100,100,87.5,100,93.75,92.1875,100,100,100,82.8125,73.4375,100,100,100,100,76.5625,73.4375,68.75,100,75,64.0625,100,93.75,100,85.9375,71.875,54.6875,56.25,100,100,67.1875,67.1875,100,100,95.3125,65.625,59.375,90.625,60.9375,82.8125,100,54.6875,100,70.3125,73.4375,98.4375,79.6875,79.6875,100,64.0625,100,100,100,70.3125,100,73.4375,100,100,100,90.625,67.1875,84.375,84.375,100,100,59.375,70.3125,68.75,100,100,87.5,100,92.1875,100,100,96.875,100,100,57.8125,35.9375,93.75,100,93.75,50,100,35.9375,100,93.75,100,84.375,71.875,100,75,73.4375,100,84.375,57.8125,100,35.9375,93.75,100,78.125,100,35.9375,68.75,100,100,100,100,100,67.1875,100,100,70.3125,100,100,71.875,60.9375,57.8125,100,100,31.25,100,100,100,76.5625,71.875,71.875,100,39.0625,71.875,100,67.1875,89.0625,100,71.875,100,100,100,96.875,100,100,75,100,65.625,100,60.9375,100,100,100,100,57.8125,100,60.9375,96.875,100,100,100,100,73.4375,100,56.25,67.1875,100,50,100,100,76.5625,100,18.75,100,85.9375,100,100,100,100,100,75,82.8125,100,78.125,65.625,100,100,100,81.25,100,100,100,100,100,48.4375,100,23.4375,100,100,100,59.375,96.875,73.4375,82.8125,100,100,39.0625,92.1875,100,89.0625,90.625,100,42.1875,6.25,89.0625,51.5625,28.125,100,100,100,100,100,100,59.375,100,89.0625,45.3125,59.375,78.125,45.3125,76.5625,67.1875,76.5625,100,93.75,98.4375,76.5625,71.875,40.625,92.1875,95.3125,43.75,100,100,100,100,100,100,48.4375,76.5625,65.625,43.75,68.75,100,100,79.6875,57.8125,75,46.875,100,43.75,100,100,100,100,100,100,65.625,100,73.4375,90.625,84.375,100,100,71.875,98.4375,100,100,62.5,100,100,100,70.3125,100,100,100,100,100,68.75,62.5,100,100,100,100,100,100,100,95.3125,100,100,68.75,100,98.4375,100,62.5,89.0625,100,34.375,89.0625,100,81.25,40.625,65.625,100,100,67.1875,81.25,100,100,39.0625,68.75,100,67.1875,89.0625,100,100,87.5,50,25,71.875,76.5625,7.8125,100,100,100,43.75,89.0625,9.375,84.375,100,100,87.5,100,100,87.5,100,89.0625,100,85.9375,100,43.75,45.3125,100,100,65.625,100,100,100,100,57.8125,100,100,100,71.875,64.0625,100,100,45.3125,100,92.1875,100,89.0625,79.6875,100,43.75,96.875,100,100,56.25,100,76.5625,95.3125,100,100,100,93.75,60.9375,100,100,87.5,90.625,100,100,42.1875,100,70.3125,85.9375,79.6875,43.75,100,60.9375,90.625,79.6875,100,100,100,82.8125,62.5,100,100,100,78.125,100,76.5625,56.25,65.625,100,100,98.4375,100,82.8125,100,90.625,96.875,56.25,100,100,100,48.4375,93.75,100,90.625,100,62.5,40.625,100,68.75,100,67.1875,100,46.875,78.125,100,50,100,100,51.5625,90.625,65.625,76.5625,42.1875,100,100,98.4375,98.4375,54.6875,100,89.0625,70.3125,21.875,100,100,100,100,93.75,48.4375,100,100,100,100,100,70.3125,100,78.125,100,78.125,84.375,100,54.6875,100,67.1875,57.8125,93.75,100,35.9375,100,84.375,90.625,89.0625,93.75,70.3125,48.4375,96.875,100,65.625,85.9375,40.625,100,71.875,78.125,54.6875,100,71.875,100,100,51.5625,92.1875,100,34.375,100,95.3125,100,89.0625,67.1875,100,100,96.875,100,100,100,93.75,100,100,100,100,100,100,100,100,64.0625,51.5625,84.375,100,59.375,26.5625,100,93.75,100,100,100,76.5625,53.125,29.6875,100,25,100,68.75,70.3125,100,89.0625,89.0625,100,100,100,100,100,100,100,100,100,64.0625,87.5,100,100,92.1875,59.375,95.3125,68.75,54.6875,100,100,100,64.0625,84.375,100,78.125,64.0625,78.125,100,100,87.5,100,100,100,81.25,37.5,100,100,84.375,100,67.1875,100,87.5,100,98.4375,100,100,100,81.25,84.375,100,100,78.125,100,70.3125,100,100,21.875,100,100,100,100,71.875,100,81.25,59.375,100,100,100,100,100,84.375,100,100,100,93.75,100,100,92.1875,100,42.1875,93.75,100,81.25,46.875,31.25,100,70.3125,82.8125,100,84.375,92.1875,100,71.875,100,53.125,100,82.8125,71.875,100,100,29.6875,100,100,79.6875,100,100,92.1875,75,100,100,100,71.875,17.1875,100,100,70.3125,100,100,100,100,100,68.75,100,100,65.625,100,51.5625,96.875,25,68.75,100,87.5,100,100,100,100,100,75,100,100,93.75,51.5625,100,84.375,48.4375,100,82.8125,100,54.6875,100,67.1875,100,100,100,17.1875,100,75,100,100,100,46.875,100,100,62.5,65.625,100,93.75,100,85.9375,100,85.9375,84.375,78.125,96.875,100,26.5625,81.25,100,100,100,100,50,67.1875,100,100,100,100,100,100,45.3125,92.1875,100,100,100,100,100,96.875,100,65.625,75,100,100,100,87.5,93.75,100,79.6875,75,100,92.1875,100,100,100,7.8125,100,42.1875,51.5625,76.5625,100,68.75,93.75,100,93.75,100,82.8125,48.4375,62.5,100,26.5625,100,100,100,31.25,100,100,100,100,100,100,73.4375,65.625,100,53.125,82.8125,76.5625,100,100,100,71.875,95.3125,79.6875,100,100,54.6875,100,100,60.9375,89.0625,76.5625,89.0625,100,100,43.75,73.4375,73.4375,75,100,100,100,100,29.6875,71.875,100,100,100,89.0625,45.3125,100,50,100,100,100,100,68.75,67.1875,100,73.4375,100,92.1875,100,84.375,100,79.6875,81.25,53.125,87.5,75,100,100,76.5625,70.3125,92.1875,67.1875,62.5,53.125,100,100,67.1875,35.9375,100,59.375,62.5,100,43.75,87.5,100,100,100,100,100,100,100,73.4375,100,93.75,100,85.9375,56.25,92.1875,100,85.9375,93.75,100,100,100,100,100,100,75,100,85.9375,62.5,62.5,100,60.9375,100,100,62.5,89.0625,100,100,100,100,89.0625,53.125,100,96.875,100,71.875,100,32.8125,84.375,100,68.75,53.125,75,75,100,100,90.625,68.75,67.1875,57.8125,45.3125,100,100,75,60.9375,60.9375,81.25,73.4375,92.1875,95.3125,100,89.0625,100,53.125,100,68.75,64.0625,100,100,71.875,100,100,100,84.375,100,100,100,90.625,100,100,100,73.4375,34.375,100,100,100,100,100,73.4375,100,48.4375,65.625,89.0625,100,78.125,100,100,100,100,50,71.875,75,43.75,78.125,57.8125,90.625,100,100,100,75,100,100,71.875,40.625,89.0625,100,71.875,68.75,100,100,59.375,37.5,100,43.75,37.5,100,100,95.3125,100,100,93.75,100,89.0625,100,98.4375,100,100,100,92.1875,100,100,100,100,60.9375,70.3125,100,100,82.8125,90.625,71.875,100,100,73.4375,82.8125,100,95.3125,100,14.0625,43.75,78.125,100,98.4375,76.5625,100,100,82.8125,65.625,100,95.3125,100,60.9375,78.125,100,100,100,100,100,100,96.875,35.9375,100,100,46.875,46.875,73.4375,100,65.625,100,100,100,100,100,100,75,100,100,90.625,17.1875,100,100,100,100,100,100,98.4375,100,100,98.4375,76.5625,100,71.875,100,89.0625,100,100,100,90.625,71.875,100,100,37.5,100,42.1875,100,100,100,62.5,100,100,100,100,100,100,60.9375,100,79.6875,100,100,100,67.1875,100,100,100,100,82.8125,100,100,100,98.4375,18.75,100,100,82.8125,100,57.8125,100,81.25,89.0625,56.25,68.75,78.125,56.25,59.375,65.625,100,100,100,100,89.0625,100,87.5,84.375,82.8125,57.8125,100,100,82.8125,100,100,81.25,100,100,100,100,70.3125,45.3125,84.375,100,76.5625,100,64.0625,82.8125,100,70.3125,100,100,100,89.0625,100,70.3125,100,100,85.9375,85.9375,100,100,100,92.1875,100,100,100,100,100,100,100,59.375,100,100,96.875,79.6875,96.875,100,82.8125,100,100,71.875,71.875,71.875,100,100,85.9375,100,100,82.8125,68.75,100,68.75,100,100,100,100,100,75,56.25,100,87.5,100,100,89.0625,100,50,84.375,73.4375,64.0625,100,35.9375,87.5,100,43.75,100,100,51.5625,37.5,64.0625,100,48.4375,53.125,100,95.3125,75,100,100,87.5,100,100,100,95.3125,100,32.8125,18.75,100,100,100,100,100,100,100,100,100,100,14.0625,14.0625,100,100,100,73.4375,82.8125,100,96.875,100,100,84.375,75,67.1875,100,100,100,100,68.75,85.9375,100,100,45.3125,100,59.375,68.75,100,100,100,42.1875,73.4375,100,76.5625,73.4375,100,43.75,59.375,62.5,50,82.8125,100,93.75,100,98.4375,100,84.375,87.5,78.125,100,100,100,84.375,100,100,100,100,100,100,90.625,100,25,85.9375,85.9375,100,79.6875,75,100,75,100,48.4375,59.375,96.875,100,46.875,100,100,50,100,100,100,73.4375,100,84.375,100,45.3125,100,68.75,85.9375,100,100,100,81.25,87.5,35.9375,50,100,100,51.5625,68.75,100,15.625,100,60.9375,100,100,75,100,100,100,64.0625,62.5,100,89.0625,100,100,62.5,62.5,42.1875,70.3125,73.4375,62.5,79.6875,100,68.75,81.25,100,54.6875,100,75,100,100,100,100,23.4375,68.75,100,82.8125,100,100,32.8125,93.75,100,70.3125,59.375,75,64.0625,31.25,53.125,68.75,17.1875,100,75,100,100,85.9375,100,87.5,75,79.6875,100,39.0625,84.375,100,100,100,92.1875,100,39.0625,100,100,71.875,100,78.125,100,92.1875,100,82.8125,100,84.375,95.3125,100,59.375,100,76.5625,32.8125,78.125,100,93.75,53.125,93.75,96.875,100,42.1875,35.9375,100,76.5625,75,100,31.25,96.875,100,100,87.5,100,96.875,42.1875,100,89.0625,100,92.1875,62.5,26.5625,100,70.3125,100,100,90.625,100,100,57.8125,37.5,100,100,73.4375,60.9375,100,100,75,84.375,93.75,78.125,48.4375,81.25,100,100,90.625,57.8125,85.9375,100,100,100,100,50,100,100,100,100,87.5,100,100,100,100,100,12.5,100,57.8125,67.1875,100,100,51.5625,100,20.3125,100,100,79.6875,100,100,100,73.4375,70.3125,82.8125,100,89.0625,100,100,100,100,100,84.375,48.4375,51.5625,100,81.25,100,100,100,64.0625,96.875,100,100,82.8125,95.3125,100,95.3125,85.9375,82.8125,100,100,100,100,100,100,100,100,78.125,100,76.5625,93.75,100,100,98.4375,87.5,92.1875,100,100,67.1875,100,75,64.0625,100,100,100,75,81.25,85.9375,100,75,40.625,56.25,70.3125,100,95.3125,100,100,100,100,100,76.5625,100,100,92.1875,95.3125,100,67.1875,87.5,78.125,100,39.0625,46.875,100,60.9375,4.6875,35.9375,100,9.375,100,100,100,87.5,90.625,95.3125,93.75,100,76.5625,81.25,100,100,15.625,100,100,100,78.125,100,100,100,100,100,82.8125,100,95.3125,18.75,100,100,100,89.0625,81.25,100,81.25,82.8125,100,100,100,100,71.875,100,39.0625,100,100,56.25,100,70.3125,100,76.5625,90.625,70.3125,75,100,79.6875,96.875,100,96.875,100,76.5625,100,100,60.9375,50,71.875,100,100,90.625,100,100,82.8125,100,89.0625,60.9375,100,92.1875,100,100,50,100,92.1875,100,75,45.3125,93.75,100,100,100,57.8125,65.625,25,71.875,73.4375,100,100,59.375,100,85.9375,65.625,57.8125,100,95.3125,26.5625,84.375,68.75,100,90.625,100,100,85.9375,89.0625,42.1875,39.0625,100,70.3125,39.0625,100,68.75,100,100,54.6875,64.0625,89.0625,60.9375,100,87.5,75,92.1875,60.9375,100,100,100,100,100,67.1875,76.5625,79.6875,100,100,100,50,62.5,96.875,100,79.6875,100,100,93.75,57.8125,65.625,100,100,100,60.9375,95.3125,100,100,89.0625,87.5,64.0625,50,29.6875,62.5,51.5625,100,78.125,100,100,92.1875,100,20.3125,26.5625,100,20.3125,100,96.875,87.5,75,29.6875,40.625,100,100,35.9375,40.625,96.875,81.25,100,100,70.3125,54.6875,95.3125,98.4375,84.375,100,67.1875,65.625,78.125,100,100,100,100,100,100,82.8125,100,100,100,87.5,71.875,46.875,7.8125,100,71.875,62.5,100,82.8125,87.5,75,100,20.3125,95.3125,54.6875,95.3125,96.875,100,73.4375,84.375,100,87.5,81.25,100,100,100,100,100,92.1875,95.3125,42.1875,26.5625,89.0625,100,100,65.625,70.3125,68.75,65.625,100,100,100,100,100,100,60.9375,42.1875,95.3125,100,100,100,85.9375,100,93.75,100,100,60.9375,98.4375,71.875,87.5,100,45.3125,100,39.0625,100,81.25,100,89.0625,100,65.625,100,84.375,93.75,90.625,100,100,92.1875,100,87.5,100,100,100,100,68.75,62.5,76.5625,100,100,100,28.125,79.6875,100,100,100,100,100,100,100,79.6875,59.375,100,85.9375,100,100,100,100,96.875,64.0625,67.1875,100,100,70.3125,100,100,100,73.4375,53.125,46.875,75,89.0625,100,100,100,100,100,87.5,100,81.25,92.1875,93.75,68.75,64.0625,64.0625,100,25,100,98.4375,39.0625,54.6875,100,100,50,100,70.3125,100,100,100,92.1875,87.5,76.5625,100,100,89.0625,100,29.6875,100,100,81.25,71.875,96.875,100,100,100,98.4375,100,100,82.8125,62.5,100,59.375,79.6875,100,100,75,100,100,95.3125,100,96.875,100,100,96.875,100,100,100,68.75,100,78.125,60.9375,100,100,64.0625,100,100,57.8125,100,100,100,100,100,82.8125,100,56.25,71.875,70.3125,100,45.3125,76.5625,53.125,100,100,84.375,100,79.6875,100,100,100,75,100,89.0625,100,60.9375,100,100,100,48.4375,100,100,65.625,81.25,71.875,100,76.5625,100,100,100,89.0625,79.6875,9.375,100,100,100,100,76.5625,46.875,100,100,100,93.75,100,50,100,100,29.6875,59.375,100,100,100,100,96.875,62.5,100,100,51.5625,100,100,68.75,100,75,100,100,100,100,78.125,100,51.5625,100,67.1875,100,46.875,100,76.5625,56.25,60.9375,100,100,56.25,100,96.875,82.8125,42.1875,100,100,39.0625,10.9375,100,73.4375,100,100,100,75,84.375,89.0625,100,76.5625,100,100,40.625,56.25,100,96.875,78.125,45.3125,95.3125,100,53.125,95.3125,64.0625,59.375,100,100,85.9375,100,100,100,100,84.375,82.8125,100,71.875,23.4375,78.125,92.1875,100,98.4375,90.625,90.625,100,100,100,81.25,100,79.6875,100,100,100,96.875,100,92.1875,96.875,68.75,81.25,87.5,17.1875,50,100,100,100,42.1875,59.375,100,100,100,100,68.75,79.6875,98.4375,89.0625,100,100,100,65.625,100,92.1875,81.25,100,100,57.8125,100,93.75,76.5625,79.6875,100,87.5,54.6875,100,100,100,100,45.3125,45.3125,100,100,51.5625,100,100,68.75,28.125,100,100,59.375,89.0625,76.5625,100,96.875,98.4375,100,100,92.1875,90.625,100,59.375,100,75,100,100,100,67.1875,100,100,70.3125,100,100,96.875,81.25,100,100,90.625,70.3125,100,100,65.625,56.25,100,56.25,100,73.4375,100,62.5,87.5,100,100,81.25,100,35.9375,100,48.4375,65.625,64.0625,100,100,100,90.625,90.625,100,100,57.8125,57.8125,35.9375,100,100,100,100,84.375,78.125,100,95.3125,100,78.125,90.625,71.875,100,71.875,15.625,87.5,68.75,98.4375,48.4375,95.3125,82.8125,100,46.875,34.375,100,56.25,100,100,48.4375,100,64.0625,57.8125,73.4375,73.4375,100,78.125,100,81.25,84.375,100,100,100,100,50,100,100,85.9375,100,100,65.625,84.375,100,100,28.125,100,53.125,100,100,48.4375,100,35.9375,100,79.6875,100,100,53.125,37.5,100,100,18.75,85.9375,100,100,26.5625,100,75,81.25,28.125,100,59.375,100,89.0625,100,78.125,56.25,42.1875,100,100,50,68.75,100,100,50,100,100,18.75,100,48.4375,100,100,100,73.4375,100,59.375,65.625,100,92.1875,81.25,50,50,53.125,100,100,100,93.75,100,82.8125,100,73.4375,62.5,100,100,100,100,92.1875,85.9375,100,67.1875,100,100,62.5,100,100,100,70.3125,100,84.375,100,100,79.6875,100,14.0625,100,1.5625,95.3125,100,28.125,100,75,100,100,18.75,90.625,100,100,82.8125,82.8125,100,100,100,98.4375,100,89.0625,100,82.8125,48.4375,100,59.375,100,54.6875,100,100,96.875,76.5625,100,45.3125,64.0625,100,100,53.125,100,100,60.9375,100,100,90.625,9.375,98.4375,100,89.0625,100,60.9375,28.125,96.875,100,98.4375,100,71.875,100,62.5,100,64.0625,100,70.3125,68.75,100,100,87.5,100,78.125,100,70.3125,57.8125,100,65.625,62.5,85.9375,81.25,100,70.3125,57.8125,100,100,96.875,68.75,100,95.3125,46.875,100,98.4375,26.5625,68.75,100,100,70.3125,81.25,100,90.625,31.25,68.75,42.1875,100,100,100,23.4375,100,62.5,32.8125,100,67.1875,100,100,100,42.1875,64.0625,100,54.6875,95.3125,100,57.8125,82.8125,57.8125,100,50,68.75,51.5625,100,28.125,64.0625,100,100,100,78.125,100,100
"6171",90.625,100,48.4375,100,100,70.3125,95.3125,54.6875,59.375,98.4375,76.5625,85.9375,100,100,100,70.3125,84.375,79.6875,100,100,96.875,98.4375,100,100,75,100,100,93.75,84.375,100,100,100,100,96.875,100,100,82.8125,100,100,90.625,93.75,64.0625,75,100,100,100,100,100,67.1875,82.8125,75,100,100,68.75,75,100,14.0625,100,100,45.3125,98.4375,100,98.4375,100,100,100,50,100,70.3125,100,57.8125,78.125,100,89.0625,59.375,75,100,100,53.125,100,75,100,85.9375,70.3125,64.0625,100,100,53.125,100,100,56.25,89.0625,100,48.4375,70.3125,100,100,64.0625,100,100,100,100,100,92.1875,12.5,28.125,100,89.0625,85.9375,100,85.9375,71.875,100,89.0625,40.625,100,100,100,100,95.3125,89.0625,100,100,78.125,70.3125,46.875,100,18.75,100,100,100,100,100,100,100,60.9375,62.5,78.125,100,92.1875,100,92.1875,48.4375,53.125,100,100,96.875,100,60.9375,78.125,62.5,28.125,79.6875,92.1875,98.4375,25,75,100,100,100,100,100,71.875,100,100,71.875,71.875,84.375,31.25,87.5,85.9375,81.25,98.4375,100,100,100,82.8125,100,100,50,100,35.9375,100,100,84.375,100,45.3125,100,100,85.9375,84.375,48.4375,87.5,89.0625,87.5,100,89.0625,60.9375,100,100,48.4375,100,100,100,100,79.6875,34.375,100,71.875,100,65.625,100,100,100,81.25,78.125,56.25,95.3125,100,100,100,67.1875,100,100,100,56.25,100,100,71.875,100,100,81.25,100,100,70.3125,100,59.375,64.0625,100,100,100,100,100,34.375,100,26.5625,82.8125,87.5,100,100,100,76.5625,70.3125,92.1875,87.5,85.9375,100,62.5,100,100,100,98.4375,29.6875,87.5,79.6875,90.625,100,100,100,100,46.875,95.3125,100,100,100,76.5625,35.9375,100,67.1875,100,81.25,54.6875,34.375,100,100,100,46.875,98.4375,100,100,84.375,100,20.3125,54.6875,100,100,100,84.375,60.9375,75,43.75,100,100,71.875,100,81.25,76.5625,37.5,78.125,100,100,100,45.3125,100,89.0625,96.875,100,100,25,54.6875,87.5,100,50,76.5625,82.8125,57.8125,89.0625,96.875,100,95.3125,85.9375,100,76.5625,100,100,35.9375,100,100,100,100,100,84.375,35.9375,53.125,64.0625,67.1875,32.8125,100,95.3125,70.3125,100,78.125,100,100,68.75,100,100,76.5625,59.375,85.9375,76.5625,81.25,100,100,71.875,53.125,29.6875,89.0625,98.4375,100,100,100,90.625,81.25,79.6875,100,95.3125,62.5,76.5625,100,85.9375,96.875,82.8125,100,100,82.8125,93.75,100,65.625,92.1875,100,71.875,100,100,100,76.5625,100,65.625,84.375,28.125,100,100,100,100,100,85.9375,59.375,71.875,76.5625,85.9375,78.125,96.875,68.75,75,100,87.5,39.0625,57.8125,100,73.4375,64.0625,87.5,100,100,100,37.5,43.75,100,96.875,100,82.8125,100,82.8125,84.375,90.625,73.4375,56.25,100,100,100,100,29.6875,100,64.0625,100,100,100,89.0625,89.0625,93.75,90.625,100,100,100,85.9375,73.4375,100,65.625,100,100,76.5625,73.4375,68.75,100,65.625,64.0625,100,100,100,81.25,67.1875,56.25,59.375,100,100,67.1875,100,100,100,92.1875,64.0625,59.375,100,78.125,82.8125,100,50,100,67.1875,73.4375,100,78.125,79.6875,100,65.625,100,100,93.75,71.875,78.125,82.8125,100,100,100,85.9375,71.875,89.0625,82.8125,100,100,59.375,70.3125,70.3125,100,100,95.3125,100,100,100,100,100,95.3125,90.625,59.375,34.375,92.1875,100,96.875,50,100,35.9375,100,96.875,100,84.375,71.875,100,73.4375,84.375,87.5,78.125,59.375,100,35.9375,50,100,84.375,100,20.3125,70.3125,100,100,100,100,100,53.125,84.375,100,71.875,100,100,71.875,100,100,100,100,31.25,100,100,100,68.75,100,96.875,100,37.5,67.1875,100,62.5,100,100,68.75,100,100,100,93.75,100,100,67.1875,100,71.875,100,51.5625,100,100,100,46.875,60.9375,100,57.8125,96.875,100,100,100,89.0625,57.8125,100,100,45.3125,98.4375,50,100,100,79.6875,100,12.5,100,100,71.875,100,100,100,100,64.0625,84.375,100,73.4375,32.8125,96.875,100,73.4375,85.9375,100,100,100,100,100,100,100,21.875,100,100,100,59.375,96.875,67.1875,48.4375,100,100,34.375,100,100,85.9375,90.625,100,42.1875,28.125,82.8125,53.125,28.125,100,100,100,100,100,100,65.625,100,82.8125,43.75,59.375,65.625,35.9375,76.5625,67.1875,76.5625,96.875,93.75,43.75,76.5625,73.4375,40.625,90.625,95.3125,42.1875,73.4375,100,100,100,100,100,62.5,78.125,53.125,43.75,68.75,100,100,76.5625,54.6875,71.875,46.875,100,45.3125,100,100,100,100,100,100,75,100,73.4375,90.625,84.375,100,100,75,95.3125,100,100,62.5,100,100,100,71.875,100,100,100,100,100,100,64.0625,100,100,100,100,100,100,100,45.3125,100,100,68.75,100,78.125,100,51.5625,100,100,35.9375,84.375,100,79.6875,39.0625,64.0625,98.4375,100,68.75,96.875,100,100,100,73.4375,100,65.625,90.625,100,100,85.9375,48.4375,29.6875,71.875,68.75,6.25,100,100,34.375,43.75,35.9375,9.375,84.375,100,95.3125,95.3125,100,100,82.8125,95.3125,100,98.4375,64.0625,100,39.0625,43.75,93.75,100,81.25,100,100,100,78.125,56.25,100,93.75,100,85.9375,64.0625,100,100,29.6875,100,93.75,100,89.0625,81.25,100,39.0625,93.75,100,100,67.1875,100,85.9375,100,100,100,100,93.75,62.5,98.4375,100,71.875,70.3125,100,100,42.1875,100,70.3125,90.625,79.6875,43.75,100,85.9375,100,81.25,100,100,100,82.8125,62.5,100,100,100,76.5625,96.875,76.5625,57.8125,64.0625,100,100,78.125,100,82.8125,100,89.0625,93.75,54.6875,100,100,100,100,95.3125,100,54.6875,100,65.625,37.5,100,68.75,100,67.1875,100,48.4375,76.5625,100,46.875,100,31.25,54.6875,100,62.5,68.75,75,100,100,98.4375,100,60.9375,100,62.5,68.75,21.875,100,100,100,98.4375,100,45.3125,100,100,100,100,100,65.625,100,76.5625,100,78.125,100,73.4375,54.6875,100,50,59.375,87.5,100,35.9375,100,100,100,87.5,75,70.3125,60.9375,78.125,100,68.75,73.4375,62.5,100,75,81.25,70.3125,75,75,100,100,59.375,93.75,95.3125,34.375,65.625,100,100,100,68.75,100,100,95.3125,100,100,100,92.1875,100,46.875,100,68.75,100,100,100,93.75,60.9375,60.9375,100,100,59.375,43.75,100,92.1875,100,100,100,100,48.4375,29.6875,100,23.4375,100,70.3125,70.3125,100,89.0625,89.0625,100,50,100,100,100,82.8125,100,100,100,57.8125,87.5,20.3125,100,92.1875,57.8125,95.3125,57.8125,57.8125,100,100,95.3125,90.625,84.375,100,79.6875,46.875,15.625,95.3125,100,100,46.875,90.625,100,93.75,37.5,100,84.375,81.25,100,67.1875,100,96.875,65.625,56.25,100,100,100,82.8125,96.875,100,100,76.5625,100,68.75,100,100,40.625,100,100,100,100,100,100,79.6875,100,68.75,100,100,100,100,85.9375,100,100,100,90.625,100,100,90.625,100,40.625,76.5625,100,82.8125,75,100,100,68.75,81.25,100,84.375,75,100,73.4375,100,50,100,85.9375,70.3125,100,100,29.6875,93.75,100,85.9375,100,84.375,57.8125,79.6875,100,100,100,71.875,17.1875,100,100,75,100,100,100,100,100,84.375,85.9375,100,65.625,89.0625,26.5625,96.875,26.5625,75,100,87.5,100,100,100,100,100,75,100,100,93.75,50,100,82.8125,48.4375,100,75,100,65.625,100,100,100,100,100,43.75,100,79.6875,100,100,100,100,100,100,57.8125,65.625,100,93.75,100,85.9375,100,98.4375,70.3125,78.125,95.3125,100,100,100,100,100,95.3125,100,45.3125,67.1875,100,93.75,100,100,100,100,39.0625,98.4375,100,100,100,67.1875,100,96.875,100,82.8125,75,100,100,100,85.9375,100,100,85.9375,75,100,98.4375,100,100,85.9375,4.6875,100,51.5625,51.5625,100,100,68.75,98.4375,100,100,100,85.9375,42.1875,100,95.3125,25,100,100,100,100,100,100,100,100,100,100,100,75,98.4375,50,100,76.5625,100,75,100,70.3125,95.3125,76.5625,100,100,53.125,100,100,64.0625,92.1875,53.125,100,100,100,43.75,100,68.75,82.8125,100,100,100,100,28.125,75,100,98.4375,100,89.0625,43.75,100,39.0625,100,100,40.625,100,60.9375,67.1875,100,73.4375,100,100,100,100,100,89.0625,81.25,50,87.5,70.3125,100,100,76.5625,84.375,87.5,67.1875,100,50,100,100,65.625,56.25,46.875,75,62.5,100,45.3125,89.0625,100,100,100,100,100,90.625,100,73.4375,100,100,96.875,78.125,17.1875,84.375,100,85.9375,79.6875,100,100,100,100,85.9375,28.125,71.875,100,85.9375,62.5,62.5,100,56.25,96.875,100,100,89.0625,100,100,100,100,90.625,37.5,100,100,100,81.25,100,42.1875,93.75,100,70.3125,51.5625,78.125,71.875,100,100,84.375,65.625,70.3125,71.875,42.1875,100,100,75,59.375,60.9375,100,68.75,92.1875,95.3125,100,89.0625,100,46.875,90.625,73.4375,62.5,100,100,68.75,100,92.1875,100,79.6875,81.25,100,85.9375,92.1875,100,100,100,73.4375,34.375,28.125,100,100,100,100,75,100,100,65.625,90.625,100,73.4375,100,100,100,100,45.3125,100,71.875,34.375,78.125,68.75,90.625,100,100,100,59.375,100,100,65.625,39.0625,78.125,100,71.875,71.875,100,100,60.9375,100,100,100,79.6875,34.375,100,78.125,100,100,93.75,100,89.0625,100,93.75,100,100,100,95.3125,100,100,100,45.3125,67.1875,73.4375,100,100,84.375,90.625,70.3125,100,100,68.75,71.875,100,95.3125,100,29.6875,42.1875,78.125,100,98.4375,85.9375,100,100,60.9375,40.625,90.625,100,100,76.5625,78.125,100,100,100,100,100,56.25,100,100,100,100,46.875,50,75,100,62.5,100,100,100,100,100,100,25,98.4375,100,90.625,50,100,76.5625,100,100,100,100,93.75,100,100,100,92.1875,100,71.875,100,93.75,100,100,100,93.75,71.875,100,95.3125,39.0625,100,42.1875,100,100,100,100,100,81.25,100,64.0625,100,100,60.9375,100,85.9375,100,100,100,65.625,100,100,100,100,90.625,100,100,67.1875,98.4375,34.375,100,100,96.875,100,28.125,100,68.75,71.875,84.375,60.9375,73.4375,60.9375,84.375,68.75,100,100,100,60.9375,89.0625,100,89.0625,68.75,73.4375,57.8125,100,100,85.9375,100,100,81.25,100,100,100,100,56.25,43.75,100,100,68.75,100,56.25,79.6875,100,89.0625,100,100,85.9375,73.4375,100,57.8125,100,100,89.0625,67.1875,100,100,100,92.1875,100,92.1875,100,98.4375,100,90.625,100,59.375,100,95.3125,98.4375,76.5625,100,100,87.5,100,100,71.875,75,68.75,100,100,65.625,100,100,79.6875,67.1875,100,64.0625,100,71.875,100,100,100,76.5625,56.25,100,82.8125,100,100,89.0625,62.5,53.125,32.8125,79.6875,64.0625,100,100,87.5,100,32.8125,71.875,100,48.4375,23.4375,62.5,100,46.875,53.125,100,95.3125,59.375,100,100,87.5,100,100,100,93.75,100,32.8125,20.3125,100,100,100,100,100,100,100,100,100,100,12.5,100,100,100,100,79.6875,78.125,100,95.3125,100,100,100,96.875,65.625,100,100,100,100,85.9375,96.875,95.3125,100,100,100,100,68.75,100,100,100,100,75,100,75,70.3125,100,40.625,59.375,62.5,64.0625,82.8125,100,100,100,100,100,76.5625,90.625,93.75,100,100,100,82.8125,100,100,100,100,100,100,90.625,100,6.25,84.375,84.375,100,45.3125,92.1875,100,84.375,100,46.875,54.6875,100,100,51.5625,48.4375,100,100,100,100,100,71.875,100,84.375,100,46.875,98.4375,62.5,70.3125,100,57.8125,100,90.625,89.0625,43.75,57.8125,100,100,51.5625,68.75,100,28.125,100,57.8125,100,100,75,100,100,100,67.1875,67.1875,98.4375,100,100,100,70.3125,59.375,40.625,78.125,81.25,64.0625,76.5625,100,40.625,62.5,100,26.5625,100,73.4375,100,100,100,100,23.4375,67.1875,100,59.375,100,100,34.375,100,100,79.6875,100,79.6875,65.625,100,56.25,89.0625,73.4375,48.4375,73.4375,92.1875,100,42.1875,100,100,84.375,78.125,100,42.1875,100,100,100,100,93.75,96.875,39.0625,100,100,78.125,100,90.625,100,100,100,73.4375,100,81.25,100,100,20.3125,100,92.1875,31.25,68.75,100,87.5,51.5625,100,57.8125,100,43.75,35.9375,100,71.875,76.5625,100,32.8125,96.875,100,100,87.5,100,90.625,60.9375,100,85.9375,100,64.0625,67.1875,28.125,100,70.3125,100,100,92.1875,76.5625,100,65.625,35.9375,9.375,100,73.4375,62.5,100,100,73.4375,84.375,92.1875,100,43.75,100,39.0625,100,92.1875,56.25,70.3125,100,100,100,100,32.8125,100,100,100,100,93.75,100,100,100,100,100,17.1875,100,59.375,68.75,100,100,54.6875,100,20.3125,100,100,82.8125,100,100,100,78.125,75,82.8125,100,87.5,100,100,100,100,100,84.375,42.1875,53.125,100,89.0625,100,100,100,75,100,100,100,89.0625,95.3125,100,90.625,84.375,100,100,100,100,100,100,90.625,100,100,60.9375,100,76.5625,92.1875,100,100,100,89.0625,100,100,100,67.1875,100,90.625,87.5,100,100,100,81.25,79.6875,89.0625,93.75,67.1875,42.1875,59.375,100,100,95.3125,100,100,100,100,100,71.875,100,100,90.625,100,93.75,67.1875,100,79.6875,100,62.5,43.75,100,71.875,6.25,32.8125,100,56.25,100,100,100,92.1875,92.1875,90.625,98.4375,100,100,81.25,100,100,100,100,100,100,73.4375,100,100,93.75,100,100,85.9375,100,95.3125,20.3125,100,100,100,73.4375,81.25,100,100,84.375,100,100,100,100,71.875,100,48.4375,100,100,56.25,100,70.3125,100,85.9375,87.5,70.3125,73.4375,100,100,100,100,100,100,81.25,100,98.4375,100,54.6875,73.4375,93.75,100,90.625,100,82.8125,78.125,100,89.0625,60.9375,98.4375,100,100,100,50,100,89.0625,100,45.3125,45.3125,93.75,100,100,100,60.9375,64.0625,25,78.125,29.6875,100,100,59.375,100,100,67.1875,57.8125,100,93.75,76.5625,89.0625,85.9375,100,92.1875,100,100,87.5,87.5,43.75,37.5,84.375,70.3125,37.5,100,39.0625,100,100,57.8125,64.0625,95.3125,60.9375,100,89.0625,75,87.5,60.9375,93.75,100,100,100,100,70.3125,100,79.6875,100,100,100,48.4375,62.5,92.1875,100,81.25,100,100,95.3125,59.375,67.1875,100,100,100,17.1875,95.3125,100,100,82.8125,76.5625,64.0625,93.75,29.6875,65.625,43.75,100,93.75,100,73.4375,73.4375,100,64.0625,25,100,100,100,45.3125,100,64.0625,46.875,39.0625,73.4375,100,57.8125,40.625,100,81.25,100,100,71.875,78.125,96.875,98.4375,85.9375,100,65.625,65.625,75,100,100,100,100,100,56.25,90.625,100,100,100,84.375,64.0625,48.4375,6.25,100,70.3125,62.5,100,59.375,100,75,100,20.3125,95.3125,54.6875,87.5,71.875,100,64.0625,82.8125,100,81.25,89.0625,100,100,100,100,100,96.875,95.3125,39.0625,54.6875,100,100,100,67.1875,68.75,59.375,67.1875,100,100,100,100,100,100,100,50,81.25,100,100,100,85.9375,100,100,100,100,62.5,85.9375,100,82.8125,100,67.1875,100,37.5,100,71.875,93.75,100,100,68.75,100,84.375,96.875,93.75,100,100,92.1875,100,87.5,98.4375,100,100,100,67.1875,57.8125,96.875,100,100,100,28.125,71.875,100,100,100,70.3125,100,100,100,46.875,60.9375,100,87.5,100,100,70.3125,92.1875,85.9375,64.0625,85.9375,100,100,84.375,98.4375,100,100,71.875,71.875,45.3125,71.875,100,100,100,90.625,100,100,100,100,62.5,67.1875,92.1875,73.4375,92.1875,64.0625,100,28.125,100,100,54.6875,54.6875,100,100,50,100,73.4375,90.625,100,100,87.5,85.9375,79.6875,87.5,100,76.5625,100,28.125,100,100,81.25,79.6875,82.8125,100,87.5,100,98.4375,100,100,84.375,60.9375,100,59.375,79.6875,100,100,73.4375,100,100,98.4375,100,81.25,100,100,75,100,100,73.4375,70.3125,89.0625,87.5,59.375,100,100,64.0625,100,100,57.8125,100,100,84.375,100,100,78.125,100,57.8125,70.3125,71.875,100,45.3125,48.4375,67.1875,100,100,82.8125,100,82.8125,100,100,100,73.4375,100,76.5625,100,60.9375,100,100,100,48.4375,100,100,68.75,78.125,100,100,76.5625,100,92.1875,100,100,100,100,100,100,100,100,75,39.0625,100,9.375,100,92.1875,100,50,100,100,31.25,59.375,59.375,100,100,100,95.3125,60.9375,100,100,51.5625,100,100,35.9375,100,75,100,100,100,100,81.25,100,40.625,100,100,100,50,100,87.5,85.9375,59.375,100,100,51.5625,100,82.8125,82.8125,46.875,100,100,39.0625,10.9375,100,73.4375,100,100,57.8125,75,89.0625,76.5625,100,100,100,100,39.0625,60.9375,75,93.75,81.25,95.3125,100,100,64.0625,100,64.0625,56.25,100,100,90.625,100,95.3125,100,100,100,85.9375,100,90.625,100,78.125,92.1875,84.375,100,87.5,100,100,100,100,79.6875,81.25,78.125,100,100,100,96.875,100,89.0625,95.3125,70.3125,95.3125,89.0625,18.75,50,100,100,100,48.4375,25,100,100,100,100,81.25,79.6875,98.4375,89.0625,51.5625,85.9375,100,67.1875,100,100,81.25,56.25,100,57.8125,100,95.3125,79.6875,81.25,100,78.125,54.6875,100,100,100,100,50,46.875,100,100,51.5625,100,100,68.75,29.6875,100,100,59.375,92.1875,76.5625,100,100,85.9375,100,100,100,100,100,57.8125,100,75,100,100,87.5,43.75,100,100,81.25,100,87.5,100,93.75,100,100,90.625,73.4375,100,100,100,54.6875,100,60.9375,100,85.9375,100,68.75,87.5,92.1875,100,75,100,42.1875,56.25,39.0625,79.6875,59.375,100,100,100,96.875,100,95.3125,100,54.6875,54.6875,37.5,100,100,100,100,78.125,78.125,100,92.1875,100,79.6875,95.3125,71.875,100,78.125,100,90.625,76.5625,82.8125,50,95.3125,79.6875,100,43.75,26.5625,100,76.5625,82.8125,100,50,100,100,59.375,65.625,70.3125,100,84.375,100,81.25,85.9375,100,100,100,100,95.3125,100,100,89.0625,100,90.625,67.1875,84.375,100,100,21.875,100,57.8125,100,100,43.75,100,35.9375,100,81.25,85.9375,100,51.5625,21.875,100,90.625,18.75,70.3125,100,100,100,100,76.5625,93.75,17.1875,100,59.375,100,85.9375,100,70.3125,54.6875,43.75,100,100,50,68.75,100,100,100,100,100,45.3125,100,51.5625,100,100,100,75,100,54.6875,43.75,100,92.1875,78.125,46.875,43.75,53.125,100,100,100,100,100,98.4375,100,100,100,100,100,100,100,92.1875,85.9375,100,65.625,100,100,100,100,100,100,84.375,15.625,81.25,100,100,100,100,39.0625,100,1.5625,100,100,29.6875,100,78.125,100,100,100,87.5,100,10.9375,100,85.9375,100,65.625,23.4375,96.875,100,85.9375,100,79.6875,50,100,59.375,100,65.625,100,100,100,78.125,100,48.4375,65.625,100,100,43.75,100,100,64.0625,100,100,73.4375,23.4375,100,100,89.0625,100,54.6875,29.6875,100,100,98.4375,37.5,62.5,100,62.5,100,57.8125,67.1875,70.3125,100,100,100,85.9375,100,75,100,64.0625,54.6875,100,67.1875,50,89.0625,85.9375,100,35.9375,59.375,100,100,96.875,100,100,100,46.875,100,95.3125,26.5625,64.0625,100,100,75,85.9375,100,100,31.25,68.75,62.5,100,93.75,100,43.75,100,60.9375,29.6875,100,71.875,100,100,100,100,89.0625,100,54.6875,92.1875,100,54.6875,100,45.3125,100,48.4375,67.1875,75,46.875,100,79.6875,100,100,100,100,100,100
"6172",89.0625,100,32.8125,100,100,68.75,95.3125,50,62.5,96.875,100,100,100,100,100,76.5625,84.375,95.3125,15.625,100,95.3125,100,100,100,76.5625,100,100,89.0625,85.9375,100,100,100,100,92.1875,100,100,84.375,100,89.0625,96.875,95.3125,65.625,78.125,100,100,100,100,100,68.75,82.8125,75,100,92.1875,70.3125,75,100,15.625,100,100,45.3125,92.1875,100,98.4375,100,100,100,51.5625,100,71.875,100,57.8125,78.125,100,89.0625,59.375,95.3125,100,87.5,48.4375,100,76.5625,100,82.8125,70.3125,60.9375,100,100,23.4375,100,76.5625,54.6875,89.0625,100,48.4375,82.8125,26.5625,100,64.0625,100,100,79.6875,100,100,92.1875,9.375,26.5625,100,92.1875,85.9375,100,85.9375,71.875,100,100,40.625,100,100,100,100,90.625,76.5625,100,93.75,100,98.4375,43.75,100,18.75,100,75,96.875,100,100,100,100,65.625,56.25,79.6875,100,95.3125,82.8125,81.25,48.4375,46.875,100,100,93.75,79.6875,59.375,76.5625,62.5,39.0625,79.6875,93.75,95.3125,23.4375,76.5625,100,100,100,100,100,71.875,100,100,70.3125,12.5,89.0625,31.25,100,81.25,89.0625,64.0625,100,100,100,85.9375,100,100,100,100,39.0625,100,100,96.875,100,46.875,70.3125,100,84.375,89.0625,39.0625,87.5,100,87.5,100,100,87.5,100,100,53.125,100,96.875,100,100,76.5625,100,100,75,100,65.625,43.75,100,100,78.125,78.125,53.125,93.75,100,100,100,68.75,100,100,100,56.25,100,100,65.625,100,100,81.25,100,90.625,81.25,100,59.375,62.5,100,100,100,100,100,64.0625,100,26.5625,85.9375,89.0625,100,100,100,76.5625,67.1875,100,100,81.25,100,62.5,100,100,100,98.4375,29.6875,95.3125,37.5,90.625,100,100,65.625,100,79.6875,84.375,100,37.5,100,37.5,34.375,100,64.0625,100,37.5,45.3125,48.4375,100,100,100,46.875,100,100,100,81.25,100,20.3125,54.6875,100,100,96.875,92.1875,60.9375,75,48.4375,100,100,81.25,100,81.25,100,56.25,78.125,100,100,100,45.3125,100,93.75,96.875,100,100,18.75,56.25,87.5,100,50,43.75,78.125,68.75,96.875,96.875,100,100,85.9375,100,75,100,100,34.375,100,100,96.875,100,100,84.375,35.9375,65.625,65.625,62.5,31.25,100,43.75,68.75,100,78.125,100,100,70.3125,100,100,42.1875,54.6875,89.0625,76.5625,51.5625,100,100,32.8125,53.125,29.6875,95.3125,98.4375,100,100,100,98.4375,64.0625,100,100,96.875,57.8125,73.4375,100,82.8125,71.875,100,100,100,73.4375,93.75,100,54.6875,90.625,100,87.5,100,100,100,79.6875,100,60.9375,87.5,32.8125,100,100,100,100,100,98.4375,59.375,78.125,79.6875,85.9375,71.875,95.3125,76.5625,98.4375,100,100,39.0625,50,100,75,20.3125,87.5,100,100,100,34.375,43.75,100,93.75,100,82.8125,100,100,100,85.9375,70.3125,54.6875,100,100,100,100,92.1875,70.3125,82.8125,70.3125,100,100,100,78.125,93.75,84.375,100,100,100,84.375,40.625,100,57.8125,100,100,76.5625,73.4375,71.875,100,100,68.75,100,81.25,100,100,79.6875,56.25,54.6875,100,100,67.1875,100,100,100,100,100,68.75,100,78.125,82.8125,100,48.4375,100,67.1875,75,100,78.125,78.125,100,64.0625,100,98.4375,82.8125,65.625,71.875,64.0625,100,100,100,85.9375,53.125,92.1875,84.375,100,100,59.375,71.875,68.75,100,100,56.25,100,100,100,39.0625,98.4375,100,100,59.375,34.375,92.1875,100,100,53.125,100,37.5,100,95.3125,100,84.375,70.3125,100,73.4375,53.125,100,89.0625,56.25,100,35.9375,50,100,56.25,100,46.875,70.3125,100,100,100,100,100,43.75,79.6875,100,70.3125,100,100,25,67.1875,60.9375,100,100,31.25,84.375,100,100,71.875,60.9375,76.5625,100,35.9375,76.5625,100,68.75,81.25,100,62.5,100,100,100,70.3125,100,93.75,62.5,100,65.625,100,59.375,100,100,100,100,28.125,100,57.8125,96.875,100,100,100,95.3125,51.5625,100,95.3125,6.25,98.4375,54.6875,100,100,76.5625,100,31.25,100,92.1875,100,100,100,100,100,100,84.375,100,100,100,100,100,87.5,100,100,100,100,100,100,100,95.3125,57.8125,100,100,100,54.6875,96.875,73.4375,82.8125,100,100,71.875,100,100,93.75,90.625,100,42.1875,6.25,85.9375,48.4375,29.6875,100,100,100,100,100,100,62.5,100,87.5,42.1875,59.375,76.5625,34.375,75,67.1875,76.5625,81.25,90.625,68.75,76.5625,65.625,40.625,89.0625,95.3125,45.3125,79.6875,100,100,100,100,100,100,78.125,53.125,43.75,68.75,100,100,82.8125,59.375,64.0625,46.875,100,67.1875,100,100,100,100,100,100,57.8125,100,79.6875,90.625,84.375,100,100,68.75,100,100,23.4375,62.5,100,100,40.625,64.0625,100,100,100,100,100,73.4375,65.625,100,100,100,100,100,100,100,76.5625,100,54.6875,68.75,100,92.1875,96.875,43.75,100,100,35.9375,89.0625,100,76.5625,40.625,60.9375,100,100,68.75,81.25,100,98.4375,100,70.3125,100,65.625,62.5,100,100,85.9375,48.4375,21.875,68.75,68.75,25,100,45.3125,100,43.75,62.5,9.375,84.375,100,96.875,95.3125,100,100,81.25,100,68.75,100,64.0625,100,43.75,45.3125,75,100,87.5,100,100,100,100,57.8125,100,96.875,100,78.125,65.625,100,100,65.625,100,93.75,50,89.0625,82.8125,100,39.0625,93.75,100,100,54.6875,100,70.3125,100,100,100,100,95.3125,62.5,100,100,87.5,100,100,100,43.75,100,68.75,82.8125,79.6875,43.75,100,100,100,81.25,100,100,100,79.6875,60.9375,100,100,100,76.5625,100,76.5625,56.25,51.5625,100,100,85.9375,100,71.875,100,90.625,98.4375,56.25,100,100,100,65.625,96.875,100,87.5,100,67.1875,37.5,100,70.3125,100,67.1875,100,9.375,78.125,100,21.875,100,70.3125,54.6875,100,65.625,71.875,62.5,98.4375,100,98.4375,100,60.9375,100,71.875,70.3125,20.3125,100,100,100,100,81.25,48.4375,100,100,100,100,100,84.375,100,76.5625,100,79.6875,100,100,53.125,100,67.1875,59.375,89.0625,100,35.9375,100,79.6875,100,100,100,70.3125,68.75,93.75,100,71.875,75,56.25,43.75,84.375,78.125,78.125,53.125,81.25,100,100,43.75,100,100,34.375,68.75,96.875,76.5625,100,67.1875,100,95.3125,93.75,100,96.875,100,93.75,96.875,100,100,51.5625,100,100,100,100,64.0625,32.8125,100,100,59.375,50,100,98.4375,100,100,100,78.125,50,29.6875,100,25,96.875,70.3125,70.3125,100,87.5,89.0625,100,92.1875,100,98.4375,100,100,100,100,100,57.8125,87.5,100,100,92.1875,59.375,95.3125,78.125,46.875,100,100,100,100,84.375,100,64.0625,100,78.125,100,100,100,57.8125,100,100,82.8125,35.9375,100,96.875,81.25,100,68.75,100,95.3125,100,100,100,100,100,82.8125,95.3125,100,100,76.5625,100,68.75,100,100,85.9375,100,100,100,100,96.875,100,62.5,98.4375,100,100,100,100,100,89.0625,100,93.75,100,96.875,100,100,93.75,100,42.1875,92.1875,100,82.8125,75,100,95.3125,75,82.8125,100,78.125,100,100,64.0625,100,48.4375,85.9375,92.1875,82.8125,100,100,29.6875,85.9375,100,82.8125,89.0625,92.1875,62.5,79.6875,100,100,100,62.5,17.1875,100,100,70.3125,100,100,100,100,100,76.5625,84.375,90.625,65.625,100,90.625,100,26.5625,71.875,100,87.5,100,100,100,100,100,75,100,100,93.75,50,100,82.8125,62.5,100,82.8125,100,65.625,100,62.5,100,100,26.5625,35.9375,100,78.125,100,100,100,48.4375,100,100,59.375,65.625,100,96.875,100,87.5,100,98.4375,78.125,79.6875,98.4375,100,100,92.1875,100,100,89.0625,100,43.75,25,100,100,100,100,100,100,45.3125,75,93.75,100,100,64.0625,100,96.875,100,81.25,37.5,100,100,100,85.9375,98.4375,100,82.8125,75,100,100,90.625,100,100,14.0625,100,50,51.5625,56.25,100,68.75,95.3125,100,100,100,73.4375,50,100,92.1875,23.4375,100,100,100,100,100,100,100,100,100,100,48.4375,65.625,98.4375,53.125,100,73.4375,100,100,40.625,68.75,95.3125,75,100,100,54.6875,100,100,60.9375,100,54.6875,100,100,100,43.75,65.625,68.75,81.25,100,100,100,100,25,73.4375,100,100,100,89.0625,39.0625,100,39.0625,100,100,32.8125,100,60.9375,67.1875,100,73.4375,100,93.75,100,84.375,100,98.4375,76.5625,53.125,89.0625,70.3125,100,100,68.75,71.875,92.1875,67.1875,64.0625,50,100,100,65.625,100,100,64.0625,62.5,100,85.9375,93.75,100,100,100,100,100,92.1875,100,75,100,100,92.1875,70.3125,31.25,95.3125,100,87.5,92.1875,100,100,100,100,87.5,100,67.1875,100,87.5,62.5,62.5,100,57.8125,100,100,100,89.0625,100,100,100,100,89.0625,100,100,100,100,56.25,100,42.1875,89.0625,100,100,50,82.8125,70.3125,100,50,89.0625,59.375,65.625,48.4375,45.3125,100,100,75,59.375,60.9375,85.9375,67.1875,90.625,95.3125,100,90.625,100,51.5625,85.9375,76.5625,53.125,100,100,70.3125,100,93.75,100,79.6875,95.3125,90.625,85.9375,89.0625,100,100,100,73.4375,34.375,28.125,100,100,100,100,78.125,100,100,65.625,89.0625,100,70.3125,100,100,100,100,43.75,96.875,70.3125,42.1875,78.125,46.875,90.625,100,89.0625,93.75,76.5625,100,26.5625,70.3125,39.0625,82.8125,100,75,70.3125,100,100,57.8125,64.0625,100,62.5,100,89.0625,100,78.125,100,100,93.75,100,89.0625,100,100,100,100,100,93.75,100,100,100,18.75,75,100,100,100,82.8125,81.25,68.75,100,100,68.75,71.875,100,96.875,100,14.0625,43.75,76.5625,100,100,79.6875,100,100,57.8125,42.1875,100,93.75,100,81.25,78.125,100,100,100,100,100,100,100,93.75,100,100,50,48.4375,70.3125,100,65.625,100,34.375,100,100,100,100,14.0625,100,100,90.625,70.3125,100,64.0625,100,100,100,100,100,98.4375,100,100,92.1875,100,71.875,100,92.1875,100,100,100,90.625,73.4375,100,100,39.0625,100,40.625,100,100,100,100,100,76.5625,100,100,100,100,60.9375,100,81.25,100,96.875,100,65.625,100,100,100,100,76.5625,100,100,59.375,96.875,45.3125,100,85.9375,92.1875,100,75,100,75,65.625,76.5625,100,81.25,100,59.375,65.625,100,100,100,100,89.0625,100,87.5,78.125,71.875,89.0625,100,100,87.5,100,100,81.25,100,100,100,100,46.875,42.1875,90.625,100,79.6875,100,62.5,78.125,100,96.875,100,100,100,81.25,100,64.0625,100,100,87.5,100,100,100,100,100,100,78.125,100,100,100,68.75,100,59.375,100,57.8125,100,70.3125,89.0625,100,92.1875,100,92.1875,71.875,75,68.75,100,100,62.5,100,100,85.9375,100,100,53.125,100,32.8125,100,100,100,84.375,56.25,100,65.625,100,100,89.0625,100,48.4375,32.8125,89.0625,62.5,100,100,92.1875,100,100,50,100,100,31.25,68.75,100,45.3125,56.25,100,95.3125,59.375,100,100,87.5,100,100,100,93.75,100,32.8125,20.3125,100,100,100,100,98.4375,100,100,100,100,100,12.5,71.875,100,100,100,78.125,84.375,100,100,100,100,89.0625,82.8125,60.9375,96.875,100,100,100,76.5625,90.625,100,100,100,100,53.125,67.1875,100,100,100,60.9375,75,100,73.4375,73.4375,100,43.75,60.9375,62.5,71.875,84.375,100,90.625,100,95.3125,100,79.6875,87.5,100,100,100,100,84.375,100,100,100,100,100,100,81.25,100,21.875,84.375,79.6875,100,98.4375,82.8125,100,76.5625,78.125,45.3125,84.375,85.9375,100,53.125,85.9375,100,100,100,100,100,73.4375,100,84.375,100,35.9375,100,64.0625,78.125,100,100,100,100,84.375,98.4375,43.75,100,100,51.5625,68.75,100,20.3125,100,59.375,100,100,71.875,100,89.0625,100,65.625,71.875,98.4375,70.3125,100,100,71.875,4.6875,40.625,29.6875,71.875,60.9375,76.5625,100,64.0625,82.8125,100,89.0625,100,75,100,100,100,100,23.4375,75,100,100,100,57.8125,31.25,96.875,100,100,100,76.5625,64.0625,54.6875,56.25,87.5,100,100,73.4375,95.3125,100,82.8125,100,100,32.8125,81.25,100,42.1875,100,100,100,100,100,89.0625,40.625,100,100,84.375,100,96.875,100,100,100,68.75,71.875,79.6875,70.3125,100,84.375,100,81.25,29.6875,73.4375,98.4375,95.3125,54.6875,100,62.5,100,40.625,35.9375,100,68.75,76.5625,100,31.25,100,100,100,89.0625,96.875,89.0625,57.8125,100,95.3125,85.9375,68.75,35.9375,28.125,100,70.3125,100,100,90.625,71.875,100,56.25,35.9375,100,100,100,60.9375,100,100,76.5625,85.9375,93.75,76.5625,39.0625,100,46.875,100,95.3125,60.9375,62.5,95.3125,100,100,87.5,39.0625,100,100,100,100,95.3125,100,100,100,100,100,46.875,100,59.375,70.3125,100,100,59.375,96.875,20.3125,100,17.1875,87.5,100,96.875,45.3125,79.6875,78.125,82.8125,100,87.5,100,100,100,100,100,84.375,43.75,53.125,100,93.75,100,100,100,85.9375,98.4375,100,100,87.5,96.875,100,92.1875,89.0625,82.8125,100,100,100,100,100,78.125,100,100,100,100,76.5625,95.3125,100,100,100,84.375,89.0625,100,100,67.1875,100,98.4375,60.9375,100,100,100,76.5625,79.6875,85.9375,100,71.875,40.625,59.375,65.625,100,95.3125,100,100,100,100,100,75,100,100,93.75,95.3125,98.4375,67.1875,81.25,79.6875,100,43.75,43.75,100,78.125,4.6875,32.8125,100,9.375,100,100,100,98.4375,87.5,92.1875,93.75,100,100,79.6875,100,100,100,100,100,100,73.4375,100,100,82.8125,100,100,79.6875,100,87.5,100,89.0625,100,96.875,76.5625,81.25,100,100,93.75,100,100,100,100,76.5625,100,53.125,100,100,59.375,100,70.3125,100,76.5625,90.625,70.3125,73.4375,100,100,100,100,100,100,78.125,100,96.875,100,60.9375,73.4375,71.875,100,90.625,100,64.0625,81.25,100,89.0625,62.5,100,100,100,100,50,100,90.625,100,35.9375,45.3125,93.75,100,100,90.625,60.9375,84.375,31.25,70.3125,18.75,100,100,60.9375,100,54.6875,65.625,59.375,100,95.3125,81.25,85.9375,85.9375,100,92.1875,100,100,82.8125,89.0625,39.0625,40.625,89.0625,70.3125,39.0625,100,50,100,100,53.125,100,89.0625,59.375,100,82.8125,75,90.625,60.9375,93.75,100,100,100,79.6875,75,100,81.25,100,100,100,48.4375,62.5,90.625,100,85.9375,100,100,100,57.8125,65.625,100,100,100,100,93.75,100,100,84.375,59.375,64.0625,92.1875,28.125,62.5,48.4375,84.375,78.125,100,93.75,100,100,100,25,100,100,100,35.9375,84.375,100,53.125,39.0625,100,92.1875,57.8125,40.625,70.3125,81.25,100,100,68.75,73.4375,81.25,96.875,87.5,100,67.1875,67.1875,75,84.375,100,100,100,100,54.6875,84.375,100,84.375,100,85.9375,71.875,50,31.25,100,70.3125,62.5,100,82.8125,46.875,79.6875,37.5,20.3125,95.3125,54.6875,89.0625,100,100,79.6875,84.375,100,71.875,100,100,100,100,100,90.625,100,93.75,42.1875,29.6875,89.0625,100,100,65.625,68.75,64.0625,64.0625,100,100,100,100,100,95.3125,56.25,43.75,85.9375,100,100,100,100,100,100,100,100,59.375,100,76.5625,81.25,100,43.75,100,35.9375,100,48.4375,100,100,100,100,100,84.375,100,100,100,100,92.1875,100,90.625,98.4375,100,100,100,70.3125,56.25,90.625,100,100,100,26.5625,68.75,100,100,100,100,100,100,100,68.75,57.8125,100,92.1875,100,100,67.1875,95.3125,70.3125,60.9375,84.375,100,100,100,100,100,100,70.3125,90.625,17.1875,71.875,100,100,100,87.5,100,100,100,100,75,76.5625,93.75,21.875,21.875,67.1875,100,25,100,100,39.0625,57.8125,100,100,50,100,90.625,92.1875,93.75,100,92.1875,81.25,100,89.0625,100,78.125,100,26.5625,100,100,79.6875,42.1875,82.8125,100,95.3125,100,98.4375,100,100,84.375,64.0625,100,60.9375,73.4375,68.75,45.3125,65.625,100,100,95.3125,100,32.8125,98.4375,90.625,100,100,100,25,73.4375,67.1875,73.4375,62.5,100,100,64.0625,100,100,59.375,100,100,96.875,100,100,82.8125,100,56.25,70.3125,68.75,100,45.3125,78.125,46.875,100,100,100,100,81.25,100,100,100,73.4375,100,89.0625,100,81.25,100,100,43.75,51.5625,100,100,57.8125,90.625,93.75,100,81.25,100,93.75,100,85.9375,100,100,100,100,100,100,76.5625,54.6875,100,34.375,100,92.1875,100,50,100,100,40.625,59.375,100,100,76.5625,100,95.3125,57.8125,100,100,51.5625,100,100,73.4375,100,75,100,100,100,100,75,100,100,96.875,100,100,50,100,87.5,100,59.375,100,89.0625,68.75,100,81.25,81.25,42.1875,100,100,39.0625,10.9375,100,79.6875,100,100,29.6875,75,87.5,71.875,100,100,100,100,39.0625,56.25,100,96.875,78.125,95.3125,100,100,65.625,89.0625,64.0625,67.1875,100,100,89.0625,100,95.3125,100,100,79.6875,78.125,95.3125,89.0625,98.4375,75,92.1875,98.4375,98.4375,90.625,84.375,100,100,100,81.25,100,78.125,82.8125,100,100,96.875,100,93.75,85.9375,68.75,68.75,87.5,23.4375,45.3125,100,100,100,43.75,53.125,100,100,96.875,100,82.8125,78.125,98.4375,84.375,84.375,100,100,65.625,100,100,100,53.125,93.75,59.375,100,100,75,79.6875,100,76.5625,54.6875,100,100,98.4375,100,42.1875,45.3125,100,100,50,100,100,70.3125,29.6875,100,100,59.375,90.625,76.5625,100,98.4375,57.8125,90.625,100,100,100,100,51.5625,73.4375,75,42.1875,100,40.625,68.75,29.6875,100,85.9375,100,100,100,84.375,100,95.3125,90.625,100,100,100,70.3125,54.6875,100,67.1875,100,79.6875,100,56.25,85.9375,100,100,68.75,100,35.9375,23.4375,37.5,100,62.5,100,100,100,90.625,14.0625,100,100,53.125,57.8125,37.5,100,100,100,100,76.5625,75,68.75,78.125,100,73.4375,79.6875,71.875,100,73.4375,100,78.125,73.4375,98.4375,48.4375,96.875,67.1875,37.5,43.75,18.75,100,75,39.0625,100,51.5625,100,100,51.5625,64.0625,68.75,100,51.5625,64.0625,82.8125,87.5,100,100,100,100,50,100,100,89.0625,100,95.3125,68.75,87.5,100,100,21.875,100,59.375,100,100,43.75,100,35.9375,100,81.25,85.9375,100,46.875,17.1875,85.9375,100,18.75,70.3125,100,100,25,100,71.875,98.4375,29.6875,100,57.8125,100,100,100,75,100,42.1875,100,100,15.625,68.75,100,100,100,100,100,15.625,100,46.875,100,100,100,71.875,100,51.5625,62.5,100,93.75,82.8125,50,43.75,53.125,100,100,100,96.875,100,98.4375,100,84.375,100,100,100,100,100,92.1875,82.8125,100,73.4375,100,100,100,100,100,100,71.875,100,85.9375,65.625,100,100,100,67.1875,100,1.5625,96.875,79.6875,34.375,100,81.25,100,100,100,100,100,100,98.4375,85.9375,100,100,23.4375,96.875,100,90.625,100,96.875,42.1875,100,59.375,100,68.75,43.75,100,98.4375,76.5625,100,46.875,64.0625,100,100,48.4375,100,100,50,100,100,92.1875,100,100,100,89.0625,100,84.375,28.125,93.75,100,98.4375,78.125,75,100,62.5,100,56.25,67.1875,81.25,90.625,100,100,85.9375,100,81.25,100,64.0625,57.8125,100,78.125,45.3125,37.5,79.6875,100,28.125,57.8125,100,100,96.875,81.25,100,100,46.875,100,98.4375,26.5625,62.5,100,100,70.3125,79.6875,100,100,31.25,68.75,7.8125,100,100,100,46.875,100,60.9375,26.5625,29.6875,67.1875,100,100,100,60.9375,62.5,100,54.6875,100,100,54.6875,100,42.1875,100,71.875,81.25,65.625,100,42.1875,51.5625,100,100,100,78.125,100,100
"6173",89.0625,100,40.625,100,100,64.0625,95.3125,93.75,62.5,93.75,76.5625,100,100,100,100,76.5625,84.375,84.375,70.3125,100,96.875,100,100,100,75,100,100,90.625,82.8125,100,100,100,100,100,100,100,82.8125,100,100,100,92.1875,9.375,78.125,100,100,100,100,100,67.1875,85.9375,75,100,100,68.75,68.75,100,14.0625,100,100,46.875,95.3125,100,98.4375,100,100,100,51.5625,100,57.8125,100,56.25,73.4375,100,92.1875,57.8125,84.375,100,71.875,48.4375,100,71.875,100,85.9375,70.3125,62.5,100,100,37.5,100,68.75,56.25,81.25,100,45.3125,89.0625,89.0625,100,62.5,100,100,78.125,100,100,90.625,9.375,28.125,95.3125,100,85.9375,100,78.125,75,100,78.125,40.625,100,100,100,100,71.875,67.1875,100,100,73.4375,100,53.125,100,18.75,100,100,100,100,100,100,100,65.625,78.125,78.125,100,98.4375,100,81.25,48.4375,50,100,100,93.75,100,50,68.75,62.5,43.75,79.6875,92.1875,98.4375,23.4375,76.5625,100,100,100,100,100,70.3125,100,100,70.3125,96.875,85.9375,32.8125,100,85.9375,95.3125,100,100,100,100,84.375,100,100,100,100,48.4375,100,100,100,54.6875,45.3125,100,89.0625,84.375,87.5,98.4375,87.5,100,89.0625,100,98.4375,68.75,100,100,39.0625,20.3125,96.875,100,100,76.5625,100,100,71.875,82.8125,67.1875,100,100,100,48.4375,78.125,62.5,92.1875,100,100,100,65.625,71.875,100,100,56.25,65.625,100,70.3125,100,100,75,100,100,92.1875,100,68.75,59.375,100,100,100,100,100,43.75,100,25,82.8125,92.1875,100,100,100,81.25,75,78.125,100,95.3125,100,60.9375,100,100,100,98.4375,29.6875,96.875,96.875,93.75,100,100,100,100,46.875,90.625,100,100,100,35.9375,35.9375,100,64.0625,100,81.25,45.3125,48.4375,100,100,100,48.4375,100,100,100,82.8125,95.3125,23.4375,53.125,100,100,100,84.375,59.375,75,45.3125,100,100,59.375,100,89.0625,84.375,20.3125,81.25,100,100,100,46.875,100,96.875,96.875,100,100,23.4375,56.25,87.5,100,50,98.4375,82.8125,71.875,98.4375,96.875,100,95.3125,100,100,76.5625,100,100,34.375,100,100,100,100,100,84.375,35.9375,50,100,68.75,31.25,100,85.9375,70.3125,100,71.875,100,100,67.1875,100,100,32.8125,53.125,87.5,75,32.8125,100,21.875,85.9375,53.125,29.6875,90.625,98.4375,100,100,100,92.1875,70.3125,78.125,100,90.625,59.375,90.625,87.5,81.25,100,98.4375,100,100,78.125,93.75,100,70.3125,90.625,100,79.6875,100,100,100,73.4375,100,50,75,31.25,100,100,100,100,100,92.1875,59.375,79.6875,78.125,85.9375,95.3125,96.875,68.75,100,100,100,39.0625,50,100,73.4375,17.1875,87.5,100,100,100,56.25,43.75,100,95.3125,100,82.8125,100,81.25,100,90.625,76.5625,60.9375,100,100,100,100,93.75,98.4375,76.5625,100,100,100,100,85.9375,93.75,90.625,100,100,100,82.8125,73.4375,100,71.875,32.8125,100,76.5625,71.875,75,100,71.875,62.5,100,75,100,82.8125,70.3125,54.6875,60.9375,100,100,89.0625,100,100,100,84.375,65.625,62.5,100,70.3125,82.8125,100,50,100,68.75,73.4375,100,15.625,79.6875,100,64.0625,100,100,100,71.875,82.8125,64.0625,100,100,100,87.5,81.25,71.875,85.9375,96.875,100,57.8125,70.3125,68.75,100,100,100,100,100,100,100,100,93.75,81.25,60.9375,34.375,92.1875,100,96.875,46.875,100,39.0625,100,95.3125,100,84.375,68.75,100,75,84.375,100,81.25,60.9375,100,34.375,51.5625,100,85.9375,100,100,70.3125,100,100,100,100,100,46.875,89.0625,100,68.75,100,100,71.875,100,51.5625,100,73.4375,31.25,95.3125,100,100,60.9375,100,67.1875,100,37.5,75,100,71.875,67.1875,100,67.1875,98.4375,100,100,90.625,100,100,67.1875,100,67.1875,100,60.9375,100,100,100,100,70.3125,100,81.25,100,25,100,100,87.5,51.5625,100,54.6875,28.125,100,54.6875,100,100,79.6875,100,51.5625,100,82.8125,100,100,100,100,100,100,85.9375,100,84.375,31.25,64.0625,100,73.4375,100,100,100,100,100,100,100,95.3125,100,100,100,100,53.125,96.875,70.3125,81.25,100,100,100,100,100,93.75,90.625,100,42.1875,6.25,71.875,53.125,34.375,100,100,100,100,100,100,59.375,100,89.0625,43.75,59.375,81.25,37.5,71.875,70.3125,75,92.1875,90.625,78.125,70.3125,65.625,42.1875,92.1875,95.3125,43.75,89.0625,100,100,100,100,100,100,78.125,100,43.75,68.75,100,100,76.5625,56.25,62.5,46.875,100,45.3125,100,100,100,100,100,100,59.375,100,100,89.0625,84.375,100,100,64.0625,100,100,100,60.9375,100,100,40.625,79.6875,100,100,100,100,100,68.75,60.9375,100,100,100,100,100,100,100,100,100,100,70.3125,100,100,100,42.1875,100,100,34.375,89.0625,100,73.4375,40.625,60.9375,100,100,95.3125,93.75,100,100,87.5,100,100,62.5,51.5625,100,100,100,48.4375,20.3125,70.3125,68.75,6.25,100,70.3125,100,43.75,35.9375,9.375,84.375,100,100,89.0625,100,100,78.125,100,100,100,68.75,100,40.625,43.75,93.75,100,100,100,100,100,100,56.25,100,98.4375,100,79.6875,100,100,100,68.75,100,87.5,100,87.5,85.9375,100,39.0625,95.3125,100,100,53.125,100,57.8125,100,100,95.3125,100,93.75,62.5,82.8125,100,89.0625,95.3125,100,100,45.3125,100,70.3125,73.4375,79.6875,42.1875,100,78.125,100,79.6875,100,100,100,71.875,62.5,100,100,100,75,100,76.5625,48.4375,15.625,100,100,79.6875,100,79.6875,100,89.0625,92.1875,56.25,100,100,100,48.4375,100,100,65.625,100,65.625,39.0625,100,65.625,100,67.1875,100,50,73.4375,100,26.5625,100,32.8125,56.25,82.8125,59.375,59.375,78.125,95.3125,100,98.4375,100,56.25,100,89.0625,67.1875,20.3125,100,100,100,98.4375,100,73.4375,100,100,100,100,100,85.9375,100,76.5625,100,79.6875,100,67.1875,54.6875,100,76.5625,62.5,89.0625,100,35.9375,100,100,100,78.125,100,70.3125,64.0625,100,100,70.3125,100,64.0625,60.9375,73.4375,82.8125,62.5,100,71.875,100,100,46.875,96.875,100,34.375,100,95.3125,100,100,68.75,100,100,100,100,100,92.1875,93.75,100,100,100,54.6875,100,100,100,100,57.8125,60.9375,78.125,100,59.375,51.5625,100,98.4375,100,100,100,98.4375,62.5,29.6875,100,25,100,67.1875,70.3125,75,89.0625,85.9375,100,25,100,100,100,100,100,100,100,65.625,87.5,51.5625,100,92.1875,60.9375,93.75,57.8125,57.8125,100,76.5625,95.3125,100,84.375,100,76.5625,37.5,76.5625,89.0625,100,100,48.4375,48.4375,100,70.3125,37.5,100,79.6875,81.25,100,78.125,100,96.875,100,50,100,100,100,82.8125,100,100,100,76.5625,100,70.3125,100,100,93.75,100,100,100,100,78.125,100,79.6875,26.5625,100,100,100,100,100,93.75,100,96.875,100,84.375,100,100,100,100,51.5625,95.3125,100,53.125,37.5,100,95.3125,68.75,54.6875,100,79.6875,100,100,70.3125,100,43.75,98.4375,100,68.75,100,100,28.125,85.9375,100,84.375,65.625,100,54.6875,76.5625,100,100,78.125,73.4375,17.1875,100,100,73.4375,100,100,100,100,100,73.4375,85.9375,82.8125,62.5,75,90.625,100,26.5625,75,100,87.5,100,100,100,100,100,75,100,100,93.75,50,100,84.375,51.5625,100,82.8125,100,85.9375,100,100,100,100,100,35.9375,100,92.1875,100,100,100,56.25,100,87.5,60.9375,65.625,100,93.75,98.4375,85.9375,100,98.4375,73.4375,76.5625,98.4375,42.1875,100,90.625,100,100,100,100,43.75,64.0625,100,100,100,100,100,100,39.0625,60.9375,93.75,100,100,65.625,100,96.875,100,76.5625,37.5,100,100,100,70.3125,93.75,100,82.8125,75,100,20.3125,100,100,87.5,7.8125,100,48.4375,51.5625,73.4375,100,68.75,100,100,100,100,85.9375,50,100,93.75,23.4375,100,100,100,100,100,100,35.9375,100,100,100,73.4375,65.625,98.4375,51.5625,100,76.5625,100,95.3125,100,70.3125,95.3125,73.4375,100,100,54.6875,100,100,53.125,100,100,100,100,100,43.75,87.5,71.875,75,100,100,100,100,25,73.4375,100,100,100,89.0625,37.5,100,39.0625,100,100,100,100,60.9375,68.75,100,73.4375,17.1875,100,100,90.625,100,98.4375,78.125,56.25,87.5,70.3125,100,100,68.75,84.375,92.1875,67.1875,62.5,51.5625,100,100,67.1875,100,100,67.1875,62.5,100,43.75,82.8125,100,100,100,100,100,100,100,75,100,100,95.3125,87.5,65.625,84.375,100,85.9375,82.8125,100,100,90.625,100,60.9375,100,57.8125,100,100,75,62.5,100,53.125,100,100,100,89.0625,100,100,100,100,93.75,45.3125,100,100,100,85.9375,100,42.1875,87.5,100,100,51.5625,78.125,59.375,100,100,87.5,64.0625,65.625,54.6875,43.75,100,100,75,60.9375,60.9375,70.3125,59.375,92.1875,95.3125,100,90.625,100,57.8125,100,81.25,64.0625,100,100,75,100,100,100,85.9375,84.375,100,93.75,90.625,100,100,100,73.4375,32.8125,28.125,100,100,100,100,76.5625,100,53.125,60.9375,85.9375,100,75,100,100,100,100,68.75,96.875,67.1875,50,78.125,50,90.625,100,100,100,78.125,100,100,68.75,39.0625,78.125,100,73.4375,71.875,34.375,100,56.25,51.5625,100,56.25,100,95.3125,100,78.125,100,35.9375,96.875,100,89.0625,100,92.1875,90.625,100,100,92.1875,100,100,100,81.25,68.75,67.1875,100,100,84.375,90.625,73.4375,100,100,70.3125,70.3125,100,93.75,100,29.6875,42.1875,78.125,100,98.4375,76.5625,100,100,57.8125,51.5625,89.0625,100,100,79.6875,76.5625,100,100,85.9375,100,95.3125,100,100,100,100,100,51.5625,53.125,65.625,100,62.5,100,100,100,100,100,100,23.4375,100,100,90.625,68.75,100,84.375,100,100,100,100,90.625,89.0625,100,98.4375,92.1875,100,70.3125,100,93.75,100,100,100,92.1875,78.125,100,100,37.5,100,40.625,100,95.3125,100,100,100,82.8125,100,75,100,100,60.9375,35.9375,82.8125,100,76.5625,100,71.875,100,100,100,100,85.9375,100,100,59.375,96.875,100,100,100,87.5,100,20.3125,100,64.0625,67.1875,64.0625,64.0625,20.3125,100,82.8125,64.0625,100,100,100,100,90.625,100,87.5,82.8125,75,57.8125,100,100,84.375,46.875,100,81.25,100,100,85.9375,100,48.4375,46.875,84.375,100,23.4375,100,65.625,79.6875,100,87.5,100,100,92.1875,73.4375,100,90.625,100,100,87.5,23.4375,100,100,100,78.125,100,89.0625,100,100,100,100,100,57.8125,100,100,100,71.875,100,100,100,100,100,71.875,100,60.9375,100,67.1875,67.1875,100,100,84.375,67.1875,100,56.25,100,15.625,100,100,100,62.5,56.25,100,84.375,100,100,89.0625,100,50,82.8125,79.6875,64.0625,100,100,87.5,100,100,78.125,100,100,18.75,54.6875,100,45.3125,54.6875,100,95.3125,79.6875,100,100,87.5,100,100,100,93.75,100,32.8125,18.75,100,100,100,100,100,100,100,100,100,100,12.5,53.125,89.0625,100,100,76.5625,81.25,100,96.875,100,100,84.375,84.375,67.1875,100,100,100,100,60.9375,95.3125,98.4375,100,100,100,64.0625,68.75,100,100,100,56.25,73.4375,100,73.4375,79.6875,100,43.75,60.9375,62.5,67.1875,82.8125,100,100,100,96.875,100,73.4375,85.9375,95.3125,100,100,100,85.9375,100,100,100,100,100,100,89.0625,100,34.375,84.375,100,100,68.75,60.9375,100,71.875,100,46.875,51.5625,100,100,45.3125,76.5625,100,100,100,100,100,73.4375,100,84.375,100,34.375,100,71.875,70.3125,100,100,100,90.625,85.9375,60.9375,60.9375,100,100,50,68.75,100,28.125,100,53.125,100,100,75,100,100,100,68.75,62.5,100,87.5,100,100,71.875,62.5,42.1875,64.0625,75,56.25,73.4375,100,59.375,81.25,100,48.4375,100,75,100,100,100,100,25,76.5625,100,98.4375,100,100,34.375,81.25,100,85.9375,100,90.625,64.0625,100,70.3125,100,31.25,100,75,92.1875,100,85.9375,100,100,100,79.6875,100,35.9375,100,100,100,100,95.3125,84.375,40.625,100,100,82.8125,100,81.25,98.4375,100,100,64.0625,100,82.8125,76.5625,100,100,100,68.75,29.6875,100,100,87.5,50,100,82.8125,100,23.4375,34.375,100,56.25,78.125,100,31.25,100,100,100,89.0625,100,85.9375,62.5,100,82.8125,100,93.75,64.0625,26.5625,100,70.3125,100,100,93.75,89.0625,100,56.25,34.375,100,100,100,60.9375,100,100,75,85.9375,95.3125,82.8125,42.1875,100,60.9375,100,100,60.9375,90.625,100,100,100,93.75,40.625,100,100,100,100,100,100,100,81.25,100,100,65.625,29.6875,59.375,57.8125,100,100,56.25,84.375,20.3125,100,65.625,78.125,100,42.1875,100,78.125,84.375,82.8125,100,89.0625,100,100,100,100,100,84.375,46.875,51.5625,100,92.1875,100,100,100,68.75,93.75,100,100,84.375,98.4375,100,96.875,84.375,75,100,100,100,100,100,100,100,100,59.375,100,76.5625,96.875,100,100,100,87.5,100,100,100,67.1875,100,100,59.375,100,100,100,76.5625,81.25,90.625,100,64.0625,43.75,59.375,70.3125,100,100,100,95.3125,100,100,100,76.5625,100,100,87.5,96.875,98.4375,67.1875,100,79.6875,100,100,48.4375,100,50,4.6875,32.8125,100,54.6875,100,100,100,95.3125,90.625,93.75,98.4375,100,82.8125,81.25,100,100,14.0625,100,100,100,71.875,100,100,92.1875,100,100,84.375,100,98.4375,100,92.1875,100,95.3125,67.1875,81.25,100,95.3125,81.25,100,100,100,100,70.3125,100,45.3125,100,100,59.375,100,70.3125,100,78.125,90.625,71.875,73.4375,100,100,100,100,100,100,78.125,100,95.3125,100,57.8125,76.5625,100,100,92.1875,100,59.375,85.9375,100,85.9375,60.9375,100,100,100,100,50,100,89.0625,100,43.75,45.3125,100,100,100,92.1875,57.8125,64.0625,23.4375,92.1875,100,100,100,59.375,100,82.8125,65.625,57.8125,100,93.75,51.5625,82.8125,68.75,100,81.25,100,100,81.25,89.0625,45.3125,43.75,65.625,68.75,37.5,100,43.75,100,100,56.25,100,90.625,59.375,100,89.0625,75,89.0625,60.9375,100,100,100,100,96.875,71.875,75,93.75,100,100,100,26.5625,62.5,98.4375,100,76.5625,100,100,96.875,57.8125,65.625,100,100,100,100,95.3125,100,100,82.8125,79.6875,64.0625,87.5,29.6875,62.5,59.375,85.9375,82.8125,100,100,93.75,100,87.5,34.375,100,100,100,70.3125,96.875,59.375,60.9375,37.5,93.75,100,43.75,40.625,100,81.25,100,100,75,67.1875,100,98.4375,81.25,100,65.625,67.1875,75,100,100,100,100,100,64.0625,81.25,70.3125,100,100,85.9375,81.25,46.875,17.1875,100,73.4375,64.0625,95.3125,84.375,39.0625,68.75,100,21.875,95.3125,54.6875,85.9375,87.5,100,59.375,85.9375,100,100,85.9375,100,100,100,100,100,89.0625,93.75,42.1875,26.5625,92.1875,100,100,70.3125,68.75,68.75,65.625,100,100,100,100,100,95.3125,59.375,42.1875,81.25,100,100,100,71.875,100,100,100,96.875,37.5,87.5,100,95.3125,100,53.125,100,37.5,100,48.4375,89.0625,100,100,100,100,84.375,95.3125,10.9375,100,100,92.1875,100,87.5,100,100,100,100,96.875,57.8125,90.625,100,100,100,26.5625,81.25,100,100,100,100,100,84.375,100,51.5625,60.9375,100,79.6875,100,100,70.3125,100,87.5,60.9375,89.0625,100,100,85.9375,98.4375,100,100,67.1875,89.0625,25,75,100,100,100,81.25,100,100,100,100,60.9375,100,100,67.1875,92.1875,64.0625,100,26.5625,100,100,35.9375,54.6875,100,100,50,100,93.75,92.1875,51.5625,100,90.625,82.8125,78.125,79.6875,100,81.25,100,26.5625,100,100,76.5625,71.875,82.8125,100,100,100,98.4375,100,100,84.375,60.9375,100,59.375,76.5625,71.875,98.4375,70.3125,100,100,95.3125,100,100,100,100,85.9375,34.375,100,100,73.4375,64.0625,71.875,59.375,100,100,64.0625,100,93.75,60.9375,100,100,98.4375,100,98.4375,76.5625,100,56.25,68.75,78.125,100,48.4375,76.5625,62.5,100,100,76.5625,96.875,73.4375,100,100,100,73.4375,100,89.0625,100,56.25,100,100,100,48.4375,100,100,71.875,92.1875,100,100,78.125,100,90.625,100,31.25,100,96.875,100,100,100,100,75,48.4375,100,71.875,100,92.1875,100,50,100,100,100,59.375,46.875,100,100,100,43.75,64.0625,100,100,53.125,100,100,81.25,100,75,100,100,100,100,82.8125,100,100,100,100,100,46.875,46.875,89.0625,82.8125,59.375,100,100,54.6875,100,81.25,81.25,42.1875,100,100,45.3125,10.9375,100,71.875,100,100,100,75,100,78.125,100,25,100,100,39.0625,59.375,100,67.1875,82.8125,93.75,96.875,100,65.625,92.1875,64.0625,53.125,100,100,81.25,100,100,100,100,76.5625,75,100,92.1875,100,73.4375,92.1875,100,100,98.4375,100,100,100,100,78.125,81.25,78.125,100,100,100,96.875,100,82.8125,90.625,68.75,46.875,87.5,17.1875,50,100,100,100,50,75,100,100,100,100,78.125,79.6875,98.4375,87.5,100,100,100,62.5,100,100,82.8125,57.8125,100,57.8125,100,90.625,79.6875,79.6875,100,67.1875,54.6875,100,50,100,100,50,45.3125,100,64.0625,50,100,100,89.0625,31.25,100,100,59.375,92.1875,70.3125,100,100,68.75,95.3125,100,100,100,100,59.375,100,75,6.25,100,100,62.5,100,100,87.5,100,100,92.1875,87.5,100,93.75,89.0625,100,100,100,56.25,56.25,100,57.8125,100,90.625,100,62.5,87.5,100,100,65.625,85.9375,35.9375,40.625,45.3125,75,67.1875,100,100,100,73.4375,100,92.1875,100,57.8125,56.25,37.5,100,100,100,100,100,76.5625,98.4375,89.0625,100,81.25,100,70.3125,100,73.4375,25,95.3125,71.875,98.4375,50,95.3125,82.8125,56.25,43.75,34.375,100,60.9375,85.9375,100,51.5625,100,34.375,59.375,71.875,68.75,100,78.125,96.875,81.25,79.6875,100,100,93.75,100,45.3125,100,100,89.0625,100,100,70.3125,87.5,100,100,21.875,100,48.4375,100,100,43.75,100,34.375,100,82.8125,76.5625,100,59.375,14.0625,89.0625,92.1875,18.75,85.9375,96.875,100,64.0625,100,76.5625,100,25,100,56.25,100,95.3125,100,76.5625,100,43.75,100,100,50,68.75,100,100,100,100,100,21.875,100,48.4375,100,100,100,75,100,65.625,57.8125,100,92.1875,71.875,51.5625,40.625,53.125,100,100,46.875,100,100,100,100,79.6875,73.4375,100,100,100,100,37.5,85.9375,100,70.3125,100,100,100,87.5,100,100,70.3125,100,85.9375,100,100,100,100,23.4375,100,1.5625,100,100,29.6875,100,75,100,100,100,100,100,100,34.375,82.8125,100,100,100,100,100,100,100,100,50,100,59.375,100,67.1875,100,100,92.1875,75,100,43.75,64.0625,100,100,82.8125,100,100,59.375,100,100,75,100,100,100,89.0625,100,70.3125,32.8125,100,100,98.4375,50,76.5625,100,62.5,93.75,75,62.5,81.25,76.5625,100,100,85.9375,100,75,100,100,56.25,100,70.3125,50,89.0625,90.625,98.4375,42.1875,54.6875,100,100,96.875,100,62.5,90.625,50,100,96.875,34.375,64.0625,100,100,73.4375,81.25,100,100,32.8125,68.75,50,100,100,100,96.875,100,59.375,26.5625,100,71.875,100,100,100,31.25,65.625,100,54.6875,89.0625,100,53.125,85.9375,32.8125,76.5625,48.4375,67.1875,100,100,20.3125,67.1875,100,100,96.875,68.75,100,100
"6174",87.5,100,40.625,100,75,57.8125,95.3125,59.375,68.75,96.875,71.875,100,100,100,100,59.375,98.4375,81.25,100,100,96.875,96.875,100,100,76.5625,100,100,87.5,85.9375,100,100,100,100,87.5,100,100,82.8125,100,100,100,95.3125,9.375,79.6875,100,100,78.125,100,100,67.1875,78.125,73.4375,100,100,76.5625,42.1875,100,15.625,100,100,51.5625,98.4375,100,98.4375,100,100,100,50,100,70.3125,100,56.25,65.625,100,89.0625,57.8125,82.8125,100,100,48.4375,100,76.5625,100,82.8125,68.75,64.0625,100,100,40.625,100,100,56.25,81.25,100,50,100,90.625,100,64.0625,100,100,78.125,100,100,92.1875,32.8125,28.125,96.875,82.8125,85.9375,100,75,70.3125,34.375,100,40.625,98.4375,100,100,100,95.3125,78.125,100,100,76.5625,92.1875,56.25,100,18.75,100,92.1875,100,100,100,100,100,65.625,64.0625,79.6875,10.9375,95.3125,100,75,43.75,53.125,93.75,100,100,100,59.375,71.875,59.375,40.625,78.125,93.75,96.875,54.6875,75,100,100,100,100,100,70.3125,100,100,68.75,100,89.0625,34.375,100,79.6875,85.9375,100,100,100,98.4375,85.9375,100,100,100,100,62.5,100,100,100,21.875,45.3125,100,87.5,84.375,98.4375,32.8125,87.5,100,87.5,100,78.125,54.6875,100,100,43.75,100,96.875,100,100,75,100,100,73.4375,100,64.0625,100,100,100,42.1875,78.125,56.25,95.3125,100,100,23.4375,70.3125,100,100,100,56.25,100,100,89.0625,100,100,81.25,100,100,79.6875,100,60.9375,81.25,100,100,100,100,100,39.0625,100,26.5625,79.6875,87.5,100,100,100,76.5625,62.5,98.4375,100,98.4375,100,62.5,100,100,100,96.875,29.6875,100,89.0625,95.3125,100,100,100,100,45.3125,100,100,100,100,42.1875,37.5,100,78.125,100,79.6875,42.1875,85.9375,100,100,100,43.75,98.4375,100,100,81.25,95.3125,23.4375,51.5625,100,100,100,85.9375,60.9375,75,45.3125,100,100,75,100,85.9375,100,57.8125,75,10.9375,100,100,46.875,100,93.75,95.3125,100,93.75,51.5625,56.25,89.0625,100,56.25,100,79.6875,67.1875,100,96.875,100,95.3125,87.5,79.6875,76.5625,100,100,35.9375,100,100,100,100,67.1875,84.375,35.9375,51.5625,65.625,68.75,31.25,100,46.875,71.875,100,78.125,100,100,37.5,100,73.4375,57.8125,60.9375,93.75,79.6875,89.0625,100,70.3125,85.9375,53.125,32.8125,93.75,98.4375,100,100,100,100,67.1875,76.5625,100,96.875,60.9375,89.0625,100,79.6875,81.25,76.5625,95.3125,100,100,93.75,100,65.625,90.625,100,81.25,100,92.1875,100,78.125,100,64.0625,71.875,34.375,100,100,100,14.0625,100,98.4375,57.8125,78.125,67.1875,96.875,100,100,75,100,100,79.6875,39.0625,53.125,100,75,67.1875,87.5,100,100,100,28.125,46.875,100,93.75,100,82.8125,100,79.6875,100,90.625,68.75,56.25,100,100,100,100,93.75,90.625,65.625,100,100,100,100,84.375,93.75,96.875,100,100,100,84.375,71.875,100,60.9375,100,100,76.5625,71.875,67.1875,100,68.75,56.25,100,87.5,100,70.3125,64.0625,57.8125,59.375,100,100,71.875,100,100,100,100,67.1875,62.5,100,68.75,82.8125,100,56.25,100,67.1875,73.4375,100,15.625,78.125,100,64.0625,100,100,100,73.4375,73.4375,75,100,82.8125,100,85.9375,76.5625,96.875,82.8125,100,100,59.375,68.75,68.75,100,100,100,100,100,100,100,100,93.75,100,59.375,42.1875,93.75,100,98.4375,50,100,37.5,100,93.75,100,84.375,71.875,100,73.4375,84.375,100,85.9375,59.375,100,35.9375,51.5625,100,82.8125,100,35.9375,70.3125,100,100,100,100,100,51.5625,71.875,100,68.75,89.0625,100,71.875,85.9375,57.8125,98.4375,100,53.125,95.3125,100,100,70.3125,81.25,62.5,100,37.5,100,100,62.5,79.6875,100,68.75,87.5,95.3125,100,92.1875,100,71.875,78.125,100,67.1875,100,62.5,100,100,100,100,64.0625,100,57.8125,96.875,100,100,100,100,43.75,100,54.6875,60.9375,100,51.5625,100,100,76.5625,100,43.75,100,98.4375,75,100,100,100,100,68.75,82.8125,32.8125,81.25,7.8125,64.0625,100,73.4375,100,96.875,100,100,100,100,100,100,100,100,100,100,56.25,96.875,67.1875,73.4375,92.1875,100,100,100,100,92.1875,90.625,100,42.1875,6.25,84.375,48.4375,28.125,100,100,100,100,100,70.3125,70.3125,100,82.8125,43.75,59.375,78.125,50,64.0625,67.1875,57.8125,85.9375,93.75,51.5625,78.125,60.9375,40.625,87.5,95.3125,45.3125,92.1875,100,100,100,100,100,100,75,53.125,43.75,68.75,100,26.5625,75,62.5,59.375,46.875,100,45.3125,100,100,100,100,100,100,78.125,100,76.5625,87.5,84.375,100,100,65.625,100,100,100,62.5,100,100,37.5,71.875,100,100,100,100,100,71.875,62.5,100,100,100,87.5,100,100,100,100,100,100,68.75,100,81.25,100,46.875,100,100,35.9375,87.5,100,75,40.625,62.5,100,100,75,100,100,100,100,60.9375,100,62.5,84.375,100,100,87.5,48.4375,100,70.3125,73.4375,4.6875,100,100,100,43.75,100,9.375,84.375,100,95.3125,73.4375,100,100,81.25,100,100,98.4375,65.625,100,40.625,43.75,73.4375,100,100,100,100,100,100,54.6875,98.4375,100,100,65.625,76.5625,100,100,65.625,100,85.9375,100,89.0625,89.0625,100,39.0625,92.1875,40.625,100,54.6875,100,35.9375,84.375,100,100,100,93.75,62.5,100,100,89.0625,68.75,100,100,45.3125,100,68.75,75,87.5,100,100,75,100,62.5,100,100,100,76.5625,62.5,100,100,100,79.6875,98.4375,76.5625,50,65.625,100,100,76.5625,100,79.6875,100,93.75,93.75,54.6875,100,100,100,50,96.875,100,71.875,100,62.5,37.5,100,70.3125,100,68.75,100,45.3125,78.125,100,7.8125,100,23.4375,59.375,100,62.5,78.125,81.25,75,100,98.4375,100,56.25,100,100,70.3125,31.25,100,100,100,98.4375,46.875,43.75,100,100,100,100,100,100,100,78.125,100,79.6875,100,75,48.4375,76.5625,85.9375,62.5,87.5,100,35.9375,100,81.25,100,89.0625,95.3125,70.3125,54.6875,96.875,100,70.3125,100,60.9375,81.25,70.3125,78.125,70.3125,81.25,90.625,100,100,48.4375,92.1875,95.3125,34.375,68.75,95.3125,100,48.4375,70.3125,100,100,100,100,100,87.5,93.75,96.875,100,100,56.25,100,100,100,84.375,62.5,14.0625,100,100,59.375,40.625,100,96.875,100,100,68.75,68.75,48.4375,29.6875,100,25,100,67.1875,70.3125,100,89.0625,85.9375,100,60.9375,100,100,100,100,100,100,100,57.8125,87.5,53.125,100,95.3125,60.9375,93.75,60.9375,57.8125,100,67.1875,96.875,100,84.375,92.1875,76.5625,93.75,81.25,76.5625,100,100,59.375,98.4375,100,79.6875,40.625,100,89.0625,78.125,100,67.1875,100,96.875,100,100,100,100,100,81.25,100,100,89.0625,76.5625,100,25,100,100,48.4375,100,100,100,100,87.5,100,79.6875,100,100,100,17.1875,100,100,89.0625,100,100,100,93.75,100,100,100,100,42.1875,90.625,100,79.6875,53.125,100,100,73.4375,82.8125,100,79.6875,75,100,71.875,100,57.8125,85.9375,93.75,73.4375,100,100,26.5625,84.375,100,89.0625,100,89.0625,64.0625,78.125,100,100,100,84.375,17.1875,100,100,82.8125,100,100,100,100,100,100,85.9375,82.8125,64.0625,100,92.1875,100,23.4375,73.4375,100,87.5,100,100,100,100,100,75,100,100,93.75,48.4375,100,85.9375,48.4375,100,82.8125,100,70.3125,100,100,100,100,100,59.375,71.875,73.4375,100,100,100,57.8125,100,100,56.25,65.625,100,93.75,95.3125,85.9375,100,93.75,81.25,78.125,90.625,100,100,100,100,100,100,100,45.3125,64.0625,100,100,100,87.5,100,100,40.625,70.3125,89.0625,100,100,67.1875,100,96.875,100,82.8125,37.5,100,100,100,85.9375,100,100,89.0625,76.5625,100,96.875,100,100,100,9.375,100,56.25,51.5625,76.5625,100,68.75,98.4375,100,100,100,84.375,50,100,89.0625,23.4375,100,14.0625,100,100,100,100,100,100,100,100,60.9375,73.4375,96.875,53.125,100,70.3125,100,100,100,70.3125,95.3125,76.5625,100,100,54.6875,100,100,56.25,89.0625,84.375,100,100,100,45.3125,82.8125,62.5,76.5625,100,100,100,100,28.125,71.875,100,100,92.1875,89.0625,50,100,39.0625,100,100,100,100,62.5,68.75,100,73.4375,100,100,100,87.5,100,96.875,79.6875,60.9375,87.5,78.125,100,100,67.1875,84.375,92.1875,67.1875,62.5,51.5625,100,98.4375,67.1875,100,62.5,71.875,60.9375,100,42.1875,85.9375,100,100,100,100,100,82.8125,100,75,100,100,28.125,82.8125,17.1875,85.9375,100,85.9375,100,100,100,68.75,100,87.5,100,84.375,100,100,100,62.5,100,50,100,100,100,89.0625,100,100,100,100,79.6875,53.125,100,82.8125,100,54.6875,100,40.625,100,100,100,53.125,81.25,71.875,100,100,82.8125,56.25,64.0625,54.6875,43.75,100,100,75,62.5,75,100,62.5,92.1875,96.875,100,89.0625,100,48.4375,100,76.5625,64.0625,100,100,67.1875,100,96.875,100,79.6875,78.125,96.875,84.375,92.1875,100,100,100,73.4375,32.8125,28.125,100,100,100,100,75,100,100,64.0625,89.0625,100,57.8125,100,100,100,100,46.875,100,68.75,48.4375,85.9375,60.9375,90.625,100,100,100,79.6875,100,100,78.125,39.0625,84.375,100,73.4375,70.3125,100,100,56.25,100,100,40.625,100,100,100,76.5625,100,100,93.75,100,89.0625,100,98.4375,100,100,100,90.625,100,100,100,100,87.5,71.875,100,100,82.8125,90.625,70.3125,100,100,71.875,71.875,100,90.625,100,65.625,43.75,76.5625,95.3125,98.4375,79.6875,100,100,62.5,51.5625,90.625,100,100,81.25,75,98.4375,100,100,100,100,100,100,100,29.6875,100,53.125,46.875,71.875,100,64.0625,100,100,100,100,100,100,21.875,96.875,100,90.625,53.125,100,87.5,100,100,100,100,100,90.625,100,100,92.1875,100,71.875,100,93.75,100,100,100,93.75,81.25,96.875,100,37.5,100,40.625,100,100,100,100,100,100,100,79.6875,100,100,60.9375,54.6875,51.5625,100,100,100,70.3125,100,100,100,100,76.5625,100,100,100,98.4375,53.125,100,100,87.5,100,82.8125,100,76.5625,67.1875,81.25,67.1875,100,56.25,60.9375,64.0625,100,100,100,100,87.5,100,87.5,85.9375,76.5625,59.375,100,100,82.8125,100,100,81.25,100,100,85.9375,100,67.1875,43.75,90.625,100,71.875,100,71.875,79.6875,100,70.3125,100,100,100,89.0625,100,75,100,100,89.0625,67.1875,100,100,48.4375,40.625,100,81.25,100,100,100,100,100,57.8125,100,100,100,73.4375,100,71.875,100,100,85.9375,71.875,70.3125,68.75,100,100,62.5,100,100,78.125,68.75,100,57.8125,100,29.6875,100,100,100,64.0625,53.125,100,17.1875,100,100,87.5,71.875,51.5625,81.25,81.25,65.625,100,100,87.5,100,100,67.1875,100,59.375,18.75,57.8125,100,43.75,56.25,100,95.3125,67.1875,85.9375,100,87.5,100,100,100,93.75,100,31.25,18.75,100,100,100,100,96.875,100,100,100,100,100,14.0625,100,90.625,100,100,78.125,73.4375,100,100,100,100,92.1875,95.3125,68.75,90.625,100,100,100,62.5,90.625,100,100,100,100,100,68.75,100,100,100,53.125,75,100,82.8125,100,100,40.625,57.8125,62.5,81.25,82.8125,100,90.625,100,98.4375,100,78.125,31.25,93.75,100,100,100,85.9375,98.4375,100,100,100,100,100,90.625,100,23.4375,84.375,85.9375,100,76.5625,59.375,100,64.0625,45.3125,46.875,59.375,98.4375,100,65.625,100,100,100,100,100,100,73.4375,100,84.375,100,32.8125,98.4375,64.0625,78.125,100,92.1875,100,81.25,81.25,100,46.875,100,100,53.125,68.75,100,18.75,100,48.4375,100,100,75,100,100,100,67.1875,70.3125,93.75,85.9375,100,100,95.3125,35.9375,40.625,100,95.3125,53.125,73.4375,93.75,68.75,84.375,100,50,100,75,100,100,100,100,21.875,67.1875,98.4375,64.0625,100,100,40.625,89.0625,100,73.4375,100,78.125,64.0625,46.875,56.25,81.25,100,100,73.4375,90.625,46.875,85.9375,100,100,53.125,81.25,100,37.5,100,100,100,100,96.875,45.3125,39.0625,100,100,79.6875,100,70.3125,100,100,100,64.0625,82.8125,84.375,82.8125,100,100,100,73.4375,29.6875,76.5625,100,87.5,73.4375,100,93.75,100,43.75,35.9375,100,68.75,79.6875,100,31.25,100,100,100,90.625,40.625,98.4375,57.8125,100,84.375,100,89.0625,64.0625,31.25,100,68.75,100,100,90.625,64.0625,78.125,56.25,34.375,100,100,84.375,60.9375,100,100,75,32.8125,82.8125,75,40.625,100,100,100,89.0625,57.8125,64.0625,100,100,100,100,100,100,100,96.875,100,96.875,100,100,100,100,28.125,14.0625,100,57.8125,68.75,100,100,48.4375,84.375,20.3125,100,71.875,78.125,100,100,100,68.75,87.5,82.8125,100,81.25,100,100,100,100,100,84.375,43.75,54.6875,100,92.1875,100,100,100,71.875,92.1875,100,100,96.875,87.5,100,90.625,100,73.4375,100,100,100,40.625,100,96.875,100,100,71.875,100,76.5625,96.875,100,100,100,87.5,100,100,100,67.1875,100,78.125,60.9375,100,100,100,73.4375,81.25,100,100,76.5625,43.75,57.8125,70.3125,100,96.875,100,100,100,35.9375,100,68.75,100,100,93.75,93.75,98.4375,67.1875,100,75,100,90.625,42.1875,100,73.4375,7.8125,32.8125,100,7.8125,100,100,100,92.1875,90.625,95.3125,100,100,76.5625,100,100,100,26.5625,100,100,100,71.875,100,100,90.625,100,100,79.6875,100,100,57.8125,92.1875,100,100,56.25,79.6875,100,82.8125,87.5,100,100,100,100,70.3125,100,45.3125,100,100,56.25,100,70.3125,100,75,90.625,70.3125,75,100,100,100,100,100,100,76.5625,100,95.3125,29.6875,45.3125,75,93.75,100,87.5,100,68.75,78.125,100,89.0625,62.5,100,89.0625,100,100,50,100,89.0625,100,100,45.3125,98.4375,100,100,100,62.5,64.0625,23.4375,84.375,96.875,100,100,60.9375,100,82.8125,71.875,56.25,14.0625,89.0625,20.3125,85.9375,71.875,100,43.75,100,100,82.8125,89.0625,46.875,40.625,67.1875,70.3125,39.0625,100,54.6875,100,100,53.125,100,98.4375,60.9375,100,87.5,75,89.0625,67.1875,100,100,100,100,100,75,78.125,87.5,100,100,100,48.4375,60.9375,92.1875,100,84.375,100,100,98.4375,68.75,95.3125,100,93.75,100,100,95.3125,100,100,79.6875,67.1875,64.0625,76.5625,29.6875,62.5,51.5625,85.9375,87.5,100,90.625,100,100,100,31.25,18.75,100,100,42.1875,100,89.0625,48.4375,39.0625,70.3125,100,42.1875,40.625,48.4375,81.25,100,100,73.4375,73.4375,68.75,98.4375,90.625,100,65.625,67.1875,76.5625,100,100,100,100,100,62.5,82.8125,57.8125,100,100,82.8125,71.875,48.4375,7.8125,100,82.8125,64.0625,100,84.375,40.625,70.3125,82.8125,20.3125,93.75,54.6875,87.5,87.5,100,71.875,84.375,100,100,82.8125,100,100,100,100,100,92.1875,93.75,98.4375,26.5625,96.875,100,100,70.3125,68.75,67.1875,64.0625,100,100,100,100,100,100,71.875,42.1875,76.5625,100,100,100,100,100,32.8125,100,100,48.4375,93.75,100,59.375,100,57.8125,100,34.375,100,87.5,100,100,100,65.625,100,84.375,100,67.1875,100,100,92.1875,100,87.5,95.3125,100,100,100,65.625,60.9375,98.4375,100,100,100,28.125,76.5625,100,100,100,100,100,100,100,39.0625,57.8125,100,84.375,100,100,85.9375,95.3125,87.5,59.375,87.5,100,100,100,95.3125,100,100,70.3125,85.9375,39.0625,75,100,100,100,71.875,100,100,100,100,62.5,100,100,67.1875,81.25,40.625,100,26.5625,100,100,100,54.6875,98.4375,100,48.4375,93.75,73.4375,89.0625,100,100,82.8125,85.9375,75,79.6875,100,89.0625,100,31.25,100,100,81.25,50,78.125,100,42.1875,100,98.4375,100,100,82.8125,62.5,100,59.375,79.6875,59.375,100,71.875,100,100,100,100,100,92.1875,93.75,46.875,100,100,78.125,71.875,56.25,100,59.375,100,100,64.0625,100,15.625,62.5,100,100,100,100,78.125,81.25,100,56.25,70.3125,93.75,100,46.875,78.125,18.75,100,100,100,100,70.3125,96.875,100,100,73.4375,100,92.1875,100,62.5,100,100,100,48.4375,100,100,71.875,78.125,89.0625,100,98.4375,100,90.625,100,100,100,100,100,100,100,100,76.5625,40.625,100,23.4375,100,92.1875,100,50,100,100,39.0625,59.375,100,100,87.5,100,100,57.8125,100,100,42.1875,100,100,81.25,100,75,100,100,100,90.625,81.25,100,100,100,100,100,48.4375,100,84.375,100,60.9375,100,100,54.6875,85.9375,81.25,82.8125,42.1875,100,100,37.5,10.9375,100,68.75,100,100,100,75,78.125,75,100,100,100,95.3125,39.0625,54.6875,100,100,82.8125,93.75,100,100,65.625,90.625,64.0625,56.25,100,100,93.75,100,98.4375,100,100,73.4375,78.125,100,90.625,100,70.3125,92.1875,96.875,100,89.0625,100,100,100,98.4375,81.25,98.4375,78.125,100,100,100,96.875,100,95.3125,93.75,100,71.875,87.5,21.875,45.3125,100,100,100,43.75,82.8125,100,100,100,100,75,78.125,96.875,85.9375,93.75,92.1875,100,67.1875,100,100,82.8125,65.625,100,59.375,100,100,79.6875,79.6875,100,76.5625,54.6875,100,15.625,100,100,45.3125,45.3125,100,100,51.5625,100,100,65.625,31.25,100,100,56.25,93.75,73.4375,100,100,71.875,96.875,100,100,100,100,59.375,100,75,71.875,100,100,65.625,100,100,68.75,100,100,100,78.125,100,96.875,89.0625,70.3125,100,100,60.9375,100,100,60.9375,100,76.5625,100,100,85.9375,100,100,68.75,100,35.9375,100,40.625,73.4375,70.3125,100,100,100,90.625,81.25,100,100,62.5,56.25,37.5,100,6.25,100,100,92.1875,76.5625,100,93.75,100,68.75,81.25,71.875,100,73.4375,20.3125,48.4375,73.4375,98.4375,56.25,96.875,65.625,100,42.1875,32.8125,100,39.0625,100,100,50,100,100,45.3125,71.875,65.625,100,70.3125,100,82.8125,85.9375,100,100,100,100,56.25,100,93.75,90.625,100,84.375,100,87.5,100,100,26.5625,100,59.375,100,100,45.3125,100,34.375,100,81.25,75,100,54.6875,51.5625,100,100,17.1875,81.25,100,100,53.125,100,82.8125,92.1875,21.875,100,54.6875,100,100,100,84.375,100,43.75,100,100,51.5625,68.75,100,100,100,100,100,20.3125,100,48.4375,100,100,100,75,100,59.375,31.25,100,93.75,70.3125,46.875,39.0625,53.125,100,100,100,100,96.875,100,100,81.25,73.4375,100,100,100,100,78.125,84.375,100,67.1875,100,100,100,62.5,100,100,67.1875,100,53.125,100,100,100,100,18.75,100,1.5625,100,100,28.125,100,78.125,100,84.375,100,93.75,100,100,87.5,82.8125,100,93.75,87.5,96.875,100,87.5,100,79.6875,48.4375,100,57.8125,100,65.625,100,100,96.875,76.5625,100,48.4375,64.0625,100,100,79.6875,100,100,59.375,100,100,93.75,100,98.4375,100,89.0625,100,100,28.125,100,100,98.4375,95.3125,15.625,100,62.5,87.5,64.0625,75,76.5625,73.4375,100,100,89.0625,100,75,100,57.8125,57.8125,100,60.9375,62.5,96.875,78.125,100,78.125,57.8125,100,100,96.875,92.1875,42.1875,96.875,48.4375,100,100,26.5625,64.0625,100,100,71.875,84.375,78.125,100,29.6875,68.75,15.625,100,100,100,40.625,100,60.9375,25,100,100,96.875,100,98.4375,34.375,68.75,100,56.25,100,100,53.125,96.875,54.6875,84.375,100,68.75,68.75,100,100,81.25,100,100,100,84.375,100,100
"6175",87.5,100,37.5,100,100,57.8125,95.3125,100,60.9375,92.1875,100,100,100,100,100,76.5625,84.375,95.3125,100,100,96.875,96.875,100,100,76.5625,100,100,90.625,85.9375,100,100,100,100,90.625,100,100,76.5625,100,100,100,92.1875,9.375,79.6875,100,100,100,100,100,68.75,82.8125,45.3125,100,100,70.3125,42.1875,100,12.5,100,100,42.1875,100,100,85.9375,100,100,100,45.3125,100,78.125,100,56.25,73.4375,100,98.4375,57.8125,100,100,100,46.875,100,76.5625,100,82.8125,70.3125,89.0625,100,100,29.6875,100,89.0625,56.25,82.8125,100,50,65.625,96.875,100,62.5,100,100,79.6875,98.4375,100,92.1875,9.375,26.5625,93.75,100,85.9375,100,87.5,70.3125,100,100,40.625,100,100,100,100,100,79.6875,100,100,65.625,100,54.6875,100,18.75,100,100,100,100,100,100,100,64.0625,62.5,79.6875,100,100,100,75,75,57.8125,100,100,92.1875,100,60.9375,71.875,60.9375,29.6875,79.6875,92.1875,93.75,40.625,76.5625,100,100,100,100,100,71.875,100,100,68.75,100,89.0625,32.8125,100,100,85.9375,100,100,100,100,87.5,100,100,100,100,57.8125,100,100,93.75,100,45.3125,100,68.75,85.9375,100,46.875,82.8125,100,87.5,100,84.375,60.9375,100,100,35.9375,51.5625,96.875,100,100,71.875,34.375,100,71.875,100,68.75,96.875,100,93.75,81.25,78.125,53.125,95.3125,100,100,84.375,68.75,100,100,100,57.8125,100,100,93.75,100,100,78.125,100,59.375,100,100,60.9375,100,100,100,100,100,100,50,100,28.125,76.5625,90.625,100,100,100,70.3125,84.375,98.4375,100,95.3125,100,59.375,100,100,100,96.875,31.25,93.75,90.625,84.375,100,100,93.75,100,46.875,95.3125,100,100,100,35.9375,39.0625,100,76.5625,100,81.25,40.625,100,100,100,71.875,45.3125,100,100,100,82.8125,100,21.875,54.6875,100,98.4375,100,84.375,59.375,75,45.3125,100,100,65.625,100,85.9375,78.125,12.5,75,100,100,100,45.3125,100,100,96.875,100,82.8125,25,56.25,89.0625,100,50,100,73.4375,100,92.1875,96.875,100,100,85.9375,100,56.25,100,100,34.375,100,100,100,100,89.0625,84.375,35.9375,59.375,67.1875,65.625,34.375,100,100,71.875,100,100,100,100,32.8125,100,100,45.3125,51.5625,87.5,68.75,92.1875,100,100,59.375,53.125,32.8125,82.8125,98.4375,100,100,100,100,64.0625,78.125,100,90.625,64.0625,100,100,85.9375,73.4375,100,100,100,100,93.75,100,57.8125,92.1875,100,71.875,100,100,100,78.125,100,100,71.875,28.125,100,100,100,100,100,100,59.375,78.125,79.6875,85.9375,100,93.75,100,100,100,82.8125,39.0625,50,100,75,43.75,87.5,100,100,100,29.6875,100,100,95.3125,100,82.8125,100,78.125,100,85.9375,70.3125,60.9375,100,100,100,100,93.75,65.625,67.1875,96.875,100,100,100,82.8125,93.75,90.625,100,100,100,84.375,73.4375,100,62.5,100,100,76.5625,70.3125,65.625,100,65.625,59.375,100,100,100,75,65.625,54.6875,56.25,100,100,71.875,100,100,100,100,70.3125,62.5,82.8125,64.0625,100,100,54.6875,100,70.3125,75,100,25,84.375,100,64.0625,100,100,100,71.875,68.75,82.8125,100,100,100,89.0625,57.8125,76.5625,84.375,100,100,57.8125,79.6875,100,100,100,100,100,100,100,100,81.25,73.4375,76.5625,60.9375,37.5,92.1875,76.5625,98.4375,46.875,100,37.5,100,93.75,100,84.375,70.3125,100,73.4375,81.25,98.4375,79.6875,59.375,100,35.9375,54.6875,100,85.9375,100,100,71.875,100,100,100,100,100,56.25,92.1875,100,70.3125,100,100,71.875,100,64.0625,100,100,29.6875,73.4375,100,100,76.5625,65.625,65.625,100,34.375,68.75,100,64.0625,82.8125,100,64.0625,100,85.9375,100,53.125,100,84.375,65.625,100,65.625,100,65.625,100,100,100,100,93.75,67.1875,50,100,100,100,100,100,39.0625,100,56.25,57.8125,100,48.4375,100,100,73.4375,100,35.9375,100,87.5,89.0625,100,100,100,100,71.875,81.25,100,81.25,7.8125,93.75,100,78.125,100,85.9375,100,100,100,100,100,100,100,100,100,100,53.125,96.875,68.75,84.375,100,100,100,100,100,93.75,92.1875,100,42.1875,12.5,73.4375,50,29.6875,100,100,100,100,100,100,60.9375,100,82.8125,43.75,59.375,76.5625,35.9375,60.9375,67.1875,60.9375,62.5,93.75,100,65.625,59.375,40.625,92.1875,95.3125,70.3125,96.875,100,100,100,100,100,100,73.4375,53.125,43.75,68.75,100,31.25,82.8125,59.375,62.5,46.875,100,45.3125,100,100,100,100,100,100,64.0625,100,84.375,90.625,84.375,100,100,70.3125,100,100,100,59.375,100,100,48.4375,73.4375,100,100,100,100,100,73.4375,65.625,100,100,100,89.0625,100,100,100,100,100,100,68.75,100,95.3125,100,46.875,100,100,35.9375,87.5,100,67.1875,40.625,60.9375,100,100,87.5,93.75,100,100,100,67.1875,100,60.9375,82.8125,100,100,87.5,48.4375,25,67.1875,73.4375,6.25,100,100,100,43.75,100,9.375,84.375,100,95.3125,100,100,100,75,100,68.75,98.4375,73.4375,100,42.1875,43.75,100,100,81.25,100,100,100,100,53.125,100,96.875,100,100,60.9375,100,100,81.25,82.8125,85.9375,100,89.0625,87.5,100,35.9375,90.625,100,100,54.6875,100,89.0625,100,100,100,100,93.75,53.125,100,100,73.4375,76.5625,100,100,40.625,100,68.75,82.8125,93.75,100,87.5,73.4375,100,54.6875,100,100,100,75,64.0625,100,100,100,76.5625,100,76.5625,48.4375,62.5,100,100,85.9375,100,85.9375,100,89.0625,100,57.8125,100,100,42.1875,60.9375,98.4375,100,100,100,65.625,39.0625,100,40.625,100,67.1875,100,40.625,76.5625,100,34.375,100,57.8125,56.25,100,62.5,68.75,70.3125,87.5,100,100,100,56.25,100,71.875,70.3125,21.875,100,100,100,98.4375,68.75,50,100,100,100,100,100,70.3125,100,95.3125,100,78.125,85.9375,68.75,48.4375,100,87.5,64.0625,98.4375,100,35.9375,100,81.25,100,89.0625,100,100,100,59.375,100,71.875,100,92.1875,100,65.625,78.125,78.125,92.1875,64.0625,100,100,43.75,93.75,85.9375,34.375,68.75,93.75,100,100,70.3125,100,100,96.875,100,100,92.1875,93.75,100,100,100,100,100,100,100,100,70.3125,57.8125,100,100,59.375,29.6875,100,96.875,100,100,100,76.5625,50,29.6875,100,39.0625,82.8125,70.3125,70.3125,100,89.0625,89.0625,100,100,100,93.75,100,100,100,100,100,57.8125,87.5,81.25,100,92.1875,64.0625,93.75,57.8125,43.75,98.4375,100,100,100,84.375,100,71.875,12.5,81.25,100,100,100,57.8125,92.1875,100,75,35.9375,100,100,78.125,100,59.375,100,96.875,100,100,100,42.1875,20.3125,82.8125,100,100,46.875,76.5625,100,70.3125,100,100,12.5,100,100,100,100,84.375,100,75,71.875,100,100,100,100,100,87.5,100,100,100,93.75,100,100,76.5625,100,43.75,81.25,100,82.8125,75,100,100,70.3125,81.25,100,81.25,100,100,73.4375,100,45.3125,100,79.6875,81.25,100,100,29.6875,76.5625,95.3125,84.375,81.25,96.875,56.25,84.375,100,100,100,60.9375,17.1875,100,100,100,100,100,100,100,100,100,85.9375,87.5,65.625,67.1875,90.625,96.875,23.4375,73.4375,100,87.5,56.25,100,100,100,75,76.5625,100,100,93.75,46.875,100,84.375,46.875,100,82.8125,100,23.4375,100,100,100,100,100,56.25,100,78.125,100,43.75,100,42.1875,100,100,57.8125,65.625,100,93.75,100,85.9375,100,100,76.5625,93.75,95.3125,100,100,98.4375,100,100,100,100,40.625,65.625,100,100,100,100,100,100,40.625,100,92.1875,100,100,89.0625,100,43.75,100,84.375,37.5,100,100,100,85.9375,95.3125,100,85.9375,71.875,100,100,100,100,87.5,12.5,100,59.375,51.5625,50,100,68.75,87.5,100,46.875,100,89.0625,50,100,92.1875,23.4375,100,100,100,100,100,100,100,100,100,100,68.75,65.625,96.875,54.6875,100,76.5625,100,100,95.3125,68.75,95.3125,76.5625,100,100,54.6875,100,100,51.5625,100,75,100,100,100,43.75,100,68.75,79.6875,100,100,100,100,28.125,70.3125,100,100,98.4375,89.0625,46.875,100,37.5,100,100,100,100,40.625,68.75,100,73.4375,92.1875,90.625,100,70.3125,100,98.4375,78.125,56.25,87.5,73.4375,100,100,71.875,71.875,92.1875,67.1875,62.5,51.5625,100,96.875,67.1875,100,39.0625,75,62.5,100,46.875,98.4375,100,100,100,100,100,96.875,100,73.4375,100,100,78.125,100,17.1875,84.375,100,92.1875,71.875,100,100,100,100,87.5,100,85.9375,100,93.75,64.0625,65.625,100,53.125,100,100,100,89.0625,100,100,100,100,93.75,50,100,95.3125,100,48.4375,100,43.75,95.3125,100,59.375,50,81.25,100,100,100,87.5,56.25,65.625,56.25,45.3125,100,84.375,75,62.5,100,84.375,62.5,78.125,95.3125,100,89.0625,100,56.25,75,81.25,70.3125,100,100,70.3125,100,98.4375,100,82.8125,78.125,100,89.0625,92.1875,100,100,93.75,71.875,37.5,40.625,42.1875,100,100,100,75,100,46.875,59.375,89.0625,100,20.3125,100,100,100,87.5,48.4375,95.3125,70.3125,48.4375,75,43.75,90.625,100,100,100,81.25,100,100,73.4375,39.0625,78.125,100,76.5625,68.75,100,100,56.25,100,100,100,21.875,100,100,78.125,100,100,93.75,100,89.0625,100,100,100,100,100,78.125,100,100,100,84.375,96.875,73.4375,100,100,84.375,82.8125,71.875,100,100,70.3125,71.875,100,93.75,100,75,42.1875,76.5625,100,100,76.5625,100,100,100,84.375,100,95.3125,100,79.6875,75,100,100,100,100,100,100,100,100,100,100,51.5625,46.875,73.4375,100,60.9375,100,100,100,100,100,100,56.25,100,100,96.875,53.125,100,100,100,100,100,100,100,84.375,100,100,89.0625,100,70.3125,100,92.1875,100,100,100,90.625,78.125,98.4375,92.1875,39.0625,100,39.0625,100,89.0625,100,68.75,89.0625,98.4375,100,85.9375,100,100,60.9375,100,79.6875,100,73.4375,96.875,67.1875,100,100,100,100,82.8125,100,100,100,98.4375,14.0625,100,93.75,90.625,100,73.4375,100,71.875,67.1875,62.5,100,75,34.375,82.8125,62.5,100,100,100,100,32.8125,100,87.5,90.625,68.75,57.8125,100,100,84.375,56.25,100,81.25,100,100,90.625,100,50,43.75,100,100,84.375,100,67.1875,78.125,100,92.1875,100,100,100,79.6875,100,62.5,100,100,87.5,90.625,100,100,100,100,87.5,100,100,100,100,100,100,37.5,100,100,100,71.875,100,100,100,100,84.375,71.875,70.3125,71.875,100,100,67.1875,100,100,92.1875,67.1875,100,60.9375,100,34.375,100,100,100,68.75,56.25,100,78.125,100,100,31.25,100,50,79.6875,75,64.0625,100,100,87.5,100,100,81.25,100,95.3125,21.875,54.6875,100,50,54.6875,100,95.3125,100,100,100,84.375,100,100,100,93.75,100,34.375,20.3125,100,100,100,100,100,100,100,100,100,100,12.5,60.9375,100,100,100,78.125,100,100,85.9375,100,100,84.375,100,68.75,92.1875,100,100,100,48.4375,96.875,100,100,100,100,53.125,68.75,100,100,100,82.8125,73.4375,100,76.5625,92.1875,100,42.1875,59.375,62.5,59.375,81.25,100,90.625,100,95.3125,100,82.8125,100,85.9375,100,100,100,82.8125,100,100,100,100,100,100,87.5,100,12.5,84.375,100,100,100,70.3125,100,73.4375,100,45.3125,64.0625,100,100,48.4375,73.4375,100,100,100,100,100,73.4375,100,84.375,100,34.375,64.0625,68.75,71.875,100,100,100,85.9375,87.5,93.75,48.4375,100,100,48.4375,71.875,100,25,100,54.6875,100,100,76.5625,100,100,100,68.75,73.4375,46.875,100,100,100,89.0625,4.6875,40.625,68.75,100,51.5625,76.5625,100,68.75,82.8125,100,45.3125,100,70.3125,100,100,100,100,23.4375,67.1875,98.4375,79.6875,100,53.125,31.25,87.5,100,84.375,100,73.4375,64.0625,100,56.25,70.3125,85.9375,100,73.4375,95.3125,67.1875,85.9375,100,100,100,68.75,100,67.1875,100,100,100,100,96.875,96.875,45.3125,100,100,62.5,100,59.375,100,100,100,64.0625,100,84.375,75,100,100,100,96.875,29.6875,70.3125,100,84.375,71.875,100,76.5625,100,15.625,35.9375,100,65.625,79.6875,100,31.25,100,100,100,85.9375,100,48.4375,54.6875,100,87.5,100,90.625,64.0625,26.5625,100,68.75,100,100,93.75,67.1875,100,100,31.25,100,100,75,35.9375,100,100,76.5625,65.625,54.6875,70.3125,51.5625,100,42.1875,100,93.75,60.9375,53.125,100,100,100,100,45.3125,100,100,100,100,98.4375,100,100,100,100,100,26.5625,100,59.375,67.1875,100,100,43.75,100,18.75,100,93.75,78.125,100,85.9375,100,84.375,85.9375,82.8125,34.375,89.0625,100,100,100,100,100,84.375,40.625,100,100,90.625,100,90.625,100,76.5625,100,100,100,89.0625,93.75,100,95.3125,93.75,73.4375,100,100,100,100,81.25,89.0625,100,100,73.4375,100,76.5625,82.8125,100,100,100,100,100,100,100,67.1875,100,82.8125,75,100,100,100,76.5625,73.4375,85.9375,100,70.3125,42.1875,59.375,89.0625,100,93.75,100,100,100,40.625,100,76.5625,100,100,93.75,96.875,87.5,67.1875,100,76.5625,100,100,42.1875,100,76.5625,4.6875,32.8125,100,54.6875,100,100,100,75,90.625,92.1875,100,100,67.1875,87.5,100,100,71.875,100,100,100,73.4375,100,100,100,100,100,79.6875,100,100,100,90.625,100,70.3125,51.5625,81.25,100,100,84.375,100,100,100,100,73.4375,100,59.375,100,100,54.6875,100,70.3125,100,76.5625,90.625,71.875,73.4375,100,100,100,100,100,100,82.8125,100,100,45.3125,50,75,100,100,59.375,100,96.875,81.25,100,85.9375,62.5,100,100,100,100,50,100,95.3125,100,31.25,50,95.3125,100,100,100,62.5,81.25,28.125,81.25,28.125,100,100,40.625,53.125,100,25,57.8125,100,95.3125,100,87.5,64.0625,100,43.75,100,100,82.8125,89.0625,46.875,39.0625,73.4375,71.875,39.0625,100,50,100,100,53.125,100,100,65.625,100,81.25,75,85.9375,65.625,100,100,100,100,100,75,75,93.75,100,100,100,50,60.9375,92.1875,100,84.375,100,100,100,57.8125,64.0625,100,100,100,32.8125,100,100,100,81.25,79.6875,64.0625,73.4375,29.6875,62.5,51.5625,81.25,100,100,71.875,100,100,100,31.25,100,42.1875,100,56.25,87.5,100,71.875,40.625,57.8125,100,57.8125,40.625,100,81.25,100,100,73.4375,85.9375,93.75,95.3125,95.3125,100,65.625,67.1875,71.875,100,60.9375,100,84.375,100,54.6875,81.25,100,96.875,100,87.5,65.625,40.625,25,100,34.375,62.5,100,82.8125,54.6875,73.4375,50,20.3125,93.75,54.6875,87.5,81.25,100,82.8125,85.9375,100,100,89.0625,42.1875,100,100,100,100,90.625,93.75,43.75,28.125,100,100,100,75,90.625,75,65.625,100,100,100,100,100,100,57.8125,42.1875,82.8125,100,100,100,100,100,32.8125,100,100,20.3125,98.4375,98.4375,43.75,100,40.625,100,35.9375,100,50,100,100,100,100,100,89.0625,92.1875,100,100,100,79.6875,100,89.0625,95.3125,100,100,100,73.4375,59.375,89.0625,100,81.25,100,26.5625,45.3125,100,100,100,100,100,100,100,43.75,56.25,100,79.6875,100,100,84.375,96.875,70.3125,65.625,71.875,100,100,62.5,100,100,100,70.3125,71.875,45.3125,71.875,100,100,100,79.6875,100,100,92.1875,100,54.6875,100,100,65.625,95.3125,65.625,100,26.5625,100,100,100,54.6875,98.4375,98.4375,50,73.4375,78.125,90.625,100,100,100,87.5,79.6875,73.4375,100,79.6875,100,25,100,100,79.6875,54.6875,82.8125,100,100,100,98.4375,100,100,82.8125,62.5,100,59.375,79.6875,71.875,100,73.4375,100,100,96.875,100,95.3125,98.4375,100,96.875,100,82.8125,100,67.1875,56.25,75,59.375,100,100,64.0625,100,100,60.9375,100,100,90.625,100,100,79.6875,100,56.25,70.3125,100,100,43.75,65.625,57.8125,100,100,100,100,73.4375,96.875,100,100,73.4375,100,92.1875,37.5,70.3125,100,100,100,48.4375,100,100,70.3125,85.9375,100,100,79.6875,100,82.8125,100,20.3125,100,100,100,100,100,100,75,37.5,100,100,100,93.75,100,51.5625,100,100,40.625,59.375,100,100,60.9375,100,96.875,65.625,100,100,51.5625,100,100,65.625,100,75,100,100,100,100,95.3125,100,100,100,100,100,60.9375,100,82.8125,65.625,62.5,100,100,53.125,84.375,89.0625,81.25,42.1875,100,100,37.5,10.9375,100,67.1875,100,100,100,75,100,92.1875,100,100,100,100,54.6875,51.5625,100,100,76.5625,93.75,100,100,60.9375,96.875,64.0625,54.6875,100,100,89.0625,96.875,100,100,100,85.9375,89.0625,100,95.3125,100,70.3125,92.1875,100,98.4375,89.0625,62.5,100,100,100,81.25,92.1875,78.125,100,25,100,96.875,100,96.875,95.3125,100,100,87.5,17.1875,50,100,100,100,43.75,35.9375,100,100,56.25,100,78.125,78.125,95.3125,87.5,100,98.4375,64.0625,68.75,100,48.4375,81.25,53.125,100,57.8125,75,84.375,76.5625,81.25,100,85.9375,54.6875,100,100,100,100,70.3125,45.3125,100,100,100,100,100,76.5625,31.25,100,100,57.8125,93.75,76.5625,100,100,68.75,82.8125,100,93.75,87.5,100,57.8125,100,75,73.4375,100,100,76.5625,100,28.125,64.0625,100,26.5625,100,100,100,96.875,89.0625,85.9375,100,100,100,54.6875,100,67.1875,100,71.875,100,62.5,85.9375,100,100,68.75,100,35.9375,100,40.625,81.25,59.375,100,100,100,71.875,96.875,87.5,100,59.375,54.6875,35.9375,100,100,100,100,78.125,81.25,100,92.1875,100,70.3125,78.125,71.875,100,67.1875,32.8125,56.25,71.875,100,50,100,70.3125,100,45.3125,37.5,100,34.375,93.75,100,51.5625,100,100,51.5625,75,87.5,100,78.125,84.375,81.25,87.5,100,100,100,100,48.4375,100,100,90.625,100,100,76.5625,84.375,100,100,21.875,100,59.375,100,100,43.75,100,37.5,100,95.3125,56.25,100,50,62.5,95.3125,100,18.75,84.375,100,100,14.0625,100,78.125,93.75,18.75,100,54.6875,100,100,100,76.5625,100,42.1875,100,100,48.4375,68.75,100,100,100,28.125,100,15.625,100,46.875,100,100,100,73.4375,100,67.1875,46.875,100,92.1875,75,53.125,39.0625,53.125,100,100,93.75,100,100,100,100,95.3125,73.4375,100,100,100,100,89.0625,85.9375,100,92.1875,100,100,100,100,100,100,76.5625,100,35.9375,100,100,100,100,57.8125,100,1.5625,96.875,26.5625,26.5625,100,84.375,100,100,100,92.1875,100,100,87.5,95.3125,100,100,100,100,100,100,100,82.8125,64.0625,100,57.8125,100,32.8125,100,100,96.875,76.5625,100,40.625,64.0625,100,100,81.25,100,100,60.9375,100,100,73.4375,100,98.4375,100,89.0625,100,57.8125,29.6875,87.5,100,98.4375,100,100,100,62.5,100,70.3125,65.625,78.125,85.9375,100,100,87.5,100,73.4375,100,62.5,57.8125,100,65.625,48.4375,95.3125,79.6875,100,71.875,92.1875,100,100,96.875,85.9375,100,100,46.875,100,100,31.25,62.5,100,100,64.0625,85.9375,100,100,29.6875,68.75,56.25,100,100,100,51.5625,100,60.9375,31.25,100,82.8125,92.1875,100,100,100,68.75,98.4375,48.4375,82.8125,100,53.125,87.5,53.125,89.0625,64.0625,70.3125,76.5625,100,79.6875,82.8125,100,100,100,71.875,100,100
"6176",89.0625,100,34.375,100,100,59.375,93.75,78.125,64.0625,95.3125,85.9375,100,100,100,100,76.5625,82.8125,98.4375,100,100,96.875,95.3125,100,100,76.5625,100,100,79.6875,82.8125,100,90.625,100,100,98.4375,100,68.75,82.8125,100,100,100,95.3125,64.0625,76.5625,100,96.875,100,100,85.9375,70.3125,84.375,40.625,100,100,70.3125,73.4375,100,32.8125,100,100,43.75,87.5,100,85.9375,100,100,100,40.625,100,79.6875,100,56.25,76.5625,100,100,54.6875,100,100,92.1875,48.4375,100,78.125,100,81.25,70.3125,64.0625,100,100,42.1875,100,100,56.25,89.0625,100,50,76.5625,100,100,64.0625,100,100,85.9375,100,100,92.1875,10.9375,25,96.875,100,85.9375,100,78.125,65.625,100,100,40.625,100,100,100,100,100,71.875,100,100,89.0625,100,54.6875,100,18.75,100,100,90.625,100,100,100,100,65.625,60.9375,78.125,100,92.1875,100,82.8125,46.875,54.6875,100,100,85.9375,100,34.375,75,60.9375,35.9375,81.25,93.75,84.375,48.4375,76.5625,100,100,100,100,100,73.4375,100,100,70.3125,53.125,84.375,34.375,100,100,76.5625,85.9375,100,100,100,89.0625,100,100,95.3125,100,34.375,100,100,96.875,100,43.75,100,71.875,96.875,100,75,73.4375,100,89.0625,100,82.8125,64.0625,100,100,37.5,100,96.875,100,100,73.4375,15.625,100,73.4375,100,64.0625,68.75,100,100,85.9375,78.125,53.125,95.3125,43.75,73.4375,100,68.75,100,82.8125,100,57.8125,100,100,65.625,100,100,78.125,100,100,93.75,100,76.5625,100,100,100,100,100,100,17.1875,100,28.125,79.6875,82.8125,100,100,100,76.5625,82.8125,96.875,53.125,90.625,100,95.3125,100,100,100,98.4375,29.6875,93.75,53.125,95.3125,100,100,92.1875,100,42.1875,84.375,100,100,100,34.375,37.5,100,76.5625,93.75,82.8125,45.3125,100,67.1875,100,71.875,43.75,96.875,100,100,82.8125,100,25,57.8125,100,100,95.3125,84.375,62.5,75,53.125,100,100,73.4375,100,81.25,82.8125,12.5,87.5,100,100,100,46.875,100,100,96.875,100,78.125,23.4375,54.6875,90.625,100,50,68.75,67.1875,28.125,92.1875,96.875,12.5,93.75,87.5,100,75,100,100,34.375,100,100,100,100,100,84.375,35.9375,51.5625,67.1875,60.9375,29.6875,100,57.8125,67.1875,100,79.6875,100,100,31.25,100,100,42.1875,53.125,84.375,73.4375,93.75,100,100,81.25,53.125,31.25,89.0625,98.4375,100,100,79.6875,92.1875,65.625,67.1875,100,93.75,71.875,100,100,82.8125,100,100,82.8125,100,39.0625,93.75,100,79.6875,32.8125,100,79.6875,100,100,100,81.25,100,81.25,43.75,31.25,100,100,100,100,100,82.8125,57.8125,79.6875,81.25,90.625,100,92.1875,76.5625,95.3125,100,84.375,39.0625,51.5625,100,75,51.5625,100,100,100,100,15.625,45.3125,100,96.875,100,82.8125,100,78.125,100,100,84.375,59.375,100,100,100,100,90.625,62.5,98.4375,100,100,100,85.9375,95.3125,93.75,100,100,100,100,82.8125,73.4375,100,100,100,100,76.5625,73.4375,70.3125,100,45.3125,57.8125,100,84.375,100,79.6875,67.1875,54.6875,56.25,100,100,87.5,100,100,100,93.75,71.875,75,100,60.9375,100,85.9375,48.4375,100,70.3125,73.4375,100,79.6875,79.6875,100,65.625,100,100,100,76.5625,96.875,64.0625,100,100,100,85.9375,57.8125,100,84.375,100,100,59.375,70.3125,100,100,100,100,100,100,100,100,79.6875,71.875,100,60.9375,35.9375,95.3125,100,95.3125,50,100,35.9375,100,98.4375,100,84.375,71.875,100,71.875,84.375,98.4375,100,59.375,100,35.9375,51.5625,100,84.375,100,100,100,100,100,100,100,100,46.875,87.5,100,68.75,98.4375,100,71.875,100,60.9375,57.8125,100,31.25,75,100,100,76.5625,79.6875,68.75,100,37.5,85.9375,100,67.1875,68.75,100,67.1875,100,73.4375,100,89.0625,100,100,62.5,100,64.0625,100,54.6875,100,100,100,100,48.4375,100,59.375,100,100,100,100,100,39.0625,100,56.25,45.3125,100,48.4375,100,100,78.125,100,60.9375,100,100,62.5,100,100,100,100,87.5,79.6875,100,71.875,45.3125,100,100,78.125,100,76.5625,100,100,100,100,100,92.1875,100,100,100,100,57.8125,96.875,70.3125,82.8125,100,100,100,100,100,95.3125,90.625,100,43.75,26.5625,100,100,29.6875,100,100,100,100,100,100,56.25,100,87.5,43.75,21.875,75,40.625,59.375,67.1875,57.8125,81.25,100,98.4375,79.6875,60.9375,40.625,92.1875,95.3125,56.25,100,100,100,100,100,100,100,78.125,53.125,43.75,68.75,100,29.6875,82.8125,67.1875,60.9375,46.875,100,46.875,100,100,100,100,100,100,64.0625,100,73.4375,89.0625,84.375,100,100,73.4375,100,100,100,60.9375,100,100,54.6875,71.875,100,100,46.875,100,100,76.5625,85.9375,100,100,100,87.5,100,100,100,100,100,40.625,68.75,100,100,100,45.3125,100,100,34.375,89.0625,90.625,73.4375,40.625,62.5,100,100,96.875,100,100,100,100,96.875,100,60.9375,78.125,100,100,100,48.4375,100,70.3125,71.875,6.25,100,100,100,43.75,100,9.375,84.375,100,100,84.375,100,100,84.375,100,100,100,75,100,43.75,43.75,100,100,75,100,25,100,100,56.25,90.625,100,100,85.9375,59.375,100,100,17.1875,100,89.0625,100,89.0625,79.6875,100,39.0625,93.75,100,100,57.8125,100,100,100,100,98.4375,100,93.75,46.875,100,100,85.9375,92.1875,46.875,100,40.625,100,70.3125,84.375,92.1875,100,100,92.1875,100,62.5,100,100,100,76.5625,64.0625,100,100,100,78.125,100,76.5625,17.1875,64.0625,100,100,100,100,92.1875,100,96.875,100,54.6875,100,100,100,56.25,96.875,100,78.125,100,67.1875,39.0625,100,40.625,100,73.4375,100,42.1875,78.125,100,32.8125,100,90.625,56.25,84.375,67.1875,100,85.9375,76.5625,100,98.4375,100,60.9375,100,45.3125,70.3125,20.3125,100,100,100,98.4375,100,48.4375,100,100,100,100,100,100,100,82.8125,100,79.6875,84.375,62.5,59.375,100,84.375,64.0625,100,100,35.9375,100,100,100,100,96.875,100,92.1875,65.625,100,68.75,78.125,82.8125,84.375,81.25,85.9375,92.1875,71.875,62.5,100,100,53.125,96.875,100,34.375,100,89.0625,100,100,71.875,100,100,93.75,100,100,100,93.75,93.75,100,100,100,100,100,100,100,67.1875,23.4375,100,100,59.375,23.4375,85.9375,100,100,100,100,85.9375,48.4375,29.6875,100,31.25,84.375,70.3125,70.3125,100,89.0625,85.9375,100,18.75,100,100,100,100,100,100,14.0625,57.8125,82.8125,42.1875,100,92.1875,100,93.75,67.1875,73.4375,100,100,100,100,84.375,100,70.3125,26.5625,81.25,93.75,100,100,60.9375,100,100,68.75,35.9375,100,100,81.25,100,60.9375,42.1875,96.875,100,53.125,100,100,100,82.8125,100,100,68.75,76.5625,100,65.625,100,100,35.9375,100,100,100,100,85.9375,100,76.5625,68.75,95.3125,100,100,100,100,90.625,100,98.4375,100,96.875,100,100,100,100,43.75,96.875,100,20.3125,76.5625,100,90.625,78.125,81.25,100,100,100,100,73.4375,39.0625,45.3125,95.3125,82.8125,79.6875,100,89.0625,25,87.5,100,95.3125,93.75,87.5,62.5,85.9375,100,100,78.125,100,18.75,100,100,76.5625,100,100,100,100,100,81.25,84.375,79.6875,65.625,100,90.625,100,32.8125,73.4375,100,87.5,100,100,100,100,73.4375,75,100,76.5625,93.75,64.0625,100,82.8125,46.875,100,82.8125,100,85.9375,100,100,100,100,100,31.25,93.75,70.3125,100,100,100,48.4375,100,100,76.5625,65.625,100,93.75,100,87.5,100,90.625,79.6875,65.625,100,31.25,100,100,100,100,26.5625,100,40.625,100,100,100,100,100,100,100,56.25,100,95.3125,100,100,76.5625,100,43.75,100,78.125,37.5,100,100,100,85.9375,92.1875,100,84.375,73.4375,100,95.3125,100,100,67.1875,7.8125,100,56.25,51.5625,73.4375,100,68.75,100,100,100,100,84.375,50,100,90.625,26.5625,100,100,100,100,100,100,100,62.5,100,100,96.875,65.625,95.3125,54.6875,45.3125,71.875,100,73.4375,100,71.875,95.3125,76.5625,100,100,54.6875,100,100,51.5625,87.5,100,100,100,100,43.75,62.5,71.875,75,100,100,100,100,28.125,70.3125,98.4375,100,92.1875,89.0625,50,100,39.0625,100,100,100,68.75,34.375,68.75,100,73.4375,64.0625,100,100,85.9375,100,89.0625,76.5625,56.25,87.5,73.4375,100,100,75,84.375,92.1875,67.1875,62.5,50,100,100,67.1875,100,84.375,71.875,60.9375,64.0625,40.625,89.0625,100,100,100,100,100,100,100,75,100,90.625,100,87.5,17.1875,96.875,100,37.5,84.375,100,100,90.625,100,85.9375,100,87.5,100,100,75,48.4375,100,79.6875,100,100,100,89.0625,100,100,100,100,93.75,46.875,100,92.1875,100,70.3125,100,42.1875,100,100,57.8125,50,76.5625,54.6875,100,100,87.5,53.125,75,51.5625,43.75,100,82.8125,76.5625,67.1875,100,93.75,65.625,76.5625,95.3125,100,89.0625,100,59.375,87.5,65.625,100,100,100,73.4375,100,96.875,100,84.375,81.25,100,93.75,93.75,100,100,100,73.4375,31.25,42.1875,100,32.8125,100,100,100,100,100,60.9375,84.375,100,68.75,100,100,100,100,50,89.0625,60.9375,50,73.4375,57.8125,90.625,100,100,100,81.25,100,100,100,37.5,78.125,100,71.875,67.1875,100,93.75,54.6875,85.9375,100,60.9375,100,100,100,76.5625,100,100,93.75,100,90.625,100,100,100,100,100,73.4375,100,100,100,17.1875,64.0625,73.4375,90.625,100,85.9375,93.75,70.3125,100,100,68.75,73.4375,100,100,100,40.625,43.75,75,100,98.4375,78.125,100,100,100,46.875,90.625,100,100,75,78.125,100,100,100,100,100,100,100,100,100,100,51.5625,46.875,71.875,100,64.0625,100,100,100,100,100,100,73.4375,100,100,90.625,51.5625,100,75,100,100,100,100,100,84.375,100,100,92.1875,100,68.75,100,92.1875,100,100,100,87.5,100,100,60.9375,28.125,100,40.625,100,100,100,100,67.1875,81.25,100,90.625,100,100,60.9375,100,76.5625,100,73.4375,92.1875,62.5,100,100,100,100,82.8125,100,100,100,96.875,25,100,100,92.1875,100,81.25,100,67.1875,68.75,76.5625,100,100,92.1875,60.9375,62.5,100,100,93.75,100,29.6875,93.75,87.5,81.25,84.375,54.6875,100,100,87.5,100,100,81.25,100,100,84.375,100,50,45.3125,87.5,100,84.375,100,70.3125,76.5625,100,65.625,100,100,100,100,100,59.375,100,100,87.5,82.8125,100,100,100,100,75,100,100,100,100,93.75,95.3125,37.5,100,100,82.8125,79.6875,82.8125,84.375,100,85.9375,84.375,71.875,67.1875,73.4375,100,100,65.625,100,100,93.75,76.5625,100,64.0625,100,56.25,100,100,100,65.625,59.375,31.25,78.125,100,100,17.1875,100,48.4375,85.9375,79.6875,60.9375,100,100,85.9375,100,100,100,100,71.875,48.4375,56.25,100,48.4375,53.125,100,95.3125,70.3125,100,100,60.9375,100,82.8125,100,93.75,100,31.25,21.875,100,100,100,100,100,100,100,100,100,100,12.5,45.3125,100,100,100,78.125,73.4375,100,100,100,100,84.375,85.9375,68.75,93.75,100,100,100,100,87.5,100,100,100,100,53.125,68.75,100,100,100,53.125,73.4375,100,84.375,78.125,100,42.1875,59.375,62.5,78.125,18.75,100,100,100,92.1875,100,82.8125,23.4375,100,100,100,100,92.1875,98.4375,100,62.5,100,100,100,84.375,100,23.4375,87.5,76.5625,100,59.375,67.1875,100,92.1875,100,42.1875,57.8125,100,100,50,85.9375,100,100,100,100,100,75,100,82.8125,100,42.1875,54.6875,46.875,87.5,100,100,100,89.0625,100,17.1875,50,100,100,50,100,100,14.0625,100,64.0625,100,100,76.5625,100,93.75,100,68.75,100,100,89.0625,100,100,76.5625,60.9375,100,98.4375,84.375,50,89.0625,100,34.375,84.375,96.875,57.8125,100,75,100,64.0625,100,100,23.4375,64.0625,100,85.9375,100,100,32.8125,100,100,96.875,100,84.375,64.0625,100,65.625,84.375,40.625,100,73.4375,100,100,81.25,100,100,100,20.3125,100,53.125,100,100,100,100,96.875,96.875,31.25,100,100,75,100,100,98.4375,100,100,64.0625,100,82.8125,64.0625,100,100,100,95.3125,31.25,68.75,100,84.375,62.5,98.4375,90.625,100,48.4375,35.9375,100,60.9375,78.125,100,31.25,82.8125,100,100,90.625,25,78.125,100,100,82.8125,100,85.9375,65.625,26.5625,100,68.75,100,100,93.75,68.75,100,100,31.25,100,100,85.9375,34.375,100,100,76.5625,85.9375,95.3125,79.6875,37.5,100,29.6875,100,100,78.125,60.9375,100,100,100,100,46.875,100,100,100,100,98.4375,100,100,100,100,100,15.625,100,53.125,75,100,100,68.75,100,18.75,100,73.4375,87.5,100,96.875,100,84.375,84.375,82.8125,100,89.0625,100,100,100,100,100,82.8125,48.4375,56.25,100,79.6875,100,100,100,28.125,93.75,100,100,100,96.875,100,98.4375,87.5,76.5625,100,98.4375,100,100,100,87.5,100,100,100,100,76.5625,93.75,100,100,100,89.0625,92.1875,100,100,67.1875,100,100,67.1875,100,100,100,78.125,70.3125,87.5,100,98.4375,39.0625,59.375,81.25,100,100,100,100,100,40.625,100,65.625,100,100,93.75,100,15.625,67.1875,100,75,100,100,43.75,85.9375,100,4.6875,31.25,100,9.375,100,100,100,75,92.1875,87.5,100,100,73.4375,75,100,100,100,100,100,100,78.125,100,100,89.0625,100,100,79.6875,100,92.1875,100,96.875,100,93.75,46.875,81.25,100,93.75,82.8125,100,100,100,100,76.5625,100,65.625,100,100,57.8125,100,70.3125,100,76.5625,90.625,76.5625,75,100,42.1875,100,95.3125,100,100,79.6875,100,100,37.5,57.8125,73.4375,100,100,56.25,100,96.875,79.6875,100,85.9375,62.5,100,100,100,100,45.3125,100,93.75,100,37.5,45.3125,87.5,100,100,100,62.5,64.0625,25,71.875,92.1875,100,100,39.0625,100,98.4375,26.5625,59.375,100,96.875,79.6875,100,64.0625,100,90.625,100,100,78.125,89.0625,39.0625,43.75,75,70.3125,39.0625,100,46.875,100,100,53.125,100,100,59.375,100,87.5,75,92.1875,64.0625,100,100,100,100,96.875,76.5625,79.6875,87.5,100,100,100,50,60.9375,85.9375,100,78.125,100,100,98.4375,57.8125,64.0625,100,100,100,100,96.875,100,100,84.375,84.375,68.75,73.4375,18.75,62.5,50,100,100,100,87.5,100,100,100,31.25,23.4375,45.3125,100,39.0625,100,95.3125,73.4375,37.5,65.625,100,57.8125,40.625,48.4375,81.25,100,100,73.4375,81.25,100,98.4375,84.375,100,67.1875,67.1875,73.4375,100,100,100,100,100,93.75,92.1875,100,100,100,85.9375,100,54.6875,6.25,100,34.375,62.5,50,82.8125,85.9375,76.5625,32.8125,20.3125,95.3125,54.6875,87.5,82.8125,100,87.5,85.9375,100,89.0625,81.25,100,100,17.1875,100,100,87.5,95.3125,45.3125,31.25,95.3125,100,100,68.75,71.875,68.75,67.1875,100,100,100,100,100,100,59.375,43.75,100,100,100,100,100,100,100,100,100,15.625,31.25,100,87.5,100,35.9375,100,35.9375,100,84.375,100,100,100,100,100,84.375,92.1875,100,100,87.5,76.5625,93.75,89.0625,100,100,100,98.4375,81.25,56.25,96.875,100,100,100,28.125,82.8125,100,100,100,100,100,100,100,56.25,56.25,100,89.0625,100,100,76.5625,100,79.6875,59.375,85.9375,100,100,82.8125,100,100,100,73.4375,78.125,48.4375,100,100,100,100,100,100,100,64.0625,100,87.5,100,93.75,67.1875,78.125,65.625,100,26.5625,100,87.5,31.25,54.6875,100,100,48.4375,100,73.4375,89.0625,100,100,100,85.9375,78.125,81.25,100,84.375,100,25,100,100,64.0625,56.25,78.125,100,82.8125,100,98.4375,98.4375,100,82.8125,43.75,100,59.375,78.125,73.4375,100,67.1875,100,100,100,100,100,100,95.3125,89.0625,100,100,46.875,67.1875,57.8125,78.125,64.0625,100,100,65.625,100,100,60.9375,100,100,93.75,100,100,82.8125,100,57.8125,70.3125,73.4375,100,43.75,76.5625,78.125,100,100,100,100,81.25,92.1875,100,100,79.6875,100,92.1875,100,100,100,87.5,100,48.4375,100,100,67.1875,75,90.625,100,100,100,79.6875,100,31.25,100,100,100,100,100,100,76.5625,48.4375,100,12.5,100,92.1875,100,48.4375,100,100,60.9375,57.8125,90.625,100,73.4375,100,98.4375,59.375,100,100,62.5,100,100,76.5625,100,73.4375,100,100,100,100,84.375,100,39.0625,100,60.9375,100,48.4375,100,90.625,100,62.5,100,100,54.6875,98.4375,82.8125,81.25,51.5625,100,100,42.1875,10.9375,100,65.625,100,100,100,75,75,78.125,100,100,100,100,37.5,100,100,96.875,79.6875,93.75,98.4375,100,62.5,100,64.0625,71.875,100,100,100,100,100,100,100,84.375,87.5,100,92.1875,89.0625,67.1875,15.625,100,100,96.875,100,100,100,100,81.25,100,78.125,100,100,100,96.875,39.0625,98.4375,95.3125,70.3125,54.6875,87.5,28.125,45.3125,100,100,100,43.75,60.9375,100,100,100,100,82.8125,78.125,92.1875,89.0625,100,100,100,68.75,100,100,81.25,70.3125,100,59.375,100,84.375,79.6875,81.25,100,84.375,54.6875,100,100,100,100,60.9375,45.3125,100,100,100,100,100,65.625,32.8125,100,100,62.5,93.75,76.5625,100,98.4375,71.875,85.9375,100,100,100,100,59.375,100,73.4375,89.0625,100,100,76.5625,100,100,65.625,100,100,100,100,100,98.4375,89.0625,90.625,100,100,79.6875,57.8125,100,65.625,100,42.1875,100,57.8125,87.5,100,100,78.125,100,35.9375,62.5,35.9375,81.25,60.9375,100,100,100,87.5,93.75,87.5,100,100,57.8125,37.5,92.1875,23.4375,100,100,76.5625,62.5,100,93.75,100,79.6875,100,71.875,100,75,28.125,56.25,73.4375,100,51.5625,96.875,67.1875,100,45.3125,10.9375,100,54.6875,100,100,50,100,100,57.8125,100,100,100,71.875,100,81.25,85.9375,100,100,100,100,48.4375,100,100,89.0625,100,100,71.875,85.9375,100,100,26.5625,100,59.375,100,100,43.75,100,32.8125,100,100,70.3125,100,53.125,51.5625,96.875,100,18.75,85.9375,96.875,100,21.875,100,76.5625,93.75,51.5625,100,60.9375,100,100,100,81.25,100,42.1875,100,100,51.5625,68.75,100,43.75,100,100,100,45.3125,100,48.4375,100,100,100,84.375,100,100,45.3125,100,92.1875,70.3125,54.6875,37.5,53.125,100,100,90.625,84.375,100,100,100,79.6875,60.9375,100,90.625,100,100,89.0625,82.8125,100,65.625,100,100,100,100,100,100,70.3125,100,34.375,100,100,100,100,17.1875,100,1.5625,98.4375,46.875,32.8125,100,85.9375,100,100,100,95.3125,100,100,31.25,100,100,100,100,100,100,82.8125,100,81.25,50,100,57.8125,100,37.5,100,100,95.3125,76.5625,100,34.375,64.0625,100,90.625,79.6875,100,100,71.875,100,100,75,78.125,100,100,89.0625,100,100,28.125,100,79.6875,100,100,75,100,62.5,93.75,89.0625,70.3125,68.75,70.3125,100,100,93.75,100,76.5625,100,100,56.25,100,81.25,51.5625,75,57.8125,100,40.625,48.4375,100,100,96.875,100,100,89.0625,46.875,100,100,26.5625,64.0625,100,100,70.3125,84.375,100,100,28.125,67.1875,65.625,100,100,100,26.5625,100,60.9375,25,100,84.375,96.875,100,100,96.875,67.1875,96.875,48.4375,78.125,100,53.125,79.6875,60.9375,100,37.5,68.75,68.75,100,100,68.75,100,100,100,84.375,100,100
"6177",89.0625,100,39.0625,100,100,53.125,95.3125,76.5625,56.25,89.0625,75,100,100,100,100,73.4375,85.9375,78.125,100,100,96.875,100,100,100,78.125,100,100,93.75,89.0625,100,100,100,100,100,100,93.75,82.8125,100,35.9375,100,78.125,59.375,96.875,100,100,100,100,100,68.75,85.9375,75,100,100,70.3125,75,100,32.8125,100,90.625,42.1875,92.1875,100,98.4375,100,100,100,37.5,100,68.75,100,54.6875,64.0625,100,100,59.375,84.375,100,100,54.6875,100,78.125,100,85.9375,78.125,75,100,100,56.25,100,100,56.25,89.0625,100,48.4375,75,98.4375,100,64.0625,100,100,100,100,100,92.1875,12.5,26.5625,95.3125,100,85.9375,100,81.25,100,100,100,43.75,100,100,100,100,100,67.1875,100,87.5,76.5625,93.75,53.125,100,18.75,100,100,93.75,100,100,100,100,65.625,54.6875,78.125,100,95.3125,100,84.375,100,43.75,100,100,100,100,60.9375,76.5625,62.5,31.25,84.375,90.625,95.3125,59.375,73.4375,100,100,100,100,100,73.4375,100,100,67.1875,14.0625,85.9375,29.6875,100,85.9375,78.125,100,100,39.0625,100,82.8125,100,100,100,100,29.6875,100,100,93.75,100,45.3125,100,92.1875,100,100,42.1875,78.125,100,85.9375,100,85.9375,78.125,100,92.1875,37.5,100,96.875,100,100,70.3125,100,100,92.1875,100,64.0625,100,100,100,75,79.6875,54.6875,95.3125,100,100,25,84.375,100,100,100,60.9375,100,85.9375,73.4375,92.1875,100,73.4375,100,100,85.9375,100,75,60.9375,100,100,100,100,100,17.1875,59.375,23.4375,79.6875,73.4375,100,100,100,76.5625,73.4375,95.3125,67.1875,93.75,100,62.5,100,100,100,98.4375,29.6875,89.0625,73.4375,87.5,100,100,84.375,100,43.75,92.1875,100,14.0625,100,67.1875,39.0625,92.1875,71.875,100,79.6875,42.1875,100,100,100,100,45.3125,96.875,100,100,81.25,96.875,26.5625,56.25,100,100,85.9375,84.375,60.9375,75,60.9375,100,100,100,100,81.25,85.9375,59.375,85.9375,100,100,100,46.875,100,89.0625,96.875,100,100,31.25,54.6875,90.625,100,50,100,79.6875,59.375,90.625,96.875,100,98.4375,85.9375,76.5625,76.5625,100,100,35.9375,100,100,100,100,100,84.375,34.375,51.5625,64.0625,65.625,28.125,100,78.125,71.875,100,71.875,100,100,32.8125,100,100,56.25,51.5625,35.9375,79.6875,92.1875,100,100,85.9375,53.125,35.9375,89.0625,98.4375,100,100,100,95.3125,71.875,78.125,100,96.875,70.3125,87.5,100,75,71.875,100,100,100,100,93.75,100,68.75,32.8125,100,84.375,100,100,100,76.5625,100,51.5625,78.125,31.25,100,100,100,100,100,75,59.375,78.125,78.125,95.3125,98.4375,89.0625,89.0625,100,100,90.625,39.0625,48.4375,100,75,23.4375,100,100,100,100,20.3125,100,100,93.75,100,82.8125,100,89.0625,100,100,68.75,54.6875,100,100,100,100,93.75,100,67.1875,100,100,100,84.375,89.0625,93.75,90.625,100,100,100,85.9375,71.875,100,65.625,79.6875,100,76.5625,73.4375,65.625,100,54.6875,57.8125,100,100,100,89.0625,45.3125,54.6875,53.125,100,100,68.75,100,100,100,100,100,73.4375,73.4375,62.5,82.8125,100,48.4375,100,67.1875,75,100,76.5625,78.125,100,64.0625,53.125,100,100,60.9375,95.3125,70.3125,100,100,100,85.9375,57.8125,70.3125,82.8125,100,100,59.375,70.3125,68.75,100,100,100,100,100,100,100,95.3125,75,81.25,60.9375,35.9375,93.75,100,96.875,46.875,100,40.625,100,96.875,100,84.375,71.875,100,71.875,78.125,98.4375,85.9375,42.1875,100,35.9375,48.4375,100,82.8125,100,100,70.3125,100,100,100,100,100,46.875,76.5625,100,65.625,95.3125,100,71.875,95.3125,56.25,59.375,93.75,31.25,76.5625,100,100,78.125,81.25,67.1875,100,37.5,73.4375,100,60.9375,73.4375,100,100,100,98.4375,100,100,100,76.5625,65.625,100,65.625,100,70.3125,100,100,100,100,70.3125,87.5,73.4375,93.75,100,100,100,100,39.0625,100,100,10.9375,100,48.4375,100,100,76.5625,100,48.4375,100,100,100,100,100,100,100,100,76.5625,100,67.1875,45.3125,100,100,84.375,84.375,100,100,100,100,100,100,100,32.8125,100,100,100,51.5625,96.875,70.3125,81.25,100,100,100,100,100,95.3125,90.625,100,42.1875,29.6875,100,57.8125,28.125,51.5625,100,100,100,100,100,64.0625,100,89.0625,46.875,21.875,70.3125,35.9375,54.6875,70.3125,76.5625,87.5,92.1875,100,79.6875,57.8125,40.625,89.0625,95.3125,46.875,82.8125,100,100,100,100,100,100,78.125,54.6875,45.3125,68.75,100,100,79.6875,75,84.375,46.875,100,48.4375,100,100,100,100,100,100,57.8125,100,73.4375,90.625,84.375,100,100,60.9375,46.875,100,100,59.375,100,100,46.875,71.875,100,100,100,100,100,70.3125,64.0625,100,100,100,93.75,100,100,100,100,100,100,68.75,100,96.875,100,59.375,100,100,35.9375,89.0625,100,78.125,45.3125,59.375,98.4375,100,68.75,82.8125,100,100,100,62.5,100,60.9375,89.0625,100,100,100,48.4375,46.875,100,68.75,29.6875,100,100,100,43.75,100,9.375,84.375,100,100,71.875,100,100,76.5625,100,100,100,100,100,50,43.75,100,100,100,100,100,100,62.5,59.375,100,100,100,76.5625,64.0625,100,100,15.625,42.1875,85.9375,100,71.875,85.9375,100,73.4375,90.625,100,100,56.25,100,37.5,100,100,100,100,95.3125,46.875,100,100,85.9375,73.4375,100,100,51.5625,100,70.3125,76.5625,79.6875,100,23.4375,67.1875,100,67.1875,25,100,100,79.6875,62.5,100,100,100,82.8125,96.875,76.5625,12.5,60.9375,100,100,81.25,96.875,82.8125,100,89.0625,100,54.6875,100,100,100,39.0625,96.875,100,68.75,100,67.1875,34.375,100,70.3125,100,75,100,17.1875,78.125,100,9.375,100,100,57.8125,100,65.625,87.5,82.8125,75,100,96.875,96.875,100,100,62.5,71.875,28.125,100,100,100,98.4375,82.8125,45.3125,100,100,100,100,100,100,100,87.5,100,78.125,100,64.0625,56.25,100,84.375,64.0625,85.9375,100,35.9375,100,100,100,95.3125,95.3125,90.625,57.8125,92.1875,100,67.1875,89.0625,64.0625,100,75,78.125,82.8125,70.3125,73.4375,100,100,43.75,95.3125,90.625,34.375,70.3125,100,100,100,70.3125,100,100,95.3125,100,100,100,93.75,100,17.1875,100,93.75,100,92.1875,100,100,70.3125,53.125,87.5,100,59.375,26.5625,100,100,100,100,53.125,93.75,50,29.6875,100,25,95.3125,87.5,70.3125,100,89.0625,85.9375,100,92.1875,100,40.625,10.9375,100,100,100,100,57.8125,87.5,100,100,93.75,62.5,95.3125,57.8125,56.25,100,100,100,100,84.375,100,82.8125,34.375,81.25,100,100,100,53.125,95.3125,100,71.875,35.9375,100,68.75,81.25,100,76.5625,100,96.875,100,64.0625,100,100,100,81.25,100,100,100,76.5625,90.625,68.75,100,100,100,100,100,100,100,79.6875,100,78.125,87.5,100,100,100,100,21.875,87.5,100,98.4375,100,100,100,100,87.5,100,43.75,100,100,84.375,75,100,89.0625,73.4375,81.25,100,81.25,100,100,62.5,40.625,45.3125,100,76.5625,79.6875,100,100,26.5625,75,100,96.875,100,95.3125,53.125,81.25,100,100,96.875,76.5625,17.1875,100,100,68.75,100,100,100,100,100,84.375,95.3125,81.25,60.9375,79.6875,90.625,82.8125,25,76.5625,100,87.5,100,100,100,100,73.4375,76.5625,100,25,93.75,50,100,82.8125,14.0625,100,79.6875,100,90.625,100,32.8125,100,100,100,39.0625,31.25,79.6875,100,100,100,54.6875,100,100,56.25,65.625,100,93.75,95.3125,84.375,100,98.4375,84.375,62.5,96.875,28.125,100,87.5,100,100,100,100,40.625,65.625,100,100,100,100,100,100,64.0625,70.3125,95.3125,100,100,64.0625,100,96.875,100,98.4375,37.5,100,100,100,34.375,98.4375,100,89.0625,95.3125,100,93.75,100,100,90.625,17.1875,100,43.75,51.5625,76.5625,93.75,68.75,96.875,100,100,100,79.6875,45.3125,100,92.1875,25,100,100,100,100,100,100,100,100,100,100,76.5625,67.1875,96.875,51.5625,31.25,76.5625,100,78.125,82.8125,70.3125,95.3125,78.125,100,100,54.6875,100,100,51.5625,100,68.75,100,100,100,43.75,62.5,62.5,100,65.625,100,100,100,28.125,70.3125,100,100,92.1875,89.0625,50,100,39.0625,100,100,100,100,35.9375,62.5,100,73.4375,100,93.75,100,87.5,100,84.375,81.25,53.125,87.5,71.875,100,100,79.6875,71.875,35.9375,67.1875,62.5,62.5,100,100,67.1875,100,100,73.4375,62.5,100,43.75,100,100,100,100,100,100,98.4375,100,73.4375,100,100,100,100,100,85.9375,100,59.375,39.0625,100,100,70.3125,100,100,100,87.5,100,48.4375,64.0625,48.4375,100,100,100,96.875,100,89.0625,100,100,100,100,87.5,100,100,92.1875,100,70.3125,100,40.625,100,100,53.125,50,75,65.625,100,100,85.9375,54.6875,78.125,54.6875,50,100,100,96.875,67.1875,100,87.5,57.8125,89.0625,95.3125,100,90.625,100,53.125,100,100,75,100,100,73.4375,100,96.875,100,85.9375,100,100,84.375,93.75,100,100,100,73.4375,31.25,100,100,39.0625,100,100,100,100,100,62.5,85.9375,100,100,100,100,100,90.625,56.25,100,81.25,35.9375,79.6875,53.125,90.625,100,100,100,79.6875,100,100,100,37.5,81.25,100,71.875,67.1875,100,100,53.125,100,45.3125,64.0625,100,100,100,76.5625,100,100,93.75,79.6875,89.0625,100,100,100,100,100,71.875,100,100,100,53.125,64.0625,92.1875,100,100,92.1875,100,92.1875,100,100,70.3125,68.75,100,92.1875,100,18.75,42.1875,70.3125,100,98.4375,76.5625,26.5625,100,54.6875,79.6875,100,89.0625,90.625,79.6875,78.125,100,100,100,100,50,100,100,89.0625,100,100,68.75,48.4375,71.875,100,65.625,100,100,100,100,100,100,100,100,100,92.1875,73.4375,100,76.5625,100,100,100,100,100,93.75,100,100,92.1875,100,65.625,100,90.625,71.875,100,100,92.1875,79.6875,96.875,98.4375,39.0625,100,39.0625,100,100,100,57.8125,59.375,96.875,100,100,100,100,60.9375,100,76.5625,100,71.875,87.5,64.0625,100,100,100,100,87.5,100,100,100,95.3125,95.3125,100,100,93.75,100,73.4375,100,73.4375,67.1875,84.375,59.375,100,89.0625,84.375,62.5,100,100,100,100,89.0625,100,100,92.1875,85.9375,68.75,100,100,87.5,62.5,100,71.875,100,100,93.75,100,50,45.3125,85.9375,100,100,100,54.6875,79.6875,100,96.875,100,100,95.3125,93.75,100,82.8125,100,92.1875,89.0625,84.375,100,100,100,100,100,65.625,100,100,100,100,100,59.375,100,42.1875,79.6875,81.25,100,100,100,100,90.625,71.875,73.4375,71.875,100,100,62.5,100,100,35.9375,100,100,71.875,100,42.1875,100,100,100,51.5625,59.375,100,78.125,100,100,18.75,100,50,45.3125,78.125,62.5,100,100,89.0625,100,100,48.4375,100,51.5625,23.4375,79.6875,100,46.875,54.6875,100,95.3125,12.5,100,100,50,100,100,100,93.75,100,32.8125,32.8125,100,100,100,100,96.875,100,100,100,100,100,15.625,14.0625,100,100,100,100,76.5625,100,98.4375,100,100,89.0625,93.75,65.625,92.1875,100,100,100,68.75,93.75,81.25,100,100,100,60.9375,68.75,100,92.1875,100,54.6875,68.75,100,89.0625,100,100,39.0625,60.9375,62.5,89.0625,26.5625,100,89.0625,100,93.75,100,100,29.6875,100,100,100,100,87.5,100,100,100,84.375,100,100,89.0625,100,12.5,87.5,76.5625,100,40.625,64.0625,100,59.375,100,43.75,87.5,100,100,50,82.8125,100,100,100,95.3125,100,76.5625,100,84.375,100,39.0625,100,43.75,71.875,100,59.375,100,90.625,95.3125,95.3125,60.9375,100,100,48.4375,100,100,20.3125,100,60.9375,100,100,76.5625,100,100,100,46.875,70.3125,100,100,100,100,82.8125,59.375,40.625,100,79.6875,53.125,78.125,100,25,81.25,100,48.4375,100,75,100,40.625,100,100,43.75,68.75,100,73.4375,59.375,60.9375,40.625,87.5,100,65.625,100,87.5,64.0625,100,53.125,78.125,32.8125,100,75,90.625,100,84.375,100,100,100,26.5625,100,39.0625,100,100,100,100,92.1875,98.4375,40.625,100,100,85.9375,100,73.4375,100,100,100,64.0625,100,82.8125,100,100,100,100,87.5,28.125,75,100,84.375,65.625,100,100,100,39.0625,35.9375,100,53.125,64.0625,100,29.6875,100,100,82.8125,90.625,100,84.375,50,100,82.8125,100,92.1875,65.625,26.5625,100,68.75,100,100,93.75,70.3125,75,56.25,31.25,15.625,100,75,34.375,100,100,40.625,84.375,81.25,73.4375,39.0625,100,31.25,100,90.625,73.4375,67.1875,100,100,100,100,46.875,100,100,100,100,96.875,100,100,100,100,100,70.3125,100,62.5,67.1875,100,100,53.125,100,18.75,100,85.9375,78.125,100,85.9375,100,64.0625,68.75,82.8125,100,89.0625,100,100,100,100,100,82.8125,46.875,53.125,100,100,100,100,100,43.75,90.625,100,100,93.75,96.875,100,95.3125,87.5,82.8125,100,100,100,100,56.25,76.5625,100,100,100,100,76.5625,95.3125,100,100,100,85.9375,100,100,100,67.1875,100,100,65.625,100,100,100,81.25,71.875,98.4375,100,68.75,39.0625,59.375,68.75,100,98.4375,100,100,100,100,100,78.125,100,100,93.75,92.1875,100,67.1875,100,78.125,100,100,42.1875,100,76.5625,4.6875,31.25,100,56.25,100,100,100,75,46.875,100,100,100,71.875,85.9375,100,100,25,100,100,93.75,76.5625,100,62.5,87.5,64.0625,100,79.6875,100,82.8125,100,89.0625,100,100,48.4375,81.25,100,90.625,82.8125,100,100,100,100,75,100,65.625,100,100,57.8125,100,70.3125,100,76.5625,87.5,70.3125,75,100,100,100,100,100,100,82.8125,100,100,68.75,45.3125,73.4375,100,100,92.1875,100,62.5,84.375,100,34.375,62.5,100,85.9375,100,100,45.3125,100,90.625,81.25,100,46.875,87.5,100,100,78.125,62.5,62.5,25,87.5,93.75,100,100,48.4375,100,100,65.625,57.8125,100,95.3125,76.5625,90.625,96.875,100,90.625,100,100,76.5625,89.0625,35.9375,39.0625,70.3125,70.3125,39.0625,100,45.3125,100,100,53.125,93.75,100,54.6875,100,87.5,78.125,85.9375,57.8125,100,100,100,100,100,73.4375,71.875,81.25,100,100,100,32.8125,62.5,90.625,100,90.625,100,100,95.3125,68.75,64.0625,100,100,100,100,95.3125,100,100,84.375,71.875,46.875,70.3125,29.6875,62.5,51.5625,81.25,76.5625,100,79.6875,73.4375,100,46.875,31.25,100,50,100,45.3125,100,68.75,45.3125,37.5,100,100,46.875,40.625,100,81.25,100,100,75,85.9375,87.5,98.4375,95.3125,100,76.5625,65.625,75,100,100,100,100,100,100,75,100,100,100,59.375,62.5,48.4375,17.1875,100,70.3125,62.5,100,81.25,42.1875,78.125,100,25,95.3125,54.6875,85.9375,100,100,85.9375,84.375,100,100,81.25,100,100,100,67.1875,100,100,95.3125,45.3125,31.25,100,100,100,81.25,71.875,71.875,64.0625,100,100,100,100,100,100,60.9375,42.1875,87.5,100,100,100,100,100,100,100,93.75,60.9375,100,100,100,100,51.5625,100,34.375,100,50,95.3125,98.4375,100,75,100,84.375,95.3125,100,100,100,89.0625,100,79.6875,100,100,100,100,65.625,56.25,85.9375,100,100,100,26.5625,81.25,100,100,100,100,100,100,100,48.4375,51.5625,100,89.0625,100,100,85.9375,100,64.0625,62.5,87.5,100,100,73.4375,100,100,100,100,82.8125,39.0625,100,100,100,100,75,100,100,39.0625,100,62.5,46.875,95.3125,64.0625,65.625,67.1875,82.8125,26.5625,100,57.8125,46.875,56.25,100,100,50,100,73.4375,90.625,100,100,87.5,82.8125,79.6875,78.125,100,90.625,100,26.5625,79.6875,100,81.25,70.3125,78.125,100,67.1875,100,98.4375,100,100,84.375,62.5,100,60.9375,79.6875,62.5,100,75,100,100,93.75,100,100,98.4375,98.4375,84.375,100,100,95.3125,67.1875,51.5625,100,59.375,100,100,64.0625,100,100,62.5,100,100,84.375,100,100,85.9375,100,56.25,70.3125,100,100,43.75,78.125,54.6875,100,100,100,100,73.4375,92.1875,100,100,81.25,100,90.625,100,65.625,100,100,100,48.4375,100,100,68.75,76.5625,93.75,100,87.5,100,76.5625,100,100,100,54.6875,100,100,100,100,75,100,100,28.125,100,93.75,100,46.875,100,100,100,59.375,100,100,85.9375,100,87.5,59.375,100,100,100,100,100,75,100,73.4375,100,100,100,100,85.9375,100,42.1875,100,100,100,46.875,100,79.6875,100,62.5,100,100,53.125,100,95.3125,82.8125,39.0625,100,100,45.3125,10.9375,100,76.5625,100,100,100,75,75,100,100,100,100,100,51.5625,65.625,100,98.4375,82.8125,95.3125,96.875,100,65.625,96.875,64.0625,60.9375,100,100,93.75,100,87.5,100,100,92.1875,87.5,100,93.75,70.3125,64.0625,23.4375,90.625,100,93.75,100,100,100,100,81.25,100,78.125,46.875,100,100,96.875,100,98.4375,95.3125,68.75,73.4375,89.0625,18.75,46.875,73.4375,100,100,46.875,79.6875,100,100,100,100,84.375,79.6875,78.125,90.625,100,100,100,68.75,100,100,82.8125,100,100,59.375,100,100,79.6875,81.25,100,65.625,54.6875,100,100,100,100,56.25,46.875,100,100,100,100,100,70.3125,50,100,100,71.875,90.625,78.125,100,100,60.9375,90.625,100,100,100,100,59.375,100,73.4375,18.75,100,100,67.1875,100,100,65.625,100,100,100,81.25,100,100,87.5,100,100,100,70.3125,82.8125,100,56.25,100,89.0625,100,93.75,92.1875,100,100,79.6875,100,37.5,53.125,43.75,62.5,59.375,100,100,100,89.0625,92.1875,100,100,100,56.25,37.5,100,100,100,100,79.6875,76.5625,100,92.1875,100,71.875,100,71.875,100,71.875,37.5,54.6875,71.875,90.625,46.875,95.3125,85.9375,100,42.1875,35.9375,100,76.5625,100,100,50,100,100,59.375,100,78.125,100,81.25,64.0625,78.125,85.9375,100,100,100,100,51.5625,100,100,89.0625,100,93.75,68.75,84.375,100,100,21.875,100,59.375,100,100,43.75,100,39.0625,100,90.625,71.875,100,54.6875,100,100,100,17.1875,85.9375,100,100,51.5625,100,78.125,96.875,21.875,100,53.125,100,92.1875,100,76.5625,40.625,42.1875,100,100,23.4375,68.75,100,100,100,100,100,18.75,100,46.875,100,100,100,82.8125,100,73.4375,43.75,100,65.625,75,50,39.0625,53.125,100,100,100,31.25,100,100,100,67.1875,100,100,100,100,100,90.625,84.375,100,67.1875,100,100,100,87.5,100,100,78.125,100,68.75,100,100,100,100,43.75,100,1.5625,100,65.625,35.9375,96.875,95.3125,100,100,100,92.1875,100,100,100,100,100,100,98.4375,100,100,82.8125,100,85.9375,100,100,59.375,100,71.875,100,100,92.1875,75,100,34.375,64.0625,100,100,79.6875,100,100,76.5625,100,100,78.125,100,100,100,89.0625,29.6875,79.6875,34.375,89.0625,100,100,87.5,40.625,100,62.5,68.75,48.4375,65.625,70.3125,78.125,100,100,96.875,100,75,100,60.9375,51.5625,39.0625,65.625,46.875,85.9375,82.8125,100,26.5625,64.0625,100,100,96.875,100,100,100,45.3125,100,100,26.5625,64.0625,100,100,70.3125,85.9375,100,98.4375,28.125,67.1875,87.5,100,100,100,40.625,100,59.375,25,100,81.25,100,100,100,84.375,68.75,100,54.6875,87.5,100,53.125,31.25,57.8125,100,54.6875,100,68.75,100,100,75,100,100,100,75,100,100
