timestamp,min_cpu,max_cpu,avg_cpu
0,0.5633779999999999,4.8341970000000005,1.9783330000000001
300,0.562905,3.34878,1.511153
600,0.554812,5.30671,1.9318119999999999
900,0.5491550000000001,4.4238800000000005,1.559418
1200,0.540347,3.2171369999999997,1.546107
1500,0.557756,3.828557,1.541166
1800,0.5622739999999999,47.395861,6.127148
2100,0.592334,6.197493,1.8976220000000001
2400,0.541205,9.535778,2.159565
2700,0.5749380000000001,9.032477,2.391453
3000,0.543117,3.384968,1.505655
3300,0.5681729999999999,8.976637,2.299003
3600,0.541734,4.4893,1.564661
3900,0.56902,3.283636,1.582906
4200,0.544139,3.655155,1.4675200000000002
4500,0.509406,76.581349,8.915536999999999
4800,0.575757,4.418191,1.707914
5100,0.562699,3.6331279999999997,1.478535
5400,0.578004,8.332965,2.3008349999999997
5700,0.547165,3.3543260000000004,1.5126979999999999
6000,0.5697439999999999,9.76375,2.589095
6300,0.540237,4.63606,1.541428
6600,0.46933400000000003,3.3574900000000003,1.384608
6900,0.573408,3.4197,1.4556120000000001
7200,0.554008,35.064315,4.742552
7500,0.43217,3.3988709999999998,1.30518
7800,0.539682,3.48786,1.445418
8100,0.552066,4.604855000000001,1.581919
8400,0.540341,3.376507,1.496249
8700,0.363149,3.4678089999999995,1.448868
9000,0.528169,4.501284,1.5647010000000001
9300,0.590359,3.4625489999999997,1.41385
9600,0.53961,9.681542,2.168556
9900,0.5633819999999999,11.605647,2.3503849999999997
10200,0.5506220000000001,3.341763,1.364962
10500,0.588018,3.355554,1.463077
10800,0.611699,4.141916999999999,1.6340430000000001
11100,0.609572,3.003837,1.535543
11400,0.5529569999999999,2.791938,1.488572
11700,0.615015,3.635375,1.569708
12000,0.36123,2.566393,1.364584
12300,0.570696,2.295919,1.474488
12600,0.6238670000000001,2.284652,1.4097879999999998
12900,0.23071999999999998,2.520816,1.270556
13200,0.575133,9.519848,2.1510290000000003
13500,0.574893,2.9349950000000002,1.59873
13800,0.596074,2.873017,1.533791
14100,0.5977279999999999,2.910239,1.474067
14400,0.591547,3.285167,1.561552
14700,0.569307,3.139757,1.406321
15000,0.5711609999999999,3.018375,1.439891
15300,0.5899399999999999,2.316656,1.306571
15600,0.581374,3.170537,1.33124
15900,0.575041,3.2132490000000002,1.461898
16200,0.269012,3.5894699999999995,1.537397
16500,0.558531,3.229669,1.504543
16800,0.589071,9.58083,2.1962189999999997
17100,0.619508,3.570793,1.57507
17400,0.38205,3.313485,1.382996
17700,0.5617270000000001,3.248838,1.461115
18000,0.609476,2.305841,1.302478
18300,0.618226,3.266623,1.413109
18600,0.558559,3.325947,1.448053
18900,0.522053,3.7210650000000003,1.565956
19200,0.57789,3.3723080000000003,1.504126
19500,0.613657,3.338832,1.366268
19800,0.603023,3.7639480000000005,1.574225
20100,0.625099,6.004553,1.971225
20400,0.655633,9.638063,2.283358
20700,0.399074,3.4583470000000003,1.451237
21000,0.592866,3.2839150000000004,1.4637440000000002
21300,0.709159,3.73501,1.496448
21600,0.601324,3.619815,1.392823
21900,0.573104,3.098403,1.462854
22200,0.6518109999999999,3.3623480000000003,1.396771
22500,0.603855,3.621596,1.528365
22800,0.5660350000000001,3.324585,1.397135
23100,0.6797310000000001,3.4180010000000003,1.464474
23400,0.534243,3.7309669999999997,1.458975
23700,0.505375,3.670778,1.417914
24000,0.648694,9.671896,2.163218
24300,0.641426,3.385118,1.401482
24600,0.640517,3.241662,1.458042
24900,0.46607,3.402831,1.3472620000000002
25200,0.634779,3.603279,1.540036
25500,0.599801,3.2099860000000002,1.45163
25800,0.6204770000000001,3.191627,1.408194
26100,0.64402,3.4759260000000003,1.475536
26400,0.34947,3.2855760000000003,1.362132
26700,0.6319279999999999,3.5056910000000006,1.441932
27000,0.34138,3.57249,1.35
27300,0.6205109999999999,3.23037,1.459195
27600,0.297973,9.654364,2.028003
27900,0.654921,3.600688,1.530583
28200,0.353452,3.2507900000000003,1.365402
28500,0.656575,3.4108690000000004,1.43086
28800,0.627735,3.526416,1.467113
29100,0.249138,3.2874120000000002,1.361132
29400,0.631541,3.4933769999999997,1.460915
29700,0.30131199999999997,3.4933739999999998,1.342875
30000,0.6635220000000001,3.274032,1.490998
30300,0.279938,3.114287,1.389001
30600,0.6433399999999999,3.8105019999999996,1.605285
30900,0.365377,3.6304269999999996,1.4192
31200,0.6225109999999999,8.030998,2.185325
31500,0.349971,3.439189,1.39079
31800,0.256361,3.111348,1.346573
32100,0.6237149999999999,3.607241,1.4466709999999998
32400,0.642038,3.657915,1.425274
32700,0.665365,3.16862,1.466294
33000,0.665218,3.2869230000000003,1.398197
33300,0.6335729999999999,3.650642,1.548785
33600,0.653069,3.03261,1.4009770000000001
33900,0.653207,3.4598809999999998,1.457799
34200,0.28789699999999996,3.7331519999999996,1.4310379999999998
34500,0.667068,3.369445,1.424975
34800,0.692218,8.001903,2.194718
35100,0.644904,3.544544,1.396403
35400,0.666682,3.37755,1.50578
35700,0.25538,3.205732,1.2850780000000002
36000,0.642232,3.434971,1.501443
36300,0.32361799999999996,3.3687769999999997,1.4367379999999998
36600,0.645081,3.841713,1.488896
36900,0.36535,3.7680029999999998,1.446107
37200,0.384486,3.384065,1.3996629999999999
37500,0.6650699999999999,3.644086,1.440806
37800,0.390074,3.5971599999999997,1.3634620000000002
38100,0.663479,3.22802,1.472307
38400,0.348412,8.001814,2.0531650000000004
38700,0.649104,3.7998019999999997,1.5418319999999999
39000,0.650034,3.165556,1.452725
39300,0.647763,3.217109,1.4396790000000002
39600,0.240794,4.346543,1.498451
39900,0.300456,3.40964,1.435573
40200,0.6812239999999999,3.551389,1.444495
40500,0.345432,4.481798,1.454667
40800,0.6373489999999999,3.4204120000000002,1.488518
41100,0.28178200000000003,3.319254,1.368775
41400,0.620478,4.149433,1.503591
41700,0.595368,3.445127,1.4815969999999998
42000,0.677567,7.990678999999999,2.162002
42300,0.6167239999999999,4.57924,1.62191
42600,0.289408,3.391954,1.430833
42900,0.59772,3.712889,1.478777
43200,0.590228,4.491931,1.4786290000000002
43500,0.619483,3.3787220000000002,1.460391
43800,0.288409,3.464181,1.406209
44100,0.633948,4.4549900000000004,1.557966
44400,0.613689,3.477877,1.508523
44700,0.636437,3.2909620000000004,1.443971
45000,0.6415569999999999,4.524864,1.6600990000000002
45300,0.662519,3.3865629999999998,1.532558
45600,0.701713,8.078301,2.253415
45900,0.48381199999999996,4.515787,1.482657
46200,0.624382,3.408617,1.509098
46500,0.505217,3.371686,1.423594
46800,0.62543,4.528253,1.559051
47100,0.5635359999999999,3.412782,1.506515
47400,0.642302,3.39097,1.444024
47700,0.611045,4.705433,1.666243
48000,0.253364,3.3355099999999998,1.446624
48300,0.628793,3.671133,1.466875
48600,0.350506,4.923789,1.492124
48900,0.587819,3.476401,1.511576
49200,0.615654,7.928008999999999,2.180416
49500,0.609211,5.047457,1.632235
49800,0.18767,3.596576,1.480589
50100,0.63158,3.475135,1.460691
50400,0.18923399999999999,4.532527,1.525658
50700,0.18841,3.421796,1.46689
51000,0.62295,3.6535349999999998,1.467001
51300,0.283506,4.737188,1.470108
51600,0.607416,3.417893,1.499275
51900,0.632738,3.253161,1.43479
52200,0.616971,4.551506,1.575432
52500,0.25166700000000003,3.504022,1.480437
52800,0.559888,7.948909,2.154541
53100,0.22709899999999997,4.580508,1.365173
53400,0.249481,3.450909,1.442086
53700,0.5696,3.736571,1.468974
54000,0.24055,4.284315,1.2532370000000002
54300,0.5862189999999999,3.2885370000000003,1.450777
54600,0.6189279999999999,3.4963010000000003,1.437194
54900,0.649105,4.445983999999999,1.570082
55200,0.41653999999999997,3.3847480000000005,1.422777
55500,0.61988,3.8875870000000003,1.4637200000000001
55800,0.629868,4.209812,1.5582989999999999
56100,0.623125,3.3988120000000004,1.577461
56400,0.639678,8.010325,2.155508
56700,0.644505,4.549789,1.53871
57000,0.6397079999999999,3.4225410000000003,1.47337
57300,0.40602699999999997,3.3171690000000003,1.390492
57600,0.597442,4.061748000000001,1.486082
57900,0.24166500000000002,3.4180260000000002,1.4153870000000002
58200,0.629363,3.122872,1.4082940000000002
58500,0.178035,4.3270480000000004,1.495193
58800,0.232814,3.41634,1.434725
59100,0.584011,3.5446169999999997,1.494365
59400,0.173377,4.361638,1.4537149999999999
59700,0.6296,3.392307,1.483524
60000,0.601741,7.964524000000001,2.15599
60300,0.5842729999999999,4.544581,1.552646
60600,0.606835,3.4112,1.438368
60900,0.637656,3.077276,1.405836
61200,0.32472199999999996,4.561091,1.539923
61500,0.27919299999999997,3.374966,1.461904
61800,0.642252,3.638282,1.474501
62100,0.621101,4.435018,1.521292
62400,0.606881,4.366474,1.8490209999999998
62700,0.507822,3.4789160000000003,1.451932
63000,0.651053,4.548411,1.58623
63300,0.574278,3.433521,1.4977479999999999
63600,0.58275,7.982137,2.215145
63900,0.321286,4.570698999999999,1.554938
64200,0.185416,3.638703,1.4801879999999998
64500,0.608784,3.648254,1.492199
64800,0.604942,4.545835,1.509833
65100,0.599046,3.5931309999999996,1.5304520000000001
65400,0.18898800000000002,3.542185,1.424152
65700,0.622404,4.588488,1.5737290000000002
66000,0.166774,3.5997160000000004,1.486685
66300,0.610781,3.3714519999999997,1.458834
66600,0.629784,4.552219999999999,1.566632
66900,0.342883,3.42555,1.476241
67200,0.672719,8.152479,2.225965
67500,0.59037,4.549583,1.485617
67800,0.641402,3.3928269999999996,1.507592
68100,0.626088,3.443826,1.549022
68400,0.635487,4.664479,1.589078
68700,0.644741,3.472857,1.544547
69000,0.59404,3.6764930000000002,1.4516069999999999
69300,0.264216,4.551680999999999,1.530405
69600,0.270102,3.4424550000000003,1.468467
69900,0.600809,4.026485,1.521426
70200,0.272473,4.940506,1.501277
70500,0.6192770000000001,3.500833,1.524549
70800,0.5833689999999999,8.103366000000001,2.220622
71100,0.585058,4.710442,1.579339
71400,0.393425,3.412082,1.427805
71700,0.600672,3.5322160000000005,1.444516
72000,0.4769,4.4393139999999995,1.406932
72300,0.6088359999999999,3.560043,1.5218399999999999
72600,0.5521050000000001,2.4399189999999997,1.1849040000000002
72900,0.575235,4.569833,1.373592
73200,0.592389,3.483789,1.5083229999999999
73500,0.580674,3.573721,1.4258520000000001
73800,0.582892,4.581136,1.583552
74100,0.610712,3.431604,1.455115
74400,0.596348,7.993482000000001,2.185539
74700,0.582997,4.55986,1.4592370000000001
75000,0.591533,3.3790430000000002,1.4990569999999999
75300,0.574414,2.4329810000000003,1.228199
75600,0.600254,4.434576,1.369916
75900,0.59887,3.414681,1.4978129999999998
76200,0.484596,3.633554,1.387852
76500,0.588329,4.533802,1.564371
76800,0.556111,3.3936029999999997,1.497701
77100,0.582713,3.651093,1.455845
77400,0.615247,4.55202,1.498119
77700,0.588432,3.4381489999999997,1.506435
78000,0.580494,2.9809419999999998,1.4194149999999999
78300,0.585046,9.732325999999999,1.8884900000000002
78600,0.605809,3.3962470000000002,1.484775
78900,0.57652,3.550756,1.4696879999999999
79200,0.5752,4.623599,1.5646639999999998
79500,0.585635,3.426111,1.617165
79800,0.577592,3.637286,1.448299
80100,0.615009,4.655665,1.6067280000000002
80400,0.6023729999999999,3.366967,1.493239
80700,0.608272,2.3810439999999997,1.19436
81000,0.5790649999999999,4.584482,1.410182
81300,0.626288,3.4760519999999997,1.504701
81600,0.567131,3.5411120000000005,1.4113790000000002
81900,0.554365,12.002614,2.315673
82200,0.548147,3.572688,1.453359
82500,0.576755,3.733111,1.463804
82800,0.565369,4.534025,1.4423780000000002
83100,0.623429,3.50236,1.519388
83400,0.462471,2.4019880000000002,1.12606
83700,0.5498270000000001,4.594206,1.353917
84000,0.586476,3.602417,1.543052
84300,0.364465,4.107705,1.473922
84600,0.5559850000000001,4.71787,1.591923
84900,0.235181,3.43539,1.413299
85200,0.5836020000000001,3.4289099999999997,1.4359709999999999
85500,0.593096,11.747076,2.166184
85800,0.614356,3.341075,1.447386
86100,0.457823,2.425065,1.1166479999999999
86400,0.567227,4.335179,1.353866
86700,0.602843,3.4673309999999997,1.499967
87000,0.577004,3.441528,1.461028
87300,0.608977,4.203753,1.514839
87600,0.46260500000000004,3.460756,1.434023
87900,0.546988,3.5330660000000003,1.4699870000000002
88200,0.553497,4.660963,1.449122
88500,0.597271,3.413383,1.490004
88800,0.566496,2.388663,1.1371149999999999
89100,0.573902,11.878645,2.075009
89400,0.591807,3.488458,1.4742469999999999
89700,0.563426,3.64742,1.451883
90000,0.5840270000000001,4.2250309999999995,1.532694
90300,0.57568,3.391917,1.428311
90600,0.6164729999999999,3.396127,1.403738
90900,0.569444,4.312187000000001,1.41429
91200,0.591375,3.348519,1.4465350000000001
91500,0.547708,2.392208,1.294411
91800,0.601546,4.239797,1.448466
92100,0.625981,3.49266,1.519583
92400,0.553248,3.509297,1.378558
92700,0.5798260000000001,11.790361,2.309454
93000,0.44774200000000003,3.583542,1.499776
93300,0.564702,3.598789,1.452251
93600,0.389366,4.244024,1.3558709999999998
93900,0.557739,3.4542580000000003,1.498294
94200,0.42469799999999996,2.468032,1.120058
94500,0.35644699999999996,4.396102,1.30017
94800,0.562138,3.571425,1.509308
95100,0.2544,3.723499,1.380598
95400,0.542466,4.2449010000000005,1.5248329999999999
95700,0.582634,3.591246,1.509468
96000,0.533352,3.5790379999999997,1.415345
96300,0.573509,11.96857,2.167183
96600,0.580856,3.4194370000000003,1.49174
96900,0.37280599999999997,2.492123,1.106917
97200,0.542615,4.291631,1.377505
97500,0.591571,3.5332790000000003,1.480092
97800,0.549251,3.446179,1.382855
98100,0.581603,4.327868,1.556612
98400,0.483126,3.422685,1.416321
98700,0.545134,3.438627,1.4307530000000002
99000,0.45143900000000003,4.26123,1.386967
99300,0.577699,3.44524,1.477199
99600,0.563078,2.5010209999999997,1.139913
99900,0.558809,12.168852000000001,2.189912
100200,0.562403,3.484989,1.509153
100500,0.531752,3.5575010000000002,1.408588
100800,0.5653100000000001,4.724616999999999,1.5875620000000001
101100,0.562585,3.413706,1.416472
101400,0.581939,3.346112,1.410935
101700,0.544979,4.648135,1.45487
102000,0.59697,3.453447,1.484661
102300,0.198298,2.7043,1.142358
102600,0.553928,4.166712,1.306819
102900,0.5706829999999999,3.6921150000000003,1.5296969999999999
103200,0.534876,3.511129,1.400158
103500,0.57639,11.889746,2.324786
103800,0.5734739999999999,3.449739,1.4715989999999999
104100,0.543763,3.6064529999999997,1.449717
104400,0.537978,4.357885,1.421166
104700,0.569317,3.416525,1.464993
105000,0.194969,2.4660740000000003,1.1043399999999999
105300,0.309316,4.3866830000000006,1.302617
105600,0.544067,3.4367769999999997,1.5089860000000002
105900,0.543488,3.582267,1.405114
106200,0.5574,4.269296,1.537591
106500,0.376864,3.4692220000000002,1.403007
106800,0.533887,3.382586,1.426633
107100,0.40919,11.793928999999999,2.128777
107400,0.581515,3.42182,1.4856719999999999
107700,0.333523,2.4752490000000003,1.105747
108000,0.28026100000000004,4.4071739999999995,1.286952
108300,0.570105,3.4425519999999996,1.4583760000000001
108600,0.31592800000000004,3.4753559999999997,1.3485719999999999
108900,0.562942,4.929501,1.623253
109200,0.27863499999999997,3.448094,1.405613
109500,0.539676,3.6398839999999995,1.465638
109800,0.243944,4.648994,1.403033
110100,0.574994,3.572022,1.517461
110400,0.55766,2.463793,1.16403
110700,0.309655,12.178801,2.0837689999999998
111000,0.557275,3.4356660000000003,1.493934
111300,0.525836,17.380953,3.001903
111600,0.555649,4.73723,1.586495
111900,0.5611510000000001,3.422961,1.446226
112200,0.5641689999999999,3.717889,1.549816
112500,0.3039,4.6839889999999995,1.4095280000000001
112800,0.5610609999999999,3.565254,1.512334
113100,0.524325,2.395866,1.15567
113400,0.556401,4.549316999999999,1.355508
113700,0.548438,3.5661080000000003,1.5089059999999999
114000,0.550176,3.560972,1.5776350000000001
114300,0.531699,12.35463,2.346145
114600,0.262681,3.6647480000000003,1.499762
114900,0.554595,3.690205,1.460237
115200,0.5795359999999999,4.645683999999999,1.598882
115500,0.547362,3.574178,1.502059
115800,0.5249550000000001,3.6681239999999997,1.485465
116100,0.5530930000000001,4.666755,1.583006
116400,0.579581,3.718552,1.57256
116700,0.5839310000000001,5.082654,1.8569369999999998
117000,0.601578,4.768829,1.626243
117300,0.26263200000000003,3.676057,1.5003950000000001
117600,0.539547,3.983887,1.486003
117900,0.539712,12.221873,2.35209
118200,0.5844689999999999,3.5452489999999997,1.526564
118500,0.332793,3.7203169999999997,1.4471829999999999
118800,0.542983,4.643549,1.570195
119100,0.6017640000000001,3.748647,1.603237
119400,0.5330090000000001,5.7948379999999995,1.900624
119700,0.553762,4.610530000000001,1.582017
120000,0.578539,3.6502529999999997,1.562443
120300,0.5369010000000001,3.7095599999999997,1.464118
120600,0.542574,4.600119,1.611055
120900,0.5631970000000001,3.403453,1.492625
121200,0.562805,27.479291999999997,4.065459
121500,0.538945,11.986238,2.302809
121800,0.540149,3.674936,1.5666639999999998
122100,0.527449,6.426862,1.9831889999999999
122400,0.560082,4.629016,1.557
122700,0.568186,3.4304089999999996,1.534257
123000,0.537027,3.756543,1.4606379999999999
123300,0.5443939999999999,4.517232,1.607291
123600,0.565184,3.45381,1.501584
123900,0.545237,30.818528999999998,4.365577
124200,0.564643,4.6416699999999995,1.583402
124500,0.311794,3.7811769999999996,1.5147680000000001
124800,0.524842,5.262319000000001,1.8391959999999998
125100,0.533338,9.847203,2.33016
125400,0.21594899999999997,3.579991,1.480069
125700,0.554836,3.627969,1.450653
126000,0.5603819999999999,4.50708,1.558953
126300,0.5621,3.7837940000000003,1.532355
126600,0.544882,6.753118,1.947605
126900,0.539806,4.695778,1.571732
127200,0.58168,3.5815309999999996,1.57555
127500,0.545351,5.810739,1.902942
127800,0.5541189999999999,4.738455999999999,1.584224
128100,0.589276,3.6501379999999997,1.562532
128400,0.546816,3.6027080000000002,1.447158
128700,0.295049,8.3653,2.27628
129000,0.626613,3.902133,1.558102
129300,0.35828899999999997,3.707735,1.330333
129600,0.583442,4.587394000000001,1.5528520000000001
129900,0.357098,3.809079,1.51131
130200,0.584377,5.487372,1.88789
130500,0.622731,4.105914,1.510548
130800,0.225965,3.2614419999999997,1.42569
131100,0.604492,3.5231809999999997,1.428118
131400,0.23303800000000002,4.058247,1.474229
131700,0.598843,3.012391,1.477908
132000,0.299728,3.348361,1.2833620000000001
132300,0.575911,9.240157,2.3041650000000002
132600,0.637478,3.6369870000000004,1.537988
132900,0.578029,5.654275,1.8742310000000002
133200,0.605464,4.448207,1.562054
133500,0.340565,3.483371,1.495834
133800,0.6120720000000001,3.493104,1.4302979999999998
134100,0.604292,4.8597,1.605591
134400,0.6238229999999999,3.6099580000000002,1.546589
134700,0.203632,3.626301,1.31233
135000,0.587065,4.724347,1.583608
135300,0.23720300000000002,3.923564,1.527793
135600,0.593698,5.649096,1.859068
135900,0.5568420000000001,9.191777,2.317735
136200,0.336375,3.532372,1.515051
136500,0.560239,3.5268330000000003,1.440613
136800,0.554714,4.790514,1.581546
137100,0.57539,3.6934160000000005,1.52655
137400,0.447514,3.624161,1.330272
137700,0.568365,4.7403830000000005,1.570094
138000,0.37273,3.8672239999999998,1.5277459999999998
138300,0.602025,6.664175999999999,2.014282
138600,0.57125,4.601783999999999,1.532409
138900,0.47311400000000003,3.2823339999999996,1.467241
139200,0.5907479999999999,3.577642,1.4349370000000001
139500,0.255968,9.183394,2.297519
139800,0.587827,3.5642660000000004,1.528357
140100,0.47646499999999997,3.843532,1.3752149999999999
140400,0.5509430000000001,4.602568,1.567393
140700,0.272495,3.7859089999999997,1.516766
141000,0.570852,4.916318,1.7852720000000002
141300,0.578196,4.605179,1.568233
141600,0.298745,3.463565,1.495672
141900,0.5625979999999999,3.496915,1.485665
142200,0.296971,4.500055000000001,1.524891
142500,0.581283,3.5299989999999997,1.5237450000000001
142800,0.592685,3.6757760000000004,1.348957
143100,0.556276,9.270961999999999,2.3420669999999997
143400,0.29916,3.905155,1.5435459999999999
143700,0.5739850000000001,5.196836,1.829031
144000,0.5720189999999999,4.672935,1.571597
144300,0.585216,3.382375,1.568791
144600,0.572495,3.561894,1.4346780000000001
144900,0.206202,4.604875,1.518485
145200,0.592646,3.447201,1.5159120000000001
145500,0.36233200000000004,4.015172,1.391939
145800,0.594396,4.559625,1.570014
146100,0.610879,3.7865,1.562353
146400,0.5728850000000001,5.079155,1.7825419999999998
146700,0.543469,9.240695,2.304621
147000,0.343619,3.5159870000000004,1.502876
147300,0.589546,3.5499959999999997,1.472676
147600,0.224823,4.609567,1.519563
147900,0.588805,3.5397199999999995,1.520317
148200,0.19301500000000002,3.3910449999999996,1.2697399999999999
148500,0.550187,4.648414,1.559763
148800,0.613316,3.620452,1.565188
149100,0.5856520000000001,5.423965,1.8604630000000002
149400,0.53672,4.378661,1.524926
149700,0.400398,3.5108099999999998,1.497454
150000,0.576818,3.618126,1.442533
150300,0.586635,9.205657,2.373318
150600,0.610765,3.532664,1.52449
150900,0.535148,3.512569,1.340134
151200,0.539155,4.426623,1.5425
151500,0.540903,3.5140300000000004,1.530422
151800,0.6027399999999999,6.509248,1.928836
152100,0.604154,4.271974,1.5588309999999999
152400,0.249833,3.227246,1.477976
152700,0.591468,3.561055,1.466992
153000,0.38460900000000003,4.373762,1.527592
153300,0.5747939999999999,3.216646,1.50609
153600,0.596704,3.239761,1.323017
153900,0.54564,9.574489,2.33458
154200,0.24948800000000002,3.428088,1.4956260000000001
154500,0.572533,5.98464,1.857568
154800,0.565209,4.38684,1.533194
155100,0.599276,3.4097269999999997,1.5859379999999998
155400,0.581853,3.441588,1.468126
155700,0.380894,4.511222,1.549819
156000,0.608775,3.218112,1.507025
156300,0.48416400000000004,3.446706,1.32802
156600,0.570688,7.585405000000001,2.149557
156900,0.581521,3.605282,1.5372569999999999
157200,0.581461,5.287191,1.781927
157500,0.564182,9.456978999999999,2.327116
157800,0.593254,3.0268080000000004,1.4910290000000002
158100,0.606499,3.347784,1.4492530000000001
158400,0.398311,4.116518,1.493092
158700,0.605664,2.897448,1.47682
159000,0.354811,3.2896690000000004,1.28049
159300,0.569527,4.079718,1.516945
159600,0.6094930000000001,2.9966619999999997,1.466974
159900,0.594824,4.794296,2.003044
160200,0.566395,4.2839,1.5345540000000002
160500,0.503905,2.97044,1.445576
160800,0.588152,3.1957169999999997,1.389063
161100,0.574205,9.44008,2.317883
161400,0.6190100000000001,3.187382,1.497482
161700,0.6145649999999999,3.536855,1.347342
162000,0.5562090000000001,4.501296,1.612819
162300,0.597017,6.567495,2.138832
162600,0.576583,4.923927,1.705027
162900,0.579923,4.053254,1.5177690000000001
163200,0.555588,3.036824,1.4800719999999998
163500,0.577205,3.20415,1.403198
163800,0.5219520000000001,4.068875,1.5814489999999999
164100,0.587629,3.228032,1.519219
164400,0.551972,3.3536019999999995,1.375924
164700,0.544391,9.543467,2.298771
165000,0.570774,54.896114000000004,6.705951
165300,0.551953,6.099125,1.82612
165600,0.5347890000000001,4.218647,1.530929
165900,0.567684,2.755745,1.2702790000000002
166200,0.5576260000000001,3.1121849999999998,1.3682020000000001
166500,0.548227,4.2988599999999995,1.5556649999999999
166800,0.579962,3.285044,1.483001
167100,0.562527,3.223619,1.423725
167400,0.5340779999999999,4.356013,1.53106
167700,0.5517529999999999,66.45190600000001,7.859281
168000,0.5601689999999999,4.994807,1.7640040000000001
168300,0.542363,9.41805,2.3085310000000003
168600,0.165212,3.230461,1.468289
168900,0.560246,3.575929,1.4596799999999999
169200,0.407981,4.44536,1.524273
169500,0.590421,3.344564,1.496513
169800,0.578859,3.537433,1.461259
170100,0.5445979999999999,4.183086,1.516915
170400,0.30025599999999997,2.254713,1.216174
170700,0.295675,3.297563,1.317556
171000,0.557542,4.398452,1.543436
171300,0.568501,3.125656,1.432324
171600,0.571454,3.350718,1.41104
171900,0.277144,7.51412,2.270808
172200,0.580853,3.153996,1.456706
172500,0.565244,3.3355230000000002,1.4304219999999999
172800,0.524506,4.170857,1.498961
173100,0.585747,2.193015,1.307577
173400,0.260203,3.352243,1.317957
173700,0.630051,4.0749699999999995,1.549233
174000,0.295532,2.869098,1.3602290000000001
174300,0.604075,3.217085,1.464775
174600,0.597321,3.6164400000000003,1.543548
174900,0.621969,2.5714360000000003,1.489647
175200,0.62993,2.813533,1.444273
175500,0.643421,8.518359,2.285498
175800,0.603438,2.087046,1.3581530000000002
176100,0.565067,2.0616939999999997,1.40439
176400,0.6156699999999999,2.6715400000000002,1.558622
176700,0.624,2.446329,1.4733209999999999
177000,0.567944,2.67685,1.4488590000000001
177300,0.634559,2.774061,1.592967
177600,0.620167,2.712968,1.451006
177900,0.571328,2.809388,1.535287
178200,0.599002,3.072622,1.540001
178500,0.603457,2.8347729999999998,1.508321
178800,0.588671,3.026037,1.456828
179100,0.626075,8.620064999999999,2.354891
179400,0.61397,3.011876,1.432657
179700,0.585766,2.80342,1.4370399999999999
180000,0.593042,3.2276130000000003,1.5482420000000001
180300,0.601921,2.817868,1.459699
180600,0.614183,2.939453,1.435949
180900,0.6257060000000001,3.304265,1.551216
181200,0.605009,2.897291,1.511231
181500,0.639807,2.962856,1.3429280000000001
181800,0.599596,3.013888,1.505344
182100,0.6487689999999999,3.016887,1.494981
182400,0.583684,3.110024,1.4517360000000001
182700,0.630288,8.530854,2.309136
183000,0.598828,2.9726049999999997,1.496949
183300,0.387825,3.001737,1.405417
183600,0.627555,3.3399099999999997,1.537543
183900,0.640748,3.0467869999999997,1.500903
184200,0.538045,3.0196330000000002,1.388454
184500,0.622498,3.472512,1.564282
184800,0.598951,2.975422,1.440887
185100,0.655373,3.236716,1.4333120000000001
185400,0.274926,3.347811,1.488674
185700,0.627939,3.0333069999999998,1.485041
186000,0.384073,3.2775870000000005,1.431581
186300,0.61908,8.68201,2.314957
186600,0.655067,2.989667,1.5008219999999999
186900,0.5292560000000001,3.167279,1.345037
187200,0.636303,3.5805029999999998,1.561093
187500,0.403079,3.112935,1.381823
187800,0.645891,3.023709,1.408087
188100,0.644691,3.335022,1.546823
188400,0.655112,3.146299,1.519901
188700,0.352903,3.0632330000000003,1.410547
189000,0.6219210000000001,3.4245620000000003,1.538414
189300,0.393735,3.084588,1.484417
189600,0.6938310000000001,3.008229,1.425163
189900,0.6311359999999999,8.640513,2.346437
190200,0.22941399999999998,3.007396,1.3597299999999999
190500,0.697226,3.1188540000000002,1.445514
190800,0.169526,3.381856,1.497095
191100,0.612404,3.018005,1.473615
191400,0.174377,3.038643,1.360945
191700,0.6492439999999999,3.4698629999999997,1.566581
192000,0.31916300000000003,2.844627,1.45151
192300,0.6569520000000001,3.026508,1.425741
192600,0.610969,3.7059830000000002,1.5832950000000001
192900,0.354401,3.050726,1.3711
193200,0.668044,3.0761979999999998,1.430431
193500,0.29653,8.627421,2.3018560000000003
193800,0.599734,2.820993,1.493295
194100,0.179133,3.0751459999999997,1.38285
194400,0.6366689999999999,3.386539,1.549656
194700,0.182172,3.076184,1.429772
195000,0.192775,3.167072,1.364568
195300,0.653934,3.425465,1.575992
195600,0.6380640000000001,3.108582,1.424979
195900,0.702911,3.095344,1.445527
196200,0.630213,3.4145800000000004,1.618243
196500,0.605344,3.22535,1.514434
196800,0.7489859999999999,3.053491,1.475164
197100,0.624583,8.612232,2.422592
197400,0.47434499999999996,3.12195,1.496283
197700,0.358189,3.1274669999999998,1.4353049999999998
198000,0.642835,3.3294669999999997,1.562864
198300,0.6164649999999999,3.080104,1.493103
198600,0.609479,2.965363,1.425789
198900,0.636472,3.6160949999999996,1.612933
199200,0.628438,3.111551,1.4860209999999998
199500,0.817527,3.183433,1.5100959999999999
199800,0.620112,3.423569,1.563289
200100,0.381605,3.227853,1.4678149999999999
200400,0.531181,3.104841,1.414784
200700,0.6704869999999999,8.651882,2.366802
201000,0.624789,2.9998720000000003,1.457268
201300,0.641512,3.306479,1.461091
201600,0.30914,3.420022,1.531888
201900,0.603039,2.874612,1.447378
202200,0.398007,2.963412,1.3924860000000001
202500,0.654543,3.488425,1.563657
202800,0.80162,3.000011,1.565684
203100,0.590521,2.903218,1.465231
203400,0.661517,3.8216,1.6557979999999999
203700,0.398556,3.113848,1.411411
204000,0.644325,3.164314,1.441352
204300,0.6118520000000001,8.680337,2.335398
204600,0.620166,3.2173990000000003,1.525313
204900,0.617151,3.109693,1.446348
205200,0.65635,3.562092,1.569972
205500,0.63727,3.120551,1.561735
205800,0.276912,3.120602,1.4009610000000001
206100,0.677542,3.664394,1.621734
206400,0.320129,3.150693,1.421132
206700,0.658891,3.5152550000000002,1.533007
207000,0.6571819999999999,3.5669720000000003,1.617544
207300,0.646505,3.3888849999999997,1.551145
207600,0.699414,3.083899,1.480089
207900,0.656798,8.659914,2.3385759999999998
208200,0.343574,3.116978,1.497795
208500,0.285646,3.1279939999999997,1.4115879999999998
208800,0.639736,3.7647839999999997,1.59619
209100,0.326928,2.910373,1.361073
209400,0.628675,3.055339,1.427252
209700,0.6408010000000001,3.3104519999999997,1.5812110000000001
210000,0.617638,3.0479580000000004,1.4692
210300,0.385601,3.509209,1.4713209999999999
210600,0.66128,3.52501,1.576877
210900,0.291821,3.218398,1.488168
211200,0.670025,3.0060189999999998,1.44815
211500,0.685346,8.630858,2.3722659999999998
211800,0.18804200000000001,3.093393,1.392771
212100,0.6682060000000001,3.185076,1.464674
212400,0.281671,3.177241,1.491063
212700,0.586341,3.1200200000000002,1.485488
213000,0.7210770000000001,2.837972,1.4269690000000002
213300,0.686146,3.372029,1.538197
213600,0.44149499999999997,3.058105,1.45425
213900,0.419972,3.082421,1.398496
214200,0.630729,3.720618,1.580229
214500,0.641452,3.172736,1.470369
214800,0.660626,3.087663,1.405046
215100,0.537311,5.138312,2.3143740000000004
215400,0.630944,3.064543,1.471671
215700,0.699515,3.184516,1.456855
216000,0.643305,3.3984050000000003,1.549451
216300,0.49172299999999997,3.155618,1.487299
216600,0.6531939999999999,3.176123,1.428736
216900,0.416783,2.5073060000000003,1.268377
217200,0.644046,3.19751,1.365083
217500,0.678534,3.3268519999999997,1.466651
217800,0.468487,3.743017,1.527937
218100,0.623145,3.154123,1.500139
218400,0.6295109999999999,3.256991,1.474164
218700,0.678778,8.455081,2.3242529999999997
219000,0.627775,3.0032360000000002,1.340526
219300,0.685457,2.923351,1.4184350000000001
219600,0.342213,2.594251,1.25118
219900,0.59677,3.076523,1.3507149999999999
220200,0.624641,3.0546330000000004,1.419074
220500,0.638204,3.266523,1.535619
220800,0.614071,2.9968630000000003,1.4567940000000001
221100,0.644292,3.054948,1.420599
221400,0.657927,3.366921,1.557415
221700,0.659179,3.283152,1.4273049999999998
222000,0.635725,3.0365860000000002,1.421419
222300,0.619629,8.562882,2.074416
222600,0.52028,3.241488,1.299135
222900,0.661216,3.10106,1.431124
223200,0.6282220000000001,4.96261,1.9436779999999998
223500,0.6531319999999999,3.278087,1.5114319999999999
223800,0.6419100000000001,12.771061999999999,2.566041
224100,0.670912,3.4900160000000002,1.574553
224400,0.6542399999999999,20.929558,3.336329
224700,0.667195,3.263363,1.454338
225000,0.612854,22.247075,3.341561
225300,0.606485,22.140323000000002,3.351868
225600,0.644537,3.149457,1.4254
225900,0.649176,22.04361,4.392654
226200,0.661028,3.090003,1.488949
226500,0.653289,21.813929,3.4087419999999997
226800,0.643937,3.308365,1.5333450000000002
227100,0.658758,21.634982,3.380118
227400,0.645304,3.120341,1.4316360000000001
227700,0.623997,22.403886,3.380751
228000,0.630945,21.340891,3.272599
228300,0.63162,3.8035690000000004,1.471308
228600,0.614086,21.534848999999998,3.491386
228900,0.621557,3.1415330000000004,1.478068
229200,0.6371399999999999,21.801491,3.4130839999999996
229500,0.660126,8.548615,2.303211
229800,0.569642,22.495244,3.477381
230100,0.650258,3.019444,1.381166
230400,0.600274,18.185185999999998,2.929366
230700,0.581624,9.287229,2.013447
231000,0.64566,3.103065,1.379174
231300,0.625734,3.094693,1.524965
231600,0.63659,3.1672740000000004,1.5038049999999998
231900,0.6421640000000001,3.314135,1.447574
232200,0.636325,3.5075830000000003,1.5912950000000001
232500,0.6378050000000001,3.060973,1.343276
232800,0.6192840000000001,3.19187,1.39151
233100,0.630714,8.524554,2.101748
233400,0.610191,3.013475,1.277872
233700,0.647699,3.4164809999999997,1.453729
234000,0.627055,3.454707,1.472701
234300,0.654081,3.188929,1.541441
234600,0.620732,3.296993,1.34499
234900,0.652831,3.321482,1.535096
235200,0.638912,3.0276,1.291734
235500,0.672818,3.2894400000000004,1.435323
235800,0.6305850000000001,2.752266,1.2527469999999998
236100,0.621104,3.120168,1.315215
236400,0.6207729999999999,3.3336690000000004,1.433258
236700,0.6769470000000001,8.459029,2.266901
237000,0.6279140000000001,3.165809,1.4900280000000001
237300,0.6808350000000001,3.190459,1.175145
237600,0.623963,3.5571349999999997,1.525172
237900,0.6344479999999999,3.2781019999999996,1.315083
238200,0.644049,3.369907,1.4519360000000001
238500,0.234548,2.861217,1.169034
238800,0.235688,3.0184740000000003,1.166436
239100,0.660143,3.2968260000000003,1.446472
239400,0.18723199999999998,4.505668,1.437255
239700,0.613092,3.4322800000000004,1.496948
240000,0.183288,3.2719650000000002,1.276565
240300,0.662611,8.564039999999999,2.335271
240600,0.569371,3.471654,1.328175
240900,0.644139,3.4222910000000004,1.456373
241200,0.637699,2.836042,1.29368
241500,0.618003,3.086284,1.281239
241800,0.6448470000000001,3.604397,1.468219
242100,0.144137,4.2167129999999995,1.4299030000000001
242400,0.622265,3.447283,1.495574
242700,0.333575,21.2207,3.1385680000000002
243000,0.643573,4.0163269999999995,1.5656370000000002
243300,0.364306,3.516125,1.280926
243600,0.6939890000000001,3.284267,1.4232690000000001
243900,0.267315,8.486189999999999,1.9670740000000002
244200,0.247813,3.207671,1.174609
244500,0.598572,3.373441,1.447557
244800,0.599959,4.202548,1.473123
245100,0.5796680000000001,3.533986,1.4930709999999998
245400,0.313944,3.4353029999999998,1.318396
245700,0.619679,4.1816580000000005,1.554814
246000,0.25208800000000003,3.4746599999999996,1.237609
246300,0.676531,3.6093319999999998,1.703503
246600,0.6449739999999999,2.858915,1.215948
246900,0.611472,3.036419,1.219752
247200,0.6618970000000001,3.294002,1.415861
247500,0.650099,8.605148,2.260312
247800,0.629666,3.457435,1.48279
248100,0.119657,3.120978,1.2664739999999999
248400,0.621147,4.338556,1.575201
248700,0.1551,3.450885,1.272443
249000,0.667279,3.2409529999999998,1.416381
249300,0.250251,2.811036,1.169905
249600,0.32358600000000004,3.062581,1.169339
249900,0.573746,3.26287,1.451473
250200,0.253196,4.15351,1.409953
250500,0.621366,3.4698269999999996,1.497468
250800,0.583572,3.260223,1.3385799999999999
251100,0.612455,8.648674,2.35081
251400,0.427493,3.4474449999999996,1.272303
251700,0.658229,3.225006,1.439015
252000,0.24928000000000003,2.8191740000000003,1.163076
252300,0.6104890000000001,3.1480799999999998,1.234006
252600,0.642915,3.4706089999999996,1.450935
252900,0.645506,4.185854,1.533383
253200,0.612286,3.4582919999999997,1.531364
253500,0.651396,3.3590370000000003,1.477985
253800,0.632446,4.379608,1.581344
254100,0.22993400000000003,3.471223,1.254018
254400,0.587906,3.270263,1.429977
254700,0.188132,8.665335,1.952345
255000,0.591531,3.100602,1.23432
255300,0.599053,3.585719,1.471107
255600,0.41380600000000006,4.235780999999999,1.445345
255900,0.629282,3.456572,1.5079850000000001
256200,0.385343,3.520259,1.323939
256500,0.580553,4.204569,1.560231
256800,0.5999140000000001,3.4946059999999997,1.32207
257100,0.669682,3.480605,1.44859
257400,0.306786,2.8118540000000003,1.179592
257700,0.30046,3.1800029999999997,1.1905620000000001
258000,0.617356,3.235272,1.422634
258300,0.6271220000000001,5.21515,2.305417
258600,0.604542,3.497751,1.4454770000000001
258900,0.6664640000000001,3.196605,1.383203
259200,0.6340279999999999,4.237201,1.5433569999999999
259500,0.613147,3.4452339999999997,1.274384
259800,0.572278,3.22705,1.426775
260100,0.585075,2.717113,1.180333
260400,0.363415,3.011063,1.167733
260700,0.6055010000000001,3.5789089999999995,1.491125
261000,0.566124,4.307457,1.484845
261300,0.586334,3.4787790000000003,1.513573
261600,0.235641,3.3405400000000003,1.287885
261900,0.615685,8.577002,2.3884
262200,0.23997399999999997,3.534971,1.2725360000000001
262500,0.601834,3.374604,1.445675
262800,0.297844,4.277778,1.538634
263100,0.624378,3.45969,1.617464
263400,0.288804,3.4790910000000004,1.3460239999999999
263700,0.304654,4.264229,1.449598
264000,0.610163,3.493841,1.488334
264300,0.593699,3.2721669999999996,1.432748
264600,0.602141,4.30739,1.5692059999999999
264900,0.606394,3.500638,1.51681
265200,0.5935560000000001,3.312182,1.4346860000000001
265500,0.625451,8.590864,2.453727
265800,0.594116,3.5785660000000004,1.632851
266100,0.375498,3.464096,1.357746
266400,0.5630930000000001,4.31671,1.479968
266700,0.587565,3.498999,1.506063
267000,0.5618029999999999,3.284905,1.445466
267300,0.581755,4.377896,1.6026850000000001
267600,0.558718,3.551083,1.5007409999999999
267900,0.576526,3.217,1.45146
268200,0.6376390000000001,4.210042,1.585954
268500,0.5978439999999999,3.48463,1.599314
268800,0.612925,3.70042,1.448523
269100,0.248533,8.554207,2.2536
269400,0.54787,3.535029,1.500343
269700,0.585645,3.3093019999999997,1.467624
270000,0.552614,4.298203,1.5670540000000002
270300,0.348788,3.513,1.497095
270600,0.5691430000000001,3.275331,1.438801
270900,0.557042,4.401448,1.584131
271200,0.5763520000000001,3.529372,1.590509
271500,0.5849479999999999,3.8532870000000004,1.451432
271800,0.554326,4.1722660000000005,1.465868
272100,0.604096,3.536621,1.5133780000000001
272400,0.457222,3.207521,1.409006
272700,0.600744,8.549086,2.370448
273000,0.564236,3.561147,1.524038
273300,0.578167,3.278871,1.4363
273600,0.356609,4.23658,1.53871
273900,0.56991,3.4927029999999997,1.585417
274200,0.607885,3.651643,1.462318
274500,0.547237,4.195817,1.512204
274800,0.5950310000000001,3.578565,1.5088110000000001
275100,0.474178,3.579854,1.491788
275400,0.571138,5.264723,1.6810599999999998
275700,0.601076,3.541525,1.52535
276000,0.607808,3.235693,1.437724
276300,0.566566,8.803258999999999,2.4338740000000003
276600,0.567646,3.5660220000000002,1.5113370000000002
276900,0.646134,3.4128849999999997,1.5127700000000002
277200,0.572304,4.222497,1.50245
277500,0.5876319999999999,3.51635,1.511641
277800,0.606463,3.225216,1.430168
278100,0.558247,4.2162239999999995,1.571394
278400,0.599527,3.5428269999999995,1.572077
278700,0.572202,3.258548,1.4320190000000002
279000,0.541223,4.259291999999999,1.617264
279300,0.591852,3.5563309999999997,1.509061
279600,0.5491659999999999,3.770373,1.4811729999999999
279900,0.571078,8.605619,2.273197
280200,0.591879,3.5119309999999997,1.498848
280500,0.622124,3.306281,1.51791
280800,0.5676260000000001,4.187002,1.534175
281100,0.5854689999999999,3.500311,1.48896
281400,0.574326,3.371548,1.427561
281700,0.57052,4.260299,1.5973110000000001
282000,0.578084,3.5900160000000003,1.537005
282300,0.634093,3.5576160000000003,1.546537
282600,0.554736,4.150301,1.610427
282900,0.59623,3.571283,1.488833
283200,0.595905,3.366135,1.68048
283500,0.534879,8.640722,2.3861470000000002
283800,0.532572,3.6487519999999996,1.506009
284100,0.5859770000000001,3.369968,1.4355
284400,0.580646,24.361685,3.8528300000000004
284700,0.583897,3.4873559999999997,1.5034450000000001
285000,0.616548,3.530665,1.578769
285300,0.525626,4.39608,1.642384
285600,0.5602520000000001,3.527653,1.495058
285900,0.580363,3.403661,1.4739309999999999
286200,0.570429,4.249562,1.557228
286500,0.587947,3.5062339999999996,1.536651
286800,0.6156020000000001,3.236084,1.4333719999999999
287100,0.5796979999999999,18.960115,4.097588
287400,0.598042,3.5450510000000004,1.501806
287700,0.631421,3.4075860000000002,1.474741
288000,0.579194,4.222661,1.604368
288300,0.579538,3.489889,1.476628
288600,0.577381,3.2776949999999996,1.424364
288900,0.55792,4.092028,1.5360989999999999
289200,0.576393,3.403551,1.582697
289500,0.60655,3.3474230000000005,1.492407
289800,0.596069,4.34987,1.854657
290100,0.578704,3.4988639999999998,1.503862
290400,0.633795,3.5371010000000003,1.504369
290700,0.449162,8.652047999999999,2.429481
291000,0.574505,3.4886809999999997,1.4806979999999998
291300,0.602432,3.390072,1.438446
291600,0.551904,4.1417,1.534505
291900,0.635807,3.5208410000000003,1.484851
292200,0.61364,3.2688610000000002,1.42563
292500,0.538273,4.313169,1.447663
292800,0.611892,3.397733,1.5046899999999999
293100,0.598812,3.667783,1.459529
293400,0.555289,4.226977,1.614165
293700,0.617024,3.3700940000000004,1.475889
294000,0.563103,3.3247660000000003,1.4265
294300,0.567416,8.548072,2.353453
294600,0.508462,3.44757,1.460709
294900,0.5854199999999999,3.443922,1.441094
295200,0.567674,4.271561,1.497411
295500,0.608683,3.3877559999999995,1.47757
295800,0.428691,3.9476480000000005,1.475387
296100,0.502497,4.204526,1.553878
296400,0.58315,3.462187,1.496666
296700,0.608811,3.5727160000000002,1.463784
297000,0.583648,4.2799949999999995,1.560816
297300,0.557312,3.3813419999999996,1.460868
297600,0.594637,3.3856910000000005,1.444761
297900,0.5834060000000001,6.472885,2.268756
298200,0.5783560000000001,3.470389,1.474228
298500,0.5613520000000001,3.789367,1.477458
298800,0.565421,4.269379,1.634686
299100,0.568829,3.4336839999999995,1.478597
299400,0.568154,3.625199,1.565333
299700,0.559817,4.404119000000001,1.552147
300000,0.46438900000000005,3.426775,1.445978
300300,0.555703,3.5316410000000005,1.443085
300600,0.576503,4.393046,1.501583
300900,0.5794699999999999,3.4450220000000003,1.477273
301200,0.578812,3.740961,1.504524
301500,0.313377,10.756898,2.3777
301800,0.599121,3.459345,1.497158
302100,0.507416,3.4990589999999995,1.4562629999999999
302400,0.601404,4.254494,1.5659100000000001
302700,0.495095,3.4360269999999997,1.461733
303000,0.604453,3.4659160000000004,1.442396
303300,0.46929,4.355263,1.4516719999999999
303600,0.587802,3.4027019999999997,1.476024
303900,0.57536,3.9765089999999996,1.530974
304200,0.322259,4.260366,1.545528
304500,0.612719,3.38225,1.481048
304800,0.352527,3.472775,1.438731
305100,0.598865,10.494752,2.340723
305400,0.364085,3.3906339999999995,1.436279
305700,0.599658,3.53272,1.4585569999999999
306000,0.37266900000000003,4.0099730000000005,1.430517
306300,0.577128,3.407871,1.465303
306600,0.573394,2.459511,1.178364
306900,0.258046,4.24335,1.2749409999999999
307200,0.574627,3.4359480000000002,1.4799639999999998
307500,0.28465999999999997,3.427226,1.287453
307800,0.543728,4.395087999999999,1.552433
308100,0.598517,3.412803,1.4511290000000001
308400,0.564009,3.490618,1.447285
308700,0.27772800000000003,10.715895,2.325536
309000,0.559299,3.526187,1.47599
309300,0.6048140000000001,2.445373,1.175
309600,0.362493,4.294186,1.296271
309900,0.5781850000000001,3.4409940000000003,1.478006
310200,0.43827299999999997,3.392006,1.294529
310500,0.570766,4.3559019999999995,1.573817
310800,0.577715,3.4421019999999998,1.523952
311100,0.603826,3.5539410000000005,1.4774450000000001
311400,0.5342939999999999,4.411711,1.535772
311700,0.594711,3.387422,1.488704
312000,0.573605,2.5721990000000003,1.1740389999999998
312300,0.537993,10.621819,2.146873
312600,0.590272,3.4729080000000003,1.491898
312900,0.28016599999999997,3.415345,1.304585
313200,0.5561020000000001,4.303291000000001,1.5479120000000002
313500,0.43329700000000004,3.425677,1.435283
313800,0.606897,3.496083,1.467112
314100,0.349331,4.382201,1.508775
314400,0.565239,3.467861,1.4925540000000002
314700,0.508675,2.588759,1.2268
315000,0.295996,4.359134,1.293736
315300,0.574202,3.4839910000000005,1.5069549999999998
315600,0.5304409999999999,3.4147440000000002,1.326026
315900,0.556383,10.602106,2.366181
316200,0.347608,3.473117,1.434316
316500,0.608133,3.599486,1.482104
316800,0.5466880000000001,4.467417,1.54962
317100,0.6138100000000001,3.4305,1.50024
317400,0.219135,2.511989,1.12932
317700,0.256292,4.368864,1.2901719999999999
318000,0.577195,3.4103440000000003,1.497717
318300,0.604083,3.720911,1.409433
318600,0.5644319999999999,4.383211,1.565142
318900,0.588541,3.36951,1.436137
319200,0.576285,3.5947169999999997,1.460061
319500,0.224649,10.757738,2.294809
319800,0.582209,3.3946370000000003,1.488509
320100,0.263054,2.525265,1.1197840000000001
320400,0.42263500000000004,4.055834,1.280904
320700,0.603565,3.225118,1.444167
321000,0.556629,3.339118,1.3450790000000001
321300,0.560247,4.017431,1.487796
321600,0.54428,3.4185879999999997,1.427222
321900,0.577113,3.248397,1.408182
322200,0.5687180000000001,4.318837,1.508996
322500,0.596101,3.392386,1.514961
322800,0.592565,2.509413,1.160706
323100,0.41201899999999997,10.707656,2.081688
323400,0.570034,3.423525,1.464912
323700,0.579635,92.49019200000001,12.046676
324000,0.579836,3.978696,1.479435
324300,0.352287,3.3623519999999996,1.3592549999999999
324600,0.597089,3.3414550000000003,1.4179190000000002
324900,0.34615999999999997,4.032307,1.4367729999999999
325200,0.593178,3.4037620000000004,1.447301
325500,0.593503,2.500438,1.163294
325800,0.273623,4.022951,1.242891
326100,0.6257520000000001,3.282774,1.4838930000000001
326400,0.386786,3.8072440000000003,1.366419
326700,0.562994,10.629942,2.38227
327000,0.338985,3.410311,1.416142
327300,0.605214,3.362329,1.433222
327600,0.29765,4.302899,1.457021
327900,0.5939300000000001,3.385496,1.446344
328200,0.5747359999999999,2.50969,1.14536
328500,0.307363,4.093338,1.254184
328800,0.5655220000000001,3.381453,1.441223
329100,0.368709,3.247687,1.283652
329400,0.552257,4.163094,1.487603
329700,0.599943,3.4241269999999995,1.4909780000000001
330000,0.578372,3.2335220000000002,1.4079139999999999
330300,0.37013,10.687408999999999,2.2487369999999998
330600,0.571703,3.383117,1.450903
330900,0.527812,2.551245,1.1682350000000001
331200,0.5581149999999999,4.020427,1.305199
331500,0.590785,3.3811699999999996,1.448793
331800,0.486476,3.174269,1.294693
332100,0.584354,4.11112,1.499793
332400,0.332893,3.4201599999999996,1.405609
332700,0.608538,3.363973,1.684698
333000,0.5010319999999999,4.087777,1.486019
333300,0.613392,3.376894,1.4774129999999999
333600,0.618984,2.515545,1.232518
333900,0.7018909999999999,9.354163,2.193373
334200,0.605413,3.286944,1.453545
334500,0.388347,2.47585,1.299028
334800,0.642942,2.828248,1.467984
335100,0.537977,3.225921,1.435414
335400,0.606275,2.5040299999999998,1.423541
335700,0.693491,2.5669150000000003,1.497323
336000,0.608854,2.993961,1.430692
336300,0.271357,2.67103,1.307419
336600,0.5568350000000001,2.949164,1.32056
336900,0.567692,3.096914,1.5221559999999998
337200,0.579771,2.640755,1.373256
337500,0.722375,8.2148,2.3648700000000002
337800,0.567823,2.885669,1.277434
338400,0.33061,63.544433999999995,52.73703100000001
338700,60.245447,75.5849,63.455884
339000,60.564764000000004,99.053256,70.41315300000001
339300,0.147426,76.421485,57.906259
339600,60.078529,76.227975,65.844636
339900,60.624894,96.900364,66.97981800000001
340200,59.747238,77.909187,65.333699
340500,0.10641600000000001,75.781385,56.933386
340800,60.691931999999994,77.37156999999999,63.794449
341100,58.346782,92.882015,66.00760799999999
341400,61.27929399999999,61.551199,61.429088
341700,58.661075,97.682799,67.77789200000001
342000,0.155584,77.558486,58.354741000000004
342300,58.695828000000006,74.890215,62.526875
342600,1.42557,77.32536800000001,60.659315
342900,60.562148,61.568438,61.286134999999994
343200,57.978322,99.173321,67.10692
343500,58.516389000000004,62.976831999999995,60.77649
343800,58.468171999999996,98.826538,68.388662
344100,42.075482,71.83943599999999,61.352421
344400,57.609005,96.92854,64.58815600000001
344700,59.522096999999995,99.560599,67.452864
345000,58.318965000000006,74.750556,65.169478
345300,58.526966,98.619274,66.109752
345600,60.080512,73.04757099999999,62.070474
345900,57.774535,99.340921,67.60940699999999
346200,59.197293,69.05171999999999,62.050497
346500,58.213511,98.323332,64.626971
346800,58.336082,77.785748,65.099198
347100,57.346722,99.852374,64.687736
347400,2.305858,75.947292,57.984995
347700,58.849592,65.834583,61.663728000000006
348000,57.86117900000001,98.73641500000001,67.07538100000001
348300,58.091696999999996,77.214517,65.609512
348600,0.150404,65.94394799999999,55.658591
348900,61.42664,62.18585600000001,61.637675
349200,2.340267,68.02507299999999,56.629548
349500,58.669881000000004,61.826907999999996,60.917652000000004
349800,61.207170999999995,95.978813,65.720213
350100,60.340911,98.962728,69.009019
350400,58.48281600000001,77.091776,62.636223
350700,57.915478,96.70071899999999,64.652673
351000,61.401233999999995,61.828703000000004,61.650059999999996
351300,0.471467,66.555741,55.926573
351600,59.060629000000006,76.695546,66.574991
351900,11.169253,68.708949,57.616127
352200,61.375205,61.660479,61.548359
352500,6.736405,78.513736,62.030320999999994
352800,60.496421999999995,72.45620100000001,64.02421
353100,59.334469999999996,97.513079,64.922604
353400,60.187076,97.209603,67.30781400000001
353700,58.355886,77.981889,65.186463
354000,58.139463,98.72154499999999,66.24683399999999
354300,61.396427,73.408496,62.805634
354600,9.741535,77.552746,57.571678000000006
354900,60.846264,78.68408199999999,65.782325
355200,2.379637,66.135964,56.148154000000005
355500,61.458661,61.878913,61.637251
355800,60.147247,98.810213,69.089324
356100,58.893606999999996,98.876793,65.10171899999999
356400,59.957347999999996,76.69867099999999,64.374253
356700,2.224348,66.11561999999999,55.847803000000006
357000,59.010565,61.837842,61.462524
357300,3.5682620000000003,67.073953,56.717437
357600,61.068681000000005,61.886166,61.454785
357900,29.068412,65.227685,58.85720500000001
358200,61.366926,61.99794300000001,61.710339000000005
358500,0.40218899999999996,76.245435,57.318201
358800,59.829044999999994,96.756711,64.736986
359100,60.729043000000004,61.86059399999999,61.57206899999999
359400,58.767514,96.951252,69.076678
359700,61.078368999999995,66.905322,61.938235999999996
360000,59.40009499999999,81.776763,64.895521
360300,61.19625799999999,72.43284799999999,62.672814
360600,60.929017,97.619975,68.092803
360900,60.992383999999994,61.994239,61.705542
361200,16.205229,76.62485500000001,60.773301000000004
361500,0.340064,76.25704300000001,57.152009
361800,60.638938,61.797371999999996,61.244806000000004
362100,58.87053100000001,97.046453,70.454953
362400,59.026092000000006,69.47340600000001,62.007374
362700,0.2687,77.18005500000001,58.727712
363000,60.504186,77.6848,64.82078299999999
363300,0.22853099999999998,66.276803,56.129502
363600,60.848902,74.977602,64.873713
363900,57.797013,97.784512,67.790006
364200,0.6575270000000001,62.56097,55.35795699999999
364500,60.53586800000001,74.512633,63.069247
364800,59.113848,97.375057,69.109015
365100,60.377913,62.060336,61.205728
365400,59.163205000000005,95.60202,64.60583000000001
365700,60.300532,71.339239,62.567901
366000,0.18916,66.213727,56.078607999999996
366300,59.438728000000005,61.992728,61.551099
366600,0.439979,68.295742,56.605194999999995
366900,3.5673120000000003,66.095764,56.859173
367200,60.397403000000004,66.74741999999999,62.22258299999999
367500,61.360978,87.27403699999999,64.166092
367800,17.554575,73.96646199999999,59.100269999999995
368100,59.852723,98.95924000000001,64.901347
368400,61.484743,76.706204,64.70618499999999
368700,59.313157,96.421803,64.849278
369000,61.08705,72.43181,63.611695999999995
369300,59.228965,97.76950699999999,67.783056
369600,58.322044999999996,98.324337,64.717355
369900,60.506885,62.212366,61.279292000000005
370200,2.375182,77.785387,58.31886899999999
370500,61.348576,69.181063,62.647702
370800,49.922221,71.883113,61.244356
371100,60.956435,61.966866,61.493588
371400,61.221421,91.849951,65.688702
371700,59.339254000000004,78.352281,62.809936
372000,59.500212,98.281199,67.220197
372300,61.618815000000005,97.60114200000001,66.417488
372600,60.88303199999999,78.31545600000001,64.38524
372900,58.474323,98.66733,64.792188
373200,59.588035999999995,77.761547,62.862846999999995
373500,1.899172,66.316251,56.22056800000001
373800,60.65123199999999,67.636649,61.99391
374100,61.260838,98.273188,67.225212
374400,60.83109,61.878682999999995,61.388220999999994
374700,58.581761,97.45785699999999,67.52478
375000,0.15895399999999998,78.429209,58.990790000000004
375300,59.401099,63.808087,61.70748199999999
375600,59.509080000000004,89.635829,66.607849
375900,58.208918999999995,76.827718,62.801465
376200,0.861339,77.835561,58.754082999999994
376500,61.679251,76.90245,63.599975
376800,58.632265000000004,99.179878,65.97666
377100,61.633979000000004,77.757963,65.268033
377400,45.979092,76.216091,61.419121999999994
377700,58.777264,98.572339,70.849944
378000,60.949287,66.892561,61.97623000000001
378300,58.801337,97.545924,67.25084
378600,60.689416,77.639494,63.051846
378900,58.83324399999999,98.56090400000001,66.512465
379200,60.600784999999995,62.348602,61.371249
379500,0.608124,76.459321,57.494236
379800,60.637221999999994,74.53376999999999,63.886226
380100,58.323129,95.54905500000001,66.047427
380400,0.592685,74.5708,57.359660999999996
380700,59.32810799999999,73.887135,62.60671899999999
381000,58.896914,97.247517,66.07271
381300,58.501332999999995,79.35566,66.506786
381600,58.293839,97.78013,66.507987
381900,60.641266,62.295665,61.271536
382200,0.25504,76.48169200000001,57.294012
382500,61.65274300000001,72.13376099999999,64.055047
382800,60.794316,98.036057,67.84142
383100,58.92264399999999,97.766288,66.62644499999999
383400,59.869319,77.358675,63.060491000000006
383700,58.932289000000004,98.76848299999999,67.119488
384000,59.501714,73.219302,63.60443000000001
384300,61.302319999999995,96.760979,65.232773
384600,59.311094999999995,76.077483,62.762060999999996
384900,60.907256000000004,98.536177,65.63719499999999
385200,60.738969,77.53464,64.746425
385500,59.567213,97.953749,66.15695
385800,61.592867000000005,98.360665,66.75371700000001
386100,60.53675500000001,78.357986,64.2819
386400,0.228438,78.497969,57.738801
386700,61.144672,75.790396,63.026996999999994
387000,60.588975,97.845782,67.611159
387300,60.697193999999996,77.645449,64.181636
387600,0.154335,71.630317,57.653091
387900,60.969228,74.601713,62.917376000000004
388200,59.111028000000005,97.36706099999999,69.800694
388500,59.478559999999995,98.763046,67.383449
388800,61.03261,78.18077,65.360259
389100,59.13519599999999,96.958815,64.903375
389400,60.749341,61.767989,61.291603
389700,58.728032999999996,98.578845,69.20855300000001
390000,60.63581,77.482893,63.002685
390300,59.354743000000006,98.745014,65.034724
390600,61.027874,72.158672,63.149680000000004
390900,58.76185400000001,99.23805899999999,67.468479
391200,0.3783,77.396075,58.715203
391500,61.030182999999994,67.967184,62.208861
391800,58.944813,98.84982099999999,70.278582
392100,59.154208999999994,72.80524399999999,63.344438000000004
392400,60.572504,76.67018900000001,64.525319
392700,60.316860999999996,77.497598,63.095845
393000,33.011013,67.21816,59.324144
393300,61.48966899999999,73.070546,63.861817
393600,59.32565,98.925951,69.368799
393900,0.543421,66.398095,56.159703
394200,61.610752000000005,77.110125,64.57536400000001
394500,58.540119999999995,99.425546,64.831222
394800,60.640427,79.728202,64.933066
395100,58.132568000000006,98.370121,64.716185
395400,61.047725,75.089212,63.141066
395700,37.183779,75.221818,63.160423
396000,60.854071,77.067181,65.12492900000001
396300,0.336871,66.083809,56.102092000000006
396600,58.950182,98.34612299999999,70.206982
396900,60.797872,74.853877,62.99509200000001
397200,0.358682,78.026092,57.87301
397500,61.48084,72.738607,62.781349
397800,58.97311,99.277783,66.382737
398100,59.981,77.330691,63.144523
398400,58.620231999999994,98.75774100000001,66.249412
398700,61.272968000000006,77.420819,64.614999
399000,57.750930000000004,99.466475,68.155771
399300,0.387977,80.222084,58.255751000000004
399600,61.44789599999999,69.491853,62.507739
399900,59.117495,99.396529,67.80191500000001
400200,61.03143000000001,78.528952,65.111171
400500,2.47702,66.481712,56.396565
400800,61.163062,73.149385,63.738575
401100,59.136364,95.939596,67.898573
401400,61.187879,75.358919,63.278911
401700,55.827406,99.44481,67.79734
402000,2.566957,77.479404,57.475077
402300,61.22398100000001,69.921922,63.080691
402600,44.966654999999996,72.282944,61.50184599999999
402900,60.927856999999996,78.86886899999999,65.895522
403200,59.92974399999999,98.066992,69.76673100000001
403500,60.34828100000001,77.530612,63.385495999999996
403800,39.186328,75.39049399999999,61.471688
404100,61.060609,72.46987,62.745259
404400,58.967736,98.381461,67.65808299999999
404700,0.221121,77.001508,58.226725
405000,60.604724,64.914934,61.881489
405300,1.680505,71.098585,57.136742000000005
405600,61.504918999999994,77.96333,64.900316
405900,57.884389,99.545615,66.763535
406200,60.800453000000005,77.435428,63.900427
406500,0.15093900000000002,72.87931,57.873603
406800,61.528912,68.58421899999999,62.642178
407100,58.867922,98.13489799999999,66.777253
407400,60.715127,99.188521,66.634609
407700,60.626592,76.242903,63.031567
408000,0.333149,71.321686,57.193169999999995
408300,59.757714,62.345065000000005,61.902401
408600,59.107011,98.859004,65.588167
408900,61.504918999999994,78.06002,64.728427
409200,59.403852,99.60165699999999,67.157176
409500,59.973578,77.08437099999999,63.437568999999996
409800,60.04221999999999,98.461526,66.220911
410100,0.347089,79.270866,57.773844
410400,61.673263,66.63714300000001,62.934878000000005
410700,7.437858,78.101244,58.044755
411000,61.307317000000005,77.40796999999999,65.91042900000001
411300,58.776143000000005,99.333478,66.86842800000001
411600,61.210894999999994,76.492,63.192324
411900,37.891948,73.210693,60.770256
412200,61.13818199999999,77.66972,63.433105000000005
412500,60.47113100000001,98.806371,66.824954
412800,0.428104,70.02371,56.675451
413100,62.081309999999995,66.54571800000001,62.68206
413400,2.275624,62.965416000000005,55.79604499999999
413700,59.351948,74.544638,63.980748999999996
414000,61.445355000000006,97.85633,66.656152
414300,59.685031,62.596785,61.763611
414600,8.544396,78.953171,60.721219999999995
414900,60.198581000000004,62.12731899999999,61.390432
415200,0.183625,69.72385600000001,57.275174
415500,23.261481,63.088876,58.34004300000001
415800,61.24515,73.22403800000001,63.105966
416100,59.282332,99.522859,66.888205
416400,59.781597,63.2734,61.563047999999995
416700,0.539612,77.206186,58.971014000000004
417000,59.86626700000001,78.30104,65.87361700000001
417300,59.612479,99.512888,68.747303
417600,62.116666,62.387707999999996,62.233214000000004
417900,0.15798199999999998,66.767674,56.239394999999995
418200,61.672389,98.800584,66.01450799999999
418500,59.342771,78.141847,63.112542000000005
418800,61.444328000000006,99.521425,66.884648
419100,59.385626,78.672205,63.24339200000001
419400,0.501796,73.068608,57.183278
419700,61.915580000000006,62.436094999999995,62.194339
420000,62.019852,98.522192,65.828982
420300,61.361736,68.888851,62.692125
420600,59.271595999999995,98.446463,66.80724599999999
420900,47.700389,64.297031,60.751013
421200,61.336754000000006,78.867778,64.63274100000001
421500,3.5335910000000004,75.86068399999999,58.67345699999999
421800,61.170411,75.38129,65.24159499999999
422100,59.841377,99.29337199999999,67.136967
422400,58.579411,78.143472,63.411977
422700,52.543275,68.875236,61.523338
423000,62.197889,62.577169999999995,62.343451
423300,0.288866,66.685325,56.360682
423600,36.843815,78.035439,61.458261
423900,61.226028,72.273187,63.38930500000001
424200,56.384714,98.106524,66.684416
424500,61.170372,66.067815,62.412852
424800,61.571041,95.612432,68.409426
425100,61.77534,74.698015,63.382899
425400,2.3778240000000004,66.64784300000001,56.91319300000001
425700,61.875429000000004,78.39225,63.671634
426000,59.469177,99.26048,68.123871
426300,61.412211,97.141573,65.594103
426600,58.818116,72.225027,63.073203
426900,2.958006,66.858162,56.849185999999996
427200,62.204119999999996,62.445817000000005,62.317553000000004
427500,59.904185,98.95342099999999,67.667862
427800,61.218188,73.792513,63.234778000000006
428100,59.971531000000006,98.1038,67.581385
428400,59.767941,79.110553,63.413601
428700,59.85710600000001,98.61263100000001,67.364542
429000,62.119181000000005,73.515504,63.456610999999995
429300,61.641692000000006,74.009598,63.49244399999999
429600,60.203887,97.629913,68.169939
429900,62.301165000000005,77.59962,65.100775
430200,0.803095,66.935816,56.706888
430500,59.381292,73.572807,62.922766
430800,59.26811800000001,97.437587,67.756095
431100,61.514858,62.339991000000005,62.031017000000006
431400,59.050499,98.242191,68.45970600000001
431700,61.106987,98.471777,66.185204
432000,59.380699,76.750755,63.638093000000005
432300,0.61022,66.682373,56.64915
432600,61.943802000000005,69.81513000000001,63.00242900000001
432900,61.626355000000004,98.170025,66.995811
433200,60.322348999999996,72.277866,62.889077
433500,60.916996999999995,92.610325,66.600488
433800,58.932846,78.225359,63.647464
434100,59.314428,98.25867099999999,66.521596
434400,0.705218,62.744977,56.152797
434700,59.697692,67.166449,62.72081899999999
435000,2.548077,73.816257,57.037902
435300,60.050973,82.783524,66.707723
435600,59.342605000000006,96.586926,66.760112
435900,61.212377000000004,77.716904,63.77990500000001
436200,2.4747060000000003,66.72982900000001,56.754822999999995
436500,61.27543299999999,75.360638,64.431242
436800,60.416855000000005,97.981626,68.689006
437100,61.360039,75.191917,63.367031000000004
437400,0.277301,75.308748,59.483575
437700,61.125023,99.207358,68.89613299999999
438000,62.193667000000005,62.716142000000005,62.419
438300,61.404647,69.156474,62.911370999999995
438600,59.704838,73.132289,63.101808
438900,61.052096999999996,98.11406099999999,67.700409
439200,61.705217000000005,75.012395,63.463933999999995
439500,59.364003000000004,98.345117,65.47824
439800,60.78565699999999,79.48966300000001,63.757262
440100,57.311678,67.020569,61.924209
440400,3.2469189999999997,73.502154,57.603605
440700,62.213985,75.335363,63.639695999999994
441000,59.503979,98.44846700000001,68.047612
441300,59.588170999999996,77.367521,63.91963199999999
441600,59.512758,93.529488,65.279145
441900,61.239675,77.74375400000001,64.78093199999999
442200,59.190149,98.89303699999999,65.602503
442500,61.920439,71.880756,64.403248
442800,60.41336,99.620634,67.20050400000001
443100,0.637568,67.105612,56.612418999999996
443400,62.418814000000005,62.92779300000001,62.621417
443700,0.281051,67.088002,56.567601
444000,59.269858,63.659191,62.124662
444300,57.285713,76.031426,62.88143
444600,60.079264,75.074384,64.297878
444900,60.44563,99.75833399999999,67.513265
445200,60.608437,74.22434399999999,63.33813000000001
445500,0.563966,67.200812,56.938935
445800,0.301539,67.41851700000001,57.008543
446100,60.16781700000001,71.280242,63.126727
446400,0.617223,77.866232,57.840681000000004
446700,60.292688,62.749311,62.303470999999995
447000,61.502579000000004,77.534017,65.31161
447300,61.515115,73.272655,63.438306000000004
447600,59.802473,88.76043299999999,66.212551
447900,61.180943000000006,62.936645,62.24128
448200,59.026777,99.211471,68.92848199999999
448500,0.267281,68.18600699999999,57.198466
448800,60.129467000000005,70.674198,62.869552
449100,37.748163,76.477223,61.152281
449400,61.575880000000005,78.745261,63.983828
449700,61.765714,99.140811,68.691907
450000,59.799046999999995,63.063667,61.93855
450300,0.494541,78.88211,58.201051
450600,62.325038,62.80103100000001,62.641226
450900,42.002094,74.34391,64.206289
451200,61.551579000000004,99.687776,67.319239
451500,60.298393999999995,63.4786,62.016296
451800,0.11954300000000001,67.13709,57.207317
452100,62.345344,62.808676,62.531101
452400,0.235711,67.104879,57.05299300000001
452700,60.263371,75.846905,64.443483
453000,59.587313,98.875556,67.38560600000001
453300,60.74140500000001,68.314577,62.915507
453600,59.642815,99.481751,65.559336
453900,58.986543000000005,99.726621,67.198565
454200,61.002614,78.075637,63.810759999999995
454500,2.886184,79.169651,58.19341899999999
454800,62.088448,66.09664699999999,62.959054
455100,1.367499,74.973888,57.630058
455400,61.347170999999996,74.632684,64.659933
455700,59.549932999999996,99.938197,65.705751
456000,61.722434,79.46986700000001,64.069578
456300,59.277271,99.143467,67.43080400000001
456600,61.349531999999996,99.698015,67.03751
456900,62.549358999999995,68.024722,63.30966899999999
457200,0.28233,82.775711,58.809895
457500,62.589259999999996,62.860108,62.727961
457800,61.691463,98.472578,67.583626
458100,59.718722,72.358592,63.070373
458400,60.377093,99.63394,65.980474
458700,61.363133999999995,74.673604,63.724588
459000,59.879691,99.34121400000001,69.114336
459300,0.153137,67.081733,56.873068999999994
459600,62.392618000000006,68.282076,63.172354000000006
459900,59.649674,98.903251,67.06976
460200,61.064852,78.057028,64.921573
460500,60.302589000000005,98.878823,66.066953
460800,60.339006000000005,76.445623,64.449876
461100,61.788802000000004,99.767338,67.761445
461400,61.557139,78.296661,64.05883
461700,0.163385,66.09182,56.910619999999994
462000,60.267922999999996,85.049881,65.975889
462300,59.181137,75.776901,64.104148
462600,59.441561,97.522173,67.409994
462900,62.6842,73.538986,63.850995
463200,59.960775,98.903959,66.091024
463500,62.269999,77.088376,63.934107999999995
463800,60.097277000000005,90.645641,66.09142
464100,59.652363,78.500553,63.537693000000004
464400,55.728271,95.74741999999999,67.969255
464700,60.374458999999995,97.141621,67.629657
465000,60.7217,77.519991,63.833872
465300,0.39955300000000005,67.246553,56.932613
465600,62.525215,62.79989499999999,62.683924
465900,8.113852,67.029223,57.748261
466200,62.46984200000001,76.015074,65.732934
466500,59.61095400000001,99.838927,69.16108
466800,61.857730000000004,65.56810300000001,62.780299
467100,60.235026,98.564375,67.247547
467400,62.288743999999994,99.14446,67.24078100000001
467700,60.571479000000004,79.461651,65.491067
468000,0.324289,89.866272,60.858113
468300,61.634682,64.633499,62.771751
468600,61.440079000000004,98.23015799999999,67.489858
468900,61.743513,62.565638,62.229409999999994
469200,61.242311,99.219238,67.014517
469500,61.934695999999995,78.83320400000001,64.23050500000001
469800,0.195367,74.805773,58.07591600000001
470100,0.34064,62.957826000000004,56.25354
470400,60.113101,77.51468100000001,67.082605
470700,57.964681999999996,92.206827,66.500061
471000,61.93723000000001,73.42789300000001,63.697706000000004
471300,0.1515,78.76683299999999,58.530823999999996
471600,61.57523199999999,86.68187900000001,64.828548
471900,60.224941,81.573879,64.10928100000001
472200,62.373976,75.556629,65.24279
472500,60.50679399999999,99.16974499999999,65.839864
472800,61.208783,99.595065,65.968678
473100,58.440602,78.678557,63.522484
473400,59.12995,98.938138,65.479749
473700,61.678000000000004,79.356716,65.666253
474000,0.233291,71.451784,58.368241000000005
474300,59.483052,62.893714,62.242982999999995
474600,59.739712,95.977767,66.626482
474900,61.42963100000001,78.458048,65.441967
475200,0.128831,77.100942,60.836732999999995
475500,1.227483,63.098879000000004,56.730256999999995
475800,62.340723,70.539124,63.927845
476100,62.588415000000005,76.83494,65.434781
476400,61.159969999999994,78.939438,66.95003100000001
476700,0.167874,67.20841999999999,56.997429000000004
477000,62.374212,76.78182199999999,64.07342
477300,61.654426,94.899847,66.719862
477600,61.387666,78.78446600000001,64.122078
477900,60.112318,98.264442,68.761095
478200,2.345915,62.899117000000004,56.20958100000001
478500,62.427085999999996,67.47116700000001,63.357587
478800,62.2402,90.501936,67.168371
479100,62.543436,67.435342,63.190819999999995
479400,5.760989,67.30575999999999,57.593165
479700,60.304306999999994,62.978936,62.409339
480000,0.198602,78.327039,58.318993000000006
480300,62.115368999999994,72.85408000000001,63.655602
480600,60.16729,99.10606800000001,67.46367099999999
480900,61.502683999999995,78.83229399999999,64.202917
481200,62.740478,96.113537,67.21929499999999
481500,60.385284,99.290291,66.331102
481800,61.882934,76.973031,65.080566
482100,60.450731000000005,98.993427,67.49932199999999
482400,62.068723999999996,79.369928,68.74766600000001
482700,0.10166900000000001,67.50799,57.099637
483000,60.628459,63.244726,62.849116
483300,1.345382,67.64281,57.39456
483600,61.940068999999994,62.833127000000005,62.604716
483900,62.658936,98.129678,66.576874
484200,0.280959,65.151783,56.9957
484500,62.759701,63.178507999999994,62.957455
484800,2.896498,67.25963,57.387613
485100,62.843793000000005,63.145480000000006,62.988218
485400,58.57574399999999,99.576441,68.368188
485700,60.864688,78.922062,64.316875
486000,60.331998999999996,99.36135,67.68928000000001
486300,60.297070999999995,73.90016899999999,63.500388
486600,59.871616,99.11215,68.65955100000001
486900,0.259936,70.382177,57.846784
487200,60.160928000000006,63.126502,62.622626000000004
487500,59.862109999999994,98.377325,68.129719
487800,60.409223,62.688677,62.165313
488100,58.878686,97.887978,66.928731
488400,61.806922,79.13184,64.161746
488700,58.686579,96.86134100000001,67.261996
489000,60.92146700000001,63.807302,62.360158999999996
489300,62.250139000000004,95.649608,68.318691
489600,60.356724,98.421642,68.58784200000001
489900,60.629116,69.579225,63.35689300000001
490200,60.351188,97.412547,66.935408
490500,60.395714,62.924059,62.48174100000001
490800,48.712478999999995,77.707842,65.42433
491100,61.797264,64.224941,62.725792000000006
491400,60.902685,96.69039000000001,65.829411
491700,61.913303000000006,63.251029,62.648630000000004
492000,60.203497,97.46080500000001,67.509426
492300,2.163866,67.294986,56.938722
492600,62.850442,63.601580000000006,63.059507999999994
492900,60.217656000000005,94.805913,66.88924499999999
493200,62.020926,91.76659000000001,66.719505
493500,59.870052,98.272785,66.681499
493800,60.032192,75.929775,63.544251
494100,57.26019599999999,98.05528000000001,65.916792
494400,60.831430000000005,79.427235,64.227724
494700,60.729653000000006,98.58592,67.64899799999999
495000,37.806267999999996,63.891569999999994,59.978692
495300,62.770982999999994,67.518439,63.47823399999999
495600,0.382702,67.607688,56.968817
495900,60.740116,63.204756999999994,62.815562
496200,1.413057,68.060476,57.684470999999995
496500,62.304341,78.876867,64.360168
496800,30.697041,80.337034,61.495629
497100,62.260839000000004,66.955567,63.102056000000005
497400,60.683471999999995,98.71628,66.486176
497700,60.03112900000001,98.241137,66.737319
498000,62.153057,75.831571,64.08102
498300,60.960131999999994,98.53786099999999,66.088313
498600,60.410725,78.705976,64.029481
498900,59.557848,97.989942,67.55303
499200,62.257501,74.503978,63.968485
499500,0.187121,67.599925,57.204344999999996
499800,60.561466,64.195859,62.79634300000001
500100,62.890665000000006,98.12903399999999,66.566956
500400,0.163396,85.305081,60.470335999999996
500700,60.270352,68.068436,63.214402
501000,60.330011,97.848697,67.684159
501300,62.248231000000004,73.749758,63.820826000000004
501600,59.776070999999995,99.48779,67.629452
501900,61.663109,79.693382,64.294411
502200,59.699488,97.490201,65.910095
502500,61.169022999999996,79.05102099999999,64.40513299999999
502800,0.16735,67.58413,57.207201
503100,60.452616000000006,96.26011700000001,66.86674000000001
503400,59.963516000000006,63.030353000000005,62.593394999999994
503700,60.514582999999995,96.514329,65.658351
504000,62.627396,85.253588,66.549247
504300,2.384784,67.619012,57.475049
504600,62.965167,63.205353,63.070933999999994
504900,0.111772,67.596193,57.230616000000005
505200,62.01645799999999,63.62394499999999,62.828455000000005
505500,0.14361600000000002,67.719837,57.070391
505800,17.809023,66.958957,58.95606
506100,62.180521999999996,72.711686,63.772231000000005
506400,48.247667,75.475909,62.959523
506700,62.12038199999999,63.275238,62.76029499999999
507000,59.829873,98.03043100000001,68.74319100000001
507300,61.846807,79.019914,64.402067
507600,60.126835,96.572636,67.64664499999999
507900,60.848051,63.473040000000005,62.544839
508200,59.942535,95.97657199999999,65.383955
508500,0.202683,78.97046999999999,60.793275
508800,62.779093,72.466601,63.897968999999996
509100,61.325454,97.700272,66.208116
509400,62.422665,63.647546,62.896871999999995
509700,47.484553000000005,71.09608100000001,62.601333999999994
510000,60.0052,79.73079399999999,64.209603
510300,60.104383999999996,98.570435,67.675978
510600,61.873242000000005,64.044923,62.904697999999996
510900,61.822104,97.617088,67.096793
511200,62.237256,71.594403,64.27537
511500,62.97037099999999,63.282610999999996,63.169647999999995
511800,0.143976,67.933378,57.186476
512100,63.148208999999994,63.442131999999994,63.267658
512400,0.228144,67.749562,57.055562
512700,63.063109,63.3044,63.188483999999995
513000,3.604574,74.102813,57.91565799999999
513300,62.521216,78.20572299999999,65.335515
513600,58.616174,99.32350600000001,67.593713
513900,59.621924,98.875372,66.146666
514200,59.926676,80.29763299999999,64.160461
514500,0.13996,78.117486,58.560642
514800,62.502875,78.698288,64.862898
515100,57.70875,97.686051,67.269385
515400,61.173584999999996,64.437136,62.750601
515700,60.246159,96.46829,67.52046899999999
516000,61.43666700000001,63.873401,62.729449
516300,60.771519,97.993043,65.896602
516600,17.065654000000002,79.110614,59.872642000000006
516900,63.051292000000004,67.435743,63.592503
517200,17.109049,72.167836,59.804382
517500,62.765467,63.280238,63.032844
517800,47.330038,74.472926,62.865568999999994
518100,62.418201,74.705885,64.126276
518400,60.276874,98.343812,69.316762
518700,61.766760999999995,78.02014,66.27204499999999
519000,59.322246,95.334755,65.710306
519300,0.202516,75.384236,58.581281000000004
519600,60.510957999999995,66.17075799999999,62.99919499999999
519900,63.142823,97.511825,66.66883299999999
520200,63.080313000000004,63.430172999999996,63.182471
520500,25.930316,78.153705,60.650967
520800,62.287724,63.033776,62.758812
521100,60.415521999999996,98.549708,67.45249
521400,62.249437,63.300383999999994,62.94850400000001
521700,60.709095,91.86932900000001,68.21905699999999
522000,60.622011,97.381935,66.230475
522300,62.19705,84.759794,66.596149
522600,60.75824,98.40271,67.678299
522900,62.395756999999996,64.19499499999999,63.01325
523200,61.322885,78.733111,64.815071
523500,62.203790000000005,64.331014,62.975559999999994
523800,60.334134999999996,98.084446,65.95466
524100,62.39335,78.838589,64.889905
524400,0.122322,67.602758,57.364931000000006
524700,63.052812,65.368286,63.547594999999994
525000,62.410183999999994,75.070892,64.211837
525300,60.321068000000004,93.652911,67.034785
525600,62.574073999999996,75.323042,64.24157
525900,37.241234999999996,91.700765,63.531927
526200,62.749014,79.776519,67.31894
526500,59.624412,98.373642,66.042194
526800,61.17143000000001,63.960211,62.870008999999996
527100,60.465880000000006,99.109521,67.913443
527400,2.4321,64.452564,57.13661
527700,62.30683199999999,63.364425,62.93736
528000,0.22063200000000002,71.597096,58.216483
528300,63.15865,63.350965,63.271469999999994
528600,0.275553,67.88464300000001,57.49344
528900,63.323815,63.604898999999996,63.442464
529200,0.194102,65.470155,57.230299
529500,60.794389,82.767877,66.903285
529800,38.09567,73.705751,62.023952
530100,60.56489499999999,98.291235,67.350549
530400,62.424949,63.605757,63.114295
530700,61.05862,63.292531999999994,62.641992
531000,60.920171999999994,63.414055000000005,62.930834
531300,62.301014,98.05067,67.665548
531600,60.765558999999996,77.061335,64.247535
531900,61.174012,98.59151999999999,66.266079
532200,60.388015,79.075592,64.29554300000001
532500,60.966067,99.65539100000001,66.623736
532800,61.37053,99.198338,66.676312
533100,61.027009,89.889127,65.805451
533400,62.986169999999994,64.847606,63.596968000000004
533700,61.083611,63.976688,63.139031
534000,4.80258,63.665372999999995,57.09956
534300,60.957687,63.379938,62.74736
534600,60.963496,93.36386999999999,67.237285
534900,63.193006000000004,63.653962,63.393439
535200,61.217473999999996,99.563283,67.481938
535500,62.082865000000005,99.515252,68.547111
535800,60.474922,79.765176,64.499797
536100,60.328981999999996,98.17542399999999,66.43393
536400,61.843683,76.942274,64.512553
536700,60.337391000000004,98.648966,68.914712
537000,61.988939,64.090502,63.097048
537300,60.699234,99.231082,68.197694
537600,61.68869,64.047011,63.08549
537900,60.238184,98.89076999999999,67.702238
538200,60.377364,98.285211,66.252014
538500,61.832255,63.883708,62.893651
538800,59.893358,98.973008,66.468375
539100,60.9246,78.823227,64.440741
539400,60.330905,98.985113,66.448204
539700,62.024915,64.24655,63.213668000000006
540000,0.559992,73.783721,58.721552
540300,61.431664000000005,69.064385,63.959143999999995
540600,60.117615,99.270717,68.03747800000001
540900,60.776734,99.87379200000001,67.031998
541200,60.720514,80.367876,64.344498
541500,0.41588,73.412959,58.394831
541800,63.28815600000001,63.587942000000005,63.416206
542100,60.772358999999994,98.779401,66.32514300000001
542400,62.540101,78.140528,64.67237
542700,60.731212,94.12086500000001,65.827584
543000,62.825477,77.234218,65.79269000000001
543300,60.686524,99.325474,66.252719
543600,62.635367,99.508362,68.361114
543900,53.727754000000004,89.099848,67.135696
544200,60.139649,99.33005,68.139843
544500,59.680466,74.791465,64.008834
544800,0.40860100000000005,67.854997,57.461467000000006
545100,61.437121,64.36637900000001,63.03436800000001
545400,62.664744999999996,98.800825,66.50729399999999
545700,60.779336,71.661671,64.000076
546000,47.174240000000005,74.635673,63.410962
546300,62.574474,99.318288,66.780811
546600,60.908333999999996,64.121158,63.059917000000006
546900,60.195434,98.66251,66.537872
547200,62.782225,79.993985,66.412572
547500,62.456685,96.18755,68.258605
547800,62.352005000000005,79.43652,64.809161
548100,61.573625,97.657628,68.181673
548400,60.270256999999994,64.064885,63.04185
548700,4.553738,68.209838,58.453927
549000,29.297534000000002,63.741997999999995,59.917085
549300,63.423531999999994,67.030752,63.913982999999995
549600,60.759154,98.509848,66.66683
549900,61.121678,79.31879599999999,64.701295
550200,20.950503,74.28984399999999,60.117681999999995
550500,61.302661,65.012064,63.266946
550800,61.066472,99.150886,66.58555799999999
551100,63.122527000000005,87.56225699999999,65.951625
551400,60.94398399999999,98.5633,66.23443
551700,62.872487,99.353691,69.319497
552000,60.601648,64.289069,63.142437
552300,60.704125,99.311335,68.289113
552600,62.750889,64.155357,63.517848
552900,60.86571899999999,98.802153,68.133904
553200,63.374483,72.77560600000001,64.418966
553500,2.827617,68.001075,57.933935
553800,61.333477,63.594451,63.266002
554100,0.21403000000000003,67.989476,57.933969999999995
554400,2.275071,63.995129000000006,57.498501
554700,60.875313,90.62766500000001,67.452137
555000,39.766166,63.976426000000004,60.843268
555300,63.242952,69.261312,64.099283
555600,15.572687,67.49611999999999,59.13936999999999
555900,63.316345999999996,63.725799,63.529665
556200,61.024178000000006,98.223878,67.453326
556500,62.65290600000001,63.736160999999996,63.36274
556800,60.755793999999995,99.158996,66.752944
557100,28.972924,63.71573000000001,59.903385
557400,63.171324,72.654112,64.677051
557700,62.744294999999994,83.884507,66.746122
558000,63.389717000000005,63.760289,63.64624499999999
558300,24.141629000000002,90.05582700000001,62.13822
558600,63.486229,63.790622,63.615714000000004
558900,1.238505,68.028899,57.707388
559200,62.749453,71.29749100000001,64.057396
559500,60.891420999999994,97.62895300000001,66.24304000000001
559800,14.92795,79.172264,60.02131
560100,62.599376,63.766907999999994,63.223237
560400,63.35156800000001,89.399501,67.253804
560700,60.929747,63.976586,63.16649
561000,23.007355,74.077742,60.3018
561300,62.504194999999996,64.26499,63.351521999999996
561600,60.989961,98.588852,66.810992
561900,62.865095,76.33649399999999,65.856151
562200,60.213573,97.4118,66.493478
562500,40.013758,63.800028000000005,61.261053000000004
562800,63.158551,74.030885,64.718522
563100,60.759341000000006,97.415539,66.280916
563400,60.357602,63.701755000000006,63.136340000000004
563700,61.48018199999999,97.489193,66.629414
564000,63.068606,75.93216600000001,64.755239
564300,60.913315000000004,94.48776099999999,66.98758000000001
564600,63.096593000000006,64.210961,63.622398
564900,56.310903,64.814347,62.541796999999995
565200,62.195306,97.809862,67.710002
565500,61.581782,75.295587,64.916763
565800,0.521781,68.301309,57.698218000000004
566100,63.463754,64.334047,63.688618000000005
566400,63.486831,78.08238,65.27957099999999
566700,62.928286,91.623326,69.06993299999999
567000,59.385167,98.637137,67.50764000000001
567300,61.106795999999996,63.558004000000004,63.201972
567600,0.787907,68.00070799999999,57.82230500000001
567900,4.019529,78.99578299999999,58.894002
568200,62.988569999999996,73.546921,64.445938
568500,60.900997,97.905819,68.03846300000001
568800,60.588459,63.872837,62.962988
569100,60.088242,99.558246,68.82373299999999
569400,62.579788,63.52715799999999,63.193441
569700,60.270548,91.155733,66.767788
570000,63.443464,63.834331999999996,63.69495
570300,46.739538,73.885687,62.997629
570600,60.084002000000005,99.400862,66.63754200000001
570900,60.895366,64.17899799999999,63.102113
571200,61.044008,98.901348,66.303834
571500,62.452487,64.295307,63.345146
571800,60.818312,99.161978,66.54027099999999
572100,60.380922999999996,75.765072,64.533054
572400,61.079063,97.979848,66.46040699999999
572700,61.901359,89.15176,67.067631
573000,60.914288,99.42563299999999,66.472913
573300,60.638023,75.998008,64.423639
573600,61.998178,79.15248000000001,65.613333
573900,1.615129,75.810919,58.636641000000004
574200,63.14827,76.285489,64.792502
574500,58.932366,99.008637,67.162419
574800,61.969013000000004,65.079071,63.221726000000004
575100,61.746058,98.93949599999999,68.161736
575400,61.793352,63.74649300000001,63.186164
575700,60.825114,99.378764,66.66063299999999
576000,60.450235,63.70724499999999,62.861732999999994
576300,58.04903100000001,96.386881,68.589798
576600,61.048593000000004,99.335629,67.329737
576900,60.695071,79.50493399999999,64.667923
577200,60.93275,97.50899,67.526927
577500,62.638999,78.48021700000001,65.07369200000001
577800,61.313037,97.149854,68.06814399999999
578100,60.377851,79.16399399999999,64.561995
578400,0.23874499999999999,65.795787,57.744556
578700,63.557892,64.121825,63.811963
579000,0.19756700000000002,68.348409,57.648953000000006
579300,1.7427549999999998,68.19877,57.881615000000004
579600,61.44586700000001,63.709672,63.353795
579900,2.532699,69.373421,58.016553
580200,62.710115,95.814571,67.69364399999999
580500,0.711429,67.982895,57.572663
580800,60.77679499999999,63.585021999999995,62.983778
581100,0.5881569999999999,70.05026,57.800714
581400,63.133136,63.589103,63.414452000000004
581700,62.868931999999994,86.93806500000001,67.083484
582000,60.221687,97.060429,66.345798
582300,62.632104000000005,63.53761,63.271995
582600,60.744062,94.710976,66.126407
582900,62.722083999999995,79.549758,64.883744
583200,61.216465,98.994062,66.59206
583500,60.70946,63.771902000000004,63.071998
583800,0.349615,74.909513,59.725448
584100,61.364435,63.8422,63.459686
584400,0.375715,68.273063,57.722554
584700,0.624495,66.884821,57.53094300000001
585000,62.304812,64.13545699999999,63.30924
585300,2.726985,66.427385,57.814254000000005
585600,60.972621999999994,63.645376,63.322547
585900,0.977082,68.292941,57.792894
586200,63.475745999999994,63.64125,63.582454000000006
586500,0.323052,68.161923,57.74801899999999
586800,63.463607999999994,63.825224,63.64916899999999
587100,0.139878,68.224073,57.397988
587400,61.22918000000001,97.316937,69.687937
587700,63.090566,74.263149,64.602101
588000,0.167293,68.037592,57.369039
588300,61.315332999999995,65.04042,63.390441
588600,0.217953,68.268436,57.753492
588900,63.289384,72.42318,64.39784300000001
589200,60.825184,97.919793,67.812063
589500,63.332731,63.746104,63.53694599999999
589800,41.245743,66.415739,61.447341
590100,9.815858,64.617436,58.008418999999996
590400,62.959610999999995,73.643313,64.419057
590700,60.5997,99.721589,66.723465
591000,63.157773,81.14258199999999,66.25265300000001
591300,60.699204,98.299789,66.469835
591600,62.6213,63.526462,63.153512
591900,60.941939,98.707942,66.650762
592200,63.032793999999996,79.030291,65.051863
592500,21.106416,63.72649499999999,58.942091000000005
592800,60.78710400000001,96.264527,66.37740500000001
593100,60.950423,63.637862,63.152939
593400,60.693788,98.655238,66.442359
593700,62.848020999999996,79.18460400000001,64.97946
594000,19.231723000000002,64.836913,58.761796999999994
594300,60.614636,74.369823,64.26138
594600,62.732789000000004,99.59872,67.784097
594900,63.273452,63.64423299999999,63.455799
595200,33.154984999999996,73.35018199999999,61.833874
595500,61.805794999999996,99.438001,68.078189
595800,60.951322999999995,64.29816600000001,62.764959
596100,61.345689,97.53021,66.153648
596400,63.313159999999996,75.73903100000001,64.68409100000001
596700,0.200727,68.481842,57.611852
597000,61.657056000000004,64.03316600000001,63.55185
597300,17.630976999999998,67.761643,59.497738
597600,63.427268000000005,63.897564,63.665441
597900,1.327652,68.178639,57.755309
598200,62.042196999999994,100.0,70.59837900000001
598500,62.987538,64.250196,63.45457
598800,60.43747,95.06602600000001,66.141464
599100,62.489243,78.693239,64.795412
599400,0.8570479999999999,66.010774,57.717027
599700,61.366721999999996,63.870703000000006,63.448221999999994
600000,0.190102,68.234954,57.719411
600300,63.442866,63.802067,63.598117
600600,0.590861,68.08981999999999,57.415189
600900,0.5928220000000001,66.842458,57.620872
601200,61.130058999999996,64.550165,63.118291000000006
601500,55.521203,64.135172,62.37445699999999
601800,62.586619999999996,77.24095799999999,64.852805
602100,60.824709,99.107625,66.471638
602400,62.421411,79.526312,64.93641099999999
602700,62.648796,100.0,68.466165
603000,62.171212,73.443852,64.303139
603300,3.500636,68.230376,58.06363
603600,0.224392,68.112273,57.786312
603900,63.452090000000005,63.703325,63.568884
604200,10.230663,67.845961,58.69380400000001
604500,63.565528,63.813085,63.699659
604800,2.37649,68.131786,57.946161
605100,62.729553,77.006222,64.75008000000001
605400,60.901954,97.211516,69.555705
605700,63.52168399999999,63.684383,63.588761
606000,63.459827000000004,98.38718399999999,67.095926
606300,60.789584,98.267016,67.55240699999999
606600,62.976946999999996,75.93579799999999,65.847225
606900,60.56765600000001,99.917118,66.45419100000001
607200,62.168549,64.173242,63.275042000000006
607500,58.254422,99.33253,67.844022
607800,62.818126,78.792873,65.098525
608100,61.066512,99.233016,68.156951
608400,62.539823999999996,63.972392000000006,63.489948999999996
608700,0.302638,66.92712,57.678718999999994
609000,0.11561300000000001,90.53085,61.156290000000006
609300,63.408591,63.933783999999996,63.663661
609600,3.815574,68.26923599999999,58.228354
609900,61.461197,63.870828,63.468987
610200,63.148858999999995,98.118503,66.988683
610500,60.090441000000006,75.647213,65.349999
610800,62.99974,93.859243,66.529523
611100,62.36094,77.604804,64.725081
611400,61.73243299999999,98.682468,68.479291
611700,21.645993,78.530817,60.353754
612000,62.915526,69.832472,64.08284300000001
612300,3.217207,68.186484,58.089704000000005
612600,61.269477,89.838029,66.864694
612900,62.119064,98.584198,66.62583199999999
613200,62.133643000000006,65.46889,63.435632
613500,62.963141,98.57329399999999,68.082269
613800,61.290572,63.763791000000005,63.361785999999995
614100,0.160147,65.485541,57.390366
614400,17.491922,64.502943,58.088046
614700,59.202264,64.450011,62.784063
615000,61.95191,97.848987,66.583668
615300,62.049755000000005,65.186449,63.352363000000004
615600,60.798334,98.684665,66.77020300000001
615900,60.586934,63.894801,62.849419
616200,62.049925,99.307222,67.879662
616500,61.927420999999995,74.56870500000001,64.34258299999999
616800,60.775493000000004,99.235809,66.562841
617100,61.625814,97.826121,66.70143399999999
617400,60.091848999999996,78.377678,64.590616
617700,60.48745699999999,99.754717,66.688346
618000,61.49253100000001,63.927772,63.073675
618300,60.794056000000005,99.583704,68.10635
618600,60.998827,63.693709999999996,62.884593
618900,60.752678,99.15775500000001,68.390536
619200,62.480777,64.719077,63.400977000000005
619500,60.543403000000005,99.364734,66.58916500000001
619800,61.32088,99.827347,71.092148
620100,60.562342,66.44189200000001,62.905636
620400,60.615123,99.481504,66.663686
620700,62.617498,80.10368000000001,64.90509200000001
621000,61.53641700000001,99.85029200000001,66.8724
621300,62.28419,79.654917,64.93556
621600,0.304946,71.676569,58.580406
621900,63.668342,64.01988399999999,63.841730000000005
622200,0.187113,68.432677,57.610739
622500,0.249293,63.905554,57.354493000000005
622800,61.311625,68.299212,63.975148
623100,0.16009,68.359004,57.604231999999996
623400,63.48613,86.476805,67.290603
623700,60.59175,84.872913,65.306634
624000,62.863567,70.224117,64.140811
624300,0.174176,68.436325,57.83890699999999
624600,61.190878000000005,65.272409,63.557588
624900,60.688933,98.974489,68.133124
625200,61.294053000000005,99.470867,67.924525
625500,59.57525699999999,79.67128100000001,66.16839499999999
625800,0.7049989999999999,72.145732,58.565186
626100,61.295308999999996,64.013736,63.528381
626400,0.26914,68.004071,57.739343000000005
626700,63.371626,64.76768299999999,63.670545999999995
627000,61.085547999999996,99.045321,70.904885
627300,63.125316000000005,76.024936,64.85996899999999
627600,61.166447999999995,92.8675,66.042964
627900,62.631598,95.402789,67.893288
628200,62.413064,77.5133,64.630884
628500,61.339789,98.71980500000001,66.602951
628800,61.723892000000006,64.324141,63.10706
629100,59.66064,99.17589,68.321312
629400,62.806214000000004,64.074235,63.34445899999999
629700,59.901655000000005,97.742653,66.544048
630000,61.441553000000006,78.135186,64.641015
630300,0.495051,65.477047,57.307930000000006
630600,61.48194399999999,98.209998,66.74162199999999
630900,61.387099,63.809466,62.914915
631200,60.325179000000006,98.063734,67.970525
631500,61.894507999999995,65.047793,63.313262
631800,1.3907120000000002,73.432313,58.716446999999995
632100,63.415842000000005,67.55210699999999,63.95374
632400,60.946711,97.841349,66.677676
632700,63.622611,63.91092,63.753468999999996
633000,23.267291,71.618076,60.816179000000005
633300,62.672557999999995,77.417546,65.164824
633600,63.426578000000006,74.204015,64.698154
633900,61.37378,98.887463,68.24773
634200,62.145776,70.897695,63.970203000000005
634500,60.952259999999995,95.200405,66.95459699999999
634800,63.03063,78.70787299999999,66.154651
635100,58.77306,97.85606999999999,66.26033000000001
635400,61.450366,65.249298,63.388999
635700,60.728702,99.007094,66.557914
636000,61.318288,98.834211,67.019139
636300,61.332887,79.41937,64.497433
636600,60.356134,98.434717,66.504226
636900,62.84182,79.816949,65.04422199999999
637200,60.42968199999999,98.724962,67.898016
637500,62.009611,63.98713000000001,63.248315000000005
637800,0.230089,71.460679,58.290496999999995
638100,61.08825,72.865184,64.864715
638400,60.866891,99.114275,68.214089
638700,62.936106,99.329636,67.057351
639000,61.164049,65.189053,63.091476
639300,60.903189000000005,98.395087,67.959052
639600,62.557525,69.167416,63.959001
639900,63.513408999999996,96.36020699999999,66.955652
640200,63.397465000000004,72.081211,64.449503
640500,60.38271999999999,95.27246099999999,66.56738299999999
640800,61.16498000000001,63.633175,63.096263
641100,62.424137,97.868767,66.923606
641400,62.947215,96.3409,67.919886
641700,63.463381999999996,78.498458,66.273131
642000,0.318419,72.796707,58.24975799999999
642300,61.126912,63.672279,63.185001
642600,62.573570999999994,96.991664,66.830022
642900,62.618855,74.724583,64.59982
643200,60.937867000000004,96.83509699999999,66.520726
643500,62.958624,73.404128,64.461875
643800,63.274836,90.331843,66.170558
644100,33.441699,63.674201000000004,60.483187
644400,62.860308999999994,72.385036,64.846585
644700,60.722894,99.180459,66.648801
645000,60.460649,79.39730300000001,64.870951
645300,62.660262,93.66565,68.528286
645600,63.365072,63.806906999999995,63.542147
645900,33.316364,63.838075,60.347414
646200,62.996646999999996,74.487173,64.443764
646500,61.41188199999999,98.703737,66.680523
646800,62.653603000000004,98.568128,66.992283
647100,60.994649,78.755462,64.799142
647400,60.727422,97.477037,67.958837
647700,62.723489,63.958814000000004,63.362611
648000,60.399243999999996,99.428058,66.369027
648300,42.063915,78.89851800000001,61.519966000000004
648600,0.182599,65.356721,50.989587
648900,62.554531000000004,96.265589,66.891262
649200,0.16204000000000002,67.11643000000001,57.568502
649500,63.512862,96.088525,66.89027800000001
649800,63.413072,64.349065,63.631519999999995
650100,12.43585,68.019001,58.938506999999994
650400,62.908241000000004,71.654185,64.217515
650700,57.68877,97.188911,67.525959
651000,60.706041000000006,73.367237,64.11223000000001
651300,60.243469,98.308862,69.87361999999999
651600,61.526625,72.19789399999999,64.366476
651900,0.310578,68.226928,57.71170600000001
652200,61.350363,97.613833,67.449005
652500,61.196652,89.134511,66.72630699999999
652800,60.729780000000005,98.778605,66.804074
653100,62.833325,79.090611,64.849593
653400,60.91904399999999,64.042774,63.196878000000005
653700,60.737356000000005,73.608511,64.251513
654000,61.172789,99.480591,68.145325
654300,62.283359999999995,79.65462600000001,64.985952
654600,59.843421,99.50545600000001,68.29084399999999
654900,62.829841,63.921034,63.41094399999999
655200,0.196616,67.03449499999999,58.07277
655500,60.725232999999996,83.45190500000001,66.572799
655800,62.830166000000006,73.98945,64.41027199999999
656100,3.3829839999999995,82.82260699999999,60.124044999999995
656400,62.863482,68.395523,64.023562
656700,61.049218,98.59699300000001,66.66067
657000,63.192440000000005,79.083609,65.05745
657300,22.577431,74.822907,60.365579000000004
657600,62.734162,78.35605100000001,65.032905
657900,62.661547,99.394279,67.993654
658200,0.257424,74.277508,58.721945999999996
658500,61.158905000000004,63.686413,63.365023
658800,0.175533,68.418807,57.779613
659100,63.18004499999999,64.48600400000001,63.65898000000001
659400,60.491975,88.050924,66.893004
659700,63.153602,90.296127,66.52599599999999
660000,3.526213,68.127245,58.075281000000004
660300,62.782171,64.2119,63.616671999999994
660600,60.771099,98.641594,66.724273
660900,60.844878,95.137176,67.738096
661200,61.342034999999996,76.11263000000001,64.52409499999999
661500,62.853595999999996,76.259668,64.814576
661800,61.348975,63.819111,63.422497
662100,39.648767,65.447828,61.17475
662400,62.71801800000001,63.745342,63.387326
662700,60.909475,96.94524,66.282306
663000,63.21524599999999,76.030663,64.735469
663300,51.457234,92.659818,65.294325
663600,60.979787,97.079317,66.244541
663900,63.10227,63.674948,63.518291000000005
664200,63.338255000000004,98.164698,67.080327
664500,63.255904,76.112473,64.800443
664800,61.05666,98.594782,67.79840300000001
665100,63.290461,63.66996700000001,63.508964
665400,62.016743999999996,98.937415,67.006833
665700,62.695698,78.187001,64.858672
666000,60.677530000000004,98.426355,66.772689
666300,60.604025,96.314714,66.48168100000001
666600,62.500227,80.12065799999999,65.075902
666900,61.601812,94.582688,69.87523900000001
667200,62.094949,78.68624100000001,65.042594
667500,58.701618999999994,96.31320500000001,67.76491999999999
667800,60.90266,63.793315,63.36283100000001
668100,0.105821,67.136264,57.330024
668400,63.516923999999996,63.867793999999996,63.637903
668700,63.47787099999999,82.19909100000001,65.87647199999999
669000,63.38006899999999,97.945349,67.929823
669300,60.954747999999995,63.573004000000005,63.01608
669600,60.870799,98.686214,66.738188
669900,62.914777,63.813975,63.451246
670200,63.39589,97.836405,67.10330400000001
670500,63.452957999999995,88.09556500000001,67.651752
670800,0.897649,68.163882,57.832159999999995
671100,61.092978,63.856997,63.433778000000004
671400,3.255747,70.04298299999999,58.543254000000005
671700,11.709519,79.136195,59.786063
672000,61.181002,65.146805,63.52763
672300,61.077979000000006,99.154637,67.688002
672600,61.985639,79.894929,65.11932
672900,60.280463,98.910515,69.091755
673200,61.309876,63.829398,63.216627
673500,0.1853,68.380847,57.802329
673800,61.260587,63.796972,63.379538000000004
674100,0.14285499999999998,80.837486,58.540135
674400,62.823156000000004,99.74446,68.871452
674700,60.904303000000006,63.871193000000005,63.129231000000004
675000,61.055078,99.117903,66.479556
675300,62.30987,64.277059,63.441575
675600,58.460694999999994,99.715866,66.56847900000001
675900,62.823733999999995,64.50332399999999,63.426023
676200,60.59511800000001,99.123889,66.77470600000001
676500,62.635563,63.93135600000001,63.269879
676800,60.4678,99.72071899999999,66.807767
677100,62.401802,98.106686,68.501201
677400,59.849670999999994,64.86332800000001,63.017784999999996
677700,62.584725,99.095024,67.626719
678000,62.685729,63.668133999999995,63.271324
678300,60.481933,98.05764599999999,67.516963
678600,63.111066,63.789276,63.518980000000006
678900,55.417652000000004,75.389815,64.15199100000001
679200,62.631529,79.80068299999999,64.943111
679500,61.288782999999995,99.176558,66.903164
679800,63.023433,99.30666,67.12285
680100,60.447843999999996,78.87287099999999,64.51007
680400,61.258974,99.252229,66.721745
680700,62.108364,64.247946,63.120254
681000,57.881885,99.491219,66.652164
681300,62.13559,73.61918100000001,65.086519
681600,60.53595,97.94398100000001,66.070275
681900,60.67589399999999,63.942877,63.153057999999994
682200,60.805533,98.258661,66.825638
682500,63.376974,99.398675,69.0555
682800,62.86175600000001,76.54732800000001,64.927311
683100,60.182883999999994,99.14746,68.155498
683400,60.948617000000006,65.065624,63.246966
683700,60.723496,99.250024,66.66925
684000,62.80778000000001,78.474474,65.04392800000001
684300,62.726434,98.879478,66.783912
684600,62.43036,78.91615999999999,64.917035
684900,25.79526,87.19281,62.136972
685200,62.641521,99.445769,67.310626
685500,60.92939499999999,79.73416,64.701323
685800,2.32793,74.971956,58.986824
686100,63.580220999999995,68.169714,64.135234
686400,62.743113,98.599579,68.32324200000001
686700,63.353623,71.330496,64.34784300000001
687000,62.040778,98.841993,66.943975
687300,62.75975,64.509927,63.327453000000006
687600,61.489961,98.62244799999999,66.779537
687900,62.469134,99.465818,67.131325
688200,61.081131000000006,64.261277,63.352127
688500,49.109031,75.455609,63.562951
688800,63.49612,77.605053,65.932181
689100,61.353981999999995,84.811052,65.124243
689400,62.66573100000001,63.716492,63.378186
689700,61.07874,98.74842199999999,68.11399399999999
690000,62.944152,73.917001,64.488124
690300,60.689787,99.18873,68.460836
690600,62.454976,98.116961,68.371031
690900,60.625848,64.93636,63.059934
691200,60.922095999999996,100.0,66.766137
691500,62.752081000000004,64.433299,63.497595999999994
691800,0.336294,79.885903,58.821165
692100,63.634302000000005,77.501496,65.293148
692400,63.633815000000006,89.56526099999999,69.811688
692700,63.048342000000005,74.829655,64.83505500000001
693000,62.976061,94.323588,66.66594
693300,44.397121000000006,63.896409,61.191488
693600,62.77215699999999,78.11014300000001,65.91894599999999
693900,62.732876,98.411283,68.41797199999999
694200,62.370628,63.967713,63.201124
694500,61.250938,99.27753100000001,68.429552
694800,61.549914,63.992371999999996,63.254501
695100,60.464493000000004,64.11788299999999,63.120566000000004
695400,61.442944,70.754058,64.193985
695700,0.300363,68.483115,57.608973999999996
696000,63.1927,86.106349,65.920413
696300,60.675990000000006,99.032399,68.45615500000001
696600,60.169022,98.641056,66.573538
696900,62.692187,64.26949300000001,63.534018999999994
697200,0.331187,74.618584,58.999685
697500,62.189130000000006,64.791013,63.542768
697800,61.893255,69.66941,64.13435
698100,61.312313,63.780014,63.402303
698400,7.661472,68.12015600000001,58.483993000000005
698700,63.463029000000006,63.695953,63.607172
699000,1.3780709999999998,77.887146,59.554823
699300,12.469748,63.956528000000006,58.129031000000005
699600,61.066865,87.999278,66.10430699999999
699900,38.934646,66.94494,61.624338
700200,63.51899,63.913162,63.747339000000004
700500,0.288541,68.31088199999999,57.778743000000006
700800,63.50030600000001,64.477687,63.699507
701100,60.928723,98.878263,66.66128499999999
701400,63.049234999999996,79.005155,65.035041
701700,61.758832999999996,80.689194,66.051749
702000,63.078514,66.386124,64.050628
702300,63.102247999999996,64.017046,63.63193199999999
702600,61.185959,73.589347,64.116052
702900,62.393751,63.784838,63.21475
703200,0.119869,93.854008,60.816442
703500,61.116717,68.54082199999999,63.936589
703800,0.23449499999999998,68.469143,57.981531999999994
704100,63.70170699999999,64.0416,63.876389
704400,2.348284,68.48226600000001,57.435475
704700,2.212425,68.475577,58.240867
705000,63.494758,63.806488,63.685843999999996
705300,61.42219300000001,97.855527,68.715304
705600,62.481716000000006,80.333793,66.34190799999999
705900,61.660734,96.64867,66.63956400000001
706200,61.012527,64.83144300000001,63.402014
706500,60.119896,97.644424,66.53445
706800,62.838246,73.832178,64.56149
707100,61.08866,96.58420600000001,67.699738
707400,9.526651,65.564278,58.099669999999996
707700,62.612356999999996,72.903591,64.423098
708000,61.607133,99.496571,66.797852
708300,63.185747,63.997948,63.678098
708600,38.807501,65.105006,61.00996800000001
708900,62.638935,73.322406,64.444848
709200,61.027007,94.761447,66.52199399999999
709500,62.85676899999999,77.183537,64.82846500000001
709800,61.11746899999999,98.332124,68.364277
710100,61.642199,80.181016,66.068253
710400,61.931428000000004,69.587848,64.141612
710700,49.628685,65.931057,62.509521
711000,61.017875,73.281148,64.214951
711300,61.959353,98.583336,66.87948
711600,61.048209,64.208549,63.318191000000006
711900,63.295997,92.361672,69.308559
712200,60.965787,67.850226,63.268052000000004
712500,60.00161,99.41377299999999,66.709436
712800,60.945476,99.057013,66.751612
713100,62.568233,79.734977,65.094459
713400,59.712476,96.36560300000001,66.296338
713700,62.833228000000005,64.34285200000001,63.522459999999995
714000,61.188323,65.757113,63.513637
714300,63.019369,64.033201,63.365147
714600,61.01845600000001,98.53233,66.640117
714900,62.844153000000006,63.874609,63.476572999999995
715200,61.109354,98.844138,66.632104
715500,63.701083999999994,96.947307,67.16765600000001
715800,63.499615000000006,69.688406,64.28530699999999
716100,61.044075,97.77977,66.598866
716400,62.709188,63.837123999999996,63.40891800000001
716700,61.438966,98.06096,68.18902
717000,62.830422,63.753409999999995,63.384349
717300,61.603825,88.212631,65.792034
717600,60.58024,83.418289,67.190502
717900,61.01294,98.463782,66.796308
718200,61.18840600000001,97.250598,66.330138
718500,63.336859999999994,78.000498,65.07609000000001
718800,61.522332999999996,88.31954499999999,65.716207
719100,62.911201,63.79431700000001,63.576405
719400,61.137503,96.329643,67.69560200000001
719700,61.18403299999999,74.03223299999999,64.46239399999999
720000,60.25379,99.539999,66.379504
720300,60.919881999999994,76.673888,64.63523
720600,57.169107,99.000662,68.420707
720900,0.29092199999999996,77.535155,59.022188
721200,62.559810999999996,86.541638,65.940157
721500,60.115536999999996,99.9179,66.80783199999999
721800,62.80724,64.32583199999999,63.393581999999995
722100,62.12159200000001,99.28792299999999,66.94999
722400,61.55429399999999,79.01594300000001,64.994058
722700,60.819359,98.01521,66.41915999999999
723000,61.813787,63.901339,63.261041000000006
723300,61.597592000000006,99.16969499999999,66.75472099999999
723600,61.751577000000005,99.748805,67.022632
723900,61.53595,64.872107,63.382856999999994
724200,61.112097999999996,100.0,66.4258
724500,62.829871999999995,76.314288,64.76525500000001
724800,60.493970999999995,99.543161,69.074214
725100,61.006751,63.761387,63.224074
725400,60.836036,98.39935899999999,66.638097
725700,63.255506999999994,63.761745,63.57741
726000,63.023807999999995,98.150529,68.137547
726300,61.198455,96.978932,66.59693399999999
726600,61.162971,76.06795799999999,64.57435600000001
726900,62.432111,97.749111,67.899772
727200,62.281539,64.744218,63.494476
727500,61.06533100000001,94.359532,66.520452
727800,62.969211,64.099226,63.712201
728100,31.724159999999998,64.581023,60.506158
728400,63.321114,89.499125,66.27621500000001
728700,63.55536,86.154403,67.201989
729000,61.218216000000005,98.712159,66.84388299999999
729300,63.322559999999996,63.802664,63.591516000000006
729600,47.354393,76.978408,63.570366
729900,63.165307999999996,63.871514000000005,63.624767000000006
730200,60.035551,99.638888,69.051303
730500,63.07685,64.428762,63.574307999999995
730800,60.346127,99.49833199999999,69.19274300000001
731100,63.530995999999995,63.838078,63.73121
731400,3.3540550000000002,68.237311,58.18939399999999
731700,0.32418600000000003,66.127452,57.729243000000004
732000,61.65030600000001,75.636122,65.66534399999999
732300,0.27701,78.606193,59.73646
732600,63.61614,64.014882,63.8225
732900,0.095635,68.356121,57.641453000000006
733200,62.971187,65.037789,63.784163
733500,0.753355,65.855086,57.628547999999995
733800,63.517814,63.921730000000004,63.730475
734100,32.440827,67.11036999999999,60.735216
734400,1.351974,68.380864,57.992047
734700,63.61213000000001,64.035826,63.796386
735000,0.184513,68.62728,57.74202
735300,61.079402,63.977546999999994,63.531447
735600,0.23743699999999998,83.877677,60.421749
735900,62.787251,64.392896,63.469643999999995
736200,59.46325699999999,99.742112,68.140447
736500,61.814674,67.414661,63.920115
736800,0.311418,68.387603,57.912852
737100,0.338943,67.311542,57.575438
737400,62.85508299999999,64.19515600000001,63.556297
737700,50.461861,64.642744,61.998619999999995
738000,63.257383,64.61492,63.630762
738300,60.476558999999995,99.15005699999999,66.916256
738600,63.578864,74.654253,64.879234
738900,2.184562,68.228488,58.016903000000006
739200,63.078221,90.678764,66.337445
739500,60.437063,94.85013199999999,66.06781
739800,62.288270999999995,99.21688,66.914917
740100,62.541301000000004,79.451212,65.01945
740400,60.829071,98.785656,66.813212
740700,63.457525,73.315147,64.70515
741000,0.304576,68.290663,57.860492
741300,62.271646999999994,64.883157,63.63701
741600,0.32059299999999996,65.986838,57.849962
741900,63.584886,63.907757,63.755371999999994
742200,0.541161,68.420591,57.95612
742500,2.682004,68.54608499999999,58.297855000000006
742800,61.229969999999994,73.219561,64.575642
743100,60.81322900000001,99.979314,67.544069
743400,60.936268000000005,65.582871,63.08192
743700,61.829373,99.43568499999999,66.87705
744000,61.386125,64.286402,63.231604000000004
744300,60.627943,99.30689100000001,66.47166899999999
744600,62.96751,63.834894999999996,63.611885
744900,48.005815000000005,64.510811,62.285064
745200,21.101317,63.762988,59.169947
745500,60.618848,63.845775,62.980524
745800,60.715467000000004,99.432962,69.080965
746100,60.501536,64.013995,63.210053
746400,57.720801,99.130483,66.44313199999999
746700,62.968361,93.37136600000001,66.642401
747000,60.961884,94.243687,66.287022
747300,61.115302,76.314032,65.758143
747600,60.53878100000001,99.58548,66.87008900000001
747900,59.772608999999996,99.159089,68.234065
748200,61.231926,64.325801,63.287493000000005
748500,63.045777,99.46566899999999,68.407314
748800,61.90986899999999,78.87550999999999,65.092229
749100,61.464842000000004,99.11623,66.841396
749400,60.549859,64.811015,63.154666000000006
749700,61.956807,97.813947,66.78700500000001
750000,63.481374,75.778187,64.951806
750300,60.176873,98.280691,66.988035
750600,0.189829,79.401535,58.93620799999999
750900,63.661163,68.38065,64.26345699999999
751200,9.341913,68.045618,58.742123
751500,63.697187,64.04011899999999,63.850747999999996
751800,0.287456,68.340508,57.775659999999995
752100,62.818577000000005,79.02160400000001,65.001612
752400,63.004534,94.061874,67.50529300000001
752700,59.18395400000001,78.61744,66.162079
753000,61.145437,99.521823,66.98953399999999
753300,37.874493,78.758065,62.28833
753600,62.777717,68.468722,64.184956
753900,60.541357,99.748295,68.379459
754200,61.13711899999999,64.573836,63.155717
754500,60.992033,99.60941600000001,66.83884599999999
754800,61.142837,79.992144,64.91020300000001
755100,57.79419300000001,99.277891,66.32853100000001
755400,60.124055000000006,79.30838100000001,64.807399
755700,60.359578000000006,99.52490300000001,67.009637
756000,60.716024,98.268041,68.369277
756300,61.029139,64.26220699999999,63.37234599999999
756600,60.766637,98.096886,66.704936
756900,62.73259300000001,64.506724,63.609683
757200,0.348553,77.18350699999999,58.855309
757500,61.155181999999996,77.582417,65.36086800000001
757800,61.369558,96.769276,68.44174
758100,63.10025400000001,63.806470999999995,63.484891000000005
758400,60.893468999999996,98.405985,67.748514
758700,0.13614300000000001,63.924274,57.413455000000006
759000,62.018977,68.34894399999999,63.821753
759300,61.87846999999999,64.136534,63.36724
759600,60.604667000000006,69.90691600000001,63.933958999999994
759900,2.144613,68.386543,57.937323
760200,63.582148,63.937034,63.775776
760500,0.22673000000000001,68.423087,57.79257
760800,63.64609,64.166866,63.94089399999999
761100,16.233379,87.592373,63.583470999999996
761400,3.45476,63.896561,57.766456999999996
761700,61.136136,68.539261,63.839187
762000,61.096880000000006,98.575666,67.12670899999999
762300,63.811924,64.125801,63.962068
762600,3.647562,68.495368,58.107367
762900,61.55870899999999,64.110294,63.609356000000005
763200,62.895731000000005,98.615073,67.303845
763500,63.909673,64.194096,63.99067900000001
763800,1.397633,68.66884499999999,58.090796999999995
764100,61.500347,80.51639300000001,65.328357
764400,63.874297999999996,65.728436,64.181292
764700,61.700388000000004,99.232105,70.454037
765000,62.579043000000006,65.22855799999999,63.558966000000005
765300,61.292137,99.435415,67.418373
765600,63.605148,63.952188,63.828058999999996
765900,0.23288499999999998,68.587571,57.80555699999999
766200,62.950064000000005,64.725838,63.681959
766500,50.594436,68.48085999999999,62.686581000000004
766800,1.451115,64.045089,57.42675
767100,63.674401,68.58339000000001,64.32775500000001
767400,0.34538,68.55210799999999,57.900978
767700,63.762793,64.162598,63.921504000000006
768000,1.580131,68.41211899999999,58.18626999999999
768300,61.925134,88.96923100000001,67.463985
768600,14.06405,64.033226,58.600512
768900,62.439804,64.636587,63.63941
769200,61.721886,95.905119,66.530962
769500,62.773404000000006,99.163371,66.949506
769800,60.825365000000005,63.848189,63.21208299999999
770100,60.477163,99.740972,66.75030100000001
770400,60.052859999999995,64.174336,62.846214
770700,60.66944,99.771704,66.739329
771000,62.865497999999995,79.15389499999999,65.05710400000001
771300,60.952721999999994,99.240577,66.720366
771600,62.114174,64.00360699999999,63.151138
771900,61.341665,99.328544,69.680829
772200,63.017402000000004,99.02716,68.108615
772500,60.788268,64.16234399999999,63.332617000000006
772800,60.809107999999995,98.904999,68.318721
773100,62.320586999999996,64.53617,63.41576800000001
773400,60.019278,98.758275,66.647951
773700,62.082331,65.415247,63.55723100000001
774000,60.877283999999996,96.787743,67.894547
774300,62.96079399999999,79.66792099999999,65.271831
774600,0.273754,74.884118,59.038752
774900,0.8192879999999999,64.338211,57.297538
775200,61.997652,66.176182,63.689370999999994
775500,60.759333,98.194078,68.88287199999999
775800,62.304970999999995,64.80201600000001,63.401548
776100,60.821861,98.059618,66.480514
776400,61.127512,76.56735,64.694896
776700,60.319106999999995,98.665743,66.144109
777000,61.195862,64.37860699999999,63.28020600000001
777300,60.561238,98.692437,68.44640600000001
777600,0.373281,76.03145,58.480488
777900,63.593522,67.706848,64.144088
778200,63.642415,83.595658,65.927132
778500,63.548116,63.842811,63.687863
778800,1.584392,68.219941,57.923233999999994
779100,63.509282999999996,84.840345,67.724324
779400,2.681689,68.220572,58.015918000000006
779700,61.321916,63.80962099999999,63.500715
780000,0.493967,68.225196,57.84235
780300,2.2963810000000002,63.929855,57.657095999999996
780600,63.748922,68.509204,64.337137
780900,0.182509,68.458625,57.622786
781200,63.613728,64.392061,63.789876
781500,63.718476,84.491387,66.07581
781800,61.400735,64.019248,63.642568999999995
782100,60.918251,97.626688,67.489508
782400,63.050363,64.05032299999999,63.747972
782700,62.793108999999994,98.271956,70.205885
783000,62.58568199999999,98.69229200000001,67.16573299999999
783300,61.031521,64.184252,62.97285600000001
783600,60.399339000000005,98.630449,66.468666
783900,61.924257999999995,65.2642,63.386361
784200,60.342298,98.23565699999999,68.181589
784500,60.431291,63.727589,63.02986800000001
784800,61.028437,95.686776,68.004697
785100,63.01129,64.279173,63.609278
785400,60.67448,98.21677199999999,68.026009
785700,63.002022,95.439326,66.705748
786000,61.29118199999999,64.635581,63.164184
786300,38.2451,66.565738,61.342693999999995
786600,62.816974,74.118175,64.548012
786900,62.942190000000004,98.91251700000001,68.414463
787200,62.914255000000004,79.224691,65.12808199999999
787500,61.280491000000005,98.016701,66.52713299999999
787800,60.309989,64.18207,62.895162
788100,61.647442000000005,97.874374,66.553709
788400,62.461339,99.062399,66.93828
788700,59.033064,65.585676,63.277857
789000,62.949436,98.270136,68.521485
789300,62.262195999999996,64.060236,63.379819
789600,61.200948,98.25104300000001,68.250914
789900,62.917156000000006,70.66538100000001,64.344635
790200,62.192836,98.976913,66.98513
790500,63.102824,63.919670999999994,63.620146999999996
790800,61.080014,97.409663,67.87514300000001
791100,63.534892000000006,78.585278,66.642709
791400,0.2063,68.47213599999999,57.842012
791700,62.574583,97.113,66.970522
792000,62.916589,77.785173,64.974149
792300,60.712343000000004,98.72653100000001,67.840663
792600,63.209676,78.084932,65.000312
792900,60.35453100000001,98.64549699999999,68.505012
793200,61.975424,64.04299,63.22963299999999
793500,59.898979000000004,98.35837,68.969577
793800,61.926345,65.435468,63.418647
794100,60.060705000000006,99.002399,66.776014
794400,63.414263,94.375564,66.720029
794700,61.10771999999999,63.86596,63.438342000000006
795000,58.820817000000005,64.936584,63.458456999999996
795300,63.292761999999996,74.068973,64.64956
795600,60.653937,98.809102,66.708099
795900,60.056688,64.453059,63.170291000000006
796200,61.397144999999995,98.950051,68.227925
796500,62.75663,64.386472,63.552262
796800,60.596047999999996,98.90100600000001,68.568442
797100,60.32005600000001,99.086123,68.459877
797400,62.572789,63.977812,63.396604
797700,62.435623,97.739767,67.02491500000001
798000,63.091378000000006,78.248142,65.12773299999999
798300,60.921889,97.72616500000001,66.69789200000001
798600,61.886244,64.796635,63.59358100000001
798900,58.059484,99.37076,66.67218100000001
799200,60.821477,65.509514,63.346718
799500,62.041157,97.872476,66.910843
799800,61.653234999999995,98.964904,68.221046
800100,61.666559,65.777123,63.625508999999994
800400,58.375714,99.109166,66.518389
800700,61.14646,89.648628,66.20215400000001
801000,60.967209,96.453727,67.61286899999999
801300,60.620823,79.72669599999999,64.971523
801600,61.838080000000005,98.865652,68.344702
801900,62.820496,64.617536,63.422173
802200,61.46761,98.32077,68.492901
802500,60.571541,76.010485,64.553053
802800,61.749977,65.04079899999999,63.658592000000006
803100,60.536069999999995,96.358615,66.76815
803400,60.487175,65.23253100000001,63.300163
803700,0.10634500000000001,66.944367,57.582878
804000,62.713262,64.343137,63.636337
804300,61.39664200000001,99.437787,66.97479200000001
804600,63.255920999999994,84.40124,67.30698199999999
804900,61.307990000000004,97.920224,66.54110899999999
805200,8.805703999999999,79.31629699999999,59.870008
805500,61.363393,65.744265,63.552715
805800,60.55425,97.016526,67.57849300000001
806100,63.678979000000005,63.987974,63.822554000000004
806400,2.451306,68.465414,57.939983
806700,61.490561,64.040351,63.543673999999996
807000,0.12726500000000002,68.50149300000001,57.85496
807300,63.710933999999995,64.055874,63.910317000000006
807600,0.17060699999999998,68.666027,57.681466
807900,0.628459,68.605522,57.933493999999996
808200,63.277628,70.08076899999999,64.92855899999999
808500,61.210846,96.268936,68.213773
808800,59.646448,68.12177700000001,63.708586
809100,58.902013000000004,99.22824399999999,66.519447
809400,62.18583100000001,64.762801,63.680688
809700,60.51551,98.35451,66.638902
810000,62.639355,64.360883,63.360493999999996
810300,61.505109999999995,97.678608,68.138621
810600,60.44458100000001,98.357428,68.222438
810900,62.235403000000005,77.263374,65.055621
811200,0.107971,68.483928,57.932407999999995
811500,63.813228,64.080207,63.945834999999995
811800,61.886776,98.82948,68.561622
812100,63.33143100000001,78.728848,65.233148
812400,61.159735,99.22214,66.669593
812700,62.300665,64.309464,63.545992000000005
813000,60.867353,98.868767,66.427989
813300,61.912245999999996,99.06798,67.486967
813600,61.732735999999996,64.453401,63.344813
813900,60.425975,98.95257,66.693967
814200,62.225665,64.540772,63.417342000000005
814500,60.158738,99.513795,66.616411
814800,63.556014000000005,63.987271,63.760967
815100,60.783288,99.43379200000001,68.49795
815400,62.89459300000001,71.925256,64.649722
815700,60.979856999999996,98.884341,66.689471
816000,61.047953,97.961027,67.91431700000001
816300,60.792171999999994,63.664512,63.169109999999996
816600,60.94151,98.48605,68.195487
816900,63.194219999999994,63.857376,63.610789000000004
817200,61.449116000000004,99.414987,67.653178
817500,63.180949,79.742459,66.672451
817800,61.172038,98.892051,66.681687
818100,62.109615000000005,64.360372,63.474288
818400,61.191961,98.98146899999999,66.738344
818700,61.872278,98.893732,67.00483299999999
819000,63.48018199999999,82.963092,66.13798
819300,32.620746999999994,64.76791800000001,60.620445
819600,61.129025,63.927184,63.341737
819900,61.834968,88.205607,66.795643
820200,63.254732999999995,76.097554,64.967855
820500,60.5553,99.530091,66.657964
820800,63.48339300000001,79.766421,66.988434
821100,0.607801,65.728942,57.314370999999994
821400,61.975025,97.470845,66.850047
821700,61.395753000000006,73.846014,64.603863
822000,62.677989000000004,98.610543,68.926084
822300,63.18059399999999,73.998173,64.750438
822600,61.63779399999999,96.769085,68.56997199999999
822900,61.441813,64.119646,63.720214
823200,0.225002,68.476603,58.068597
823500,60.467513000000004,63.9142,63.38495699999999
823800,58.649694999999994,98.66566999999999,68.05003
824100,60.385562,98.848012,66.694717
824400,63.276039000000004,75.806816,64.910416
824700,38.124659,77.130567,62.529916
825000,61.423548,64.194826,63.241926
825300,61.806002,97.90164399999999,68.21161
825600,63.06059200000001,64.295053,63.611734
825900,60.575077,99.688378,66.592884
826200,62.713907999999996,79.206027,65.97524200000001
826500,5.458461,64.501674,57.71289599999999
826800,61.003368,98.15724499999999,66.684318
827100,63.15823,64.046001,63.57421899999999
827400,32.805023,78.48860400000001,62.399682999999996
827700,62.711119,63.655715,63.424914
828000,60.955197,98.294057,66.58583
828300,62.796676,63.684629,63.480237
828600,61.191058999999996,98.713011,66.93418
828900,63.737552,64.04149699999999,63.88644
829200,63.61435899999999,95.554726,67.04373000000001
829500,1.395376,68.475217,58.209338
829800,61.834766,81.50669599999999,66.247477
830100,61.241623,99.35911,66.62051899999999
830400,60.236051,64.64335600000001,63.493337
830700,61.733826,99.360711,68.74267900000001
831000,61.09747900000001,69.90741700000001,63.793088
831300,0.220958,68.550493,58.054487
831600,61.780062,64.088971,63.705237
831900,0.259766,69.331919,57.960874
832200,63.835299,88.06071899999999,66.319841
832500,61.50273000000001,64.951329,63.619032999999995
832800,3.521759,68.356237,58.333587
833100,63.696316,64.448324,63.914939000000004
833400,62.043502000000004,98.583997,67.154156
833700,62.411239,64.466933,63.6111
834000,60.732006999999996,99.073705,68.115018
834300,62.947219999999994,64.255398,63.538911999999996
834600,59.923010999999995,99.481212,66.691833
834900,62.963791,99.575486,67.011135
835200,60.71082,64.49996999999999,63.355952
835500,61.208051,99.569982,66.934411
835800,62.616409999999995,79.18082199999999,65.104489
836100,60.740046,98.706715,66.523609
836400,62.617971,79.456579,65.10182900000001
836700,33.308295,64.100717,60.044993999999996
837000,62.417035999999996,86.814892,67.43701300000001
837300,58.320742,98.57344499999999,66.51698
837600,62.547738,99.250334,67.139974
837900,61.36408,66.028699,63.558707999999996
838200,63.205282,99.246973,68.62038299999999
838500,61.177455,64.995439,63.321227
838800,61.039387,98.54454,66.36668900000001
839100,63.34036,76.748048,65.145903
839400,0.531678,65.353931,57.3777
839700,60.67104200000001,64.30946800000001,63.180915
840000,0.476704,72.846777,58.716062
840300,0.10489200000000001,66.669776,57.569101
840600,61.867946999999994,79.107188,65.893055
840900,60.915962,99.125784,67.026656
841200,62.9931,77.658037,64.861164
841500,60.397701,99.76880799999999,67.986412
841800,63.6624,64.066532,63.893804
842100,0.551393,65.770569,57.17167
842400,61.952191000000006,64.421091,63.484058999999995
842700,59.22478,98.882048,67.82621999999999
843000,0.297277,64.16784,57.619828000000005
843300,61.217339,68.534677,63.798986
843600,0.13910899999999998,68.41779100000001,57.895392
843900,61.253488,63.959557999999994,63.353591
844200,63.404666000000006,94.877975,69.681732
844500,62.886786,69.023211,64.04916999999999
844800,61.515812,96.71667,68.21831999999999
845100,61.4104,64.02983,63.325219999999995
845400,20.844244,64.182451,59.019314
845700,63.15700699999999,97.352979,66.90162600000001
846000,60.70624399999999,74.947439,64.47962199999999
846300,38.528772,66.73411800000001,61.620267000000005
846600,62.873116,63.812239,63.426375
846900,61.921181000000004,78.761503,64.83323399999999
847200,60.247436,72.00504699999999,64.19464
847500,61.123281000000006,64.89248,63.51101800000001
847800,62.465298,75.20683199999999,65.853362
848100,37.721182,64.14616099999999,60.938447
848400,4.1501339999999995,65.917062,57.967661
848700,63.643416,68.30266400000001,64.233081
849000,0.701321,68.459464,57.931111
849300,63.001367,66.865522,63.985831000000005
849600,61.60165500000001,98.052178,66.940353
849900,63.421824,74.940232,65.804123
850200,61.04825699999999,99.829385,66.96315200000001
850500,62.45439399999999,75.42706,64.758826
850800,61.701783,98.869991,66.891643
851100,60.987628,97.789367,66.930547
851400,59.829542,82.242853,65.46023199999999
851700,49.305737,66.375668,62.679778000000006
852000,63.36789399999999,63.726039,63.593886
852300,42.389833,63.927921,61.447385
852600,62.863356,74.666741,64.711188
852900,61.463136999999996,97.280283,66.713371
853200,61.802310999999996,64.020802,63.444894
853500,21.421324,73.4268,60.496407
853800,62.999359999999996,98.438785,67.116322
854100,61.014925,77.17775999999999,64.588197
854400,2.352671,79.435309,60.613647
854700,61.994087,64.19394799999999,63.561065
855000,0.316006,86.01304,59.51181
855300,62.963531999999994,76.698497,65.602755
855600,0.25955900000000004,68.38628,57.71482099999999
855900,63.707499,63.944964,63.816877000000005
856200,0.319676,68.398219,57.820752
856500,47.075109999999995,64.458692,61.723353
856800,60.199124,65.975588,63.298065
857100,62.117678000000005,98.587225,66.975171
857400,59.94705,64.61737099999999,63.082917
857700,58.885716,99.645515,66.976675
858000,61.85048199999999,79.180981,64.79790200000001
858300,62.665634,98.481898,67.78984100000001
858600,63.8032,67.452461,64.293424
858900,60.782807,99.32410899999999,67.350676
859200,61.226981,64.09674,63.211183999999996
859500,60.563106999999995,98.900403,67.768712
859800,61.290921,98.76281800000001,66.905736
860100,63.067251,76.70002,64.922184
860400,60.591877000000004,99.362224,66.889892
860700,61.098820999999994,79.90241400000001,65.063925
861000,0.33736,74.073728,58.650036
861300,60.72745,65.95977099999999,63.169695
861600,44.666835,70.077782,62.471740000000004
861900,61.241129,64.15101899999999,63.688669999999995
862200,0.258769,68.744838,58.071845999999994
862500,60.966421999999994,99.457942,68.971373
862800,63.194614,78.932399,65.287088
863100,60.397245,99.39054399999999,67.94384699999999
863400,61.575805,64.03286800000001,63.694680000000005
863700,0.691721,67.757059,57.907674
864000,62.607829,68.786659,64.206601
864300,2.389173,68.523832,58.345690000000005
864600,61.554646,64.19362199999999,63.71990400000001
864900,1.349232,68.772198,58.805043999999995
865200,37.383914000000004,77.306188,62.52683199999999
865500,61.512473,64.02233100000001,63.286545999999994
865800,61.571334,91.382887,66.34245
866100,63.813035,79.832155,66.605907
866400,0.490654,68.502988,58.097815000000004
866700,63.971159,64.298282,64.15264499999999
867000,0.382506,68.55254599999999,58.122292
867300,61.261233999999995,69.716063,64.28114000000001
867600,60.383962,96.43764300000001,67.578609
867900,61.001672,99.770323,67.11363399999999
868200,60.445831000000005,64.353193,63.188997
868500,61.140879000000005,99.177965,68.370249
868800,63.177372999999996,79.722149,65.320006
869100,63.106685999999996,99.358197,68.605645
869400,63.96057,66.692669,64.354667
869700,61.459027,98.927776,66.86689799999999
870000,61.993646,72.88583299999999,64.779149
870300,1.470482,68.549302,58.285165
870600,0.201754,68.81665100000001,58.122780000000006
870900,63.804607999999995,64.301558,64.002623
871200,1.424993,68.44414499999999,58.103506
871500,61.929297999999996,64.452206,63.963131999999995
871800,0.20979699999999998,68.655984,58.06090699999999
872100,61.525206999999995,64.00856800000001,63.567016
872400,2.244441,68.392466,57.621072
872700,62.85214200000001,67.447455,64.054516
873000,0.254675,68.708683,58.579459
873300,61.98806999999999,96.401645,70.011854
873600,61.057724,70.539855,64.248646
873900,3.495979,68.382683,58.066734
874200,63.79096,64.106015,63.939187
874500,62.141402,99.04851500000001,67.281413
874800,63.476898999999996,77.160557,65.08450699999999
875100,53.455631000000004,64.046181,62.480565000000006
875400,63.215318999999994,74.725186,64.818046
875700,62.925553,98.281719,67.068977
876000,39.565895000000005,63.909119999999994,61.404341
876300,63.026755,66.028906,64.01921899999999
876600,25.247584,64.157562,59.841955000000006
876900,60.74076899999999,89.312451,66.036857
877200,11.011727,67.975306,59.009586
877500,61.289770999999995,64.11799,63.662507999999995
877800,0.096958,68.618803,57.771299
878100,61.531123,64.09401,63.581036
878400,61.337787,98.733141,67.027633
878700,15.693654,63.955201,58.738423
879000,63.817432,67.783144,64.313845
879300,2.2614360000000002,68.728289,58.31968199999999
879600,63.725606000000006,64.095642,63.91028000000001
879900,61.210115,98.41434,66.99762199999999
880200,63.260059,64.017012,63.695847
880500,63.192937,97.733711,70.77913199999999
880800,61.653803,65.935716,63.857654000000004
881100,10.757375,68.30632800000001,59.084106999999996
881400,0.277599,64.271686,57.731051
881700,61.536118,68.71279399999999,64.06806
882000,0.226309,68.695859,57.807735
882300,61.320124,64.098127,63.697136
882600,0.44315299999999996,68.516819,58.04364399999999
882900,61.420882999999996,64.264339,63.838142000000005
883200,0.364498,68.435242,57.83852099999999
883500,63.799040000000005,64.029535,63.902735
883800,2.556266,68.758493,58.210979
884100,0.44178100000000003,86.605715,61.309459999999994
884400,63.630869999999994,67.312547,64.23994499999999
884700,63.309163,71.048715,64.566858
885000,61.301809,73.50074599999999,64.557891
885300,62.38418000000001,97.401288,67.914288
885600,63.073166,63.883274,63.685469
885900,47.334920000000004,65.605285,62.339036
886200,62.903636999999996,64.029674,63.52669399999999
886500,60.366035,63.857699,63.16194
886800,61.296089,98.658952,66.877441
887100,61.102973,63.87589200000001,63.354623
887400,61.126837,98.910599,66.975033
887700,61.369377,86.937558,67.306701
888000,61.25545,98.877445,67.054198
888300,63.558176,79.96374399999999,65.34497900000001
888600,62.37723199999999,73.393761,64.700726
888900,62.82989499999999,77.895332,64.930712
889200,56.936439,99.60489,66.701107
889500,62.69469,100.0,67.32915899999999
889800,59.749887,79.85792,64.814856
890100,61.130648,99.023336,66.852582
890400,61.933999,65.410445,63.542562
890700,62.650622,99.316482,68.39404300000001
891000,61.885321,65.44189300000001,63.674268000000005
891300,61.015209,99.62698499999999,69.642691
891600,61.594013000000004,63.965325,63.620456999999995
891900,30.511533,73.665991,61.540886
892200,61.520861,98.362341,68.316731
892500,61.234014,64.44484,63.02069300000001
892800,60.750361,98.866918,68.402469
893100,62.484937,78.391693,65.183901
893400,3.242299,69.427477,58.176591
893700,63.651959999999995,64.131089,63.903
894000,1.49866,68.55537700000001,58.457742
894300,63.203511999999996,64.04471,63.668094999999994
894600,38.594927,80.098925,63.004998
894900,0.129324,80.406083,59.882031999999995
895200,61.375787,68.709365,64.15690699999999
895500,18.266306,68.187476,59.868525
895800,61.833183999999996,64.11523100000001,63.804788
896100,0.24414899999999998,68.638097,57.530286
896400,61.589163,64.22287299999999,63.750845999999996
896700,2.43178,68.69241099999999,58.308386999999996
897000,61.22950600000001,64.166325,63.552581999999994
897300,2.617931,68.494167,58.218633999999994
897600,63.740303000000004,98.70281,67.371318
897900,61.793213,64.331125,63.853289000000004
898200,0.45810500000000004,68.618115,58.136761
898500,63.779281000000005,80.89765600000001,67.039978
898800,60.199721999999994,99.499124,67.512507
899100,63.826801,64.086366,63.957609999999995
899400,0.232598,68.554757,57.824218
899700,63.56228,66.517113,64.24308
900000,0.19389800000000001,66.95240600000001,57.374612
900300,0.29126599999999997,64.064093,57.529576
900600,63.854886,68.584009,64.430892
900900,1.31387,68.646067,58.185570999999996
901200,63.802021999999994,64.029903,63.93715
901500,0.916817,68.69796,57.860287
901800,61.082319999999996,64.18935,63.656743000000006
902100,0.570819,85.777073,59.981781999999995
902400,62.793812,64.827174,63.758644
902700,61.025705,98.995675,66.555947
903000,2.391653,77.158767,60.346413
903300,61.548368999999994,68.805945,64.23009499999999
903600,0.55774,65.582696,57.425153
903900,61.649646999999995,64.20569499999999,63.547702
904200,1.451911,68.707037,57.73024399999999
904500,61.745945999999996,64.86981999999999,63.786999
904800,60.711358,98.614486,68.022891
905100,63.150672,63.911935,63.651196999999996
905400,61.767982999999994,90.38662099999999,66.170441
905700,1.5118770000000001,89.128962,59.975802
906000,61.651515,68.661781,63.958639
906300,0.373048,68.64513000000001,57.882903000000006
906600,63.756972999999995,64.079918,63.903998
906900,2.602933,68.515068,58.243402
907200,63.87060699999999,64.08909,63.992753
907500,0.200944,68.57304599999999,57.782764
907800,63.717764,66.310321,64.140606
908100,58.586758999999994,95.144553,66.36586199999999
908400,1.716633,64.130124,57.788872999999995
908700,63.74237900000001,68.575316,64.369191
909000,60.910675,97.44787,67.177065
909300,61.439751,89.245571,66.359048
909600,61.03949,98.943708,68.271984
909900,63.81105,64.741439,63.971993000000005
910200,63.92911899999999,73.71557,65.165077
910500,63.864467000000005,64.124423,63.989474
910800,2.138015,68.437765,58.175454
911100,0.508868,64.070629,57.566529
911400,61.721715,68.748919,64.213688
911700,0.227683,66.141177,57.843647
912000,61.57044200000001,64.25195699999999,63.832235
912300,60.643549,97.392472,67.21710300000001
912600,61.423221,64.470124,63.464183
912900,26.843792999999998,81.441339,63.278282
913200,63.830555000000004,75.855115,65.15960600000001
913500,0.25264899999999996,68.590663,57.774106
913800,63.727574,98.453076,67.390927
914100,63.106404000000005,64.210577,63.943038
914400,1.434564,68.63465,58.25983000000001
914700,61.630023,68.684954,64.077256
915000,62.998796999999996,98.54128299999999,67.285578
915300,61.380021,64.179062,63.531638
915600,0.37600100000000003,68.722769,58.182289000000004
915900,63.858897999999996,64.355364,64.039137
916200,1.259417,68.991653,57.983081000000006
916500,0.267418,64.074308,57.559937
916800,62.579266000000004,81.220293,65.212437
917100,62.898917000000004,96.349437,66.949823
917400,61.413367,65.733882,63.652623999999996
917700,60.516751,98.570425,66.548973
918000,63.401807999999996,64.25440400000001,63.757179
918300,61.957694999999994,97.20957299999999,68.21750300000001
918600,62.831193000000006,64.20092199999999,63.576736
918900,61.241595999999994,98.389427,67.10267900000001
919200,62.956386,78.26214,65.22901999999999
919500,61.829174,98.799036,66.888132
919800,60.334988,98.41216,68.600267
920100,61.769466,65.099563,63.437143000000006
920400,61.220962,98.090636,68.913636
920700,63.38344300000001,78.944723,65.368325
921000,61.071895,96.073324,66.363867
921300,60.965802000000004,64.12576999999999,63.038072
921600,60.399421,95.665879,66.404749
921900,61.752567000000006,64.777893,63.43360500000001
922200,60.185064000000004,95.896916,66.39807900000001
922500,61.397546999999996,99.547218,67.04355699999999
922800,61.473649,64.1841,62.977773
923100,62.085092,98.46484,66.998537
923400,59.696321,78.219059,64.72515200000001
923700,0.093207,80.165648,60.941834
924000,61.86294,72.09708499999999,64.33420699999999
924300,61.988372999999996,99.56004200000001,67.006429
924600,62.750488,79.458286,66.69546700000001
924900,61.372787,97.710837,68.078413
925200,0.43086,68.454904,57.741331
925500,61.626736,64.14667,63.725986999999996
925800,0.182315,68.702331,57.859623
926100,63.902744999999996,64.19088199999999,63.992311
926400,0.38879400000000003,68.62467099999999,58.00609
926700,63.74209499999999,63.95053000000001,63.85607099999999
927000,1.353304,68.47542299999999,58.045885999999996
927300,61.365081999999994,66.503743,63.845477
927600,61.10637,98.643224,70.208768
927900,61.272873,97.57373,66.752514
928200,61.503978000000004,64.504635,63.477129000000005
928500,60.758483,99.572771,66.935351
928800,60.269091,64.315026,63.27699200000001
929100,61.462461,99.278614,66.70648299999999
929400,58.759289,69.805729,63.42724200000001
929700,61.142756999999996,99.297505,67.095122
930000,61.42770600000001,65.17774200000001,63.470999
930300,61.354859,98.211339,68.480848
930600,61.344531999999994,98.924656,66.80510799999999
930900,62.951381000000005,79.40068199999999,65.365773
931200,49.867441,74.361818,63.314437
931500,61.344545999999994,64.052141,63.510118999999996
931800,61.086865,98.917243,66.60169599999999
932100,63.191652000000005,63.833803,63.610293999999996
932400,61.176413000000004,96.020845,66.719193
932700,63.758426,64.23361,63.948119999999996
933000,31.770134000000002,67.39194499999999,61.123955
933300,1.4498870000000001,68.554958,58.202979000000006
933600,61.218173,64.184549,63.686792000000004
933900,0.086351,66.183143,57.849920999999995
934200,63.609792000000006,65.082172,63.997166
934500,61.7796,88.538688,66.990274
934800,63.622979,87.89921600000001,67.05058199999999
935100,1.346913,68.586244,57.962951000000004
935400,62.713825,66.736337,63.937923
935700,61.482254000000005,98.08662199999999,67.09385
936000,61.211643,96.87075300000001,68.113404
936300,63.087168999999996,77.77330699999999,66.058689
936600,57.347549,99.139461,66.833741
936900,61.236357999999996,66.369389,63.744971
937200,60.956764,98.429987,66.7339
937500,61.718526000000004,78.851606,64.972761
937800,60.790815,99.426338,66.911527
938100,63.00439,64.753663,63.864592
938400,60.398523,98.91440300000001,69.498115
938700,62.591391,98.04686,68.215824
939000,60.707668000000005,64.08478000000001,63.154287
939300,59.835127,97.396309,69.595029
939600,62.68022,77.71728,64.746165
939900,0.450014,68.727233,58.25294399999999
940200,63.734576000000004,64.096295,63.98638100000001
940500,23.546413,67.79924399999999,60.047924
940800,61.587086,64.16001700000001,63.801074
941100,2.204905,65.92203,58.071055
941400,63.953049,95.375838,67.191418
941700,63.872389,64.129901,63.985973
942000,2.9108810000000003,86.69449,61.93696800000001
942300,63.817752,64.185565,63.948868999999995
942600,0.185596,68.67643299999999,57.897516
942900,63.961461,73.055471,65.03334100000001
943200,0.41815399999999997,68.526742,57.869818
943500,61.340925,74.086987,64.706484
943800,61.308006000000006,98.004944,68.119344
944100,63.481452000000004,87.353413,66.263071
944400,63.44068299999999,64.11336,63.888677
944700,16.007076,64.423988,58.911924
945000,60.98304399999999,64.01938,63.184792
945300,63.494144999999996,89.236739,66.44442
945600,61.37984,85.721508,65.79169
945900,61.422045,98.579698,66.999121
946200,61.864961,64.089281,63.789198
946500,61.841733,81.387917,65.65545999999999
946800,10.627769,68.290278,59.110316000000005
947100,63.894624,64.277963,64.06727
947400,0.400573,68.859023,58.232631000000005
947700,63.974447999999995,64.238936,64.11621
948000,0.162223,66.053046,57.834167
948300,61.914017,64.20813000000001,63.791745
948600,1.3895899999999999,68.776027,58.271611
948900,61.453624,64.325159,63.922971
949200,0.354157,90.904723,61.57939399999999
949500,62.067285,70.97107,64.426774
949800,61.537978,65.864961,63.61455
950100,0.339072,71.919985,58.600037
950400,61.533773,64.380831,63.560437
950700,0.148923,68.579145,58.102463
951000,63.735036,64.09056899999999,63.958643
951300,2.3900799999999998,68.482433,58.194749
951600,63.80761,64.257077,63.97981899999999
951900,3.5108019999999995,68.500224,58.216514000000004
952200,0.103679,68.516689,58.126826
952500,61.868036,64.320059,63.80951700000001
952800,63.005567000000006,98.658776,68.5861
953100,63.569379000000005,78.623125,65.32642
953400,61.006064,98.24815500000001,66.713335
953700,62.973577,63.796898,63.437951
954000,8.777834,79.875716,59.916596999999996
954300,61.36611800000001,63.997249,63.484375
954600,60.509451,93.259951,66.20885899999999
954900,60.790924,98.836302,66.70452
955200,63.30804499999999,79.77648,65.314755
955500,5.442531,64.780486,58.033853
955800,61.311949,63.906253,63.495476000000004
956100,61.257424,96.292513,66.671452
956400,60.802521999999996,83.29971,66.730396
956700,0.440195,68.551187,58.059428000000004
957000,63.825466000000006,64.119916,63.953789
957300,0.206154,68.769216,58.044637
957600,0.146464,68.54464300000001,57.93745799999999
957900,63.69990799999999,63.993027000000005,63.836949
958200,0.155959,68.767892,58.099952
958500,61.409253,64.163084,63.742864000000004
958800,0.31594099999999997,68.419005,58.09263000000001
959100,63.438995999999996,64.484507,64.009183
959400,2.6705919999999996,68.635435,58.086867000000005
959700,61.492052,64.14337900000001,63.709542000000006
960000,61.316862,89.314335,67.694006
960300,0.180471,64.068978,57.547165
960600,63.764852000000005,66.129572,64.156481
960900,0.36146500000000004,68.397054,58.026495999999995
961200,63.877976000000004,64.056609,63.965031999999994
961500,63.800585,88.119058,66.502607
961800,61.167491000000005,73.81087600000001,64.670854
962100,61.27029,99.340393,66.908148
962400,60.73524499999999,64.013464,63.376495
962700,61.151444,98.726624,68.258377
963000,63.280058,97.497683,67.02797
963300,60.69625500000001,63.831079,62.869699
963600,63.29509,98.54660200000001,70.83113399999999
963900,61.41072,64.01499799999999,63.630612
964200,2.606941,68.402938,57.939117
964500,63.768758999999996,64.120407,63.880933999999996
964800,0.262422,68.53285,57.978044999999995
965100,63.724899,64.010418,63.868261
965400,45.283324,64.492163,62.139699
965700,63.627931999999994,79.569869,66.006167
966000,62.854189,64.5563,63.974782
966300,60.136506000000004,64.015558,62.746846999999995
966600,63.016326,63.901847,63.55639
966900,62.812936,97.915806,68.243199
967200,63.884423,91.002551,67.695227
967500,37.880614,73.788577,62.388676000000004
967800,62.75209399999999,64.568128,63.728849
968100,60.147428000000005,99.73384,67.128025
968400,62.670452000000004,99.018132,67.336063
968700,59.950095999999995,64.269786,63.216832
969000,61.677417000000005,95.487983,66.70371800000001
969300,61.850473,64.27702099999999,63.606605
969600,3.581727,64.39971700000001,57.533374
969900,62.904539,63.808774,63.456263
970200,61.285962,98.197989,68.083272
970500,61.411747,64.732736,63.702144999999994
970800,13.866801999999998,76.676725,59.886083
971100,0.271661,80.21364,59.17246
971400,63.64391,68.487147,64.624172
971700,61.479763,99.022849,67.147842
972000,63.812376,64.177011,64.01918
972300,45.995348,67.00625,62.52861899999999
972600,61.453456,73.179896,64.50251999999999
972900,61.069978000000006,98.254918,66.713955
973200,61.638380000000005,64.111733,63.6816
973500,61.499311999999996,98.85279200000001,67.011678
973800,63.220546999999996,98.773201,67.41167
974100,63.942474,64.16407,64.050184
974400,61.316834,98.840096,68.239639
974700,63.824352000000005,90.446928,66.986899
975000,61.29875,99.21468399999999,67.640517
975300,63.403031000000006,79.04096,66.38828000000001
975600,60.741356,99.853047,68.383677
975900,61.866758999999995,65.25699200000001,63.711526
976200,61.758584,99.202371,66.957406
976500,61.632803,99.412702,67.129196
976800,60.90319100000001,64.53138,63.558541000000005
977100,61.275572,99.811291,68.438507
977400,62.926126000000004,79.303083,65.269497
977700,61.905343,76.088626,64.547064
978000,63.234477000000005,71.155789,64.651023
978300,61.407982,99.582151,68.942825
978600,61.900923999999996,65.55465600000001,63.60204
978900,61.356942000000004,99.14778000000001,68.62078699999999
979200,63.100722,99.038024,67.367802
979500,61.125639,79.236297,65.022053
979800,61.377171999999995,97.949614,66.941475
980100,63.057562,64.361358,63.693739
980400,60.724681000000004,96.93259300000001,66.663609
980700,61.352436,65.634414,63.73945
981000,61.469242,98.565843,66.94566
981300,61.358391000000005,79.03099399999999,64.856748
981600,43.151744,65.716823,61.772538
981900,63.29999399999999,97.094464,67.63172800000001
982200,60.411636,64.81070799999999,63.658168999999994
982500,63.614456000000004,92.28415,66.764909
982800,62.437822,64.315212,63.855056999999995
983100,55.271516000000005,73.87364000000001,63.82379399999999
983400,62.906824,64.303366,63.776239000000004
983700,61.298793,88.369272,65.976621
984000,63.20875699999999,64.152456,63.706185999999995
984300,38.628907,74.70737700000001,61.978891000000004
984600,62.927004000000004,68.09849100000001,64.334064
984900,63.445755000000005,76.228646,65.22251999999999
985200,62.985424,98.880339,68.48024699999999
985500,63.095808999999996,80.322058,65.566446
985800,49.55655,66.207981,62.81381
986100,62.023788,71.95184300000001,64.77239499999999
986400,61.37294,98.569801,71.34165
986700,62.522383,64.902102,63.949217000000004
987000,61.518754,98.04273,66.93804200000001
987300,62.358532,98.206856,66.993442
987600,61.113222,64.453577,63.397817
987900,61.421533999999994,97.6707,66.76659699999999
988200,61.01281899999999,64.811187,63.309782999999996
988500,61.56379499999999,95.84049300000001,68.38638900000001
988800,63.011478000000004,64.7305,63.701626
989100,61.14759599999999,99.208601,66.98996899999999
989400,61.916259,80.341476,65.079758
989700,61.170396999999994,98.653042,66.945227
990000,62.994238,99.37078299999999,67.321562
990300,60.618143,64.709158,63.412628000000005
990600,60.691567000000006,99.523142,67.066478
990900,63.075625,64.52690799999999,63.701624
991200,60.124287,99.539407,66.847436
991500,63.060891000000005,64.59559499999999,63.561651
991800,59.205234,95.533243,67.49470500000001
992100,62.817742,64.43413100000001,63.554526
992400,61.262508999999994,96.72239,66.734886
992700,36.983906,75.3462,62.38280400000001
993000,61.329751,75.359539,64.89520999999999
993300,61.807943,95.47657199999999,66.792262
993600,63.801927,64.13963000000001,63.986343999999995
993900,40.621381,74.090482,62.487841
994200,61.080048,64.36068,63.222609
994500,63.186158999999996,94.220288,69.499509
994800,61.574897,65.51250300000001,63.242102
995100,61.64411,99.445587,67.179037
995400,63.355949,99.259784,67.352746
995700,62.050247,64.860858,63.384879000000005
996000,62.756381000000005,99.297061,67.29672099999999
996300,63.221070999999995,90.587797,66.45643100000001
996600,19.598667000000003,63.98134,58.982387
996900,63.233385999999996,73.934917,64.84395500000001
997200,63.030568,95.30662099999999,67.099047
997500,62.427786,65.049573,63.960886
997800,38.074328,64.875625,61.116764
998100,63.395936,81.825643,65.647786
998400,62.26234,64.18433,63.776143000000005
998700,61.443965000000006,97.892561,67.007028
999000,63.686073,76.055428,65.112997
999300,34.727785,64.869166,60.827884
999600,63.195755000000005,64.12155200000001,63.758878
999900,63.927054000000005,91.645418,69.477329
1000200,64.11685200000001,64.416785,64.25528
1000500,0.178559,69.017065,58.126546
1000800,8.297023,67.125395,58.146944999999995
1001100,64.000825,68.06423199999999,64.636925
1001400,2.3539689999999998,68.686596,57.950357
1001700,63.626929000000004,64.077949,63.921397
1002000,0.385194,67.70903100000001,57.74525
1002300,63.424887,64.642285,63.869468999999995
1002600,61.056616000000005,99.538026,66.977554
1002900,62.938570999999996,63.943878000000005,63.661517
1003200,60.938559,97.739853,66.646513
1003500,22.104851999999998,75.96968100000001,60.962741
1003800,63.686113,64.722213,64.09139499999999
1004100,61.745588,94.809051,66.670976
1004400,61.591637,74.42333599999999,64.66374499999999
1004700,61.694658,96.663296,66.95062800000001
1005000,62.896595,74.616201,64.919134
1005300,61.787583,99.398139,68.51195
1005600,62.765384,64.512164,63.754513
1005900,61.953079,99.87695500000001,67.244225
1006200,61.405947,99.336341,67.185606
1006500,61.548156999999996,79.541925,65.146337
1006800,61.56419399999999,99.08211899999999,66.985119
1007100,62.958411,90.500037,68.003723
1007400,61.159068999999995,99.7435,66.820296
1007700,63.130031,64.955075,63.867566000000004
1008000,61.299374,99.463513,67.059854
1008300,63.100995999999995,64.367972,63.841674
1008600,61.474943,98.92101,68.534265
1008900,62.081825,78.97285600000001,65.200807
1009200,18.296623,64.889421,59.387837
1009500,59.5383,99.666523,66.903745
1009800,62.978547,65.754659,64.009637
1010100,59.678789,99.143597,66.64202900000001
1010400,62.756606999999995,79.759551,65.289952
1010700,51.090348,67.965478,62.676375
1011000,61.339977000000005,65.68875600000001,63.782465
1011300,62.79868100000001,92.665009,66.81116999999999
1011600,63.225609999999996,64.764169,64.122842
1011900,15.454767000000002,65.472612,59.206146
1012200,61.26353,98.610388,66.907759
1012500,63.534656999999996,64.1715,63.795217
1012800,61.009983999999996,99.222226,67.072889
1013100,63.268122,77.31708499999999,65.112854
1013400,16.225637,64.633252,58.916582
1013700,60.463823,64.036989,63.527432
1014000,61.263093999999995,98.84742299999999,67.074692
1014300,63.159117,95.09411899999999,67.068282
1014600,0.165771,68.589217,57.918181999999995
1014900,61.936403000000006,85.33050899999999,65.468336
1015200,62.471065,64.273842,63.725186
1015500,61.268001,98.162081,68.019368
1015800,63.920409,64.21658599999999,64.095712
1016100,2.323434,68.690009,58.239385
1016400,62.590952,65.305417,63.952735
1016700,0.632574,66.302726,57.769464
1017000,63.911476,64.340947,64.126662
1017300,0.277267,68.707934,58.219308
1017600,0.615921,66.64030799999999,57.572165000000005
1017900,61.526644,87.372236,65.813939
1018200,61.188666000000005,99.512869,67.162899
1018500,61.241769999999995,78.555125,65.060739
1018800,61.007191000000006,96.934712,66.790375
1019100,63.171383,78.232004,65.22975600000001
1019400,0.533898,65.735077,57.88133199999999
1019700,61.979032999999994,66.806016,63.965874
1020000,0.27113000000000004,68.768793,58.119969999999995
1020300,0.254402,68.918914,58.222719999999995
1020600,63.938114,64.270696,64.101949
1020900,0.315502,66.60768,57.795547
1021200,62.63843000000001,66.103488,63.824379
1021500,60.308324,99.903151,67.644352
1021800,60.661885,64.17250200000001,63.421822999999996
1022100,62.092017000000006,76.111131,64.821267
1022400,61.870187,74.57959,64.835049
1022700,61.995895999999995,80.870784,66.731593
1023000,59.526596,99.291433,68.126074
1023300,62.931633,65.655229,63.989302
1023600,60.90991700000001,97.151515,68.343339
1023900,61.803357999999996,74.932517,64.810869
1024200,16.552766000000002,64.559134,59.149039
1024500,62.374254,64.145372,63.621437
1024800,59.215377000000004,98.71942299999999,66.661101
1025100,62.925132999999995,88.504579,66.146488
1025400,58.739561,99.42943100000001,66.66158399999999
1025700,59.885417000000004,99.37725999999999,67.063903
1026000,62.679708999999995,65.131457,63.835829000000004
1026300,62.596403,96.27667199999999,66.960557
1026600,61.643471,64.117399,63.731675
1026900,42.051898,66.526117,62.065822999999995
1027200,60.615596999999994,64.187061,63.395897999999995
1027500,61.679681,76.218249,65.58057600000001
1027800,61.711560999999996,64.625653,63.557198
1028100,61.369398,99.539982,68.403483
1028400,61.414524,98.970086,68.687977
1028700,62.801759,77.944502,65.09731500000001
1029000,61.208915000000005,99.6191,67.779979
1029300,62.905469999999994,64.619159,63.755357999999994
1029600,61.712701,99.285801,67.298908
1029900,63.289786,77.775077,65.342288
1030200,62.221389,99.78707299999999,68.831982
1030500,61.36959399999999,64.466532,63.596463
1030800,61.263543000000006,99.043244,66.95706
1031100,61.032027,98.911602,66.76507
1031400,62.562615,65.272492,63.638063
1031700,60.764479,99.044626,66.98693100000001
1032000,62.493792000000006,64.446507,63.719749
1032300,62.400119999999994,98.864932,67.347171
1032600,63.588351,90.429576,66.535139
1032900,61.369801,98.38564000000001,67.05807
1033200,61.655086,64.207691,63.795443999999996
1033500,61.589411,97.511085,67.251774
1033800,3.4033800000000003,68.901744,58.668490000000006
1034100,64.010458,64.362877,64.162195
1034400,61.592707,98.967887,67.33505799999999
1034700,64.205252,64.495715,64.297703
1035000,3.512743,68.927314,58.276081999999995
1035300,62.899440000000006,79.91981899999999,65.416922
1035600,24.130611,64.146552,59.847269999999995
1035900,61.3104,64.19263199999999,63.566315
1036200,61.71006,98.822008,69.97827099999999
1036500,0.48813999999999996,68.758176,58.00818
1036800,61.45069,64.263489,63.81991
1037100,2.266219,68.88556700000001,58.122725
1037400,64.014216,64.287577,64.161872
1037700,0.281513,68.801642,58.177377
1038000,63.577936,64.258136,64.041822
1038300,0.7007329999999999,68.97904799999999,58.170463
1038600,63.095852,64.817403,63.683277000000004
1038900,60.709414,72.717987,63.876047
1039200,59.759967,96.587673,66.844178
1039500,62.593605000000004,65.54435699999999,63.792218999999996
1039800,32.919084000000005,71.44649799999999,62.109538
1040100,61.312425,63.970314,63.501732999999994
1040400,61.290164000000004,98.90992299999999,68.250529
1040700,63.390223,64.395578,64.006322
1041000,61.244643999999994,99.165178,68.041096
1041300,62.860248999999996,64.55749300000001,63.92391
1041600,61.270178,98.38067099999999,66.794714
1041900,62.010705,98.27226800000001,66.822645
1042200,63.662882999999994,64.298271,63.897778
1042500,61.143865000000005,65.26945,63.994379
1042800,61.428164,74.570924,64.71903499999999
1043100,61.033910999999996,98.030016,68.473519
1043400,63.163561,83.366343,65.778211
1043700,7.9671330000000005,65.137013,58.32244300000001
1044000,61.399774,74.043307,64.614038
1044300,62.438572,97.389122,67.156051
1044600,48.566117999999996,67.22059300000001,62.939493000000006
1044900,63.193212,64.159095,63.813892
1045200,61.105168000000006,77.783125,64.579903
1045500,63.89620600000001,72.560992,65.07520699999999
1045800,62.025112,97.115154,67.0567
1046100,63.457198999999996,64.394786,64.14836899999999
1046400,62.234685,96.019213,67.892878
1046700,60.40081800000001,65.436987,63.60431
1047000,58.308162,98.609093,68.42749599999999
1047300,0.26305700000000004,64.45671899999999,57.592813
1047600,63.903310999999995,68.72349100000001,64.616997
1047900,0.288606,69.143015,58.321199
1048200,64.17304399999999,64.57005699999999,64.333469
1048500,61.281978,94.42698100000001,67.635058
1048800,61.08356,64.201382,63.528518000000005
1049100,60.790636,97.106992,67.07481999999999
1049400,61.993217,64.470123,64.034525
1049700,5.472993,68.528627,58.730328
1050000,63.461648,94.894036,67.311116
1050300,62.468346999999994,64.476067,64.096645
1050600,1.36376,85.880861,61.921928
1050900,64.059173,64.347625,64.19548
1051200,2.423322,69.15696,58.565932
1051500,61.67945699999999,64.321502,63.936699
1051800,1.372566,66.094249,58.095876000000004
1052100,61.766484,64.395896,63.972543
1052400,0.14591099999999999,68.76128,58.248373
1052700,1.6432849999999999,64.28057700000001,57.486539
1053000,64.131446,68.614532,64.628946
1053300,0.360555,68.991252,58.27970799999999
1053600,61.591623999999996,64.503907,63.77330799999999
1053900,0.13103099999999998,68.88378399999999,58.28213100000001
1054200,60.886570999999996,78.98616899999999,65.988061
1054500,61.421448,98.51886800000001,66.862408
1054800,62.737588,76.643001,65.07514300000001
1055100,61.443225,98.579213,67.033528
1055400,62.638847999999996,98.250231,67.160629
1055700,61.04346999999999,78.31374699999999,64.86261400000001
1056000,60.226046,98.564859,66.46055
1056300,62.525443,64.701848,63.782005000000005
1056600,60.490989,97.648701,66.852823
1056900,62.198521,66.309799,63.776626
1057200,61.451499,97.44284,66.862282
1057500,63.04835799999999,76.742583,65.06316899999999
1057800,61.510614000000004,97.951464,68.090346
1058100,63.24114,86.527637,67.168181
1058400,63.909093000000006,64.246131,64.132204
1058700,32.585252000000004,65.57950799999999,60.836329000000006
1059000,61.702172,64.20553199999999,63.715713
1059300,62.716888,69.788298,64.259477
1059600,63.106912,64.128991,63.83971700000001
1059900,60.704963,97.24717199999999,66.547112
1060200,63.722802,64.16046999999999,63.937304000000005
1060500,61.463524,97.12475699999999,66.821975
1060800,61.558690000000006,64.22697,63.626925
1061100,12.836812,68.334027,59.880515
1061400,60.830061,97.994385,69.30846
1061700,60.36559499999999,64.331909,63.462077
1062000,60.973490000000005,99.095347,66.722499
1062300,63.044408,64.373447,63.685435
1062600,61.10785500000001,97.709784,66.935383
1062900,61.992489,80.012446,65.473546
1063200,61.083175,98.676834,66.89239
1063500,62.378614,64.696562,63.870777000000004
1063800,62.390754,98.924745,67.027508
1064100,58.892756000000006,98.211763,66.60616800000001
1064400,62.928546999999995,65.372639,64.038983
1064700,60.970181000000004,97.433904,66.827038
1065000,62.639185,93.69063299999999,66.68467199999999
1065300,60.945215000000005,97.393948,66.71754399999999
1065600,62.791151,76.845731,66.182827
1065900,60.94836,98.265811,66.74604599999999
1066200,62.74140500000001,64.298485,63.778652
1066500,62.919771,97.25480999999999,66.82056800000001
1066800,61.995619,76.708387,65.20173100000001
1067100,61.047355,67.04505,63.963364
1067400,61.780051,99.907074,67.292633
1067700,63.494386,64.766694,63.96631800000001
1068000,60.791489,100.0,68.378008
1068300,61.757923,64.59938100000001,63.450368000000005
1068600,59.924119999999995,99.379336,68.267615
1068900,63.69195799999999,64.17612,63.904804000000006
1069200,61.203415,98.77521800000001,66.804909
1069500,60.912628000000005,97.429401,66.6562
1069800,63.63983,64.199368,63.89660799999999
1070100,63.858439000000004,89.514641,66.63666500000001
1070400,61.705329000000006,64.203553,63.780501
1070700,0.275271,68.48129499999999,58.106302
1071000,63.960806000000005,64.224522,64.076791
1071300,3.49908,68.467999,58.5809
1071600,61.224662,63.872691,63.380531000000005
1071900,62.959654,97.526943,66.973711
1072200,61.436627,98.981836,68.545061
1072500,61.754490000000004,66.54606700000001,64.10629200000001
1072800,1.4197629999999999,68.61905300000001,58.243416
1073100,63.823025,64.250975,64.072793
1073400,2.408004,68.853213,58.71341700000001
1073700,63.209219999999995,64.118452,63.753793
1074000,63.746007999999996,96.43602299999999,67.27412
1074300,63.980988,64.258614,64.133317
1074600,1.632524,68.665439,58.308561
1074900,61.032081000000005,96.60378,67.345402
1075200,61.257706999999996,64.091122,63.27565500000001
1075500,62.044276,95.934997,66.947098
1075800,63.794752,93.381519,67.045151
1076100,61.391049,99.263575,67.014988
1076400,62.945053,79.55865899999999,65.58211700000001
1076700,0.81374,65.86086,57.464737
1077000,62.791612,64.913563,63.788743999999994
1077300,61.223876000000004,95.868471,66.548433
1077600,60.60864599999999,97.912876,66.827874
1077900,61.695634,65.525307,63.711468999999994
1078200,61.2313,98.419912,66.989135
1078500,62.624885,64.868705,63.818153
1078800,61.974270999999995,96.925124,67.00438299999999
1079100,61.720794999999995,66.281329,63.851004
1079400,60.551581000000006,96.791125,67.439238
1079700,63.474934,73.592334,65.765715
1080000,61.09036700000001,98.122557,66.794388
1080300,61.260852,97.726962,66.74669
1080600,63.29809399999999,77.68211,66.29065200000001
1080900,61.26805400000001,97.77215799999999,66.991715
1081200,61.25885400000001,64.343068,63.472182
1081500,61.062505,97.485781,66.700374
1081800,61.169869999999996,65.950655,63.733259
1082100,61.221586,97.052865,68.32544399999999
1082400,62.952738000000004,65.070313,63.866464
1082700,61.06541899999999,98.34466,67.088717
1083000,62.840934,99.245901,70.292934
1083300,63.393595,64.596059,64.008911
1083600,49.080919,65.69548499999999,62.688154000000004
1083900,62.918491,76.92872,65.091091
1084200,61.249862,99.318768,67.308876
1084500,62.634735,80.47393100000001,65.422359
1084800,55.490689,99.883089,67.298816
1085100,62.182303000000005,78.85936099999999,65.849272
1085400,0.32973600000000003,68.6933,57.959897
1085700,0.36527800000000005,67.898313,57.87971999999999
1086000,62.867417,64.522377,63.861249
1086300,61.274599,88.163251,65.639824
1086600,62.065819999999995,65.957194,63.693307
1086900,62.582085,99.896029,69.541155
1087200,62.776264000000005,64.64085899999999,63.672552
1087500,61.094774,99.575419,68.864067
1087800,62.780801000000004,64.679079,63.684736
1088100,61.022042000000006,98.79744000000001,67.095961
1088400,59.521558999999996,99.40481,68.426158
1088700,62.320679000000005,65.093215,63.767492000000004
1089000,61.51201,99.746138,67.27506
1089300,62.45294499999999,64.661323,63.746087
1089600,62.268937,99.42179200000001,68.985075
1089900,61.614089,74.14698100000001,64.666876
1090200,1.409772,68.721186,58.356472
1090500,62.919837,86.005948,67.67165200000001
1090800,38.62518,66.45966999999999,61.19493000000001
1091100,61.300621,99.75076999999999,66.800143
1091400,61.636531999999995,64.319792,63.541261999999996
1091700,61.145399,97.01544100000001,66.746054
1092000,62.99594499999999,64.420949,63.93529100000001
1092300,61.568891,97.44965,68.540335
1092600,62.912887,64.895826,63.773495
1092900,60.562252,99.190084,67.012668
1093200,62.057742000000005,64.935096,63.764017
1093500,62.081148,99.554325,67.354765
1093800,63.184018,98.479026,69.132953
1094100,61.810922999999995,76.324924,65.612961
1094400,61.815966,99.666578,68.985213
1094700,63.13965400000001,64.683604,63.778369
1095000,60.933240000000005,99.686904,67.230164
1095300,63.163725,64.406577,63.86897
1095600,61.110424,99.58133000000001,67.164281
1095900,61.763753,80.231443,65.285752
1096200,59.998143999999996,99.132832,67.05204300000001
1096500,63.70075500000001,99.779646,67.660783
1096800,61.980828,65.332832,63.782109999999996
1097100,60.590492000000005,99.940395,66.612498
1097400,63.307685,79.742322,65.610585
1097700,61.291517000000006,99.288139,69.317832
1098000,62.728427,65.364236,64.057355
1098300,61.24733199999999,99.815101,66.998721
1098600,63.136501,79.41512,65.551349
1098900,61.33910899999999,99.60384599999999,67.173949
1099200,61.5773,99.73816,68.840008
1099500,60.181084999999996,66.01821600000001,63.51061800000001
1099800,61.680999,99.316098,67.216497
1100100,63.196684999999995,78.74181,65.439193
1100400,60.803886999999996,98.221776,66.80538299999999
1100700,63.040365,64.44176,63.709892
1101000,61.952337,99.193517,67.09218299999999
1101300,62.891617000000004,69.69234300000001,64.71781899999999
1101600,61.300346,92.970517,66.220022
1101900,61.434521,98.392759,66.960459
1102200,61.345463,64.19785,63.804812
1102500,61.184847999999995,99.484104,67.25654200000001
1102800,60.855923,79.633747,66.254992
1103100,60.596688,99.647335,67.233739
1103400,62.558267,64.77037800000001,63.933641
1103700,63.474470999999994,96.136498,67.24754300000001
1104000,61.737741,64.404768,63.935036
1104300,24.804623,65.101731,59.741513
1104600,60.553979000000005,98.29128,66.862914
1104900,60.827941,92.850539,66.99924399999999
1105200,0.26861399999999996,65.747493,57.493711
1105500,61.122702000000004,64.288248,63.515443999999995
1105800,58.787614000000005,98.291735,66.94279
1106100,63.008524,64.47086,63.726980000000005
1106400,61.322784999999996,99.74922,68.712056
1106700,62.887855,64.576097,63.706821999999995
1107000,61.514607999999996,99.329735,67.152062
1107300,61.355374,97.957006,67.234858
1107600,61.237363,76.23226,65.186326
1107900,37.810045,66.828582,61.636074
1108200,61.479726,64.045091,63.38845799999999
1108500,2.295559,68.780537,57.979698
1108800,63.947773,64.314587,64.12519
1109100,0.249123,68.838533,58.018393999999994
1109400,61.701781999999994,64.271624,63.580939
1109700,0.47800299999999996,66.449463,57.715196
1110000,62.976167000000004,99.030896,67.14425899999999
1110300,60.703649,64.87101,63.457407999999994
1110600,61.56515699999999,99.759282,67.008878
1110900,61.020283,78.775406,65.200687
1111200,61.301648,99.676412,66.779206
1111500,61.292491000000005,64.32059699999999,63.360347999999995
1111800,61.423131999999995,98.55289599999999,68.499551
1112100,63.296517,71.213838,64.743045
1112400,61.561239,99.959704,67.294373
1112700,63.250165,75.89619,65.061183
1113000,61.443625,64.382924,63.49649599999999
1113300,61.561508999999994,99.255082,67.232523
1113600,60.758146999999994,65.003816,63.782208
1113900,63.895547,88.461709,66.623294
1114200,63.619671,64.398208,64.048885
1114500,47.811162,64.107065,61.648796999999995
1114800,61.5119,64.04310699999999,63.239062
1115100,60.970126,96.97739,66.925715
1115400,61.579671,98.136245,67.278052
1115700,61.369924,91.961549,67.83145
1116000,0.106368,69.382153,58.129224
1116300,63.997507999999996,64.356011,64.19960400000001
1116600,61.473089,98.96185799999999,68.021582
1116900,63.975115,78.46235,65.563671
1117200,37.713845,66.56996600000001,61.180457999999994
1117500,63.172338,79.300434,66.533716
1117800,61.957311,99.380786,66.882683
1118100,62.974295999999995,99.15151999999999,67.540402
1118400,60.348273999999996,65.673996,63.43218100000001
1118700,63.09064,98.241489,68.60341700000001
1119000,62.978438,64.872304,63.858965000000005
1119300,62.3352,99.263141,69.431409
1119600,63.545145999999995,64.655412,64.15317900000001
1119900,0.646998,65.096182,57.65680699999999
1120200,63.421808999999996,64.338538,63.960991
1120500,61.51550600000001,79.090621,65.170794
1120800,63.236913,96.85851600000001,67.110739
1121100,61.016119999999994,64.161839,63.372712
1121400,63.210831000000006,98.424555,67.410774
1121700,63.1014,75.129653,64.73150600000001
1122000,61.732088,96.470321,66.929653
1122300,61.582298,64.469852,63.924243999999995
1122600,48.794174,65.76472,62.496095
1122900,63.611629,83.835406,66.52251700000001
1123200,2.8049049999999998,68.669762,58.288456999999994
1123500,43.378675,64.31897099999999,62.144794
1123800,63.952560999999996,67.247725,64.39801899999999
1124100,1.7365849999999998,68.651461,58.311864
1124400,63.283688,79.63855500000001,66.030622
1124700,26.501465999999997,66.02803,60.320218000000004
1125000,63.28623,73.539038,64.976681
1125300,61.527411,99.124674,67.21713199999999
1125600,62.608576,79.316753,66.838532
1125900,60.991579,98.708901,66.723715
1126200,63.05443100000001,98.137036,67.124689
1126500,62.225788,85.066802,66.061266
1126800,53.101287,65.561326,62.899774
1127100,63.555661,74.536591,65.038324
1127400,61.30804200000001,97.829309,68.585707
1127700,61.755589,65.019435,63.56878199999999
1128000,60.30068000000001,98.675224,67.086264
1128300,61.556779000000006,64.380676,63.683818
1128600,61.729654000000004,98.433136,68.723055
1128900,60.556849,97.924526,67.018626
1129200,61.682857999999996,73.46958000000001,64.72757299999999
1129500,43.438140000000004,64.286087,61.205819999999996
1129800,62.637086,70.57085,64.411575
1130100,0.637629,89.609256,61.218315000000004
1130400,63.153285,72.472003,64.84955
1130700,0.695465,68.761098,58.03696899999999
1131000,62.414306,64.827256,63.917676
1131300,24.517993,69.844165,60.483256000000004
1131600,29.162212,64.227094,60.366453
1131900,63.853607,67.293883,64.314932
1132200,11.96219,68.175578,59.252044999999995
1132500,63.848788,64.22769100000001,64.00376
1132800,1.535384,68.657779,57.970935
1133100,61.243315,70.881732,64.422257
1133400,61.720802,96.413185,68.38893
1133700,63.42619200000001,87.526505,66.276187
1134000,62.322502,97.941226,67.326936
1134300,43.47977,78.307278,63.351344
1134600,63.108903000000005,74.119463,64.735831
1134900,63.320873,92.807362,66.996796
1135200,61.610561,64.423126,63.427117
1135500,17.028169000000002,64.546701,59.22343000000001
1135800,61.488486,64.30095,63.65809599999999
1136100,59.146055000000004,99.471954,68.102591
1136400,64.01132199999999,64.216984,64.101838
1136700,39.210311,67.157503,61.735071999999995
1137000,22.147916,64.22936800000001,59.836926
1137300,61.609891000000005,64.213466,63.610504000000006
1137600,0.208137,91.079012,60.677588
1137900,63.844885999999995,69.059609,64.499212
1138200,61.402378000000006,97.641795,66.713444
1138500,63.933501,64.199871,64.057438
1138800,63.810688,98.861812,67.53104499999999
1139100,61.690693,64.24938900000001,63.80088000000001
1139400,40.857820000000004,73.633227,62.74825799999999
1139700,63.330477,92.956312,67.798911
1140000,63.037025,64.20128100000001,63.989128
1140300,12.499429,65.902618,58.930893000000005
1140600,63.058025,74.470551,64.986198
1140900,61.393393999999994,99.768674,67.058157
1141200,61.502311,80.305184,65.652618
1141500,58.818777000000004,98.519582,66.900184
1141800,63.985866,64.200322,64.08878100000001
1142100,63.29014300000001,98.836646,68.87822800000001
1142400,61.716205,64.13639599999999,63.657408999999994
1142700,61.520901,94.259338,67.79679
1143000,46.503772,65.857885,62.504979000000006
1143300,63.246276,64.191448,63.91056999999999
1143600,40.718057,64.234806,61.292880000000004
1143900,63.487301,74.121899,64.947047
1144200,61.536441,99.68333100000001,67.32733
1144500,62.885639000000005,77.706471,65.438387
1144800,63.21701899999999,91.981427,67.44305899999999
1145100,62.776288,74.728341,64.94844499999999
1145400,60.965394999999994,99.437914,67.106538
1145700,60.765007999999995,99.240921,68.800876
1146000,62.058754,79.236726,65.211017
1146300,61.107078,99.015041,67.161425
1146600,63.508559,76.148449,65.221721
1146900,0.361915,69.195064,58.532665
1147200,64.099025,64.429091,64.227734
1147500,0.222546,69.01719200000001,58.247946999999996
1147800,62.232848,64.636425,63.898066
1148100,2.586143,66.291775,58.135746
1148400,61.41044599999999,99.916963,69.476462
1148700,62.777999,64.73226899999999,63.832393
1149000,61.760529000000005,97.68062900000001,68.521136
1149300,61.631797,75.98392700000001,65.13368299999999
1149600,0.270069,67.863512,57.798840000000006
1149900,63.12925799999999,64.959132,63.957716000000005
1150200,0.292173,64.947663,57.531252
1150500,62.975007999999995,64.678162,63.780205
1150800,62.170875,95.710325,66.997126
1151100,61.485686,99.234197,67.175952
1151400,62.983306000000006,64.96989599999999,63.931867000000004
1151700,60.471045,99.208338,66.790594
1152000,62.967839,69.93602,64.575462
1152300,61.35971800000001,98.406449,66.93212700000001
1152600,63.592724,79.964113,65.603114
1152900,61.05285,99.604083,67.197773
1153200,63.0426,79.420754,65.401108
1153500,62.426789,99.853402,68.839711
1153800,61.318998,98.77875,70.280489
1154100,63.697818999999996,78.90462099999999,65.415063
1154400,22.318842999999998,64.54536999999999,59.672713
1154700,63.67031899999999,64.046877,63.884579
1155000,61.304125,98.84741600000001,66.996859
1155300,63.00563100000001,63.97665500000001,63.751342
1155600,61.416869999999996,99.359153,70.999016
1155900,61.723835,64.404949,64.018465
1156200,0.196721,69.04464499999999,58.357896
1156500,0.114074,69.313632,58.297955
1156800,64.207099,64.545098,64.380269
1157100,18.96415,73.583749,61.055673
1157400,61.472063,64.04729300000001,63.432988
1157700,61.895368000000005,98.161589,67.149273
1158000,61.615964,64.260118,63.815127000000004
1158300,60.785977,98.72009,67.233661
1158600,63.935825,64.275337,64.10623000000001
1158900,64.153751,67.017878,64.745227
1159200,2.3148869999999997,83.622376,62.360547
1159500,62.107216,64.50160799999999,64.074966
1159800,0.875381,68.924799,58.54665
1160100,64.142335,64.610046,64.334311
1160400,1.546594,69.121636,58.362978000000005
1160700,61.578076,64.405076,63.821856000000004
1161000,62.438216000000004,98.83746,67.461077
1161300,64.112579,64.502572,64.342124
1161600,3.6057879999999995,69.003474,58.573802
1161900,0.190208,68.83013000000001,58.1763
1162200,62.092387,64.3325,64.018986
1162500,0.36349699999999996,69.065138,58.12021
1162800,57.408729,71.695847,64.11618
1163100,63.546431999999996,94.578535,67.166274
1163400,61.717866,78.448943,66.011942
1163700,61.02751,98.091981,66.922002
1164000,62.126831,65.95711800000001,64.04973299999999
1164300,61.474756000000006,97.266177,66.900853
1164600,60.68160699999999,99.80377,67.139512
1164900,61.947607999999995,66.881842,63.923735
1165200,62.335074,99.252075,68.81721999999999
1165500,60.347414,67.96042299999999,63.948905
1165800,60.582558,99.64732,67.300043
1166100,62.94011999999999,64.897929,63.68199
1166400,58.503882999999995,99.63271800000001,68.426753
1166700,64.101858,64.4583,64.265776
1167000,56.827767,66.996034,63.798407999999995
1167300,2.253204,68.891526,58.572081999999995
1167600,61.695997999999996,64.399861,64.004542
1167900,0.385975,68.96485200000001,58.06094
1168200,64.12225699999999,64.399546,64.250905
1168500,1.720549,68.908587,58.319382
1168800,64.118842,64.454785,64.26921
1169100,0.610838,68.793603,58.333448
1169400,61.499582,64.404282,63.969133
1169700,1.591475,69.115416,58.278163
1170000,0.352722,90.79826800000001,62.037089
1170300,61.571186,64.297749,63.90080699999999
1170600,0.5412560000000001,68.857424,58.232240000000004
1170900,63.995835,64.198415,64.126137
1171200,2.170311,68.845166,58.203664
1171500,61.816963,64.59894,64.087468
1171800,0.322261,68.39416700000001,57.768262
1172100,61.150758999999994,68.23473100000001,64.24239200000001
1172400,0.311835,68.94006,58.433328
1172700,2.23026,68.90154799999999,58.132867000000005
1173000,63.963864,64.283369,64.14317199999999
1173300,0.180981,68.887679,57.98765600000001
1173600,61.235278,76.40526899999999,65.128967
1173900,60.877942000000004,99.467363,67.021036
1174200,61.095813,78.333352,65.02073399999999
1174500,61.398058,99.23136600000001,68.783129
1174800,63.324586,64.70538,64.01446700000001
1175100,0.188383,68.616546,58.026706999999995
1175400,0.140708,68.863821,58.037387
1175700,64.04123299999999,64.27444799999999,64.16848399999999
1176000,61.934732999999994,98.97059200000001,67.565957
1176300,62.084984999999996,64.49793199999999,64.065727
1176600,1.397002,68.940168,58.476686
1176900,61.642035,64.277376,63.884907
1177200,0.28422600000000003,92.874212,62.132713
1177500,61.795156999999996,64.339945,63.88743100000001
1177800,0.208682,66.234724,57.925233999999996
1178100,0.094194,68.777312,58.19939
1178400,61.919321,64.267675,63.917607999999994
1178700,1.332216,68.898492,58.44410500000001
1179000,61.561463,64.361377,63.909521999999996
1179300,0.389177,68.779685,58.204367000000005
1179600,61.815149,64.40133,63.895628
1179900,2.422483,68.63749,58.116112
1180200,64.047925,72.316924,65.053894
1180500,61.716088,96.679754,68.158498
1180800,64.027761,99.048526,69.709001
1181100,61.593070999999995,64.35764,63.648462
1181400,64.19905899999999,78.028114,65.872361
1181700,61.823304,64.549654,64.132047
1182000,1.483454,68.817565,58.404656
1182300,63.985663,64.284887,64.129986
1182600,0.34684299999999996,68.633081,58.254998
1182900,61.794709,64.305736,63.896930000000005
1183200,0.202259,68.75426999999999,58.03345
1183500,3.3632980000000003,64.497302,58.244052
1183800,64.006813,68.70551400000001,64.648597
1184100,58.658871,98.05013000000001,67.249282
1184400,63.438266000000006,95.33575,67.400334
1184700,60.974791,99.210605,67.05080500000001
1185000,60.909583,66.52552800000001,63.94375
1185300,61.127570999999996,97.599734,66.72085600000001
1185600,62.621311,79.03414000000001,65.446701
1185900,0.255488,66.640956,58.028114
1186200,1.456847,64.563455,57.962619999999994
1186500,61.597058,71.289169,65.101138
1186800,58.997141000000006,97.711642,66.805018
1187100,63.71795,64.133461,63.954494
1187400,61.672514,90.81832,66.774443
1187700,64.005645,64.355715,64.202145
1188000,1.826766,84.721377,62.155232
1188300,63.370539,64.32573199999999,63.994563
1188600,0.453189,65.600852,57.682327
1188900,62.34441700000001,97.290316,67.201217
1189200,61.058087,65.217675,63.735387
1189500,61.186370999999994,95.935036,66.716045
1189800,62.51122900000001,75.372552,64.955606
1190100,0.879603,67.404946,57.898961
1190400,64.036037,67.219812,64.69484200000001
1190700,0.222694,68.900777,58.252378
1191000,64.170181,64.455112,64.27943499999999
1191300,2.214443,68.774991,58.507024
1191600,64.169115,96.743517,67.54696700000001
1191900,62.765322,65.06102800000001,63.980506999999996
1192200,62.125755000000005,94.633145,66.83045
1192500,61.519633999999996,80.052816,66.76173100000001
1192800,61.801904,95.682705,67.333938
1193100,64.03727099999999,64.448001,64.223699
1193400,2.4798080000000002,68.887357,58.531518999999996
1193700,61.971472999999996,64.43123299999999,63.860061
1194000,0.10090299999999999,66.871964,57.796629
1194300,63.004918999999994,89.461556,66.533689
1194600,62.253384,66.109072,63.86857
1194900,57.775881999999996,97.426295,67.91249599999999
1195200,64.08465799999999,67.877905,64.669373
1195500,61.504082,98.178465,69.336486
1195800,63.230759,64.673578,63.917851
1196100,59.224512,96.590751,66.616911
1196400,63.071079000000005,64.26563,63.782929
1196700,61.161614,99.004984,67.224027
1197000,61.601192000000005,98.429965,67.152262
1197300,61.829351,65.95424100000001,63.741641
1197600,61.709276,98.847071,68.80954399999999
1197900,60.78840699999999,65.062625,63.16497
1198200,60.534273,99.211065,66.5647
1198500,63.711387,64.494517,64.033026
1198800,61.842824,97.899342,66.796499
1199100,63.721087,93.313947,68.083522
1199400,62.075652000000005,98.738258,67.385911
1199700,49.507027,65.206147,62.69465
1200000,63.716164,66.380941,64.344965
1200300,7.701485000000001,65.55838100000001,58.451887
1200600,63.82624200000001,64.189677,64.031346
1200900,61.036765,96.55879,66.92330799999999
1201200,61.801398999999996,64.549656,63.864205000000005
1201500,61.396786999999996,97.965662,67.197374
1201800,63.616639,64.817205,64.08760799999999
1202100,63.134116000000006,98.062546,67.64365500000001
1202400,1.561094,64.482157,58.026201
1202700,62.538624,90.915063,68.536321
1203000,0.483487,64.607104,57.519318000000005
1203300,61.899260999999996,68.436852,64.509984
1203600,0.283095,68.918511,58.313929
1203900,64.14347,64.377948,64.286488
1204200,0.744002,68.65780699999999,58.230819
1204500,63.270926,64.528407,63.923975
1204800,62.43180600000001,67.30561999999999,64.305212
1205100,61.550681999999995,96.713998,67.06734499999999
1205400,61.078621999999996,64.788331,63.515052000000004
1205700,61.33614,96.68029200000001,66.612268
1206000,61.886001,65.999595,64.003827
1206300,61.688087,99.111338,67.86525300000001
1206600,62.095037,64.494224,64.100204
1206900,33.887322999999995,67.679644,61.598583
1207200,64.110261,64.40815500000001,64.271966
1207500,1.983134,66.463941,58.269937
1207800,0.530931,64.307331,57.863558
1208100,63.97461800000001,68.70926899999999,64.64554
1208400,0.249908,69.093937,58.355477
1208700,61.557157,64.355685,63.960071
1209000,2.5602549999999997,68.914761,58.450920999999994
1209300,62.052151,65.86715,64.039018
1209600,0.245401,65.59330899999999,57.764672999999995
1209900,63.274368,80.29739599999999,66.28770899999999
1210200,61.949303,98.323499,67.21717199999999
1210500,62.497025,97.596625,67.613365
1210800,61.200576,80.75866500000001,65.258074
1211100,61.27640699999999,98.961962,67.00003000000001
1211400,62.330721999999994,79.907462,65.42550200000001
1211700,61.705599,99.387773,67.10041700000001
1212000,63.10759399999999,65.153961,63.775788
1212300,60.95399499999999,98.45901500000001,66.958415
1212600,61.959951000000004,64.520861,63.675428000000004
1212900,61.564924,98.807265,67.445942
1213200,62.89905,99.073009,67.24419
1213500,61.754988,72.925659,65.079348
1213800,1.3851870000000002,68.856866,58.429338
1214100,64.07279799999999,64.360285,64.229153
1214400,0.250632,66.074781,58.046958
1214700,63.722754,66.694323,64.28673
1215000,63.25035,97.681678,67.429007
1215300,64.046491,64.381955,64.14473199999999
1215600,35.244639,72.46261,61.961801
1215900,48.638562,75.619249,63.643407999999994
1216200,63.971571,65.893597,64.32945500000001
1216500,38.208957,66.962331,61.867484
1216800,61.564004000000004,64.43507,63.73653
1217100,62.487083,98.23695699999999,69.742649
1217400,61.923347,64.375382,63.925178
1217700,14.642793,68.337199,59.466449
1218000,64.113724,64.397131,64.259232
1218300,3.40366,68.773338,58.572694999999996
1218600,63.478032999999996,98.27672199999999,68.017336
1218900,61.542654000000006,64.30765500000001,63.557692
1219200,64.090724,84.876527,66.252872
1219500,61.389412,64.45473199999999,63.88061999999999
1219800,1.312333,76.199951,59.02997
1220100,63.065470999999995,64.204034,63.785987
1220400,61.669557999999995,98.088865,67.282149
1220700,61.878939,90.101851,68.029402
1221000,25.637202,67.830768,60.719765
1221300,3.456947,64.33935600000001,57.670892
1221600,61.747902,72.370449,65.12230600000001
1221900,60.889877,96.774571,66.661338
1222200,63.608247,64.263065,64.045002
1222500,62.970518000000006,79.007372,65.611752
1222800,64.027911,64.302789,64.138597
1223100,61.10468,97.116711,67.10505500000001
1223400,61.614357,78.099296,65.205943
1223700,47.83093,66.311412,62.752811
1224000,46.082509,64.980754,62.08945
1224300,61.698234,76.917443,66.337824
1224600,2.3523490000000002,68.719844,58.512574
1224900,64.03933599999999,64.323867,64.188124
1225200,30.126244,67.664703,61.087966
1225500,64.008954,64.34411899999999,64.19008199999999
1225800,1.4447780000000001,68.750733,58.429596
1226100,64.017943,65.655242,64.300962
1226400,61.537245999999996,98.889034,67.242837
1226700,61.690817,64.562983,63.886217
1227000,61.41859399999999,76.62455899999999,65.389987
1227300,61.57065,98.556368,67.917068
1227600,63.503710999999996,64.30610300000001,63.963646999999995
1227900,50.124418,93.186966,65.678282
1228200,63.462936,64.52188100000001,63.913353
1228500,61.657554000000005,98.529746,67.175466
1228800,63.07816700000001,64.828337,63.935811
1229100,62.381414,98.26499100000001,68.477953
1229400,62.146878,64.72415,63.79231
1229700,62.395116,75.051255,64.967527
1230000,61.994177,97.668421,66.959539
1230300,63.12709,64.410191,63.928819
1230600,61.654437,99.134606,67.087912
1230900,61.80759200000001,66.63604699999999,63.964443
1231200,62.165437,98.694073,67.25690300000001
1231500,63.376654,87.999243,67.897573
1231800,61.607108,99.384862,67.13898
1232100,60.958794,65.36001800000001,63.686163
1232400,61.122106,98.70230500000001,67.193958
1232700,61.349720999999995,99.622294,68.750371
1233000,61.946940000000005,65.82726,63.71119399999999
1233300,62.479344999999995,99.85032199999999,67.641994
1233600,61.670281,78.183839,65.066648
1233900,61.397135,99.212918,67.253968
1234200,59.984429000000006,64.729477,63.717946999999995
1234500,61.61620799999999,99.591045,67.534514
1234800,61.154399,64.99134000000001,63.76515799999999
1235100,61.804618000000005,99.2743,68.599387
1235400,35.657106,78.62131,62.90910699999999
1235700,61.471430000000005,71.979525,64.686456
1236000,61.99547,99.096731,68.948285
1236300,63.611192,64.84790799999999,64.20011
1236600,62.477703000000005,99.403998,67.51315
1236900,60.63159,65.302879,63.833454
1237200,61.098916,99.78086400000001,67.344359
1237500,61.385090000000005,64.485731,63.486796
1237800,61.79786899999999,99.364723,68.962352
1238100,60.94443199999999,99.852226,67.29857
1238400,61.868681,65.228543,63.944644
1238700,60.66853100000001,99.097273,69.05275400000001
1239000,63.299585,64.234678,63.964553
1239300,61.713443000000005,93.145276,66.73056700000001
1239600,63.169477,64.113431,63.84940400000001
1239900,60.91033,98.34970899999999,67.083338
1240200,64.060919,64.457688,64.20608299999999
1240500,61.886508,98.436829,67.245453
1240800,52.853442,67.067239,63.416571
1241100,64.17857099999999,64.38361,64.273677
1241400,1.3743290000000001,69.035677,57.97799200000001
1241700,61.836594999999996,64.43247,64.043269
1242000,2.2473520000000002,68.801794,58.25794200000001
1242300,64.08586,89.953981,67.531014
1242600,60.944701,98.591474,67.06864300000001
1242900,63.08586700000001,64.909937,64.093774
1243200,61.602340000000005,100.0,67.190251
1243500,60.80106,99.38152,67.284145
1243800,62.70432099999999,65.842347,64.122702
1244100,61.48992,99.265395,67.33397099999999
1244400,63.439446999999994,64.650077,63.924440000000004
1244700,60.758864,99.717626,67.083809
1245000,63.279399,79.543762,65.717538
1245300,0.35891,66.904877,58.278989
1245600,63.14224399999999,64.42676999999999,64.073325
1245900,60.922031000000004,98.970228,67.939286
1246200,63.726028,93.450408,67.116159
1246500,61.675557,74.55898499999999,65.11183199999999
1246800,61.968449,99.72290500000001,69.065736
1247100,62.473204,80.052277,65.54394
1247400,61.103992000000005,66.90484599999999,64.12097299999999
1247700,61.490533,64.034873,63.561827
1248000,61.371584999999996,98.78550899999999,67.012303
1248300,63.375026,65.275737,64.062689
1248600,62.433238,99.615824,67.544372
1248900,61.026341,99.940999,67.30566400000001
1249200,63.233315000000005,64.951899,64.084079
1249500,61.17341,99.39275699999999,69.71943
1249800,63.936195,64.63890699999999,64.321021
1250100,43.310808,65.505012,61.950768000000004
1250400,63.345344,74.294336,64.91341700000001
1250700,63.45374,92.84689200000001,67.089563
1251000,63.54476700000001,64.251455,63.957673
1251300,60.952474,64.12841,63.387341000000006
1251600,63.32603,94.499464,67.03492
1251900,63.30305,64.681636,64.35350799999999
1252200,59.21974,64.251488,63.36134499999999
1252500,63.433409,64.246093,63.934878000000005
1252800,60.670683,98.044083,68.491853
1253100,61.312118999999996,71.060608,64.614736
1253400,0.184572,80.667076,59.791398
1253700,61.98471899999999,64.7968,63.983523
1254000,0.36436599999999997,67.74794399999999,58.272156
1254300,61.287521,69.481813,64.066161
1254600,61.730531000000006,73.532098,64.697292
1254900,0.364316,69.13404200000001,58.45221899999999
1255200,63.044059999999995,64.748712,64.175601
1255500,62.102909999999994,99.26465,67.12003100000001
1255800,62.875236,64.781977,63.905211
1256100,61.60418000000001,99.04032600000001,68.835488
1256400,63.645166,64.350206,64.021266
1256700,62.13319499999999,92.484767,67.416354
1257000,61.034241,98.82588299999999,70.012596
1257300,62.958397,64.894139,64.108014
1257600,60.831920999999994,99.861243,66.972211
1257900,61.61448000000001,65.223062,63.75573000000001
1258200,59.427339,99.62889799999999,67.128128
1258500,61.693887,64.766053,63.86308399999999
1258800,60.821953,98.983711,67.191763
1259100,61.477589,77.921031,65.317081
1259400,62.575486,98.585976,67.378761
1259700,61.580014,99.558964,67.193394
1260000,63.141029,80.41847,65.66263199999999
1260300,62.146316000000006,99.328037,67.297795
1260600,63.201513,86.299897,66.365941
1260900,61.181096,99.109893,67.21963199999999
1261200,62.950699,77.654818,65.285119
1261500,61.42799300000001,98.966157,66.745006
1261800,62.015646,67.600181,64.247072
1262100,61.483540000000005,99.04020799999999,67.17515999999999
1262400,60.984078000000004,98.640785,69.027999
1262700,62.134349,78.172535,65.519628
1263000,47.893797,64.688482,62.181982999999995
1263300,63.021601000000004,64.667596,64.106219
1263600,62.766592,97.02703100000001,67.05104399999999
1263900,61.846194,64.750258,63.908616
1264200,31.477195000000002,75.680624,62.192240000000005
1264500,63.389841000000004,71.844945,64.70068
1264800,60.236447,98.197792,67.236213
1265100,49.501119,64.752682,62.818672
1265400,63.52600699999999,66.66606999999999,64.25725200000001
1265700,59.690854,64.10314,63.159403000000005
1266000,60.845079000000005,64.47233100000001,63.83479200000001
1266300,61.258644999999994,85.920452,65.911914
1266600,63.611870999999994,75.961333,65.586968
1266900,39.249659,66.484234,61.821567
1267200,63.775135999999996,64.336344,64.032556
1267500,61.599015,92.680488,66.466459
1267800,1.900584,85.950673,60.893965
1268100,64.152378,68.872428,64.729167
1268400,60.971364,97.84960699999999,66.974011
1268700,61.59619,64.359206,63.820298
1269000,63.01025500000001,77.788217,65.36154499999999
1269300,63.574861,64.203653,64.022885
1269600,61.60945,91.559439,66.5114
1269900,61.658575,64.46386899999999,63.952591000000005
1270200,61.964107999999996,97.22568199999999,67.246415
1270500,63.50103000000001,75.48958499999999,65.38565799999999
1270800,37.652732,67.401453,61.646485
1271100,62.0533,81.633639,65.64613299999999
1271400,62.210938,91.543826,66.779421
1271700,3.7595769999999997,68.76707900000001,58.624724
1272000,64.134546,64.465878,64.29137800000001
1272300,0.53391,66.165222,57.923237
1272600,64.02565,64.396357,64.208625
1272900,63.927131,84.332011,66.394297
1273200,64.112801,64.339846,64.248936
1273500,1.8918599999999999,68.862153,58.825648
1273800,61.938881,98.022384,68.060985
1274100,63.705636,76.099585,65.42671
1274400,4.256374,65.475266,57.864416000000006
1274700,62.424655,73.872033,65.143826
1275000,63.53089,98.980237,68.70381400000001
1275300,61.698298,71.010253,64.56017800000001
1275600,61.733762,97.841515,67.367506
1275900,63.423407,64.415494,64.061871
1276200,61.68895,98.83776999999999,67.076594
1276500,64.154209,70.642155,65.107446
1276800,64.068855,64.400728,64.212119
1277100,6.52286,68.696748,58.677387
1277400,63.958923,64.372619,64.20101700000001
1277700,1.669468,68.920007,58.484529
1278000,61.440752,64.495784,64.055029
1278300,0.309843,69.030254,58.185285
1278600,61.828607,91.617224,68.483142
1278900,2.295318,74.350507,59.785786
1279200,61.669739,97.80394,67.124685
1279500,63.404376,64.19964,64.037587
1279800,61.708937,98.832842,67.018472
1280100,63.908421999999995,64.443207,64.241288
1280400,64.006833,98.666986,67.677392
1280700,61.674780000000005,64.369623,64.03308
1281000,3.3677940000000004,75.575653,59.076871999999995
1281300,64.148229,75.49091899999999,65.48691
1281600,49.479144,66.913567,63.00891800000001
1281900,24.631996,64.795063,60.34280699999999
1282200,63.595473999999996,90.078859,66.80414499999999
1282500,0.938214,68.960989,58.080916
1282800,63.030190000000005,65.000476,64.090255
1283100,4.73891,69.124771,58.974683999999996
1283400,64.310265,64.619435,64.45146
1283700,0.74232,69.080662,58.218047
1284000,63.417376000000004,64.72848499999999,64.01851500000001
1284300,0.6300640000000001,66.359737,58.148230000000005
1284600,2.327783,70.768452,59.181339
1284900,61.747351,64.63181999999999,64.19941899999999
1285200,0.252263,68.728287,58.218807
1285500,60.781779,65.143464,63.953936
1285800,62.855416000000005,99.708906,70.852165
1286100,62.678512,80.417167,65.557937
1286400,0.143342,69.172668,58.556096
1286700,62.259302000000005,64.54523499999999,64.170424
1287000,1.3632549999999999,69.048405,58.6426
1287300,0.10551300000000001,69.13553,58.519256000000006
1287600,61.656971999999996,64.71578199999999,63.99785
1287900,0.23617600000000002,69.051998,58.187318999999995
1288200,63.588151,64.789845,64.301902
1288500,1.2788329999999999,66.38672199999999,57.856196999999995
1288800,63.770754000000004,68.17532800000001,64.72720100000001
1289100,0.257959,69.052203,58.450613
1289400,64.19840699999999,68.885609,65.071708
1289700,60.38629399999999,95.504365,68.6371
1290000,62.038745,98.950604,67.164734
1290300,63.423411,64.694426,64.00704300000001
1290600,61.232743000000006,99.11697099999999,67.069722
1290900,61.579729,66.92913,63.968196999999996
1291200,60.966736,99.841368,67.39310400000001
1291500,61.412414,79.86510600000001,65.180451
1291800,62.858383999999994,99.182172,67.409413
1292100,63.270920999999994,64.881178,63.927321
1292400,60.886813000000004,99.784991,67.449849
1292700,61.646936,99.47743,67.412243
1293000,62.118618000000005,89.14341999999999,66.463755
1293300,7.043317,65.417666,58.490697
1293600,61.26068299999999,74.442685,64.504776
1293900,60.126897,99.639473,67.40870100000001
1294200,61.287575,64.615859,63.936151
1294500,49.294059000000004,67.303782,62.972522999999995
1294800,60.928952,72.131741,65.099847
1295100,61.57931800000001,99.47873299999999,67.311983
1295400,60.663936,99.111812,68.426115
1295700,60.97539499999999,64.784254,63.616285
1296000,59.173648,98.763676,67.099787
1296300,62.894375,65.23650699999999,64.025263
1296600,63.599619,96.043161,69.24995899999999
1296900,64.31774200000001,64.743201,64.555463
1297200,2.214411,69.030896,58.64956
1297500,64.318409,64.568463,64.39513000000001
1297800,0.27839899999999995,69.150329,58.419851
1298100,0.5472640000000001,65.901691,57.684808
1298400,63.69870699999999,67.89390999999999,64.624258
1298700,0.33564099999999997,69.383652,58.51146800000001
1299000,62.109632,64.509139,64.155897
1299300,0.631035,66.561653,57.963654000000005
1299600,61.432125,65.135793,63.868184
1299900,61.564618,99.741718,67.282674
1300200,60.857064,68.57128,63.815468
1300500,62.531012,98.5013,69.760614
1300800,63.373914,99.753067,67.710828
1301100,61.722124,64.58073900000001,63.868115
1301400,61.044295,98.48465300000001,67.185022
1301700,63.264993000000004,79.507384,65.461454
1302000,61.584102,99.153605,67.452073
1302300,60.653893999999994,64.97955400000001,63.637581000000004
1302600,61.650723,99.151915,67.182078
1302900,63.520485,64.615139,64.182539
1303200,63.755669,94.187895,68.440629
1303500,61.988778,99.268023,67.53265999999999
1303800,61.832710999999996,77.595186,65.156963
1304100,61.348296,99.187148,69.834523
1304400,62.511570999999996,65.28407299999999,63.95813199999999
1304700,63.433654000000004,92.670469,67.09829
1305000,63.599171999999996,64.438735,64.205322
1305300,39.897219,65.90663,61.894560999999996
1305600,63.57070600000001,64.412249,64.035057
1305900,60.585777,68.63130600000001,63.732727000000004
1306200,62.111304000000004,92.37174300000001,67.976074
1306500,64.084705,64.608401,64.266281
1306800,48.157841999999995,66.96955799999999,62.925397
1307100,61.961841,64.41484200000001,63.908553000000005
1307400,4.143053,64.616288,57.923812
1307700,62.127462,77.317644,66.80854699999999
1308000,0.13975,69.269126,58.2308
1308300,64.15339399999999,64.572738,64.418019
1308600,1.4647700000000001,69.115001,58.71938299999999
1308900,1.326101,64.573425,58.121117000000005
1309200,62.016659999999995,69.04169499999999,64.580697
1309500,0.24936799999999998,69.151239,57.997710999999995
1309800,64.155771,64.501818,64.320762
1310100,0.296904,69.27192600000001,58.484437
1310400,64.27173,64.661448,64.51135699999999
1310700,0.49411700000000003,69.076099,58.437918999999994
1311000,64.219024,64.45428100000001,64.33185300000001
1311300,63.604009999999995,99.406612,67.828327
1311600,62.376824,99.28972900000001,67.620486
1311900,61.472324,80.431823,65.49941899999999
1312200,61.626282999999994,80.023987,65.23235
1312500,61.81929,71.421685,64.62352800000001
1312800,2.354726,69.145394,58.611488
1313100,64.227458,64.63046999999999,64.47686999999999
1313400,0.746628,69.154474,58.546434
1313700,63.972784,75.626316,65.488417
1314000,61.562909,94.416855,66.948134
1314300,63.2461,98.387628,67.456438
1314600,61.53161,64.319767,63.82520400000001
1314900,60.341912,95.666563,69.65964
1315200,63.00586,64.874251,63.983299
1315500,61.572474,97.5962,67.245385
1315800,63.552085,64.625711,64.03071800000001
1316100,62.701257999999996,99.270662,67.47069499999999
1316400,62.597525,65.856684,64.18084
1316700,60.96498100000001,97.78926,67.43077199999999
1317000,61.70581800000001,99.741686,67.502656
1317300,60.972956999999994,77.819946,64.997198
1317600,61.800316,98.828087,67.289045
1317900,60.918040000000005,67.128017,64.026873
1318200,60.53139399999999,98.90589200000001,67.373568
1318500,60.897711,74.46557299999999,65.87406800000001
1318800,42.232354,67.1335,61.98731
1319100,60.942197,64.410062,63.398393999999996
1319400,61.762005,96.219985,66.893165
1319700,61.738325,99.04671,67.352299
1320000,61.711501,76.788534,65.08384699999999
1320300,37.569693,65.88951899999999,61.731784999999995
1320600,61.611426,64.259479,63.489254
1320900,60.992368000000006,92.655654,66.561666
1321200,61.093531000000006,72.982618,64.887862
1321500,61.905457999999996,71.785949,64.921442
1321800,62.357428000000006,64.720252,64.133048
1322100,31.29972,87.545861,63.110924
1322400,0.259375,64.394576,57.908526
1322700,61.783588,69.253105,64.35502199999999
1323000,0.19178699999999999,69.252663,58.431008999999996
1323300,64.287933,64.533063,64.386742
1323600,0.20622600000000002,69.13149200000001,58.120249
1323900,63.658027000000004,64.79091700000001,64.19533100000001
1324200,0.102309,65.802211,58.010267000000006
1324500,63.090212,65.24640600000001,63.862874
1324800,61.376061,97.758478,67.063434
1325100,63.129814,99.234663,67.440327
1325400,61.886911,65.32500999999999,64.013664
1325700,61.12899,98.023212,70.926666
1326000,62.97639100000001,65.683573,64.091964
1326300,61.616778000000004,99.733293,67.183373
1326600,61.225489,77.903696,65.144278
1326900,62.01801700000001,98.42862,67.38802700000001
1327200,61.908136999999996,77.576204,65.342554
1327500,0.5274270000000001,67.295284,58.181722
1327800,0.183766,64.782159,57.96175
1328100,64.18939300000001,69.165072,64.809313
1328400,0.283025,68.94575999999999,58.398838
1328700,64.19615300000001,64.587055,64.35129599999999
1329000,2.560351,68.96159,58.646623999999996
1329300,63.74674,69.299527,64.96135
1329600,62.577833999999996,98.80625699999999,68.909525
1329900,61.625112,67.16268000000001,64.034983
1330200,61.03145799999999,97.650051,66.74841500000001
1330500,62.988726,98.52242,67.188987
1330800,61.951333,65.272323,63.770171
1331100,61.286741000000006,98.274971,68.782698
1331400,62.863772999999995,64.66781800000001,63.874028
1331700,62.441345,98.22369,67.470552
1332000,62.957873,65.62921800000001,63.980732999999994
1332300,60.851852,70.86106,64.336903
1332600,60.887119999999996,64.95537900000001,63.977433
1332900,61.815637,98.033273,71.134489
1333200,63.776723,96.116787,67.427887
1333500,62.765271999999996,64.779641,64.201828
1333800,37.985046000000004,66.807339,61.58126
1334100,63.875879000000005,74.649663,65.34246800000001
1334400,62.683468000000005,98.59586999999999,67.365048
1334700,62.944743,64.686643,63.955769
1335000,61.532157999999995,97.8775,68.293554
1335300,60.972931,64.657823,63.557287
1335600,60.431015,98.883627,66.91304000000001
1335900,61.258124,97.380646,67.12005400000001
1336200,61.647765,64.716103,63.65752
1336500,63.34755500000001,77.01331,67.179854
1336800,64.16998199999999,64.68852199999999,64.408952
1337100,0.251755,70.369043,58.592355000000005
1337400,60.952346,79.150183,65.419477
1337700,62.475777,78.558097,65.374337
1338000,63.431978,64.456986,64.192002
1338300,61.87293100000001,98.022349,67.458752
1338600,63.518060999999996,97.372169,67.516276
1338900,61.953508,64.558379,63.99049300000001
1339200,61.539372,98.521252,67.200455
1339500,64.233136,64.64379699999999,64.43776899999999
1339800,38.233693,72.00607099999999,62.858778
1340100,61.718723,89.590367,67.107119
1340400,0.29478699999999997,68.955088,58.379853000000004
1340700,61.765304,64.519993,64.080906
1341000,0.22008000000000003,68.958561,58.391778
1341300,6.588031,64.66362,58.418014
1341600,61.537493999999995,68.728697,64.485618
1341900,1.2628,69.043717,58.211912
1342200,62.084396,64.511871,64.138988
1342500,0.101997,69.19375,58.41438
1342800,62.019684999999996,64.423511,64.0609
1343100,0.15709800000000002,69.016914,58.486228000000004
1343400,64.294698,64.58104300000001,64.45437199999999
1343700,0.649479,82.902286,60.703146999999994
1344000,62.599537,64.649457,63.924080000000004
1344300,61.374781000000006,98.862554,66.79075
1344600,60.651272,98.984597,67.0911
1344900,60.756780000000006,65.087314,63.717581
1345200,60.609337,99.393399,66.76066800000001
1345500,61.737453,66.37305,64.113585
1345800,62.265662,98.821065,67.379607
1346100,63.398343000000004,65.067894,64.149341
1346400,60.875206000000006,97.859083,67.379238
1346700,63.3701,64.697765,64.276341
1347000,64.220363,76.471237,65.635347
1347300,0.16159400000000002,69.857093,58.663892000000004
1347600,62.021826000000004,64.645031,64.203764
1347900,2.2999959999999997,69.031138,58.405781000000005
1348200,64.290475,64.65451800000001,64.43471
1348500,2.206306,69.085115,58.388213
1348800,64.32900500000001,64.509373,64.414731
1349100,0.140247,68.910425,58.389858
1349400,64.274565,64.539617,64.396264
1349700,1.106752,68.945989,58.251029
1350000,0.601,69.024836,58.279841000000005
1350300,61.792143,64.565481,64.177378
1350600,2.365828,69.01755,58.70259300000001
1350900,61.819002000000005,74.821908,65.516227
1351200,58.068817,98.76283000000001,67.29264
1351500,61.158623999999996,67.689839,63.88935
1351800,62.732696999999995,96.222053,67.41788000000001
1352100,63.256952000000005,65.552973,64.07465
1352400,58.421746999999996,97.785212,66.673939
1352700,63.57845,80.247919,65.93346700000001
1353000,64.169001,64.500969,64.335006
1353300,46.80118,67.073038,62.856019999999994
1353600,63.304449,64.692766,64.281586
1353900,20.636104,66.274536,60.13035
1354200,62.915716,72.319631,64.883485
1354500,58.876718999999994,98.921299,68.927403
1354800,64.24162700000001,64.51450200000001,64.403214
1355100,1.654102,68.787736,58.54016800000001
1355400,0.20355299999999998,67.174815,58.265874
1355700,64.140986,64.429707,64.324135
1356000,61.474587,98.22564100000001,68.46753000000001
1356300,63.617491,64.334632,64.11291
1356600,2.236349,69.144812,58.328998999999996
1356900,61.893235,64.812281,64.36812900000001
1357200,0.6931649999999999,69.443066,58.695606000000005
1357500,64.241938,64.864503,64.49316999999999
1357800,2.306761,69.613036,58.2233
1358100,24.062228,64.90647,60.144767
1358400,61.349516,71.227571,64.52045600000001
1358700,61.612623,99.24453299999999,67.447702
1359000,64.045119,64.584602,64.323329
1359300,62.008661,99.916623,68.657374
1359600,62.460522,65.672239,63.953115000000004
1359900,61.689728,99.51916999999999,67.12751999999999
1360200,62.033701,65.352603,63.925388
1360500,61.438357999999994,99.522018,67.26102
1360800,61.86426899999999,66.86583399999999,64.321736
1361100,62.498801,77.077682,65.594758
1361400,40.234865,66.32167,60.97798100000001
1361700,63.78651,73.11202,65.00341800000001
1362000,61.846157999999996,97.484433,69.567421
1362300,63.871382,64.44720699999999,64.141186
1362600,61.53379,98.645445,67.161618
1362900,64.10575,64.468997,64.29292099999999
1363200,64.248929,95.594926,68.463637
1363500,61.74179300000001,97.61899100000001,67.093925
1363800,64.102221,74.698353,65.316622
1364100,48.311353999999994,65.754138,62.880962
1364400,63.739891,64.704925,64.239728
1364700,7.539802000000001,66.722902,58.785741
1365000,61.617041,64.36712,63.945503
1365300,49.792587,64.78684799999999,62.688357999999994
1365600,64.18797099999999,91.55540500000001,67.033465
1365900,2.2428630000000003,68.96600600000001,58.321468
1366200,0.296297,66.684702,57.949845999999994
1366500,63.891803,64.972875,64.382633
1366800,0.220732,66.474407,57.891476000000004
1367100,62.146122999999996,65.02181800000001,63.925594
1367400,59.585719999999995,97.82181700000001,66.963297
1367700,62.286029000000006,67.72921600000001,64.460073
1368000,60.688673,97.569839,66.877672
1368300,61.556012,64.978509,63.686249
1368600,61.622337,96.51660799999999,67.073734
1368900,62.274899,98.325773,67.49714399999999
1369200,61.253330000000005,77.240815,65.659982
1369500,61.137165,95.328372,66.43294499999999
1369800,63.522211,64.370785,64.00916
1370100,62.004656999999995,97.975962,67.31363499999999
1370400,61.754844999999996,64.475463,63.830893
1370700,46.633904,67.257339,62.906491
1371000,61.851128,64.66946999999999,64.189939
1371300,1.573336,69.260133,58.644188
1371600,0.134424,69.32121500000001,58.573292
1371900,64.31610699999999,64.61245799999999,64.473465
1372200,0.177093,69.16768499999999,58.209081000000005
1372500,61.838923,64.66150999999999,64.17412900000001
1372800,60.775128,97.194298,69.645347
1373100,63.260481999999996,65.230303,63.938064000000004
1373400,61.676937,98.50366600000001,66.884157
1373700,62.285543000000004,66.50461899999999,64.157779
1374000,61.554506,98.840814,67.416697
1374300,61.32066999999999,98.753439,67.471575
1374600,61.92501899999999,66.224041,64.04726600000001
1374900,61.985918999999996,98.72516,67.420948
1375200,62.927018000000004,75.994465,65.49965
1375500,61.126404,99.31193499999999,67.094537
1375800,61.903045,66.245067,63.827830000000006
1376100,62.357769,98.399116,67.259427
1376400,64.299346,78.387362,66.351703
1376700,1.4646270000000001,69.10945,58.389786
1377000,0.140592,69.380266,58.32708100000001
1377300,64.2407,64.539417,64.407049
1377600,0.9106639999999999,69.200074,58.588191
1377900,62.13793100000001,64.712233,64.25704
1378200,0.31244099999999997,68.63159499999999,58.382521999999994
1378500,63.22953100000001,65.132287,64.21924200000001
1378800,51.153533,64.807052,62.553116
1379100,62.126093000000004,65.7417,63.842142
1379400,61.025726,98.118724,67.257354
1379700,62.33634300000001,99.21051999999999,67.325685
1380000,61.153279000000005,71.600064,64.46991700000001
1380300,61.78968199999999,98.73088800000001,67.15052299999999
1380600,63.64439300000001,64.484429,64.13413800000001
1380900,62.816708999999996,98.431077,67.615269
1381200,61.976504000000006,64.545071,64.189482
1381500,64.330749,93.553782,67.42314
1381800,64.40400700000001,64.63620999999999,64.528865
1382100,3.4275589999999996,69.06092199999999,58.665161
1382400,61.852940000000004,98.336989,67.570299
1382700,64.053011,64.567532,64.33641999999999
1383000,61.988351,98.93507199999999,69.017973
1383300,61.178982999999995,64.332412,63.746258
1383600,64.04163100000001,85.239013,66.86587800000001
1383900,62.863847,65.059075,64.30516800000001
1384200,35.615045,64.841766,61.230169999999994
1384500,62.505191,64.846981,63.975716000000006
1384800,61.620451,99.142179,67.387796
1385100,60.923185,100.0,67.351334
1385400,62.265963,79.754681,65.62523900000001
1385700,61.444297,97.801795,67.107979
1386000,62.88551700000001,64.946827,64.024622
1386300,61.646515,99.451574,67.437528
1386600,63.504357999999996,65.207902,64.410862
1386900,61.43055,99.398483,67.376375
1387200,61.466139,79.550069,66.567103
1387500,64.282147,75.868015,65.72499599999999
1387800,45.275083,64.388763,61.681504000000004
1388100,63.332221,64.272754,63.955852
1388400,60.00531899999999,98.988614,67.101047
1388700,63.604278,64.456972,64.19925699999999
1389000,61.32869399999999,98.393998,67.41920999999999
1389300,64.280062,64.546501,64.386887
1389600,62.37915699999999,98.049021,67.539454
1389900,64.27069399999999,64.576471,64.42007199999999
1390200,63.915411999999996,98.349203,67.786559
1390500,3.662492,66.047934,58.206977
1390800,64.250759,84.896419,68.382176
1391100,0.271447,68.412726,58.196863
1391400,62.39520400000001,66.66274,64.212546
1391700,49.146312,64.398421,62.013606
1392000,50.976713000000004,76.185901,63.882967
1392300,61.356680000000004,99.184134,68.842511
1392600,62.28120799999999,64.64761,64.02032700000001
1392900,2.60679,65.149743,58.010296
1393200,61.636061,97.399812,67.107781
1393500,63.043385,73.465275,65.217215
1393800,0.701364,69.030191,58.08215
1394100,62.546375,65.386337,63.897611
1394400,45.073153000000005,71.923816,63.180808999999996
1394700,58.78641,64.303306,63.017318
1395000,59.279554000000005,83.946939,65.542956
1395300,63.620224,74.305369,65.17922
1395600,63.465265,92.812448,67.19309799999999
1395900,35.784852,64.60619100000001,61.033929
1396200,63.414814,66.114801,64.17389200000001
1396500,61.659613,98.86179200000001,68.37770400000001
1396800,43.556616999999996,64.559249,62.379304000000005
1397100,1.659301,69.07946,58.585266000000004
1397400,64.155357,64.55609,64.350115
1397700,0.537114,68.774574,58.37335
1398000,64.132808,90.243442,68.247079
1398300,0.46437,66.02513,57.812442000000004
1398600,2.910869,70.480067,58.312123
1398900,64.17309300000001,69.054916,64.90991700000001
1399200,0.313257,68.963042,58.003574
1399500,61.670587,64.74728,63.943858
1399800,62.174727000000004,89.452214,66.380577
1400100,60.559720999999996,67.815623,64.259699
1400400,61.712118000000004,97.301801,68.403309
1400700,64.36329,64.747033,64.50386400000001
1401000,0.309952,69.129873,58.382716
1401300,61.44851,99.29369799999999,67.257482
1401600,61.399058,87.69807,67.59115200000001
1401900,63.15851,98.15682,68.453889
1402200,64.38324399999999,64.650583,64.533385
1402500,2.858657,65.383705,58.106343
1402800,63.697977,64.674077,64.193939
1403100,61.271678,99.702875,67.631788
1403400,62.990658999999994,65.368608,64.114467
1403700,61.572839,98.799665,68.80856700000001
1404000,0.335592,64.675062,57.631905
1404300,53.470354,64.868625,63.259806000000005
1404600,62.198218999999995,98.917463,67.514977
1404900,63.050771,65.15373699999999,64.116419
1405200,61.094599,99.266026,69.620751
1405500,63.582577,65.207882,64.351439
1405800,61.71244300000001,96.12593000000001,67.239692
1406100,63.416911999999996,64.609352,64.063694
1406400,61.40413,72.71358599999999,64.557885
1406700,64.113873,99.22268100000001,68.609703
1407000,62.422109,64.74327,64.194008
1407300,24.274987,65.49815,60.467356
1407600,63.710494999999995,64.259683,64.085267
1407900,62.04267900000001,94.476497,66.848445
1408200,64.069705,73.18587,65.263703
1408500,62.47881700000001,90.426693,66.74475699999999
1408800,63.407323999999996,77.462898,67.50929599999999
1409100,62.033952,96.20778100000001,67.23846800000001
1409400,63.342105000000004,97.836606,67.698607
1409700,61.589899,64.655534,63.778755000000004
1410000,61.630494999999996,98.29241400000001,67.368874
1410300,61.55370799999999,64.858531,64.03264399999999
1410600,64.408762,78.21935500000001,66.062651
1410900,64.271976,64.565409,64.41763399999999
1411200,1.7232740000000002,69.228945,58.341795
1411500,64.32785,64.571894,64.44897399999999
1411800,0.7887069999999999,69.050816,58.64597
1412100,64.135359,99.00138299999999,67.78320500000001
1412400,63.023929,91.761066,68.152734
1412700,0.680189,69.156448,58.641994
1413000,62.090501,64.619925,64.040801
1413300,44.250203000000006,97.65969799999999,65.56692
1413600,62.86506899999999,64.87727,64.067599
1413900,61.724112,98.27641,67.365791
1414200,61.556844999999996,64.789699,63.864082999999994
1414500,62.147165,98.60570799999999,67.352306
1414800,63.09277900000001,99.037921,69.014549
1415100,61.93925600000001,64.828281,63.972058
1415400,61.200851,99.06906500000001,66.849236
1415700,61.408625,79.63847,65.507513
1416000,61.064436,98.542738,67.324669
1416300,63.452011,87.599974,66.607274
1416600,60.829631000000006,87.471869,65.575888
1416900,60.767153,65.988546,64.308386
1417200,61.762013,91.184718,66.651791
1417500,6.473068,64.632215,58.47888100000001
1417800,64.11008199999999,65.483731,64.382712
1418100,61.913753,91.420846,66.748645
1418400,61.672649,76.06811,65.091944
1418700,63.939324,71.692255,65.236707
1419000,62.117633999999995,64.615904,64.07818
1419300,20.900398000000003,65.408474,59.933639
1419600,64.115562,64.49075699999999,64.289046
1419900,3.8023290000000003,81.79458199999999,60.572092000000005
1420200,0.5064770000000001,64.596795,58.032714
1420500,62.143178000000006,69.115021,64.48175400000001
1420800,2.442475,69.01751800000001,58.782579000000005
1421100,64.356015,64.75123599999999,64.594109
1421400,20.946556,68.47404300000001,60.46380500000001
1421700,62.225685,64.630841,64.236036
1422000,1.440705,69.05946800000001,58.752196
1422300,63.728398999999996,64.414212,64.129554
1422600,62.792958999999996,97.03516,67.534653
1422900,63.799826,92.880175,68.22921099999999
1423200,61.789381000000006,64.49016400000001,63.733774
1423500,1.860511,92.4192,61.683859
1423800,64.137264,64.51997,64.366411
1424100,0.14077,69.17975899999999,58.538885
1424400,64.50761999999999,64.734472,64.62731600000001
1424700,0.31728,69.233616,58.288139
1425000,61.950562,64.577326,64.146558
1425300,0.20926999999999998,69.083019,58.485062
1425600,2.388934,64.755292,58.36161800000001
1425900,61.964718999999995,69.461115,64.745354
1426200,0.356692,69.18451,58.344590000000004
1426500,61.92360600000001,64.465879,64.05415
1426800,62.78165799999999,98.732147,67.67227199999999
1427100,58.425495999999995,94.49540999999999,66.709255
1427400,61.15569300000001,98.945472,66.925703
1427700,63.60077,65.139663,64.205974
1428000,61.738246999999994,99.66559000000001,69.184661
1428300,0.211794,72.095311,58.705377
1428600,64.207157,69.07667,64.94211
1428900,0.59286,67.138504,58.000733
1429200,63.700070999999994,64.683915,64.311959
1429500,40.783291,65.190617,61.94315600000001
1429800,61.99035500000001,69.77828000000001,64.859023
1430100,0.419212,69.162734,58.503634
1430400,64.423774,64.750996,64.563124
1430700,0.333248,83.753614,60.477509999999995
1431000,61.180713,99.197176,67.464831
1431300,61.275594999999996,66.50789,64.032915
1431600,61.106779,99.966219,67.479989
1431900,63.722418000000005,65.13341199999999,64.289248
1432200,60.303275,99.395946,67.38508
1432500,62.139548,78.179292,65.62836800000001
1432800,61.926838000000004,99.82798100000001,67.525925
1433100,63.184836,64.589261,64.141198
1433400,61.515489,99.75667800000001,67.49812299999999
1433700,61.920857999999996,99.800604,67.676517
1434000,61.498078,64.744005,63.714293999999995
1434300,48.656199,92.85505400000001,65.838725
1434600,63.904405000000004,74.85032199999999,65.434913
1434900,61.545128000000005,99.244961,67.216684
1435200,61.436440000000005,65.163974,64.06125899999999
1435500,63.809289,91.428133,67.043565
1435800,63.321148,74.665094,65.225975
1436100,61.091176000000004,99.230488,67.333556
1436400,63.626233,64.44021,63.959554000000004
1436700,61.829023,99.759947,67.60645500000001
1437000,63.657761,73.820723,65.26756400000001
1437300,64.293729,64.495592,64.388435
1437600,40.672540999999995,67.266065,62.233445999999994
1437900,61.79659100000001,84.987554,66.390286
1438200,0.330804,69.044462,58.27770699999999
1438500,64.306454,64.569215,64.387625
1438800,0.300292,68.92621,58.384412
1439100,64.25630799999999,64.50340899999999,64.408734
1439400,0.974334,68.994372,58.334996999999994
1439700,0.609143,66.907554,58.412528
1440000,42.665872,67.082061,62.241687
1440300,61.135514,98.756485,67.301012
1440600,63.445831999999996,64.901813,64.22323399999999
1440900,61.855452,99.016262,67.519369
1441200,63.589617000000004,65.130427,64.293712
1441500,62.112351000000004,99.580619,69.865212
1441800,60.90232099999999,64.509587,63.64608199999999
1442100,61.965778,97.50979699999999,67.394373
1442400,61.55724300000001,98.721575,67.29151
1442700,64.17475999999999,64.575998,64.29679
1443000,61.80889499999999,98.66307900000001,67.486005
1443300,63.963488,64.47133199999999,64.285515
1443600,62.753758,99.120049,67.67619
1443900,62.022239,64.684506,64.182505
1444200,62.061287,98.505115,67.6554
1444500,64.224148,64.464044,64.380175
1444800,44.550539,67.51841,62.716678
1445100,50.746752,90.973763,66.15071
1445400,61.381857999999994,64.863744,64.005933
1445700,61.795696,98.413119,67.534772
1446000,63.516982999999996,65.70258199999999,64.221462
1446300,61.149154,99.404657,68.454379
1446600,63.756170999999995,65.811948,64.39448
1446900,60.743777,65.962367,64.170911
1447200,63.297076000000004,65.350931,64.204741
1447500,60.885909,99.673887,67.42322
1447800,61.424786,97.40087,67.370789
1448100,61.732211,64.942821,63.932235999999996
1448400,62.15693100000001,97.32963199999999,67.352765
1448700,62.001004,74.723337,65.091279
1449000,36.976326,72.545089,62.427017000000006
1449300,63.427387,64.940466,64.241744
1449600,61.808099,99.70004200000001,67.540084
1449900,63.965121999999994,65.16859699999999,64.52603
1450200,64.372853,76.912347,65.817851
1450500,38.838481,67.171367,62.171581
1450800,63.72863,64.891203,64.31611
1451100,33.624579,64.524609,60.791691
1451400,63.65255,64.65776899999999,64.076601
1451700,60.974863,97.797373,67.15156800000001
1452000,63.734414,64.41891,64.164299
1452300,61.831829000000006,98.440682,71.098038
1452600,63.840827000000004,66.710378,64.600859
1452900,2.58636,69.091048,58.49225
1453200,0.311337,69.10355600000001,57.945347999999996
1453500,64.224716,64.696658,64.472372
1453800,0.306264,69.37488499999999,58.512564000000005
1454100,61.67154,65.395769,64.21453100000001
1454400,0.445325,68.96459499999999,58.477674
1454700,62.371587,64.528245,64.23389399999999
1455000,0.411832,68.486451,58.334002000000005
1455300,61.730484999999994,65.200862,63.83964399999999
1455600,63.228947999999995,80.46771700000001,65.717437
1455900,63.642138,99.448054,69.96584200000001
1456200,63.460838,65.24824,64.200958
1456500,60.918307999999996,99.741613,67.54077099999999
1456800,61.570935999999996,64.847841,63.767973
1457100,62.11448299999999,99.36435,67.4503
1457400,60.640429000000005,77.928841,65.292272
1457700,61.671015000000004,99.682451,67.47480300000001
1458000,63.406220999999995,64.75879599999999,64.077861
1458300,61.455109,99.579685,67.39092600000001
1458600,61.08905600000001,98.701041,68.94421700000001
1458900,61.762260999999995,64.910461,64.091643
1459200,61.270593999999996,99.862179,67.501595
1459500,63.21974,84.250863,66.199474
1459800,61.195329,97.6183,67.42593000000001
1460100,63.621653,64.62295300000001,64.207072
1460400,61.93904200000001,99.238557,69.259506
1460700,62.066424,64.60426600000001,63.980764
1461000,61.894463,91.616064,66.548197
1461300,62.304503000000004,97.771387,67.524966
1461600,61.845213,64.64352,64.049479
1461900,62.0365,98.65669799999999,67.515659
1462200,62.055572,64.717875,64.14169100000001
1462500,64.68158199999999,79.94681899999999,66.42355699999999
1462800,64.51657900000001,64.814449,64.698236
1463100,0.30094,87.97570400000001,60.419153
1463400,63.026378,65.398261,64.166926
1463700,62.649775,98.049353,67.458362
1464000,61.940551,98.201961,67.443376
1464300,61.616581000000004,64.891716,63.924533
1464600,61.801772,99.507267,67.582806
1464900,60.380042,65.03859200000001,63.68838100000001
1465200,62.074332,99.690168,67.525643
1465500,62.863971,65.163885,64.144363
1465800,62.15636899999999,99.63834399999999,67.389746
1466100,61.975469999999994,78.040666,65.177786
1466400,62.127469,100.0,67.573364
1466700,63.352393000000006,99.62195799999999,68.41500400000001
1467000,62.178113,64.985477,64.533437
1467300,2.26923,69.212523,58.841537
1467600,64.31721999999999,64.803011,64.530128
1467900,0.311188,69.179412,58.588799
1468200,62.205406999999994,64.87304499999999,64.39794499999999
1468500,0.302222,68.94750400000001,58.511781000000006
1468800,63.90373,64.768506,64.496482
1469100,2.18533,69.320626,58.798841
1469400,0.219687,69.084614,58.303433
1469700,64.291638,64.655766,64.468704
1470000,0.182572,69.383652,58.588913
1470300,63.920448,69.531832,64.949481
1470600,61.411051,98.664726,67.055514
1470900,63.032742000000006,65.150736,64.117551
1471200,60.001034999999995,97.45366,67.298624
1471500,64.057825,64.657113,64.481218
1471800,39.001444,65.44481800000001,61.813652000000005
1472100,63.668457,94.186097,67.128745
1472400,62.017826,64.419274,63.863255
1472700,61.897774,98.29803000000001,67.266626
1473000,63.55806,64.51881800000001,64.142077
1473300,62.405533999999996,98.427013,67.51480699999999
1473600,61.983628,76.69005,65.10939
1473900,61.752182,97.919981,67.449752
1474200,64.344015,94.91233100000001,67.543071
1474500,0.2882,69.07436,58.57325
1474800,0.482134,64.716501,57.885034
1475100,64.348173,69.267957,65.077888
1475400,0.376795,69.23262700000001,58.622251
1475700,64.27644699999999,64.860178,64.472583
1476000,0.14368399999999998,69.135469,58.542030000000004
1476300,64.396784,64.65064699999999,64.494848
1476600,0.16378,69.24774000000001,58.55761700000001
1476900,61.996786,64.72629599999999,64.28686
1477200,0.290072,68.678689,57.955279000000004
1477500,40.990534999999994,65.479069,61.777831000000006
1477800,62.004380000000005,67.548639,64.457665
1478100,61.257270999999996,98.021167,68.8045
1478400,61.404423,67.21804200000001,63.946056999999996
1478700,60.694778,97.713787,67.210379
1479000,63.604744,64.991929,64.231983
1479300,60.419433,97.682722,68.73583199999999
1479600,62.029176,65.68335,64.126427
1479900,62.249196,97.214116,67.429075
1480200,63.49375,98.832537,67.708773
1480500,61.67140500000001,65.194039,63.985158999999996
1480800,61.594661,98.173468,68.460516
1481100,63.056968999999995,65.364449,64.330737
1481400,39.039964000000005,82.990661,63.831005000000005
1481700,63.471208999999995,64.482975,64.217681
1482000,62.561749,85.875969,66.125066
1482300,64.157902,64.689018,64.43974399999999
1482600,62.404121999999994,87.909257,66.56065699999999
1482900,61.518338,95.844399,67.214931
1483200,62.247693000000005,64.5759,63.939013
1483500,60.992416000000006,97.73233499999999,68.760302
1483800,61.756691,64.698211,63.850561
1484100,13.110422,65.279425,59.475193000000004
1484400,61.812982,64.642923,64.04545300000001
1484700,63.290103,64.581187,64.295774
1485000,63.24586,91.051479,66.981158
1485300,0.5016470000000001,67.204185,58.50133
1485600,64.285682,64.612931,64.456548
1485900,0.23453600000000002,69.279579,58.640377
1486200,2.228685,69.281334,58.484623
1486500,64.388837,64.659523,64.523424
1486800,0.396584,68.200852,58.138459
1487100,62.278505,65.533461,64.25901800000001
1487400,58.933733999999994,72.327212,65.164869
1487700,62.992325,65.246093,64.16348599999999
1488000,61.70338100000001,98.36582299999999,67.147025
1488300,62.036184999999996,64.882375,63.885567
1488600,61.854479000000005,98.505359,68.005623
1488900,62.438118,91.004164,66.7106
1489200,62.14083299999999,64.67743399999999,64.22341
1489500,61.522828000000004,95.82804300000001,67.12224
1489800,62.054308,64.626639,64.158955
1490100,62.068165,97.566051,67.48236999999999
1490400,63.568875,64.513564,64.29601
1490700,61.442524,97.310825,67.35289399999999
1491000,64.440663,64.97258199999999,64.671386
1491300,43.440129,67.877178,62.920806000000006
1491600,0.506454,66.635359,58.361259999999994
1491900,64.401833,64.879886,64.573337
1492200,61.005447,98.606338,68.517706
1492500,61.761669999999995,64.889891,63.59600699999999
1492800,61.536551,96.901583,66.922599
1493100,62.440073,65.48826700000001,64.213493
1493400,61.96108100000001,97.820842,67.486898
1493700,64.07706400000001,64.8184,64.446095
1494000,62.471709,95.869507,67.15800899999999
1494300,52.178193,65.829654,63.392786
1494600,64.273567,64.83574300000001,64.517031
1494900,39.181962,65.702028,61.977920999999995
1495200,64.307901,64.788151,64.515535
1495500,25.633136,64.55651,60.44700400000001
1495800,63.739335,92.24968199999999,67.102378
1496100,2.494001,67.78657700000001,58.648301000000004
1496400,63.518189,64.984725,64.123913
1496700,51.381864,65.289922,62.982316000000004
1497000,61.720763,96.481138,67.23853000000001
1497300,61.703112,65.413228,64.05123
1497600,61.420244999999994,96.315262,66.951424
1497900,63.782789,75.827908,65.68489
1498200,0.7484,67.11626,58.257405000000006
1498500,63.128825,65.02377,64.051906
1498800,59.054834,64.987739,63.614782999999996
1499100,62.28051,73.75661099999999,64.971336
1499400,2.300306,71.848233,59.803885
1499700,61.538116,98.083748,67.600433
1500000,63.255465,64.73890899999999,64.31129200000001
1500300,61.382082999999994,99.671304,67.758886
1500600,63.204114000000004,65.28514799999999,64.252463
1500900,58.986124,98.569576,67.382867
1501200,63.105064,64.912124,64.187431
1501500,61.971199,99.419073,67.638918
1501800,63.856687,74.650999,65.438781
1502100,61.655985,98.730365,67.58009
1502400,61.90769,99.440471,67.586815
1502700,61.876741,65.006847,64.017942
1503000,61.452431999999995,96.989441,66.99876
1503300,61.810772,64.488551,63.970493999999995
1503600,62.134811,98.298426,67.460316
1503900,64.459199,64.68220500000001,64.593965
1504200,36.372985,67.935806,62.037833
1504500,62.305048,67.08663,64.52647900000001
1504800,0.228399,69.247919,58.592057
1505100,2.3227889999999998,69.268877,58.748994999999994
1505400,64.126024,65.440888,64.485372
1505700,62.021409,69.033778,64.97538399999999
1506000,64.384405,64.974683,64.60591600000001
1506300,1.282234,69.15450899999999,58.759876
1506600,64.222995,90.27886,68.348077
1506900,16.270817,65.573666,59.621044999999995
1507200,61.35378299999999,64.96161,64.085082
1507500,61.599662,97.705186,67.321936
1507800,61.661069,98.551813,67.349786
1508100,60.446985,65.310121,63.670863
1508400,60.51245600000001,97.220003,68.693062
1508700,61.395416000000004,65.049725,63.918792
1509000,62.661196999999994,97.919923,68.96842
1509300,61.98086899999999,65.61662199999999,64.024415
1509600,61.911590000000004,97.548733,67.481967
1509900,61.887186,65.586277,64.06352
1510200,60.790073,97.77935,68.318463
1510500,39.346157,67.353474,62.23364300000001
1510800,63.444666000000005,64.728014,64.400491
1511100,36.341625,66.79955799999999,61.924122
1511400,63.521834999999996,64.93341099999999,64.188186
1511700,62.109564,92.65340400000001,66.832697
1512000,63.717259,64.519347,64.271277
1512300,61.637719999999995,95.748703,67.12310500000001
1512600,64.40594300000001,64.64362,64.54145
1512900,64.282128,69.499837,65.196853
1513200,1.351185,64.570488,57.958769999999994
1513500,64.475406,69.230273,65.03653299999999
1513800,63.087679,98.070799,70.965266
1514100,60.720691,65.143964,64.08323399999999
1514400,60.984789,97.796222,67.119371
1514700,63.318693,64.89363900000001,64.238377
1515000,61.988634999999995,98.908177,67.464516
1515300,63.586424,65.535657,64.413985
1515600,61.345511,97.881339,67.049708
1515900,61.580859999999994,99.44716700000001,67.418278
1516200,61.303236,65.157854,64.037304
1516500,61.605776,98.24569100000001,67.199333
1516800,62.092679000000004,65.789763,63.94053100000001
1517100,62.110133,98.128626,67.705021
1517400,61.513332999999996,72.971728,65.124398
1517700,63.364004,97.958791,67.70995
1518000,64.041863,77.086285,65.646575
1518300,61.974635,97.384055,67.207642
1518600,63.535743999999994,98.8226,67.46393
1518900,61.43159,64.635788,63.811779
1519200,62.143333,97.971099,67.637086
1519500,64.381612,64.605657,64.491637
1519800,49.376743,67.214232,63.249933
1520100,62.130118,64.680651,64.27779
1520400,3.480207,69.15314000000001,58.889155
1520700,62.0752,64.724506,64.340661
1521000,0.581242,81.372812,60.298491000000006
1521300,61.640501,99.956245,67.67536899999999
1521600,62.05820799999999,64.83421899999999,64.057722
1521900,59.829411,99.477058,67.618441
1522200,63.163249,65.140736,64.206722
1522500,62.057261,99.768051,67.510937
1522800,62.107806999999994,65.124166,64.100329
1523100,60.380635999999996,99.52968800000001,67.557489
1523400,63.394456000000005,65.55386800000001,64.310078
1523700,61.090171,99.530755,69.085565
1524000,63.369464,99.586642,67.459591
1524300,62.457502000000005,65.168128,64.13515600000001
1524600,62.625009,99.54574699999999,67.770219
1524900,63.81615,77.34593000000001,65.67432600000001
1525200,64.332732,98.83575,68.036767
1525500,64.426243,64.617134,64.549973
1525800,64.31310400000001,83.946934,66.596032
1526100,64.402116,64.628288,64.558921
1526400,12.911189,68.688211,59.827814000000004
1526700,1.4397959999999999,64.718228,58.064418999999994
1527000,64.579509,69.290111,65.157094
1527300,2.134652,69.18620200000001,58.815955
1527600,64.363033,64.654522,64.494049
1527900,61.887756,92.293667,67.046702
1528200,62.256039,64.974067,64.456749
1528500,2.323914,86.96459399999999,62.459827000000004
1528800,64.486288,64.851523,64.65858
1529100,2.702758,69.2674,58.942113
1529400,2.3320849999999997,64.551879,57.912023
1529700,64.35982299999999,69.07245999999999,64.984317
1530000,0.267977,69.179248,58.54048100000001
1530300,62.170880000000004,64.639224,64.238452
1530600,12.988480000000001,68.94423,59.92445
1530900,62.032016000000006,64.766931,64.345161
1531200,0.32503699999999996,69.29940500000001,58.60278
1531500,64.38117,64.689791,64.523601
1531800,0.190882,69.197251,58.521983
1532100,60.89963100000001,99.816499,69.908527
1532400,58.570048,64.618002,63.417790000000004
1532700,62.452856000000004,99.91533100000001,67.74946
1533000,61.45343199999999,65.492509,63.869893000000005
1533300,61.698221,99.53791600000001,68.841824
1533600,63.893638,65.312376,64.470224
1533900,60.779343999999995,99.329592,67.31313
1534200,62.485657999999994,79.814942,65.594684
1534500,59.160123999999996,98.21085,67.18389
1534800,62.807642,99.578479,67.887732
1535100,60.917137,64.988137,63.834540000000004
1535400,60.754288,99.59105100000001,67.624998
1535700,62.354206000000005,88.318377,66.441479
1536000,61.94569,99.452898,67.082192
1536300,63.008938,65.842632,64.510563
1536600,61.113987,99.402594,67.46503299999999
1536900,63.46688100000001,64.798864,64.41596700000001
1537200,63.830838,91.049714,68.33919499999999
1537500,64.103966,99.808719,68.09849200000001
1537800,61.791664000000004,65.142074,63.922821
1538100,61.938811,98.933515,67.48481600000001
1538400,62.028718999999995,76.98580799999999,65.499424
1538700,61.80334499999999,99.521182,67.81457900000001
1539000,62.837075,65.438437,64.33032
1539300,61.859512,99.718986,69.39294100000001
1539600,62.874143000000004,66.204924,64.29113199999999
1539900,62.034927,99.019583,67.700345
1540200,49.887197,64.824252,62.905405
1540500,61.391994,64.700535,63.519688
1540800,61.268953,98.681531,67.377475
1541100,64.215847,64.676624,64.437636
1541400,62.076206000000006,98.778532,67.663911
1541700,63.907106999999996,64.78336,64.403364
1542000,61.729918000000005,98.926969,67.638811
1542300,64.321218,64.896938,64.642344
1542600,23.645986999999998,68.503316,60.686167000000005
1542900,63.584149,100.0,70.577627
1543200,60.801754,64.997986,63.803419999999996
1543500,60.657151,99.242047,67.608553
1543800,63.0831,65.68249,64.27942900000001
1544100,61.325055000000006,98.84754000000001,67.273824
1544400,63.39573299999999,64.86535699999999,64.173302
1544700,61.957795,99.364248,67.559241
1545000,63.018758999999996,65.490339,64.193102
1545300,63.296376,99.147706,67.755619
1545600,61.68953199999999,99.622568,67.593595
1545900,61.013218,65.564038,64.00800799999999
1546200,60.74106999999999,95.952611,67.426034
1546500,64.457497,85.214366,66.766405
1546800,0.420092,69.30170600000001,58.634122999999995
1547100,64.50060699999999,64.74268199999999,64.623228
1547400,2.438848,69.30471,58.8208
1547700,64.596138,73.35560799999999,65.827324
1548000,0.459064,69.298778,58.876726
1548300,2.671557,65.078875,58.57265
1548600,61.427121,66.56323499999999,64.284612
1548900,61.376705,98.76919000000001,67.32088
1549200,63.808088,65.12899200000001,64.46695600000001
1549500,61.929442,98.813384,67.4981
1549800,63.540129,78.192391,65.738037
1550100,61.227511,98.997146,69.693649
1550400,63.602651,64.785424,64.31109599999999
1550700,61.366324,99.16064200000001,67.644092
1551000,63.595748,98.997916,67.875164
1551300,61.829177,64.65159799999999,63.774503
1551600,63.253002,94.933266,67.50483
1551900,62.171015000000004,65.106257,64.42292900000001
1552200,42.99836,64.689247,62.096224
1552500,62.165817000000004,64.576695,64.063135
1552800,62.492137,89.34094499999999,68.134963
1553100,61.880798999999996,64.472709,64.036986
1553400,45.730703999999996,64.691375,62.46321700000001
1553700,14.52035,88.446701,62.397038
1554000,62.114439000000004,68.583737,64.65884399999999
1554300,2.183189,72.880537,59.067147
1554600,63.786852,64.601933,64.344402
1554900,61.914933999999995,98.29241,67.56250899999999
1555200,62.18489,64.712793,64.135286
1555500,62.197058,71.012936,65.248338
1555800,64.410813,64.690565,64.492295
1556100,7.584630000000001,68.909133,59.053304000000004
1556400,0.678952,64.756989,58.200715
1556700,64.529539,69.212014,65.179168
1557000,62.615784999999995,97.004779,67.452213
1557300,64.04353499999999,80.32073199999999,67.03318900000001
1557600,60.67045,99.092737,67.565159
1557900,63.340456,78.018709,65.759091
1558200,62.34228,95.929028,67.29162099999999
1558500,61.98349399999999,65.80568199999999,64.00201899999999
1558800,62.07298,95.912789,67.340642
1559100,61.784563,65.242998,63.908113
1559400,60.842553,98.38553399999999,67.563877
1559700,61.765313,98.56646500000001,67.588624
1560000,61.788629,67.27017,64.070335
1560300,59.69781,98.988687,67.663585
1560600,61.695338,78.064541,65.541349
1560900,55.545552,98.763624,68.17510300000001
1561200,64.39222,64.581879,64.500313
1561500,42.100198,67.047371,62.331697999999996
1561800,64.20616700000001,64.59537399999999,64.447434
1562100,17.074022,65.433485,59.489403
1562400,61.799431000000006,91.571522,66.715593
1562700,63.949353,64.620746,64.38434699999999
1563000,61.359281,97.089156,67.351814
1563300,63.75839499999999,64.5832,64.292393
1563600,62.539173999999996,98.662755,67.785424
1563900,62.203008,64.70721,64.31111700000001
1564200,8.753372,68.927036,59.175934999999996
1564500,63.22952900000001,83.924746,68.234183
1564800,2.662112,65.883166,58.263387
1565100,62.038963,95.91861800000001,67.277235
1565400,63.288173,66.31698399999999,64.54502
1565700,61.380093,98.59920600000001,67.233908
1566000,64.065656,75.238159,65.60985699999999
1566300,0.603579,66.49429599999999,58.31544
1566600,61.462435,66.01981500000001,63.992869999999996
1566900,61.174158999999996,97.202101,66.993038
1567200,61.819501,64.887028,64.071894
1567500,62.517353,99.444942,67.762361
1567800,61.286613,99.443833,67.156834
1568100,62.432792000000006,84.339395,65.88034300000001
1568400,55.454108,64.560677,63.34281899999999
1568700,62.140278,64.623661,64.01195600000001
1569000,62.054614,97.664225,67.44125600000001
1569300,63.950415,74.169312,65.34206999999999
1569600,53.559158,65.776337,63.573947
1569900,63.805974,65.04074,64.37651600000001
1570200,12.152158,65.102199,59.152407
1570500,62.125251,94.735374,67.21974
1570800,63.629813,64.619483,64.290244
1571100,61.905159,98.874152,67.380597
1571400,63.953652000000005,76.450489,65.64468000000001
1571700,62.25906,99.156238,69.911383
1572000,63.941221,64.64165,64.298433
1572300,63.656898,98.88291600000001,67.798863
1572600,64.39540799999999,64.750268,64.51418100000001
1572900,54.460384,67.32944300000001,63.86076
1573200,62.031477,97.449393,68.51768
1573500,63.779401,64.853309,64.453486
1573800,62.117794999999994,97.182407,67.307136
1574100,64.096583,65.022262,64.428978
1574400,62.848012,98.276175,67.736335
1574700,64.417057,64.87438900000001,64.616557
1575000,40.15502,65.453925,62.25498399999999
1575300,64.51861099999999,83.981121,66.587948
1575600,0.507687,69.402429,58.496338
1575900,62.268623999999996,92.98561099999999,66.86033499999999
1576200,62.179739,65.65596500000001,64.040526
1576500,61.982566000000006,97.419576,67.492076
1576800,63.079198,64.78764,64.30915
1577100,62.309396,94.029185,67.14783
1577400,63.156665000000004,64.50725,64.08077800000001
1577700,61.059272,99.423349,67.66261999999999
1578000,63.103963,66.27839,64.377554
1578300,62.436487,98.789147,67.517771
1578600,62.518028,99.516818,67.755799
1578900,63.465045999999994,77.39139,65.72351
1579200,61.841464,98.53019300000001,69.69179
1579500,61.841223,79.11559799999999,65.174314
1579800,63.016932999999995,99.168705,67.518247
1580100,63.432147,65.93603900000001,64.28019499999999
1580400,62.647558999999994,99.028461,67.562062
1580700,61.313033,77.966318,65.43503199999999
1581000,61.242249,98.53944,67.329059
1581300,61.888387,99.145152,67.46838699999999
1581600,58.863189,70.934289,64.550173
1581900,61.569669,98.86283,67.53103
1582200,62.778642000000005,66.19426999999999,64.464671
1582500,60.857595999999994,99.317355,66.669248
1582800,61.989343999999996,78.40211,66.304214
1583100,0.17663399999999999,69.41183000000001,58.828065
1583400,55.765643000000004,66.875062,63.62496899999999
1583700,59.797424,94.520393,67.891239
1584000,0.081072,69.325508,58.469091000000006
1584300,61.960516000000005,65.174012,64.11727900000001
1584600,62.277221,65.63956999999999,63.951243000000005
1584900,63.96364499999999,65.211559,64.433699
1585200,59.417244,96.334547,67.050799
1585500,61.657185999999996,66.001667,64.157605
1585800,60.175394,99.184455,67.318363
1586100,63.251505,65.12755,64.223225
1586400,60.401714,99.571515,69.387302
1586700,64.251589,73.707984,65.529653
1587000,64.415846,64.761032,64.558649
1587300,39.231356,67.209621,62.373644999999996
1587600,63.35260400000001,72.722038,65.13041
1587900,63.480939,95.484374,67.32728399999999
1588200,64.357843,64.85933399999999,64.694281
1588500,8.057328,67.655743,59.13635
1588800,62.190364,64.80700999999999,64.31064
1589100,2.585596,65.880089,58.246010999999996
1589400,64.079789,90.381724,68.257209
1589700,64.509466,64.912715,64.705016
1590000,0.13073099999999999,85.067615,60.85394
1590300,64.494405,64.938663,64.71552700000001
1590600,0.23929299999999998,69.308489,58.470735999999995
1590900,62.338593,67.394627,64.71786
1591200,0.192159,69.450807,58.65854100000001
1591500,62.222806000000006,65.497189,64.116006
1591800,2.191538,67.207171,58.615727
1592100,61.162966000000004,99.444608,67.430477
1592400,63.48237099999999,65.425391,64.533449
1592700,61.63499,97.563284,67.35890699999999
1593000,63.07486,65.574779,64.357908
1593300,61.827318000000005,99.233276,67.422206
1593600,63.958358,74.637351,65.702382
1593900,62.09735,78.996977,65.257933
1594200,64.214034,64.68780799999999,64.471101
1594500,61.932965,98.423165,67.53694399999999
1594800,42.320236,78.438683,63.629275
1595100,61.59327,64.729512,64.16776800000001
1595400,62.144975,98.254136,67.64286899999999
1595700,63.940072,64.761814,64.427448
1596000,62.135625,98.902776,68.96600600000001
1596300,62.445402,64.720529,64.152153
1596600,17.541026000000002,65.11725200000001,59.843538
1596900,63.950003,64.611406,64.27870300000001
1597200,61.686917,98.27405300000001,71.002187
1597500,0.21243800000000002,69.58671,58.596864000000004
1597800,62.470822999999996,65.011418,64.53150699999999
1598100,2.344664,69.532314,59.03101899999999
1598400,64.284722,65.239827,64.736211
1598700,2.698667,68.188474,58.727449
1599000,62.437206999999994,65.267762,64.19332800000001
1599300,52.845275,65.414918,63.229777
1599600,63.899038,65.157927,64.413371
1599900,60.490005000000004,99.127599,67.205651
1600200,63.246632,99.60684,67.722977
1600500,63.79428000000001,64.842958,64.381649
1600800,60.685774,100.0,69.693541
1601100,61.799955000000004,64.916741,64.121103
1601400,61.984285,98.497534,69.037707
1601700,61.479455,65.380271,64.030129
1602000,62.705470999999996,98.84729399999999,67.67124
1602300,63.753586999999996,64.91528199999999,64.505883
1602600,61.892571,100.0,67.54916899999999
1602900,5.104088,77.762569,59.94044
1603200,63.210859,65.296139,64.41260600000001
1603500,63.295205,98.903677,68.442679
1603800,64.56223299999999,64.81545799999999,64.688887
1604100,0.29176399999999997,69.406623,58.745926000000004
1604400,62.380662,87.260183,66.763386
1604700,62.68979399999999,97.461005,67.46889399999999
1605000,63.233864000000004,65.191113,64.437155
1605300,61.06794300000001,99.360704,67.595885
1605600,61.292466000000005,98.971614,67.570796
1605900,60.585213,65.087666,63.74951899999999
1606200,61.10414399999999,99.067594,67.866024
1606500,64.058021,64.899789,64.682668
1606800,63.986768999999995,84.922034,66.79665
1607100,64.376486,64.871411,64.636125
1607400,5.001042,65.90088399999999,58.662932
1607700,61.11960500000001,64.70665100000001,64.064511
1608000,61.858523,98.938664,71.014267
1608300,0.15623800000000002,65.183549,58.341778000000005
1608600,64.45651099999999,69.282524,65.118131
1608900,0.693829,69.358515,58.740699
1609200,62.192529,64.81900999999999,64.16552
1609500,62.101053,98.994908,68.183858
1609800,64.03997700000001,64.70906,64.494263
1610100,62.01988299999999,98.849438,67.706681
1610400,63.820811,78.044257,65.855675
1610700,38.210341,66.326123,61.895353
1611000,37.659126,64.729725,61.531238
1611300,61.497591,64.550161,64.006523
1611600,61.594211,98.311495,70.331583
1611900,61.841864,64.686672,64.17696600000001
1612200,63.945747999999995,95.127528,68.64805799999999
1612500,64.26260500000001,64.77882,64.600115
1612800,11.921999000000001,72.15822299999999,59.761288
1613100,61.219678,66.122485,64.03084100000001
1613400,62.436453,99.20838499999999,67.41254599999999
1613700,63.882516,98.18662900000001,67.948065
1614000,62.41814399999999,65.769791,64.513243
1614300,64.175083,66.371953,64.821219
1614600,61.62608,73.285184,65.104887
1614900,62.612809,99.531178,67.618531
1615200,63.386189,74.9923,65.440351
1615500,62.134485,94.061696,67.163729
1615800,63.074503,64.672427,64.309588
1616100,61.429221999999996,98.845564,67.406741
1616400,64.32933,98.38306999999999,67.909651
1616700,61.91297900000001,64.582166,64.03534
1617000,21.944848999999998,78.227858,61.599745999999996
1617300,61.62536600000001,64.663374,63.962702
1617600,62.446554000000006,86.838367,66.362126
1617900,63.865728000000004,64.662032,64.390261
1618200,61.735868,97.67021,67.589523
1618500,62.056181,64.827931,64.37620600000001
1618800,62.137603000000006,98.23311899999999,71.359764
1619100,0.18421300000000002,64.78022,58.195781999999994
1619400,64.43066800000001,69.362179,65.147886
1619700,1.051869,69.52741800000001,58.830481999999996
1620000,61.95324599999999,64.962891,64.470156
1620300,0.287617,69.447326,58.74756
1620600,63.775726,64.94473599999999,64.632325
1620900,0.445959,67.935837,58.301908999999995
1621200,63.771184999999996,65.461155,64.392184
1621500,61.999651,64.74543299999999,63.915718000000005
1621800,63.391713,97.916332,67.985877
1622100,62.660847,64.94036700000001,64.214625
1622400,63.458138,98.624245,69.881108
1622700,63.636463,65.724153,64.314435
1623000,62.4252,98.79845300000001,67.73054499999999
1623300,63.381820999999995,65.39493,64.524885
1623600,62.209415,97.89918399999999,67.545645
1623900,61.879688,65.263035,64.37915699999999
1624200,62.229234,91.779206,67.132489
1624500,50.25314,64.848934,62.937927
1624800,63.85666,66.85906700000001,64.68563
1625100,3.149772,64.635086,58.222402
1625400,63.82916899999999,64.66480200000001,64.355253
1625700,58.927856000000006,64.830083,63.907036
1626000,63.958884999999995,78.630273,67.173808
1626300,2.404764,69.385397,58.866744
1626600,64.44345,64.86402700000001,64.62943299999999
1626900,0.28926199999999996,69.18719,58.65053100000001
1627200,0.21887600000000001,64.841652,58.221284999999995
1627500,64.686903,69.44989699999999,65.230988
1627800,0.35042399999999996,69.353314,58.506634
1628100,61.044277,80.842938,65.8163
1628400,12.583751,65.939225,58.752616
1628700,61.765172,64.501285,64.040897
1629000,31.780912,64.590938,60.970291
1629300,62.001490000000004,64.462848,63.841953000000004
1629600,62.139770999999996,92.61835500000001,69.712775
1629900,0.217004,64.76280799999999,58.12154
1630200,61.944989,69.1156,64.49856
1630500,0.535272,69.25274,58.571937
1630800,63.43368,65.01732,64.319487
1631100,62.84321,85.74261899999999,66.437212
1631400,63.690220999999994,65.199999,64.370855
1631700,61.725623999999996,97.072715,67.088479
1632000,61.720891,65.279949,64.205147
1632300,61.385343999999996,99.56899200000001,67.197826
1632600,63.81901,99.084415,67.941213
1632900,61.336415,79.08883900000001,65.344527
1633200,61.754975,98.903343,67.349622
1633500,63.80784,86.578265,66.70904
1633800,61.348605000000006,98.514299,68.94013299999999
1634100,61.248113000000004,64.811246,63.667273
1634400,60.66249200000001,98.859859,68.968109
1634700,63.404592,65.569602,64.388774
1635000,60.957535,97.951975,67.250999
1635300,63.817384999999994,98.34573,67.821279
1635600,61.588048,65.5574,64.02891899999999
1635900,61.859314000000005,98.307513,67.501823
1636200,63.898477,64.954605,64.417971
1636500,61.817474,99.734686,67.409038
1636800,64.378078,64.848772,64.695461
1637100,1.390358,75.573406,60.78528299999999
1637400,64.658624,64.878365,64.77266800000001
1637700,0.133827,66.538273,58.560885999999996
1638000,0.20849,65.058173,58.389353
1638300,64.619366,69.696646,65.253046
1638600,9.694025,65.47975600000001,58.890531
1638900,63.554035,66.61699300000001,64.571
1639200,62.027525,98.676827,67.783941
1639500,63.882909999999995,65.00514799999999,64.402324
1639800,62.58427,97.921118,67.60531800000001
1640100,63.981154000000004,65.00085200000001,64.546157
1640400,61.528028000000006,96.74932700000001,67.397564
1640700,63.82544300000001,87.745776,66.73009499999999
1641000,62.198915,96.570288,67.454374
1641300,61.927989000000004,74.555944,65.247352
1641600,62.424505,64.75198499999999,64.32854
1641900,62.040662,96.968467,68.28009899999999
1642200,62.376674,65.438181,64.383134
1642500,59.78390400000001,97.117856,66.792793
1642800,63.362196999999995,65.219374,64.443285
1643100,62.811801,95.941225,67.481729
1643400,59.036623999999996,68.825091,64.253973
1643700,61.870404,96.507277,67.010368
1644000,63.796927000000004,93.074174,67.323621
1644300,62.264911,82.295819,66.497686
1644600,0.096625,69.49773499999999,58.661127
1644900,62.11149399999999,64.825793,64.28182
1645200,2.24681,69.333738,58.91999200000001
1645500,64.66706500000001,65.00979699999999,64.814995
1645800,63.038877,98.26749699999999,67.882012
1646100,64.424963,64.708465,64.58104300000001
1646400,60.808958999999994,72.649535,65.177512
1646700,63.929565000000004,91.28154599999999,68.14269
1647000,52.025116,64.752416,63.071603
1647300,62.195806999999995,98.082729,67.610576
1647600,62.10325400000001,64.673715,64.189784
1647900,61.491398,99.496638,70.970709
1648200,63.250268999999996,65.17951500000001,64.41465699999999
1648500,62.50938000000001,97.206514,67.157313
1648800,62.023927,66.00271,64.076716
1649100,61.75446899999999,97.126638,67.150757
1649400,63.12035899999999,99.449278,69.170552
1649700,64.026527,74.889504,65.570952
1650000,2.6373729999999997,69.090456,58.759525
1650300,63.259105000000005,65.247691,64.314296
1650600,30.894368,65.286501,60.76700699999999
1650900,63.640330000000006,66.091887,64.51446700000001
1651200,61.387004000000005,98.301434,67.17846999999999
1651500,62.393418999999994,85.801803,66.714259
1651800,61.116592000000004,99.751402,67.587252
1652100,61.928505,99.699854,69.08691800000001
1652400,63.219376000000004,64.966818,64.31725
1652700,60.958935,98.21289200000001,68.970715
1653000,62.446546999999995,65.247702,64.445378
1653300,62.072076,98.777251,67.760421
1653600,61.589904000000004,65.85877099999999,63.817186
1653900,62.407495999999995,98.873541,67.62811500000001
1654200,63.668217000000006,65.111411,64.37903
1654500,61.118807999999994,98.582429,67.60334499999999
1654800,61.360521,97.558832,67.370203
1655100,64.027419,72.038449,65.619748
1655400,64.053881,97.748017,67.726853
1655700,64.406388,64.75711,64.554953
1656000,62.05769,97.605889,67.517844
1656300,64.0004,64.770422,64.436452
1656600,62.012191,98.263075,69.14085899999999
1656900,63.807489000000004,64.74518,64.41102
1657200,43.261977,64.79718199999999,62.251652
1657500,61.522703,97.547265,67.626159
1657800,61.816503000000004,64.57170699999999,64.050269
1658100,58.570331,77.42535699999999,65.418223
1658400,64.460758,64.699639,64.583945
1658700,64.559196,98.419275,69.830565
1659000,61.856153000000006,64.855636,64.157892
1659300,2.220954,69.296696,58.628979
1659600,63.529474,64.723677,64.380891
1659900,64.311643,97.01857199999999,67.904979
1660200,64.538742,70.54563,65.46094000000001
1660500,62.446169999999995,65.07079499999999,64.477825
1660800,1.285571,69.213912,58.588151
1661100,62.379624,64.80923,64.43111999999999
1661400,1.5491549999999998,69.13385500000001,58.524544999999996
1661700,62.014126,64.699175,64.366095
1662000,1.4933889999999999,69.50616600000001,58.626888
1662300,62.548232999999996,81.413668,67.224085
1662600,62.160467000000004,97.80755400000001,67.520288
1662900,61.940727,98.775729,67.70679799999999
1663200,62.228797,66.6435,64.424304
1663500,62.318638,98.939528,67.72493
1663800,61.567795999999994,65.731776,64.10142900000001
1664100,61.570508999999994,98.140182,67.46595
1664400,62.315596,64.95844,64.265677
1664700,61.553196,98.106179,67.449439
1665000,63.911184999999996,65.06424,64.50833399999999
1665300,62.655128000000005,98.373154,67.685086
1665600,61.728839,98.741231,69.141625
1665900,62.495259,70.076486,65.238275
1666200,62.093277,96.804663,67.470747
1666500,64.365527,64.921737,64.673475
1666800,64.57659,67.08883,65.19944100000001
1667100,64.670282,64.972893,64.797717
1667400,1.4366139999999998,69.424426,58.617394999999995
1667700,62.26538299999999,65.00166999999999,64.31874499999999
1668000,1.402872,69.14914,58.81329
1668300,0.39268000000000003,69.610412,58.811614
1668600,64.593756,65.040071,64.776831
1668900,0.383689,69.267799,58.496492
1669200,61.951482999999996,64.705489,64.34038100000001
1669500,0.223137,75.52691800000001,59.524675
1669800,60.859986,65.740629,64.222338
1670100,61.938621,99.797039,67.80411
1670400,63.789303000000004,78.734838,65.889726
1670700,59.795030000000004,98.306437,67.580409
1671000,62.009213,99.170594,67.654517
1671300,63.678554000000005,65.087407,64.39286700000001
1671600,62.567377,99.06315,67.73546999999999
1671900,62.047439000000004,64.859358,64.25120799999999
1672200,59.586654,99.524808,67.41873100000001
1672500,62.05794100000001,64.774077,64.2029
1672800,61.460214,99.24975500000001,67.864127
1673100,63.990308999999996,80.774027,66.676232
1673400,1.460167,69.44743000000001,58.921425
1673700,0.406331,69.53808199999999,58.82561
1674000,62.071551,64.809124,64.495887
1674300,64.696238,89.709896,67.418492
1674600,62.049727000000004,64.809064,64.412174
1674900,12.591562,68.993849,59.724343000000005
1675200,64.66632800000001,64.99672199999999,64.831586
1675500,0.739332,69.499736,58.92155
1675800,62.163788000000004,64.958563,64.566822
1676100,0.11420999999999999,69.56939399999999,58.495149
1676400,2.318556,69.422228,59.030476
1676700,64.697131,87.33235400000001,67.444028
1677000,0.390395,76.254752,59.883559999999996
1677300,64.373328,67.611531,64.999714
1677600,0.532546,66.376053,57.992906000000005
1677900,61.959185999999995,65.884988,64.146221
1678200,61.657751,98.53169799999999,67.38460400000001
1678500,63.51534100000001,65.607302,64.305015
1678800,63.847817000000006,99.205811,68.00058299999999
1679100,63.629924,99.645516,68.046311
1679400,61.435683,65.466011,64.25196600000001
1679700,62.384186,99.072581,67.79238000000001
1680000,63.837188,65.55111099999999,64.610026
1680300,60.097178,99.54918599999999,69.728427
1680600,64.324201,64.602131,64.491776
1680900,62.031916,98.412261,67.402046
1681200,63.746607999999995,64.81004399999999,64.501639
1681500,62.520767000000006,98.866076,67.97932
1681800,62.397696999999994,79.167056,66.033097
1682100,64.727452,66.70779399999999,65.04598
1682400,1.496652,69.605746,58.859018000000006
1682700,62.518702000000005,65.060766,64.69281099999999
1683000,0.410127,69.558486,58.866812
1683300,64.533716,64.948706,64.70534599999999
1683600,0.16226500000000002,69.43225799999999,58.733828
1683900,64.6081,83.080679,67.425785
1684200,61.204365,98.770426,67.40601099999999
1684500,63.979459999999996,99.25556800000001,67.921601
1684800,60.906936,66.044438,63.992506000000006
1685100,59.056406,99.477492,67.680871
1685400,62.228738,67.171149,64.52895699999999
1685700,60.508012,99.40748599999999,67.818685
1686000,62.85009599999999,65.13950799999999,64.19270999999999
1686300,60.038148,99.09355,67.456724
1686600,63.944765000000004,65.39154599999999,64.483001
1686900,61.517342000000006,100.0,67.71354699999999
1687200,47.048448,65.032899,62.952479000000004
1687500,62.554342000000005,90.855695,67.337252
1687800,61.643741000000006,98.671518,67.145513
1688100,63.980455000000006,64.79911,64.531586
1688400,62.450979000000004,99.072478,67.76473
1688700,64.732435,64.867743,64.810695
1689000,30.575425,68.43313,61.472106000000004
1689300,64.598365,64.95832,64.80169599999999
1689600,0.192654,69.310662,58.593704
1689900,62.535408,98.666402,67.92815300000001
1690200,62.17546,76.322153,65.55440300000001
1690500,62.057691000000005,98.442048,67.622477
1690800,62.214002,64.58926,64.021571
1691100,62.257516,98.07359100000001,67.433898
1691400,61.935125,94.099896,67.33872099999999
1691700,61.978556000000005,76.308541,65.101456
1692000,62.748143999999996,65.698466,64.255414
1692300,61.051722,98.070093,67.404708
1692600,62.099854,99.37566600000001,67.656289
1692900,61.941952,65.371697,64.10951800000001
1693200,62.294125,99.398455,67.56889699999999
1693500,63.69959,65.197838,64.47147199999999
1693800,61.000753,96.829453,67.406409
1694100,61.858931000000005,66.043225,64.115863
1694400,61.783483999999994,98.64432,67.476112
1694700,63.65354,65.39542,64.453524
1695000,64.543565,72.412435,66.146804
1695300,3.5958410000000005,64.96590400000001,58.353638000000004
1695600,62.113485,69.311081,64.819601
1695900,0.111846,69.28644200000001,58.630942000000005
1696200,64.581276,64.838766,64.692279
1696500,0.587332,69.467055,58.744197
1696800,64.576077,64.961772,64.744504
1697100,0.200759,69.590214,58.92323199999999
1697400,62.262475,65.196958,64.473694
1697700,0.46949399999999997,69.614226,58.387606999999996
1698000,62.837966,100.0,67.969177
1698300,61.205751,72.365957,65.065543
1698600,61.771598,99.506435,68.521874
1698900,63.955665,65.166861,64.669066
1699200,62.222024,99.585291,69.327173
1699500,61.645270999999994,65.419325,64.32567399999999
1699800,62.936519999999994,99.279799,67.996599
1700100,63.682829000000005,77.219535,65.811362
1700400,61.561271,98.876777,67.35675
1700700,62.005686,99.39608,67.80976700000001
1701000,63.612205,79.523676,65.725347
1701300,62.313483,99.313598,67.82607900000001
1701600,62.092358,74.10602800000001,65.401149
1701900,0.212035,69.94149,58.962425
1702200,63.896075,86.620275,66.968913
1702500,61.843931000000005,99.865025,67.522648
1702800,63.183071,80.18063599999999,66.170034
1703100,61.98794,98.901551,68.418198
1703400,62.545562,64.90965600000001,64.495322
1703700,1.381362,69.390755,59.37845600000001
1704000,0.163724,69.336563,58.64829
1704300,64.539232,64.853626,64.645088
1704600,2.28019,69.39860999999999,58.369727000000005
1704900,64.61920500000001,65.10999100000001,64.82893299999999
1705200,0.181395,69.458913,58.312828
1705500,64.64313299999999,65.01678299999999,64.826784
1705800,0.08113,78.418074,59.753144999999996
1706100,63.77177,65.282826,64.493337
1706400,62.322762,98.360879,67.452239
1706700,61.153291,98.58619300000001,67.276881
1707000,62.922163,65.73982600000001,64.407736
1707300,61.414289000000004,97.984436,67.47236
1707600,63.91520500000001,65.50451,64.50764000000001
1707900,61.988738,99.069538,67.979904
1708200,61.911366,65.36829499999999,64.070041
1708500,62.374832999999995,98.385817,67.567663
1708800,64.069704,77.637227,66.108645
1709100,61.73583000000001,99.984643,67.184352
1709400,64.21889,91.44457299999999,69.920906
1709700,49.453967999999996,65.105088,63.030376000000004
1710000,62.174631000000005,97.91305799999999,67.73431
1710300,64.58822099999999,64.996926,64.730307
1710600,1.8641919999999998,69.24896899999999,58.928295
1710900,64.590972,64.971009,64.773154
1711200,0.712336,69.34196700000001,58.789476
1711500,64.707477,65.15363,64.857244
1711800,0.6850350000000001,69.58189899999999,59.411503
1712100,1.2996940000000001,69.596393,58.784431000000005
1712400,64.829757,65.242437,64.980593
1712700,0.670482,69.19331600000001,58.802223
1713000,62.921304000000006,87.577798,68.06313399999999
1713300,57.999214,65.724013,63.523063
1713600,63.414390000000004,65.149911,64.566772
1713900,62.377603,97.880524,67.662812
1714200,63.916164,65.276969,64.669779
1714500,62.326036,96.985968,67.31826
1714800,61.723763,98.337704,67.521321
1715100,61.712642,66.007684,64.116104
1715400,62.332919,86.96847700000001,67.70594799999999
1715700,63.233594999999994,66.651718,64.54275799999999
1716000,60.766785999999996,98.393209,67.605715
1716300,61.559617,66.185477,64.334735
1716600,61.209475,98.833679,68.52248399999999
1716900,63.876343999999996,64.95769200000001,64.439037
1717200,29.335441999999997,64.851613,61.11052900000001
1717500,62.330487,91.75494,67.048165
1717800,62.400001,64.857822,64.361813
1718100,62.117793999999996,97.07901600000001,67.64210600000001
1718400,64.155261,65.047411,64.667804
1718700,62.162051,98.892648,67.85278000000001
1719000,62.232877,64.961962,64.23864
1719300,23.643825,68.482155,60.95784499999999
1719600,62.026264000000005,64.823768,64.464451
1719900,1.48743,69.311933,58.676612
1720200,64.184533,98.685926,70.712918
1720500,58.797065,66.121013,64.155456
1720800,60.324974,96.307761,66.694612
1721100,63.471414,66.04684300000001,64.568536
1721400,62.170933999999995,98.985736,67.74365999999999
1721700,64.186224,66.007152,64.67720899999999
1722000,61.84819,99.194654,67.772448
1722300,64.340766,65.634877,64.86494499999999
1722600,61.632385,99.665941,67.57856899999999
1722900,62.631834999999995,99.591174,67.655077
1723200,59.60946800000001,75.900053,65.421166
1723500,61.441989,99.342104,67.543419
1723800,63.343427,73.18349,65.89752800000001
1724100,8.686319000000001,69.178865,59.709948
1724400,64.74086899999999,65.113236,64.925701
1724700,3.454622,69.351244,58.986511
1725000,62.190302,67.345739,64.637215
1725300,0.32113200000000003,69.52385500000001,58.994259
1725600,0.293881,65.21668299999999,58.374269999999996
1725900,64.884478,69.530125,65.48531899999999
1726200,0.372925,69.723665,59.078449
1726500,62.400507,65.30631899999999,64.83049399999999
1726800,2.2919169999999998,71.616701,58.924775
1727100,64.620238,65.04105200000001,64.855774
1727400,0.152529,72.080288,59.504636
1727700,58.077940000000005,68.875888,64.223391
1728000,61.904577,99.42634,67.611531
1728300,49.668409999999994,65.328478,63.323457999999995
1728600,63.953929,67.369063,64.91405999999999
1728900,59.362162,64.83811999999999,63.878078
1729200,61.929242,64.969739,64.065651
1729500,62.03641999999999,96.224013,67.257863
1729800,62.161646999999995,64.83267099999999,64.27418399999999
1730100,62.022946999999995,98.789201,67.46753000000001
1730400,62.063404000000006,64.98814399999999,64.485849
1730700,62.41585799999999,81.397485,66.417857
1731000,0.49371800000000005,91.261462,61.953433999999994
1731300,63.378002,68.921607,64.962514
1731600,12.968826,65.419883,59.414816
1731900,63.157676,66.402478,64.650711
1732200,62.709818000000006,99.542712,68.067734
1732500,63.631422,65.805777,64.542703
1732800,62.218022999999995,96.81104,67.47308699999999
1733100,60.643915,65.075303,63.497381999999995
1733400,62.043716,99.585924,67.593531
1733700,0.40865,79.586938,59.737944999999996
1734000,62.41506700000001,66.60434599999999,64.287265
1734300,61.461822,99.434389,67.356131
1734600,62.63229200000001,69.21847,64.928722
1734900,63.6698,92.231077,67.384157
1735200,64.313373,64.937954,64.692165
1735500,27.645164,66.444422,61.004084
1735800,62.607108999999994,64.90723299999999,64.499489
1736100,27.896484,64.768915,60.594804
1736400,61.881214,97.891459,67.666637
1736700,61.364869999999996,64.871571,63.716924
1737000,62.175592,98.387276,67.76821899999999
1737300,63.853487,64.87620600000001,64.473268
1737600,64.541022,99.432968,68.268654
1737900,64.666436,64.803271,64.727188
1738200,62.10612,90.951492,68.936004
1738500,62.072781000000006,66.287502,64.453665
1738800,61.332762,97.783838,67.308548
1739100,63.720307999999996,99.573272,68.149971
1739400,61.406864,65.367588,64.216594
1739700,61.88879300000001,98.12925600000001,67.854175
1740000,64.113268,65.683323,64.687258
1740300,62.867563,99.43993,67.766976
1740600,64.04956999999999,65.828338,64.777632
1740900,62.31983100000001,99.301878,67.675498
1741200,63.795336,65.14956,64.442577
1741500,62.264419,99.45765300000001,67.490307
1741800,64.006072,95.75775300000001,67.703404
1742100,64.782083,76.489789,66.08273100000001
1742400,0.110627,69.284642,58.532703000000005
1742700,64.670478,65.047878,64.84472
1743000,0.417281,69.639224,58.837323
1743300,64.702401,64.873417,64.79168299999999
1743600,0.380796,69.658345,58.420021
1743900,62.1262,65.17684399999999,64.645905
1744200,0.143337,69.64774799999999,58.58145699999999
1744500,1.557619,65.253628,58.721844999999995
1744800,62.32634300000001,69.84671999999999,65.280938
1745100,0.416024,69.63432,58.726034999999996
1745400,64.643413,64.918188,64.795815
1745700,61.41210600000001,99.56819300000001,68.729762
1746000,61.602332,65.756777,64.242288
1746300,61.34769300000001,99.047572,67.699377
1746600,64.275972,65.55471,64.71660200000001
1746900,63.096376,96.236498,67.683851
1747200,49.330507,65.578585,63.436478
1747500,64.20956,67.259162,65.151838
1747800,40.361807,65.629189,62.090667
1748100,64.479055,64.99965,64.763958
1748400,28.346688,65.188502,61.123369
1748700,64.067086,64.987679,64.544402
1749000,61.192482999999996,98.587014,67.000004
1749300,62.443374,94.84517,67.501414
1749600,61.970339,98.373938,67.743841
1749900,0.16936800000000002,65.423243,58.123948999999996
1750200,64.679199,69.258187,65.253151
1750500,0.284129,69.36604200000001,58.795535
1750800,64.44726899999999,65.053054,64.744238
1751100,0.303626,69.098729,58.70441700000001
1751400,62.41338100000001,64.93421500000001,64.227834
1751700,62.795642,70.165407,64.965455
1752000,64.787189,70.34263,65.399314
1752300,0.216523,69.473663,58.871508
1752600,0.771412,65.042596,58.229698
1752900,62.81622900000001,86.952529,67.480625
1753200,62.384094999999995,99.466532,67.880543
1753500,61.420938,65.834468,64.399353
1753800,57.963480000000004,97.750905,67.460378
1754100,63.73748199999999,66.95574,64.723072
1754400,60.905778000000005,99.25385,67.528279
1754700,62.781551,65.31472600000001,64.211472
1755000,61.458078,99.554765,67.248486
1755300,63.853868000000006,93.098965,67.452443
1755600,62.425534999999996,65.119485,64.459215
1755900,40.369215999999994,67.655087,62.296523
1756200,62.00096800000001,66.065064,64.537561
1756500,62.61263,97.69324,69.786007
1756800,62.439168,65.03307,64.655878
1757100,1.587525,69.762095,59.064239
1757400,64.669739,64.935702,64.83461199999999
1757700,0.224194,69.566333,58.903744999999994
1758000,0.12145299999999999,65.096343,58.390131999999994
1758300,57.247655,69.451695,64.151442
1758600,60.090874,99.012766,67.796837
1758900,62.631921999999996,65.355303,64.343124
1759200,0.31549099999999997,68.163833,58.438762
1759500,61.098386,65.027049,64.14421800000001
1759800,61.919957,98.426728,67.352225
1760100,63.306289,89.674037,68.353167
1760400,59.425734999999996,99.263398,67.514142
1760700,63.338970999999994,65.995776,64.739576
1761000,61.417705000000005,98.861627,67.692686
1761300,58.974484,99.285228,67.8573
1761600,62.850519999999996,65.104135,64.19666600000001
1761900,62.880435,99.321174,67.88036600000001
1762200,62.121984,66.03259399999999,64.384067
1762500,61.359331000000005,99.054624,67.583386
1762800,63.260686,65.897901,64.309197
1763100,61.73449399999999,99.41797,67.966822
1763400,62.189211,65.946125,64.41940600000001
1763700,62.684596,99.154229,72.075335
1764000,63.674775,93.495165,67.586414
1764300,64.714606,65.126062,64.969975
1764600,8.480549,66.063085,59.07635500000001
1764900,64.071156,64.884049,64.561745
1765200,23.341935999999997,68.975827,59.993789
1765500,64.829125,65.09015699999999,64.956681
1765800,0.107276,69.640431,58.933007999999994
1766100,64.79979300000001,65.116766,64.94671600000001
1766400,0.127425,69.708629,58.660272
1766700,2.328263,69.625401,59.244678
1767000,64.859874,65.177894,64.945049
1767300,61.637227,99.236047,68.842325
1767600,64.059599,65.111118,64.498768
1767900,62.102523,99.142009,67.686847
1768200,61.159127000000005,66.246165,64.52816800000001
1768500,63.934387,93.205962,67.545034
1768800,64.034257,65.09611600000001,64.820013
1769100,37.27325,66.280335,62.062991000000004
1769400,63.10605699999999,78.957879,65.920167
1769700,64.338179,64.896336,64.662323
1770000,63.796516000000004,97.908452,68.763997
1770300,62.400771999999996,65.20615500000001,64.461727
1770600,62.217411,64.732586,64.013716
1770900,64.236638,75.338098,67.19688599999999
1771200,0.268706,69.71122700000001,58.86395600000001
1771500,64.746937,65.08458399999999,64.911334
1771800,0.098452,69.556831,58.670917
1772100,0.206382,69.702148,58.696732999999995
1772400,64.70665,65.028306,64.889555
1772700,4.935338,66.652035,58.674009999999996
1773000,63.228956000000004,65.391326,64.434374
1773300,61.735130000000005,98.48807,67.760671
1773600,63.229402,66.23625799999999,64.67805600000001
1773900,61.445416,99.156752,67.680534
1774200,61.53861800000001,65.417732,64.118045
1774500,61.503392000000005,98.38895600000001,68.476653
1774800,62.596052,83.940647,66.410474
1775100,61.854231999999996,64.913444,64.391665
1775400,60.739891,97.54219499999999,68.46941899999999
1775700,64.33471,65.649964,64.822965
1776000,49.462207,67.278162,63.536697
1776300,63.809318000000005,64.823975,64.35805400000001
1776600,63.128841,75.080658,65.490413
1776900,63.982399,65.06889100000001,64.54722199999999
1777200,62.083371,93.866175,67.286661
1777500,2.98083,77.68722,59.716055000000004
1777800,63.857234,64.930243,64.69152700000001
1778100,0.26126,70.512588,58.925488
1778400,64.673851,64.895436,64.80064
1778700,0.276359,69.655633,58.856272
1779000,64.71564000000001,64.905978,64.799727
1779300,0.24473899999999998,69.567937,58.911181000000006
1779600,64.822701,65.056569,64.941399
1779900,0.696403,69.1061,58.717535999999996
1780200,40.070085999999996,65.437172,61.973631999999995
1780500,64.309989,65.099626,64.74215799999999
1780800,58.870641000000006,97.154291,67.756923
1781100,58.561698,69.169001,64.502031
1781400,58.609341,97.066994,67.237062
1781700,64.128908,72.743263,65.58251800000001
1782000,63.878016,94.984121,67.765423
1782300,64.142175,65.102736,64.60367600000001
1782600,41.370531,65.99327,62.276729
1782900,31.925202000000002,64.840038,61.332026
1783200,64.59897,64.94864799999999,64.761211
1783500,36.934954,65.482908,61.97768000000001
1783800,62.341278,64.96925300000001,64.447276
1784100,62.111354000000006,81.57391199999999,65.803963
1784400,64.129984,64.99010899999999,64.61453
1784700,61.767284,98.107901,67.46302800000001
1785000,61.77036,64.933755,64.48866
1785300,62.374828,96.91153299999999,71.27420699999999
1785600,0.159209,69.636004,58.828531000000005
1785900,64.76254300000001,65.01159799999999,64.894014
1786200,0.298216,69.668312,58.757619999999996
1786500,64.748334,65.03714599999999,64.92811
1786800,0.33825900000000003,69.435627,58.920802
1787100,64.661926,64.959962,64.796461
1787400,0.41291400000000006,68.535404,58.485614
1787700,64.053511,65.372742,64.66165699999999
1788000,52.042651,65.430542,63.419909
1788300,63.274359999999994,96.33663,67.56365500000001
1788600,63.857799,66.54849200000001,64.81743
1788900,62.775428000000005,95.451704,69.52242
1789200,62.87291999999999,65.085991,64.332341
1789500,61.847048,98.614393,67.769421
1789800,64.06966700000001,65.78084399999999,64.779403
1790100,63.122553,98.457265,67.96180799999999
1790400,62.323277000000004,65.56843,64.31425
1790700,62.869079000000006,98.119977,67.736437
1791000,63.089962,97.18939499999999,67.89922299999999
1791300,64.07162,76.42084799999999,65.947447
1791600,61.473439,98.403464,67.836782
1791900,63.301306000000004,66.329854,64.592304
1792200,61.645865,96.938846,67.626622
1792500,63.425113,74.098354,66.211097
1792800,1.4456040000000001,69.57555500000001,58.999052
1793100,64.705138,64.896817,64.829014
1793400,0.18426099999999998,69.600822,58.876397999999995
1793700,0.21344200000000002,69.48846800000001,58.369921999999995
1794000,62.565,65.160536,64.648288
1794300,2.303276,69.376141,58.77802
1794600,63.12744,65.909887,64.594507
1794900,61.618384,97.002153,67.453338
1795200,62.390069999999994,64.915453,64.56633199999999
1795500,12.259072999999999,69.082475,59.937383
1795800,64.585646,65.077224,64.802598
1796100,1.480587,85.110311,60.996355
1796400,61.266903000000006,99.206537,67.809824
1796700,62.525096999999995,66.30821999999999,64.414376
1797000,61.656737,97.438452,67.711163
1797300,63.087956999999996,66.26437800000001,64.541598
1797600,62.190197999999995,100.0,67.617365
1797900,63.546054000000005,65.29101899999999,64.566088
1798200,61.376580000000004,97.416197,67.53437
1798500,60.196736,65.079677,63.888254
1798800,61.96027900000001,98.416924,67.50975
1799100,62.41176899999999,97.666438,67.667461
1799400,61.495684,64.814752,64.307636
1799700,64.186063,95.558172,67.729101
1800000,64.530375,84.746553,66.671008
1800300,3.4986410000000006,69.38285,59.288821999999996
1800600,64.444624,78.286524,65.971103
1800900,4.650164,66.24364399999999,58.826477000000004
1801200,64.196933,64.883238,64.653068
1801500,57.901809,64.855221,63.846334
1801800,62.474343000000005,96.385892,67.58237
1802100,63.644943999999995,64.781541,64.453901
1802400,63.724968000000004,98.337828,67.952783
1802700,64.719216,65.02210699999999,64.876828
1803000,20.998625,68.805725,60.81177099999999
1803300,62.42960600000001,64.983462,64.626101
1803600,0.22128299999999998,89.75913,62.683372999999996
1803900,52.479915000000005,78.50177,63.982017000000006
1804200,2.593307,65.807199,58.544436
1804500,62.84371899999999,96.646001,67.888396
1804800,60.957786,65.951204,64.04831899999999
1805100,61.675070999999996,99.62265699999999,67.803342
1805400,63.881432,64.75358299999999,64.43399699999999
1805700,61.853168999999994,81.78697,67.15271700000001
1806000,63.72806,66.310994,64.54024
1806300,61.887459,98.815659,69.038746
1806600,63.6133,65.395577,64.67163199999999
1806900,45.714428000000005,65.27843100000001,62.446992
1807200,36.226135,69.091505,62.015434
1807500,63.95479,67.723434,65.127842
1807800,60.416909,64.935061,63.892724
1808100,64.326859,65.047257,64.73035300000001
1808400,61.663955,97.63709899999999,67.55113399999999
1808700,63.242309999999996,65.20034799999999,64.69742
1809000,0.164947,69.794399,58.510185
1809300,62.667922999999995,65.16644000000001,64.571927
1809600,1.493668,69.61018100000001,58.939747
1809900,0.293158,65.075156,58.531831000000004
1810200,62.82526800000001,67.053015,64.98548199999999
1810500,0.130599,69.591881,58.91934200000001
1810800,63.77476,83.23774399999999,67.304683
1811100,61.69180600000001,96.998674,67.122855
1811400,63.840988,65.234234,64.61892900000001
1811700,61.60457099999999,97.776992,67.697872
1812000,62.311735999999996,65.495244,64.369419
1812300,62.505281999999994,97.46466,67.577158
1812600,61.58570600000001,98.29035999999999,67.72920400000001
1812900,61.581543999999994,66.589927,64.138071
1813200,63.958968000000006,93.79907299999999,67.580392
1813500,64.430759,65.188763,64.90065899999999
1813800,39.738873999999996,66.66915,62.25914
1814100,64.192637,64.869672,64.592437
1814400,0.320242,72.274491,59.133678
1814700,64.662561,65.129323,64.91651999999999
1815000,2.3361259999999997,75.259723,58.909513000000004
1815300,0.48105299999999995,65.117873,58.111158999999994
1815600,63.906797,67.640789,64.93189
1815900,62.103176,97.53970100000001,67.59682099999999
1816200,64.077081,65.351272,64.693434
1816500,62.132043,99.176408,67.484369
1816800,62.875702000000004,65.434543,64.382809
1817100,61.218810999999995,98.37181700000001,67.720167
1817400,63.433021,65.270527,64.546324
1817700,61.821332,98.511149,67.58623
1818000,63.476437,98.125668,70.14723599999999
1818300,63.15625,65.729219,64.577711
1818600,64.456722,78.152528,66.085379
1818900,62.211459,64.846887,64.46898900000001
1819200,46.914437,66.470075,63.125563
1819500,64.527838,64.954138,64.76343
1819800,39.685844,67.15124899999999,62.3942
1820100,62.20165600000001,65.400239,64.226361
1820400,19.496179,65.61175,60.308333
1820700,64.011785,94.904937,67.663482
1821000,62.36870699999999,64.969356,64.40912900000001
1821300,61.441366,98.71806099999999,67.245721
1821600,63.543342,92.960828,68.24555500000001
1821900,3.3319349999999996,65.653133,58.591083999999995
1822200,62.141966000000004,65.416434,64.444604
1822500,0.158273,70.954661,59.42749
1822800,62.59039,64.964587,64.599829
1823100,0.343217,69.611179,58.651113
1823400,0.437993,64.943349,58.41579599999999
1823700,64.621197,69.607248,65.25859100000001
1824000,0.561002,69.520934,58.651242
1824300,62.753887,65.413925,64.658686
1824600,0.22511599999999998,69.374871,58.538681000000004
1824900,64.567464,64.940001,64.794031
1825200,0.22718400000000002,79.38695899999999,60.112966
1825500,64.007769,65.379281,64.669524
1825800,60.86959399999999,99.26985,67.75840500000001
1826100,63.463014,99.80677800000001,68.176998
1826400,62.06185,65.20015,64.10430500000001
1826700,61.19633,99.411097,67.75138299999999
1827000,64.107846,65.087389,64.728004
1827300,62.220425,99.113562,67.67235500000001
1827600,62.642155,65.596131,64.458945
1827900,62.130453,99.904954,68.110771
1828200,62.572713,65.407692,64.64108399999999
1828500,61.721646,93.58420699999999,67.471967
1828800,0.27927399999999997,85.230273,60.667653
1829100,62.180754,69.347566,64.962255
1829400,62.478035,98.48007,67.786213
1829700,64.761162,65.02837199999999,64.879335
1830000,62.073836,69.268013,65.224398
1830300,64.700688,65.04065200000001,64.815265
1830600,3.6208739999999997,69.325429,59.215428
1830900,62.381440000000005,65.053287,64.418871
1831200,1.627425,69.602113,59.080946999999995
1831500,62.426168000000004,98.64630600000001,67.886174
1831800,62.354638,79.596468,65.71775699999999
1832100,62.819403,88.38965,66.865789
1832400,62.177693000000005,92.774048,67.27845699999999
1832700,2.216182,69.56648100000001,59.07916899999999
1833000,64.65471600000001,64.998111,64.865915
1833300,1.408536,69.55469000000001,59.034797999999995
1833600,64.659165,65.510574,64.925405
1833900,0.11983900000000001,69.856335,58.881139000000005
1834200,0.195225,64.932327,58.344207
1834500,62.551137,69.667766,65.137095
1834800,2.374791,69.45026999999999,59.085622
1835100,64.745609,64.931138,64.856041
1835400,0.2065,69.741936,58.937565
1835700,64.783098,65.281369,64.977598
1836000,0.353516,69.345827,59.349527
1836300,61.540112,65.50279300000001,64.387253
1836600,61.61043299999999,99.391522,67.582674
1836900,63.83189599999999,99.61053000000001,68.264791
1837200,61.413272,65.397784,64.29540300000001
1837500,60.938776000000004,99.63007900000001,67.731587
1837800,62.347263,65.269491,64.310121
1838100,47.621703000000004,66.842344,63.378724
1838400,64.309634,65.66884399999999,64.82678
1838700,25.485475,65.083153,60.553720999999996
1839000,64.481992,64.86184899999999,64.69585500000001
1839300,61.397688,97.823397,67.265736
1839600,64.138328,98.775212,71.73534699999999
1839900,61.83003000000001,65.049639,64.475557
1840200,62.481628,89.514123,68.16256800000001
1840500,62.216708,64.889837,64.38566800000001
1840800,62.070941000000005,98.181754,67.695278
1841100,62.204156999999995,64.902325,64.403571
1841400,62.03562900000001,98.946405,67.658963
1841700,62.43325600000001,65.027827,64.636049
1842000,63.811144999999996,98.832109,68.238394
1842300,9.63183,65.12808199999999,59.433927000000004
1842600,62.328072999999996,69.112672,65.122827
1842900,2.152981,69.62303100000001,58.805898
1843200,64.761383,89.540258,67.773202
1843500,62.80684399999999,99.126701,67.757425
1843800,63.156218,66.928388,64.855221
1844100,61.51548199999999,98.97248,67.36877199999999
1844400,64.042609,65.787126,64.808888
1844700,59.429745,99.899275,67.648486
1845000,63.556876,77.894144,66.034711
1845300,61.304202000000004,98.084261,67.70264
1845600,62.261553,99.037093,67.805012
1845900,63.843421,66.189047,64.74001899999999
1846200,61.205935,99.076788,67.741976
1846500,61.719467,65.354534,64.19674599999999
1846800,62.381643000000004,99.30545,69.09989399999999
1847100,64.215103,64.954736,64.6497
1847400,62.293636,98.854288,67.85476
1847700,64.460627,65.010532,64.843237
1848000,63.906279000000005,97.780679,68.051459
1848300,0.216612,69.72449,59.023219999999995
1848600,62.600476,65.167875,64.540971
1848900,0.219069,67.124752,58.18525
1849200,63.592417000000005,65.228687,64.58039000000001
1849500,61.472112,98.849799,67.818405
1849800,63.437924,65.478092,64.538066
1850100,61.35790600000001,98.944484,67.83700400000001
1850400,62.965180000000004,85.241247,66.93409799999999
1850700,62.493363,98.88616800000001,69.233476
1851000,61.898163000000004,99.424472,67.651987
1851300,63.420922999999995,65.9875,64.642822
1851600,61.774319999999996,99.549594,67.75223000000001
1851900,63.983047,65.554965,64.653847
1852200,61.505714000000005,99.485637,67.859113
1852500,62.971061,66.761044,64.802214
1852800,54.381599,99.332561,67.017085
1853100,61.41063199999999,64.89786099999999,64.130703
1853400,56.22059599999999,99.133492,67.18929200000001
1853700,1.392023,69.582145,58.994845999999995
1854000,62.117229,80.72199,65.99387
1854300,63.264038,87.521653,66.719608
1854600,63.032008999999995,66.12178399999999,64.41828000000001
1854900,61.601863,98.083481,67.740043
1855200,64.202275,65.569397,64.790301
1855500,63.766636,98.42316600000001,68.01700500000001
1855800,61.419036,66.179601,64.63965
1856100,61.57824300000001,98.227648,67.525079
1856400,62.51104399999999,98.210274,67.717835
1856700,63.420704,65.425996,64.675425
1857000,62.123835,97.839326,67.64695400000001
1857300,64.14251,65.272452,64.696662
1857600,62.257715000000005,97.984838,67.388388
1857900,62.487747,91.831179,67.084826
1858200,62.31320899999999,98.172013,67.863061
1858500,64.39184399999999,65.054963,64.86666
1858800,61.70370500000001,97.499134,67.788956
1859100,62.29395600000001,97.34245899999999,67.437575
1859400,64.443021,65.167866,64.93946
1859700,12.668301,69.244786,60.132686
1860000,64.82986600000001,65.020472,64.940627
1860300,1.7921580000000001,69.52121,59.07928199999999
1860600,62.597455000000004,65.177669,64.723911
1860900,4.611297,69.45015699999999,59.414823999999996
1861200,64.818286,65.141755,64.965434
1861500,62.747381999999995,90.912952,68.938293
1861800,0.5838840000000001,64.86654899999999,57.521719
1862100,63.65568199999999,70.358482,65.096239
1862400,61.627157999999994,98.030046,67.46574100000001
1862700,63.884834999999995,65.778692,64.764792
1863000,63.170423,99.462091,67.975785
1863300,64.023382,65.644244,64.879026
1863600,62.601347,98.24399,67.776853
1863900,62.955647,65.468125,64.684219
1864200,62.948352,96.807633,67.651088
1864500,0.618151,79.35197600000001,60.172233
1864800,62.372521,65.12816,64.305933
1865100,61.917954,98.964215,68.617913
1865400,62.47596,65.180652,64.633185
1865700,63.117087,87.886707,67.07180600000001
1866000,64.237123,65.127375,64.72661
1866300,26.665737,65.111921,60.781604
1866600,63.955045,64.933361,64.581471
1866900,62.636283999999996,96.927472,67.539765
1867200,0.185801,69.986591,59.070131999999994
1867500,64.955813,65.25708900000001,65.102393
1867800,0.124248,67.375364,58.565259999999995
1868100,63.078281000000004,65.545252,64.697305
1868400,62.565667000000005,97.389167,67.595848
1868700,61.880225,83.81530699999999,66.475323
1869000,63.014361,96.129465,67.715248
1869300,64.16511,65.493619,64.812751
1869600,62.350944999999996,97.91180200000001,67.895616
1869900,64.440045,83.387425,66.743804
1870200,62.413208999999995,65.636756,64.481257
1870500,41.643991,64.82335,62.219511
1870800,63.821171,65.05719,64.53059499999999
1871100,62.601326,95.92899,67.465553
1871400,64.69766700000001,75.466797,65.931162
1871700,40.800007,66.669977,62.53116800000001
1872000,64.248313,64.943005,64.651907
1872300,61.491613,97.78194,69.14843
1872600,3.504367,69.54225600000001,59.257371
1872900,62.302841,65.00232700000001,64.394573
1873200,0.24245,69.768226,58.989430000000006
1873500,64.885322,65.19334599999999,65.01099599999999
1873800,0.8278049999999999,69.57158299999999,59.080656999999995
1874100,62.556992,65.386593,64.660939
1874400,0.28083,69.744795,58.785555
1874700,63.846812,65.80417800000001,64.887676
1875000,36.050491,66.91713,61.799912
1875300,62.03198199999999,96.164284,67.547987
1875600,64.51203000000001,70.082554,65.47346999999999
1875900,58.210914,96.946714,68.095386
1876200,64.086924,65.048381,64.635372
1876500,64.427254,94.589442,67.708409
1876800,62.4163,65.47723,64.752098
1877100,40.419968,67.375489,62.46335799999999
1877400,64.23201999999999,64.94335500000001,64.638438
1877700,63.53548000000001,68.813096,65.14371
1878000,62.602548,92.343089,67.24089599999999
1878300,63.990763,64.974682,64.708627
1878600,64.61446600000001,92.708775,68.592118
1878900,62.14007900000001,65.226427,64.41709499999999
1879200,39.757978,66.341243,62.37774
1879500,64.01099599999999,89.223612,67.192449
1879800,0.498879,69.557907,58.64193100000001
1880100,63.360191,65.836108,64.598845
1880400,0.761731,65.30418399999999,58.21085
1880700,62.283937,97.90862299999999,67.880845
1881000,64.096014,65.335492,64.548998
1881300,2.538523,76.667222,60.27909399999999
1881600,63.780021999999995,65.88224699999999,64.707348
1881900,13.924036,65.289113,59.344857999999995
1882200,63.859662,65.568161,64.75551899999999
1882500,61.579967,99.169598,67.57303399999999
1882800,62.626583999999994,65.166258,64.280575
1883100,62.806307999999994,99.32141,68.804748
1883400,43.512332,68.210124,62.9063
1883700,62.446332999999996,65.283705,64.638535
1884000,6.947031,66.012842,58.987502
1884300,62.549554,65.007042,64.557934
1884600,62.66089399999999,88.59734,66.865579
1884900,64.597936,64.963445,64.822259
1885200,62.432903,98.58032800000001,67.941571
1885500,61.355909999999994,65.024659,64.274174
1885800,62.162888,99.15415300000001,67.709623
1886100,63.706559999999996,98.916884,68.079318
1886400,61.821783999999994,65.19363100000001,64.569215
1886700,62.548388,96.400674,70.9629
1887000,63.96134300000001,66.432925,64.821455
1887300,63.129401,94.82668000000001,67.520155
1887600,63.673832999999995,65.48729200000001,64.54454
1887900,62.01889,99.857895,67.745527
1888200,61.639747,65.471239,64.227401
1888500,62.316124,99.526997,67.93654599999999
1888800,61.367201,99.55148100000001,67.63269
1889100,62.538837,65.173089,64.460915
1889400,61.942028,99.118157,67.465837
1889700,61.951553000000004,65.622967,64.277518
1890000,62.513645,99.586917,68.345238
1890300,64.144147,74.161461,66.03728000000001
1890600,62.107344,98.227464,67.78534499999999
1890900,62.12133000000001,64.905765,64.437074
1891200,62.217088000000004,99.084582,67.862127
1891500,64.70081400000001,98.590502,68.276138
1891800,64.717844,64.9017,64.802077
1892100,64.762603,80.463736,66.574474
1892400,62.244271999999995,65.034754,64.650708
1892700,0.472631,69.545788,58.761935
1893000,64.698999,65.303506,64.966102
1893300,2.377011,69.816639,59.079367000000005
1893600,64.9865,65.22596,65.07337
1893900,0.81791,71.287717,59.846208999999995
1894200,62.446714,99.31300300000001,67.919116
1894500,61.809798,65.048237,64.179224
1894800,61.628772,98.95874599999999,67.305607
1895100,62.599681000000004,65.105423,64.61556999999999
1895400,64.663712,65.638841,65.043316
1895700,62.972988,64.913999,64.548764
1896000,40.820696999999996,66.303561,62.259614
1896300,61.97778100000001,65.043549,64.438887
1896600,61.57161,81.12534699999999,65.894094
1896900,48.172669,75.985125,64.290336
1897200,63.890092,65.072833,64.787186
1897500,63.251452,98.490571,68.07288199999999
1897800,64.94575,65.185452,65.096742
1898100,11.903724,69.362877,60.264342000000006
1898400,65.090459,65.415555,65.22120799999999
1898700,0.10478599999999999,70.11326899999999,59.20717
1899000,62.740477,65.261287,64.910894
1899300,3.132167,69.641324,59.106714000000004
1899600,0.554944,65.413854,58.38867
1899900,62.128411,66.596486,64.44301
1900200,62.781668,98.631151,67.89335
1900500,63.620497,65.196327,64.514239
1900800,62.168471999999994,99.95873399999999,67.847359
1901100,63.30849499999999,86.684623,66.95307199999999
1901400,59.730380000000004,99.231814,67.605825
1901700,62.872298,65.092556,64.591342
1902000,52.70871999999999,66.496713,63.905859
1902300,1.7263119999999998,64.868401,58.408921
1902600,63.846577,65.59991600000001,64.63078900000001
1902900,62.282830000000004,98.198965,67.826957
1903200,64.228738,64.97711600000001,64.714404
1903500,62.402308,97.08233800000001,67.858121
1903800,64.179737,65.023876,64.65957
1904100,62.531530000000004,98.505753,67.969489
1904400,64.243725,65.001726,64.83756600000001
1904700,28.979883,79.147813,63.791993000000005
1905000,64.94483199999999,98.617455,68.425782
1905300,62.16875699999999,65.015316,64.57075400000001
1905600,63.289336,98.341465,68.08952
1905900,64.796097,65.244037,65.039991
1906200,3.405069,69.894288,59.535219
1906500,62.586403000000004,65.317911,64.907198
1906800,0.097107,69.739369,58.939589
1907100,62.646065,65.176005,64.751922
1907400,1.3787040000000002,67.265064,58.936015000000005
1907700,64.63955,98.665675,68.304766
1908000,62.269439,78.41387900000001,65.737164
1908300,4.948188,88.47166899999999,61.014520999999995
1908600,62.373387,65.264051,64.50795500000001
1908900,1.261299,69.93203000000001,59.203972
1909200,64.901774,65.300399,65.087977
1909500,0.0937,69.709839,58.944041000000006
1909800,64.882925,65.087254,64.957985
1910100,0.7984439999999999,69.688395,59.015555000000006
1910400,1.233493,65.103771,58.354466
1910700,61.777736,65.70478,64.55126800000001
1911000,61.67545,98.555013,67.367721
1911300,61.937278000000006,65.64549699999999,64.347358
1911600,61.993104,97.471234,67.522266
1911900,63.646151,65.912646,64.738648
1912200,61.459316,98.89279300000001,70.045333
1912500,62.02134100000001,65.313806,64.398611
1912800,62.38558199999999,98.82424499999999,67.345629
1913100,62.252552,99.611693,67.91861
1913400,61.555617000000005,66.14360699999999,64.422123
1913700,63.319515,84.334914,66.592476
1914000,64.49874,64.875451,64.73447900000001
1914300,64.28895899999999,95.783653,67.872138
1914600,64.63274799999999,65.11128199999999,64.880431
1914900,58.981196,65.068632,63.968984
1915200,64.473692,65.166016,64.83114300000001
1915500,2.2572740000000002,72.980593,59.392196
1915800,64.417612,98.38261700000001,70.364837
1916100,62.558499,65.199605,64.622638
1916400,62.666627000000005,98.282187,67.99929399999999
1916700,62.294458,65.121872,64.51743499999999
1917000,64.683561,98.534429,68.46275899999999
1917300,64.92504,65.30029,65.098652
1917600,1.501188,69.66105400000001,58.811285
1917900,62.489017000000004,65.130392,64.679351
1918200,0.299284,69.56999499999999,58.612956999999994
1918500,64.66319,65.05963299999999,64.81864
1918800,1.0980299999999998,69.51633199999999,59.483134
1919100,2.295991,69.76982,59.142483
1919400,62.446447,80.186389,66.129148
1919700,61.51783100000001,99.024238,67.65111
1920000,63.643547,65.45818100000001,64.668806
1920300,62.366645999999996,99.607724,67.87908900000001
1920600,62.694904,65.520549,64.62179
1920900,62.56848000000001,99.19081,68.098857
1921200,64.578197,65.201132,64.976584
1921500,62.731522999999996,94.647787,67.47191600000001
1921800,0.8850399999999999,66.52291899999999,58.51286999999999
1922100,64.673443,65.068291,64.895302
1922400,47.406709,65.003854,62.907245999999994
1922700,64.104129,72.970467,65.577412
1923000,7.433747,78.726096,61.432339
1923300,64.205425,66.862065,65.114723
1923600,60.009406000000006,97.10047,67.658019
1923900,62.901655000000005,65.315718,64.95246
1924200,0.352194,70.015625,59.68628399999999
1924500,63.007918000000004,98.621569,67.963472
1924800,62.728136,65.420388,65.011237
1925100,3.816089,69.719312,59.27321800000001
1925400,62.663278000000005,65.16068299999999,64.688571
1925700,63.180772999999995,97.112779,68.13198100000001
1926000,65.032934,65.188815,65.119231
1926300,7.09738,69.400279,59.670576000000004
1926600,63.626012,82.96184699999999,68.91603
1926900,0.127579,67.68288199999999,58.82986999999999
1927200,38.390867,65.30324399999999,62.093208
1927500,62.123619,66.655271,64.47154300000001
1927800,61.992674,97.398314,67.738019
1928100,63.131267,66.025109,64.657664
1928400,61.725989,94.84411899999999,67.321892
1928700,63.572019999999995,65.545099,64.76053
1929000,62.40300500000001,97.461773,67.695673
1929300,63.818233,66.343661,64.73912299999999
1929600,61.619749,97.69385799999999,67.41780200000001
1929900,62.189358999999996,93.688148,67.183452
1930200,64.33614399999999,77.450859,66.17152
1930500,62.656627,94.23836899999999,67.52418399999999
1930800,62.208712,65.054563,64.65212
1931100,62.710955000000006,95.591433,67.785087
1931400,64.853852,65.090448,64.990442
1931700,1.499336,69.409165,59.018011
1932000,62.589909,65.100212,64.74809499999999
1932300,2.2779580000000004,69.692971,59.240164
1932600,0.11605499999999999,69.746315,59.008742000000005
1932900,64.888129,65.2329,65.051936
1933200,0.409717,69.865608,59.161764
1933500,64.93209,65.40097800000001,65.107058
1933800,64.542674,97.474135,68.656803
1934100,64.13719,65.63436,64.861385
1934400,62.269004,97.902895,68.000077
1934700,62.524781000000004,65.53026700000001,64.702241
1935000,62.424967,98.119617,68.005036
1935300,62.807291000000006,97.823451,67.630013
1935600,64.20147800000001,97.304508,69.015202
1935900,1.417792,69.390355,58.477261999999996
1936200,64.570038,64.88658199999999,64.75383000000001
1936500,62.105437,98.43929,68.137023
1936800,62.485688,65.049317,64.64010400000001
1937100,64.62394,66.330272,65.04083299999999
1937400,64.122348,84.223963,67.45393299999999
1937700,62.78785500000001,98.025509,67.961722
1938000,62.903002,99.008553,68.203022
1938300,61.466228,65.371367,64.351904
1938600,61.950718,97.15218399999999,67.570302
1938900,62.216271,65.37494000000001,64.577743
1939200,63.255936,98.201839,68.117882
1939500,64.161169,78.419712,66.02136800000001
1939800,62.56361999999999,96.288577,67.650553
1940100,63.788906000000004,65.6521,64.599779
1940400,61.276929,98.705708,67.811966
1940700,64.081693,99.074104,68.23026999999999
1941000,60.198703,91.516595,67.235733
1941300,61.697019999999995,97.865802,67.50116700000001
1941600,64.938101,65.37255,65.07669200000001
1941900,7.152966,69.395768,59.540971
1942200,64.857005,65.190012,65.093552
1942500,0.251408,69.824833,59.121207999999996
1942800,64.88843299999999,65.362814,65.127169
1943100,0.079728,69.872862,59.105264
1943400,0.28257600000000005,65.229217,58.633747
1943700,62.415581,69.609992,65.01678299999999
1944000,34.233434,65.28913,61.815408999999995
1944300,61.914549,65.8369,64.544526
1944600,61.6968,98.01699,69.810971
1944900,63.014901,80.003123,65.941019
1945200,61.952583999999995,98.50975799999999,67.793018
1945500,60.852001,65.09540799999999,64.332509
1945800,62.156107999999996,97.37949300000001,67.320161
1946100,64.106904,97.204699,67.955874
1946400,60.983175,66.394729,64.44106
1946700,61.520591,98.451233,67.91755400000001
1947000,64.08413399999999,65.322064,64.54944300000001
1947300,62.534296,97.124445,67.72049
1947600,62.053957999999994,65.49131,64.554921
1947900,59.947694999999996,97.031885,67.281072
1948200,64.604199,84.821538,67.44909100000001
1948500,59.628561,98.030618,67.560285
1948800,39.807475,65.17038000000001,62.450656
1949100,64.907901,68.48883000000001,65.32283100000001
1949400,3.7012410000000004,69.678844,59.09803
1949700,62.613665000000005,65.146292,64.738614
1950000,1.37404,69.726638,59.106511
1950300,64.778663,65.08483100000001,64.96135699999999
1950600,0.291004,69.647364,59.247659999999996
1950900,63.071484,64.999884,64.56800600000001
1951200,62.255972,98.954663,68.026156
1951500,62.606843999999995,81.043482,66.416765
1951800,62.109706,91.699811,67.54338100000001
1952100,61.352697,99.452269,67.79034300000001
1952400,64.095203,65.727331,64.747559
1952700,62.61467,99.327382,67.781778
1953000,63.825866000000005,65.73814399999999,64.738337
1953300,62.545818999999995,99.589229,67.81541999999999
1953600,63.660865,66.351326,64.794287
1953900,61.75790799999999,99.197714,67.734235
1954200,64.32749799999999,98.714109,68.22863000000001
1954500,62.8129,65.37276800000001,64.160701
1954800,62.306552,98.72929599999999,67.984264
1955100,64.264611,65.73548199999999,64.843188
1955400,62.053821,94.463901,70.34891800000001
1955700,64.243476,65.03229,64.636403
1956000,64.417498,96.21260699999999,68.028758
1956300,64.90179599999999,65.606488,65.083151
1956600,36.526767,65.765658,62.218793000000005
1956900,1.351674,65.23924,58.595802
1957200,64.897067,69.834086,65.535898
1957500,0.404991,69.783262,58.741812
1957800,62.708367,65.139158,64.798774
1958100,0.285992,66.88351899999999,58.735625
1958400,64.87635999999999,65.22303199999999,65.049655
1958700,0.220021,69.745639,59.048799
1959000,62.488617000000005,85.334176,66.741541
1959300,2.372735,84.49288299999999,61.166056000000005
1959600,0.147051,65.363033,58.48784200000001
1959900,61.528181999999994,68.468855,64.81495699999999
1960200,61.395255000000006,91.62619699999999,66.997793
1960500,63.585933,65.868436,64.68590999999999
1960800,62.349047999999996,98.327821,67.824997
1961100,63.794699,65.702449,64.70185
1961400,62.89066700000001,98.571062,67.937197
1961700,61.439854000000004,65.605577,64.488491
1962000,62.138172,97.11425600000001,67.429917
1962300,63.448588,99.384568,68.060254
1962600,60.977768999999995,66.70874,64.22511999999999
1962900,19.403697,88.91390200000001,62.483225
1963200,64.287256,65.140337,64.719675
1963500,62.308184,97.595294,67.833564
1963800,64.518956,64.873948,64.70509200000001
1964100,62.198671999999995,98.11345899999999,67.674461
1964400,62.940934,65.228643,64.805194
1964700,64.978594,98.054381,68.45313900000001
1965000,16.005879999999998,65.267728,60.197104
1965300,64.968643,69.149713,65.51569599999999
1965600,0.40486,69.971685,59.17168
1965900,64.925507,65.326327,65.091409
1966200,0.602416,69.845648,59.108889000000005
1966500,62.38411899999999,88.224544,67.331106
1966800,62.400654,98.720603,67.975385
1967100,61.318633,66.138724,64.444642
1967400,62.653914,99.24301700000001,68.366001
1967700,62.815948,98.90835899999999,67.95643299999999
1968000,61.820536,65.92343199999999,64.44579300000001
1968300,59.692204000000004,99.556671,67.718551
1968600,63.099952,66.527149,64.799315
1968900,61.555873,98.977696,67.438428
1969200,63.204125,65.50813199999999,64.73285
1969500,60.953095,99.14962,67.82498000000001
1969800,63.905314000000004,65.182291,64.78242900000001
1970100,62.305411,97.564226,67.85435600000001
1970400,61.599367,98.41526,67.613845
1970700,62.717951,65.133728,64.746344
1971000,62.500337,78.750783,65.715906
1971300,64.796308,65.206174,64.957309
1971600,33.995298999999996,68.601091,62.193373
1971900,62.607156999999994,64.935118,64.644502
1972200,1.345532,69.52088,59.020309999999995
1972500,64.79610500000001,65.01585899999999,64.919259
1972800,0.180885,69.632264,58.95128100000001
1973100,2.376984,65.010992,58.389189
1973400,64.570524,69.589495,65.309678
1973700,62.368248,98.405175,70.964435
1974000,63.955798,65.681191,64.596705
1974300,61.55601,99.67652,67.581479
1974600,63.003282999999996,66.296623,64.603186
1974900,62.110673999999996,99.396952,67.701573
1975200,63.198977,66.561674,64.80005899999999
1975500,61.91895600000001,99.502053,67.98414100000001
1975800,64.246009,99.318258,68.114439
1976100,61.00895799999999,65.999279,64.016868
1976400,62.237403,99.443221,67.968322
1976700,62.080420999999994,77.815449,65.92045
1977000,59.281496,99.28886899999999,67.915673
1977300,62.32235,73.676055,65.92550899999999
1977600,64.76208000000001,93.421881,67.726911
1977900,62.584641000000005,65.162977,64.722201
1978200,34.524309,68.224933,62.208905
1978500,14.775648,64.962645,59.77285799999999
1978800,64.217833,65.453404,64.821551
1979100,62.024188,98.2088,67.433217
1979400,63.724075,65.32744100000001,64.706176
1979700,62.38880699999999,98.110987,67.705574
1980000,64.279026,64.950981,64.760869
1980300,61.892599,99.409304,67.761385
1980600,62.397234999999995,65.019258,64.415828
1980900,61.46419100000001,99.103536,71.418676
1981200,64.018829,65.363754,64.572182
1981500,61.852001,99.752881,67.991626
1981800,61.685529,99.840069,67.970862
1982100,64.168227,65.385735,64.929638
1982400,62.368418000000005,80.502944,67.217258
1982700,64.025748,65.864251,64.667446
1983000,62.396770999999994,98.500887,67.901964
1983300,64.105763,77.72675699999999,66.157489
1983600,51.271583,64.65395500000001,62.555911
1983900,64.282636,74.033774,65.931974
1984200,0.16212100000000002,67.086246,58.498126
1984500,63.383478000000004,98.793766,70.47831
1984800,62.468683999999996,66.323105,64.579961
1985100,61.782299,99.553448,68.117329
1985400,63.74564399999999,66.198527,64.719886
1985700,60.375527000000005,99.102584,67.795633
1986000,63.92169499999999,65.379613,64.72081700000001
1986300,63.184569999999994,99.351108,68.045896
1986600,62.149708999999994,66.280162,64.62265699999999
1986900,62.51319,99.045652,67.76768100000001
1987200,61.383224,99.608533,67.402018
1987500,62.83555500000001,66.39603199999999,64.442741
1987800,62.341362,99.42491899999999,68.129276
1988100,62.428263,85.336323,67.31863299999999
1988400,62.835018999999996,83.973667,66.378899
1988700,64.68701,65.100224,64.823145
1989000,62.197111,98.313536,67.881383
1989300,64.234075,64.954796,64.78579599999999
1989600,62.665501,98.67698399999999,67.80426800000001
1989900,62.414911,98.710853,67.727014
1990200,64.167142,65.04999000000001,64.83334
1990500,62.34411899999999,98.92813199999999,67.785878
1990800,64.930309,65.38085600000001,65.098598
1991100,62.512119999999996,91.317838,68.46485200000001
1991400,64.304761,65.040345,64.816489
1991700,62.40387,98.265698,71.025727
1992000,62.146319999999996,70.58052099999999,65.057418
1992300,0.89699,69.829576,59.199759
1992600,0.272976,67.32129,58.588531999999994
1992900,62.739703000000006,65.323002,64.797437
1993200,27.053825,65.53831600000001,60.909909999999996
1993500,61.912583999999995,66.681034,64.388614
1993800,63.010188,97.27300600000001,67.882372
1994100,63.900017000000005,65.60449399999999,64.844603
1994400,61.760047,97.794503,67.519358
1994700,63.849973,65.518315,64.76508299999999
1995000,61.514481999999994,97.504972,67.633422
1995300,41.392668,74.052704,64.054367
1995600,64.235778,64.983328,64.680095
1995900,63.561854000000004,66.205727,64.58282700000001
1996200,64.114667,65.140899,64.626349
1996500,62.437463,98.208776,68.004338
1996800,62.62504200000001,65.06902600000001,64.73394499999999
1997100,62.520759,96.871848,67.884396
1997400,64.77845,65.119914,64.98709000000001
1997700,47.507241,68.063158,63.634887
1998000,2.101723,69.66550699999999,59.174629
1998300,62.755015,65.241606,64.788637
1998600,0.889594,69.849774,59.108498
1998900,63.703109999999995,92.387026,68.187651
1999200,60.617008,97.289761,67.731189
1999500,64.23111999999999,65.816321,64.798208
1999800,61.774142000000005,97.434427,67.627146
2000100,63.21130600000001,65.965475,64.699223
2000400,62.284952000000004,97.273315,67.825715
2000700,62.955867000000005,98.870527,67.981431
2001000,64.118786,66.139848,64.805335
2001300,63.597655,99.14615500000001,69.472894
2001600,63.464448,65.557006,64.824711
2001900,62.273885,97.320306,68.02600000000001
2002200,63.904539,65.61234499999999,64.842381
2002500,62.508186,98.40587,70.390772
2002800,64.045215,78.490379,66.17531899999999
2003100,61.706313,99.537056,68.113698
2003400,62.754144999999994,99.264809,67.843396
2003700,63.489487,65.641847,64.65548000000001
2004000,61.8478,98.548519,67.743066
2004300,62.550746,65.941746,64.587459
2004600,61.706499,99.450133,67.875079
2004900,64.254302,65.683238,64.928463
2005200,62.562886,99.586149,68.119072
2005500,61.51019599999999,66.189044,64.578144
2005800,63.052124,99.806225,69.577463
2006100,61.604815,93.605783,67.373998
2006400,62.279718,65.16283100000001,64.50044
2006700,41.489668,67.70349300000001,62.76814399999999
2007000,63.718022999999995,66.461722,64.97231
2007300,27.812888,73.158304,61.941951
2007600,61.775711,65.57668000000001,64.46792099999999
2007900,63.32088100000001,99.865779,68.101443
2008200,62.530921,65.1846,64.715188
2008500,50.170001,67.259312,63.593368999999996
2008800,13.721048000000001,65.055161,59.21943
2009100,64.163062,65.753519,64.80582
2009400,61.855421,90.075738,67.166593
2009700,62.218869999999995,91.516929,67.603116
2010000,23.65749,68.667816,60.934706999999996
2010300,64.786992,65.04913,64.93296
2010600,1.415067,69.610006,59.053105
2010900,64.8606,65.124751,64.997798
2011200,0.20283299999999999,69.823838,59.084389
2011500,2.34928,65.4212,58.877836
2011800,65.079003,70.027374,65.679272
2012100,2.2317709999999997,69.660128,59.27425699999999
2012400,63.701685999999995,65.215424,64.871163
2012700,4.945263,65.95695400000001,58.959714
2013000,63.888321,66.09425999999999,64.923982
2013300,34.097296,85.116447,63.917460999999996
2013600,62.382645,65.604127,64.62889200000001
2013900,63.93946700000001,99.278125,69.929773
2014200,63.911139,99.572797,68.207098
2014500,62.028763,65.778415,64.399582
2014800,62.808981,98.620897,67.78350400000001
2015100,63.12648299999999,66.40373100000001,64.636485
2015400,62.627894,100.0,67.71937
2015700,63.769220999999995,65.849813,64.830325
2016000,62.701682,99.88153,68.340778
2016300,63.883623,66.960245,64.874577
2016600,61.620197,99.70048299999999,67.840839
2016900,64.162224,98.97359499999999,68.223487
2017200,64.436737,76.789806,66.061707
2017500,40.133611,66.506812,62.144988
2017800,62.817241,65.253043,64.76285
2018100,24.417011,66.600239,61.137465
2018400,62.860228,65.25236,64.768038
2018700,19.254465,65.488614,60.345027
2019000,64.024214,65.098663,64.673506
2019300,54.87913,95.35165400000001,66.798135
2019600,0.22629499999999997,65.12416999999999,58.532801
2019900,62.363425,69.722163,65.17416300000001
2020200,1.587935,69.801199,59.205099
2020500,62.4927,65.124848,64.79414399999999
2020800,63.132402,99.57340400000001,70.036955
2021100,63.266028000000006,65.57073100000001,64.766147
2021400,62.317004000000004,99.230801,68.109955
2021700,63.142665,65.840529,64.782746
2022000,62.12234399999999,99.704728,68.197463
2022300,64.281188,99.43590400000001,68.214191
2022600,62.33442900000001,65.691722,64.502495
2022900,63.246534999999994,99.249696,67.70959599999999
2023200,63.948567000000004,65.33607099999999,64.644337
2023500,62.774956,67.61901999999999,65.129204
2023800,64.761375,65.462018,65.0711
2024100,39.798293,68.006496,62.660139
2024400,64.877664,82.73018499999999,67.001595
2024700,0.21591300000000002,69.580866,59.068116
2025000,0.49195900000000004,66.372563,58.529151
2025300,62.05315699999999,69.453057,64.981216
2025600,31.743931,65.536851,61.166208999999995
2025900,62.78195,65.291214,64.480138
2026200,62.463313,96.698335,67.722146
2026500,64.03409,65.881509,64.985265
2026800,61.66151,98.93185,67.758116
2027100,63.904129000000005,65.757525,64.851866
2027400,62.043989,98.236138,69.16385
2027700,0.750901,67.161375,58.614925
2028000,60.007849,68.667203,64.79862299999999
2028300,64.725803,80.61901800000001,66.670227
2028600,64.84744599999999,65.298276,65.124098
2028900,31.779032,68.369507,62.112418000000005
2029200,64.338838,65.30325400000001,64.943267
2029500,28.041255,66.356196,61.43383000000001
2029800,64.076635,65.15051600000001,64.862569
2030100,62.139963,91.809668,67.388204
2030400,64.223575,98.831807,68.185451
2030700,62.40290600000001,65.05669300000001,64.32081099999999
2031000,62.350127,98.151454,68.082732
2031300,64.30540699999999,65.24351899999999,64.89658
2031600,63.275935,96.10833199999999,68.92590600000001
2031900,64.160876,65.45172600000001,64.68725500000001
2032200,60.153014,99.090073,68.652872
2032500,62.659723,65.213306,64.764349
2032800,2.2419029999999998,69.8734,59.230608
2033100,0.16298900000000002,65.347332,58.07394300000001
2033400,64.01730500000001,69.087786,65.054091
2033700,62.46636899999999,74.233337,65.380418
2034000,63.603675,66.760828,64.756282
2034300,63.48652,98.22842299999999,68.048627
2034600,62.072949,65.868288,64.624268
2034900,62.451902000000004,98.43804300000001,67.807209
2035200,62.149531,70.383933,65.749509
2035500,64.293093,94.64594100000001,67.947569
2035800,7.585172,65.30755500000001,59.085522999999995
2036100,62.624618000000005,66.173375,64.81434200000001
2036400,62.843175,88.76106800000001,67.031246
2036700,64.612024,65.171247,64.915911
2037000,62.54684,94.31085300000001,67.651384
2037300,62.609711,73.091628,65.639308
2037600,59.82569599999999,99.556665,67.940258
2037900,64.43186999999999,65.337435,64.984753
2038200,63.08342,99.782818,68.25672800000001
2038500,64.824892,65.23520699999999,65.052145
2038800,63.916013,95.67372399999999,70.41399100000001
2039100,62.54016,99.045192,68.065007
2039400,62.29405500000001,65.47322199999999,64.760599
2039700,3.2568919999999997,69.814966,59.015438
2040000,62.844232,65.294956,64.887333
2040300,0.128433,69.836402,59.04241
2040600,64.86898000000001,65.259167,65.064864
2040900,0.258758,69.841245,59.115514000000005
2041200,64.996022,65.23653900000001,65.153453
2041500,0.36440700000000004,69.76158000000001,59.157462
2041800,6.064632,65.859701,58.935401
2042100,62.994601,66.38286,64.942589
2042400,61.8623,99.72299,70.27900799999999
2042700,61.980787,65.902396,64.4543
2043000,62.879705,98.8539,67.858479
2043300,63.743261,67.13831400000001,64.770627
2043600,59.358984,98.82475,67.496624
2043900,63.184858999999996,66.344862,64.756182
2044200,61.830725,99.335543,68.149107
2044500,61.229577,99.44480899999999,67.62894
2044800,61.576496,66.05471800000001,64.585235
2045100,62.801341,99.331757,68.155465
2045400,62.460319999999996,68.171112,64.973117
2045700,64.19762800000001,98.930993,68.14319
2046000,64.38448199999999,86.064909,67.011539
2046300,63.843206,98.54612,69.60289300000001
2046600,64.612656,65.068914,64.87546400000001
2046900,29.752829,66.335233,61.243628
2047200,19.542005,66.567883,60.617615
2047500,64.379964,65.17736500000001,64.817494
2047800,42.474189,65.260976,62.644422
2048100,64.224659,65.026643,64.828615
2048400,62.66085699999999,76.264664,65.666557
2048700,64.212691,65.093727,64.894104
2049000,62.429177,77.80171999999999,66.668648
2049300,64.66808499999999,65.690704,65.113218
2049600,48.405423,85.07651899999999,65.30653000000001
2049900,64.93773,96.820368,68.356985
2050200,62.491528,65.363242,64.963425
2050500,1.386303,69.62429300000001,58.976356
2050800,64.90598100000001,65.136012,65.008383
2051100,0.171693,69.769246,58.99918100000001
2051400,64.83107199999999,65.125113,64.976063
2051700,0.09138099999999999,69.839457,58.972662
2052000,64.811368,65.073401,64.939962
2052300,0.304129,69.817936,58.980163
2052600,0.389862,69.729153,59.051623
2052900,64.943251,65.279175,65.081777
2053200,29.717698,76.23192900000001,62.493726
2053500,63.272201,65.925832,64.62478399999999
2053800,62.80840500000001,96.68650799999999,68.017791
2054100,62.968548,73.610523,65.73064000000001
2054400,0.283331,69.87902199999999,58.861385999999996
2054700,64.866599,65.295314,65.057309
2055000,0.576587,69.685405,58.578862
2055300,0.24130100000000002,69.74641,58.856249
2055600,62.360053,65.239089,64.845747
2055900,0.365688,69.735051,59.099412
2056200,62.69826,65.22845600000001,64.856277
2056500,0.267862,66.948711,58.749230000000004
2056800,64.378984,88.006524,67.824763
2057100,62.324723,97.191113,67.622641
2057400,62.163966,65.799212,64.559122
2057700,62.302938,98.21892700000001,67.79834699999999
2058000,59.365494999999996,98.055229,67.507839
2058300,64.2924,65.414638,64.91564100000001
2058600,62.34143,97.954128,67.718281
2058900,62.373027,65.686065,64.720628
2059200,63.843931000000005,97.854017,67.907958
2059500,61.99051800000001,65.27082800000001,64.22343000000001
2059800,61.784676,97.599575,68.970072
2060100,64.171122,65.927252,64.940599
2060400,62.793742,97.41982,68.982688
2060700,62.272991000000005,96.495249,67.798224
2061000,64.558701,65.05682900000001,64.881374
2061300,62.348038,97.228911,68.022367
2061600,64.813753,73.018795,65.744786
2061900,62.497179,97.269747,67.693732
2062200,64.125449,65.059438,64.754286
2062500,62.651577,97.850988,68.026084
2062800,62.062594,65.186669,64.63109399999999
2063100,63.035235,97.837346,68.14692099999999
2063400,7.0701339999999995,69.457746,59.661193999999995
2063700,62.653288,65.108089,64.764643
2064000,1.589502,87.411927,63.037195999999994
2064300,63.886658999999995,66.721029,65.024174
2064600,2.574732,67.63723399999999,59.085637
2064900,62.243542000000005,66.07746800000001,64.570523
2065200,58.079882999999995,65.309997,64.088675
2065500,63.78035500000001,65.65308900000001,64.824849
2065800,62.724718,97.491487,67.81305400000001
2066100,0.500739,78.62378100000001,60.295928
2066400,63.09815,66.363896,65.104956
2066700,0.9701219999999999,68.110606,58.923632
2067000,63.548301,65.412811,64.725755
2067300,62.796979,75.4695,65.638439
2067600,63.951995,72.455177,66.112228
2067900,62.399715,98.089102,67.73957800000001
2068200,62.044134,65.734087,64.636647
2068500,62.463087,98.371113,68.089163
2068800,63.521421,99.399837,68.293728
2069100,64.02082800000001,65.90203000000001,64.938694
2069400,64.765597,73.63342800000001,65.964889
2069700,64.831845,65.352868,65.099634
2070000,39.889696,67.154882,62.350937
2070300,62.235288,65.18294200000001,64.488982
2070600,62.738239,94.62525699999999,67.628693
2070900,64.810266,72.738011,65.803105
2071200,63.586597,98.07347299999999,70.054813
2071500,1.632931,65.207735,58.744962
2071800,64.92535600000001,69.878843,65.604995
2072100,0.23899099999999998,70.010349,59.189817000000005
2072400,62.33356,65.30058199999999,64.86828100000001
2072700,0.555829,69.575491,58.81349300000001
2073000,62.448606000000005,65.241686,64.77350600000001
2073300,0.9479299999999999,69.768736,58.908776
2073600,65.07741999999999,65.332614,65.21221
2073900,2.6276650000000004,70.003694,59.430671
2074200,1.138986,65.43631500000001,58.812546999999995
2074500,62.446448,69.865903,65.281358
2074800,2.7741569999999998,69.712749,59.639464000000004
2075100,63.87183100000001,68.656118,65.68271899999999
2075400,63.155351,98.47584499999999,68.15626800000001
2075700,64.385862,65.442465,64.950181
2076000,62.617353,98.521774,67.817414
2076300,60.894040000000004,67.19743000000001,64.7272
2076600,62.589024,98.093544,67.969572
2076900,63.793431000000005,98.20353100000001,68.162475
2077200,62.209106999999996,77.69484399999999,66.026409
2077500,61.403158999999995,98.913097,67.933205
2077800,62.862085,65.58579300000001,64.680463
2078100,63.442662,99.25739399999999,68.206168
2078400,62.626689,65.594691,64.67593199999999
2078700,16.378064000000002,92.654724,62.443492000000006
2079000,64.025936,65.057711,64.799949
2079300,62.600747999999996,95.47179799999999,67.689388
2079600,64.125773,98.62710899999999,68.153301
2079900,62.291665,64.929781,64.513164
2080200,62.867146999999996,98.392746,68.083906
2080500,62.375871999999994,65.169033,64.789803
2080800,62.751957999999995,83.01936500000001,66.835059
2081100,64.919191,65.222778,65.11405699999999
2081400,62.34823299999999,99.514297,68.126995
2081700,62.125976,65.046689,64.52216899999999
2082000,62.49452900000001,97.92236,67.77291
2082300,0.30744699999999997,87.991282,62.599461
2082600,65.06741600000001,69.85374300000001,65.643129
2082900,2.4524220000000003,69.883682,58.874411
2083200,64.911237,65.359269,65.158663
2083500,0.44766999999999996,69.728729,59.110519
2083800,64.831701,65.145044,65.00152800000001
2084100,0.374877,69.779222,58.997471
2084400,62.767115000000004,65.12960799999999,64.791887
2084700,0.216529,69.75660699999999,59.02064300000001
2085000,2.841524,65.348422,58.830907999999994
2085300,64.808465,69.615972,65.53189300000001
2085600,0.152598,69.83459,59.044548
2085900,64.463143,68.869676,65.586873
2086200,62.054735,99.519176,67.923061
2086500,62.321740000000005,65.886888,64.825299
2086800,62.63645,99.647631,68.072254
2087100,64.40942199999999,65.60313199999999,64.862628
2087400,61.901328,99.486678,67.98461800000001
2087700,64.307439,100.0,68.557612
2088000,62.66583000000001,65.794761,64.794674
2088300,61.276680000000006,99.519992,69.330675
2088600,63.312822,78.20006,66.139453
2088900,0.17840699999999998,77.887039,60.346419
2089200,64.020728,65.22954200000001,64.699128
2089500,59.527499,99.12204200000001,69.877818
2089800,61.318402,65.68325,64.454561
2090100,61.629814,99.48589100000001,67.93976500000001
2090400,64.015013,99.530085,68.378862
2090700,63.362211,65.535733,64.619165
2091000,62.432717000000004,99.08086,68.095107
2091300,63.634508999999994,66.344162,64.932177
2091600,59.973836999999996,99.31826,67.944539
2091900,61.885703,65.693166,64.722786
2092200,63.035582999999995,99.213422,68.006723
2092500,62.312883,66.79355799999999,64.600364
2092800,60.190979000000006,99.33031899999999,67.65010699999999
2093100,64.48309499999999,98.930656,69.766988
2093400,62.653092,65.065053,64.725965
2093700,64.511259,98.869371,68.435486
2094000,62.512598,65.380413,64.93875200000001
2094300,1.3293709999999999,69.948102,59.117431999999994
2094600,64.996574,65.404795,65.15903
2094900,0.27466,69.70179499999999,58.632654
2095200,62.765411,65.405959,65.010796
2095500,34.754519,65.899349,62.285313
2095800,2.2134650000000002,65.432862,58.879066
2096100,62.832795,69.859161,65.298913
2096400,0.34832199999999996,69.802778,59.02389
2096700,62.504093999999995,77.20765,66.010769
2097000,60.303580000000004,99.04378100000001,67.772127
2097300,62.974159,65.990452,64.70231899999999
2097600,61.79413100000001,99.81529300000001,68.114932
2097900,62.38144499999999,65.996534,64.68254300000001
2098200,62.382053000000006,99.776258,69.56902600000001
2098500,62.456228,99.726391,67.973828
2098800,62.722015,66.227592,64.619791
2099100,62.400403000000004,99.802114,68.005723
2099400,61.151047,66.084739,64.61770600000001
2099700,61.281815,98.950861,67.827567
2100000,64.05408800000001,65.712313,64.95921
2100300,63.8397,99.900902,68.969884
2100600,64.332977,65.180246,64.902559
2100900,62.498004,98.996627,67.74265
2101200,62.426738,65.12571899999999,64.404352
2101500,62.935643999999996,98.775868,67.858453
2101800,62.228173999999996,98.77968,68.949699
2102100,62.465221,65.175309,64.68185600000001
2102400,61.981097999999996,98.236661,67.91207299999999
2102700,64.332937,65.19494499999999,64.988376
2103000,62.55599399999999,98.378537,69.209126
2103300,64.317901,65.4475,64.91346800000001
2103600,21.681043,65.292022,60.439471
2103900,64.925647,83.24354,67.798784
2104200,1.381566,69.652026,58.851364000000004
2104500,1.426144,69.600071,59.118263
2104800,64.894245,65.160774,65.051325
2105100,1.414038,69.518513,59.075338
2105400,64.74146400000001,65.08256800000001,64.98259300000001
2105700,1.329623,69.61865,59.124759
2106000,62.594799,65.21676,64.756573
2106300,0.179344,69.642099,58.99394399999999
2106600,64.934947,65.24455400000001,65.10933399999999
2106900,0.48342799999999997,69.789617,58.931629
2107200,3.4250260000000003,69.764142,59.47876
2107500,64.507072,81.527923,67.593419
2107800,62.210725,98.444475,68.034482
2108100,63.921515,65.996349,65.06594100000001
2108400,61.127483,98.884687,67.566363
2108700,64.479215,65.74016800000001,65.033072
2109000,62.771696,98.49255699999999,68.007451
2109300,62.303406,68.233736,64.934113
2109600,62.685935,99.160703,68.17985
2109900,62.139653,99.13498,67.983863
2110200,63.911299,65.824997,65.057702
2110500,62.356448,99.632812,68.222461
2110800,63.448662,66.457224,65.030132
2111100,64.952563,96.059,70.34447
2111400,64.98078199999999,65.256654,65.09303
2111700,3.7852949999999996,69.451707,59.386278000000004
2112000,64.871887,65.240494,65.04460999999999
2112300,2.265206,69.663154,59.246929
2112600,4.2401919999999995,65.232652,59.000693000000005
2112900,64.339226,69.511085,65.596419
2113200,62.891139,98.753617,68.10016
2113500,62.82539499999999,65.3083,64.990975
2113800,8.231913,69.201691,59.889545
2114100,62.38463,65.214721,64.83274
2114400,1.345987,69.729331,58.954404000000004
2114700,64.882275,86.658953,69.060621
2115000,0.22945700000000002,69.774565,58.75729200000001
2115300,62.820345999999994,98.269446,68.044809
2115600,62.098859,65.289913,64.637259
2115900,62.512024,97.972143,67.811613
2116200,62.35912,65.837952,64.840064
2116500,62.096743999999994,99.501295,68.007428
2116800,62.282688,66.181423,64.722893
2117100,63.625893999999995,98.503254,68.203127
2117400,63.66857099999999,66.768068,65.042376
2117700,62.810175,99.63132399999999,68.059106
2118000,63.833616000000006,98.94769000000001,69.813119
2118300,62.945398,78.179396,66.022435
2118600,48.104978,67.47533100000001,63.742126
2118900,64.463193,65.368253,64.953032
2119200,33.947553000000006,65.27112,61.943993999999996
2119500,64.682886,65.38099799999999,65.04429499999999
2119800,59.488188,99.309864,68.71368199999999
2120100,64.691188,65.40939499999999,65.094021
2120400,51.173549,67.62756800000001,63.738335
2120700,6.50997,65.328305,59.208339
2121000,62.867183999999995,66.374545,64.979299
2121300,24.913605,65.312253,60.950965000000004
2121600,64.790631,65.210277,65.031132
2121900,48.436878,93.238431,66.097217
2122200,62.501962,65.284812,64.908118
2122500,0.187432,70.04706999999999,59.144167
2122800,64.926224,65.228562,65.083972
2123100,0.348129,69.694511,58.859494999999995
2123400,17.450217000000002,65.590363,60.226678
2123700,60.662615,71.21475,64.922505
2124000,32.643413,66.121375,61.032740000000004
2124300,63.760498,66.527761,64.929947
2124600,62.837341,87.19833299999999,67.030457
2124900,64.627708,65.81585,65.078117
2125200,62.928945999999996,97.26322900000001,67.79113199999999
2125500,64.444737,69.030898,65.345933
2125800,62.52026899999999,76.383986,66.215824
2126100,39.732544,65.30367,62.399106
2126400,61.977511,66.287798,64.87986
2126700,7.109783999999999,65.777202,59.288192
2127000,64.702996,65.326764,65.064194
2127300,50.071017,65.286675,63.256168
2127600,62.734578000000006,65.444514,64.575276
2127900,62.741062,92.740719,67.411733
2128200,64.552089,65.22282299999999,64.987237
2128500,62.491265000000006,99.27766,67.917962
2128800,64.25538,65.141092,64.669464
2129100,62.381974,98.742923,67.944498
2129400,29.83612,94.084074,64.896773
2129700,63.96911600000001,66.56177199999999,65.001449
2130000,63.178059,90.841157,67.45358399999999
2130300,64.435647,65.687849,64.943623
2130600,61.63920699999999,98.702185,67.904903
2130900,64.429852,65.725217,65.084197
2131200,62.47743199999999,97.900479,67.83714
2131500,62.500023999999996,66.195838,64.806588
2131800,62.988962,97.860803,69.104363
2132100,0.359029,66.440201,58.58827900000001
2132400,64.352913,66.049863,65.077017
2132700,64.382069,99.382826,68.296217
2133000,63.894991000000005,71.64075799999999,65.44603000000001
2133300,62.552831000000005,99.155817,68.16024300000001
2133600,64.76634200000001,65.145039,65.00199599999999
2133900,63.134651,99.581561,68.24062099999999
2134200,65.008821,65.33033,65.096681
2134500,50.02612,67.14182,63.766290000000005
2134800,49.237275,67.439436,63.433298
2135100,62.13000400000001,73.388485,65.593647
2135400,62.470126,99.101878,67.941833
2135700,62.201229000000005,67.721855,65.120538
2136000,62.580656000000005,99.592128,68.267876
2136300,64.455501,65.42980899999999,65.064748
2136600,62.655322,98.875097,70.6434
2136900,64.7765,65.234854,65.03246700000001
2137200,62.667136,99.287409,68.134817
2137500,63.010563,98.553686,68.289633
2137800,64.256107,78.754634,66.295642
2138100,62.464397,90.84213299999999,67.187596
2138400,64.477747,65.150906,64.936246
2138700,62.10374100000001,98.225674,67.970903
2139000,64.984263,65.254358,65.140036
2139300,62.659505,98.949416,68.145274
2139600,64.892189,65.350091,65.104302
2139900,62.727766,97.68386,68.07759399999999
2140200,3.557403,95.86176400000001,62.437583999999994
2140500,63.97295,66.438663,64.98899899999999
2140800,62.28776,98.272522,67.861609
2141100,64.312315,65.28286,64.891239
2141400,62.53783000000001,99.674309,67.945033
2141700,64.10623100000001,66.121034,65.089354
2142000,62.374140000000004,98.165977,68.095496
2142300,63.431689,66.181372,64.939634
2142600,62.340174,99.785083,68.292764
2142900,61.142549,99.47564399999999,67.93681600000001
2143200,63.96464,66.034773,65.15487399999999
2143500,59.413332999999994,99.14830699999999,67.928957
2143800,64.765713,77.169862,66.702276
2144100,62.713894999999994,96.317904,67.848334
2144400,64.691285,65.267841,65.007994
2144700,62.235482999999995,98.713863,67.860828
2145000,62.622853000000006,65.214749,64.544258
2145300,62.743739,99.002445,68.231385
2145600,62.671923,97.97269,68.166821
2145900,62.450480000000006,65.268348,64.728721
2146200,62.536347,98.164854,67.847863
2146500,64.645548,65.350083,65.029481
2146800,62.771919,98.812425,68.04034200000001
2147100,65.053562,65.371635,65.213639
2147400,57.565473,96.087228,67.773785
2147700,63.040806999999994,66.56016600000001,65.057973
2148000,62.806225,98.095391,67.999498
2148300,62.643728,99.000862,68.240358
2148600,64.443597,65.355871,64.909767
2148900,62.026387,98.82675400000001,68.128612
2149200,64.48625200000001,65.746439,65.107113
2149500,62.684518999999995,99.818656,68.01659599999999
2149800,62.877412,65.417439,64.850022
2150100,62.535095,99.16312099999999,67.69534399999999
2150400,64.502252,80.330679,66.841747
2150700,62.453407999999996,97.06468199999999,68.077439
2151000,62.459376,99.26123199999999,70.019249
2151300,64.40424300000001,65.195406,64.867776
2151600,62.539665,99.19470799999999,68.237574
2151900,63.245993999999996,65.717987,64.81876899999999
2152200,62.728007999999996,99.427425,68.13967199999999
2152500,63.187713,72.62078299999999,66.036362
2152800,62.58364399999999,96.477138,67.891485
2153100,62.974734,65.409811,65.048462
2153400,49.584563,67.897995,63.73458299999999
2153700,64.312363,95.768245,67.823975
2154000,62.510334,65.234599,64.799488
2154300,62.265347,98.378698,67.92065600000001
2154600,62.514832999999996,88.882251,68.215738
2154900,2.231466,69.937383,58.978984
2155200,63.107324,65.528853,64.926734
2155500,10.565693,69.637759,60.376985
2155800,62.681854,65.527426,65.079557
2156100,0.149871,70.004099,59.226323
2156400,0.06743400000000001,65.370024,58.752669999999995
2156700,65.145579,70.09983000000001,65.73051600000001
2157000,0.15298499999999998,68.81893000000001,59.020975
2157300,63.461786,66.281511,64.84180500000001
2157600,43.443847999999996,66.948662,62.854457
2157900,64.43926,65.366102,64.93475500000001
2158200,62.80611,98.17665799999999,70.137658
2158500,64.298858,65.450448,64.94277
2158800,60.266602,99.323899,68.144114
2159100,64.593932,99.47300600000001,68.408842
2159400,62.197626,65.547623,64.681618
2159700,43.298195,68.21529,63.297554000000005
2160000,64.198323,65.71589499999999,64.980497
2160300,62.84256,95.812044,67.81861500000001
2160600,64.092045,65.41138199999999,64.943547
2160900,62.6145,98.325608,67.91624499999999
2161200,65.07620899999999,65.421859,65.249089
2161500,64.29094,98.711931,68.68952900000001
2161800,0.254141,87.982607,62.567198
2162100,63.523388,69.123303,65.32611800000001
2162400,64.06575,98.303514,68.328694
2162700,63.504141000000004,66.078804,64.996666
2163000,62.082141,98.80944000000001,68.208119
2163300,62.820052000000004,66.40099000000001,64.660609
2163600,62.918946999999996,98.004899,68.090422
2163900,64.215649,65.332719,64.875461
2164200,62.390254000000006,97.519694,68.046339
2164500,63.655921,97.81846,68.308493
2164800,62.28840400000001,65.838828,64.436422
2165100,63.190872,96.1702,67.831519
2165400,63.415079000000006,92.7438,67.715585
2165700,10.36978,66.163276,59.615048
2166000,62.27219,65.397917,64.915523
2166300,60.826141,65.379186,64.633425
2166600,62.659712,65.371781,64.911111
2166900,63.838958,73.130714,65.809313
2167200,62.384812,90.044983,67.413715
2167500,63.134492,65.395166,64.995983
2167800,63.091255000000004,91.72389100000001,67.53963
2168100,64.44730899999999,65.481022,65.193821
2168400,62.766317,96.66974599999999,68.72846899999999
2168700,64.262103,66.09464799999999,65.087151
2169000,62.998665,84.43838199999999,66.870728
2169300,65.02775,65.344229,65.19698100000001
2169600,0.262692,70.03193900000001,59.173264
2169900,0.273733,65.302115,58.718626
2170200,65.004719,70.212914,65.757713
2170500,0.250677,70.091402,59.204572
2170800,65.117003,65.439286,65.281927
2171100,0.165506,69.910155,59.149530000000006
2171400,63.35057,65.603926,64.669285
2171700,2.4370119999999997,66.671625,58.828644999999995
2172000,62.724095999999996,65.785452,64.645163
2172300,62.447336,98.36095300000001,68.146422
2172600,64.142701,96.317316,68.824453
2172900,62.279734,65.808145,64.793665
2173200,64.393028,95.056878,68.160174
2173500,62.90405500000001,65.560829,64.894538
2173800,41.563006,67.853581,62.719733999999995
2174100,64.452235,65.318279,64.99550500000001
2174400,13.64112,65.388501,60.009226
2174700,64.94325,65.275534,65.15502099999999
2175000,12.346943,65.323207,59.387524
2175300,64.721242,94.312207,68.06531899999999
2175600,62.549243999999995,65.369206,64.568915
2175900,62.385104000000005,94.630763,67.605778
2176200,65.100655,91.97932800000001,68.073265
2176500,0.9013540000000001,70.031414,59.041987
2176800,63.556105,66.00670500000001,65.048346
2177100,7.908819,66.086955,59.302704000000006
2177400,62.070124,66.432467,64.767416
2177700,63.142483,98.849687,68.005808
2178000,64.372935,98.577095,68.488668
2178300,62.118117000000005,65.57680400000001,64.14896
2178600,62.04746,98.454748,67.873652
2178900,61.831749,65.725895,64.435601
2179200,62.532309999999995,98.386729,67.932386
2179500,64.298992,66.30524399999999,65.005296
2179800,62.365149,98.56648100000001,69.32593299999999
2180100,64.866109,65.68345,65.192145
2180400,62.932421,97.324463,68.235747
2180700,16.747167,65.27063199999999,60.325911
2181000,64.998465,69.300986,65.592185
2181300,1.373092,69.990266,59.386081000000004
2181600,65.072374,65.39802900000001,65.26928000000001
2181900,0.251893,70.05489,59.050417
2182200,63.000811,65.44414,65.090637
2182500,2.521625,69.982359,59.510481000000006
2182800,65.28450500000001,65.507838,65.379504
2183100,2.550359,69.95973599999999,59.318325
2183400,65.162851,98.623127,68.639625
2183700,61.761053000000004,70.249987,65.058133
2184000,61.495861,98.90248000000001,67.63194
2184300,63.898038,66.02665,64.91326
2184600,58.814583,94.172123,67.666931
2184900,62.951461,66.373065,64.824748
2185200,61.695753,96.888145,67.645146
2185500,62.631064,66.46869699999999,64.883935
2185800,62.404812,96.899443,67.788764
2186100,64.195474,99.104543,68.45409599999999
2186400,61.698965,65.500399,64.82318000000001
2186700,64.745074,92.861774,67.949278
2187000,65.11211,65.462886,65.273715
2187300,0.770886,85.882979,61.235257
2187600,63.345576,65.631353,65.260858
2187900,0.29081,70.31013399999999,59.424293000000006
2188200,65.108317,65.559464,65.36525400000001
2188500,0.407256,69.892749,59.213407999999994
2188800,0.46166,66.980664,58.44951
2189100,55.459616000000004,71.24364200000001,65.03360699999999
2189400,34.656397,67.843323,61.96813
2189700,64.02545,66.163939,65.138094
2190000,63.598462,98.189735,68.291322
2190300,64.55131,66.023815,65.03414000000001
2190600,63.26198,98.312107,68.214975
2190900,64.258385,87.429513,67.43831
2191200,61.56779399999999,99.253045,67.897058
2191500,60.24759,98.613586,68.414062
2191800,62.641963,65.462812,64.750591
2192100,60.827941,98.466053,67.89948199999999
2192400,62.358565000000006,65.76991600000001,64.789177
2192700,64.941361,72.142016,65.899565
2193000,65.114153,65.473958,65.245891
2193300,49.428998,67.774315,63.723542
2193600,62.403199,65.45283,64.57080500000001
2193900,43.571978,65.32533199999999,62.606311
2194200,64.79701999999999,98.303442,69.30746500000001
2194500,62.512411,83.653432,66.10084300000001
2194800,1.761998,69.886636,59.347274
2195100,62.700464000000004,65.45400699999999,65.047511
2195400,0.170462,70.339166,59.260509
2195700,62.75434,67.96229,65.36150400000001
2196000,2.830093,69.910481,59.496404000000005
2196300,62.78496,65.46287,65.084148
2196600,0.192406,69.910539,59.28951
2196900,0.43536499999999995,66.08697,58.497404
2197200,63.094174,67.882512,65.264524
2197500,51.130241999999996,66.75130899999999,63.6501
2197800,64.450005,66.251894,65.080647
2198100,63.269954000000006,99.095007,69.608707
2198400,63.121591,67.23768199999999,65.156102
2198700,63.685398,95.052018,67.994644
2199000,64.414231,65.49744799999999,65.234021
2199300,62.033558,66.497197,65.114681
2199600,64.69879499999999,65.68588199999999,65.213584
2199900,9.18406,66.673187,59.319106000000005
2200200,62.661081,93.30279499999999,67.387264
2200500,64.306799,65.229353,64.914017
2200800,62.612497999999995,99.005154,68.31342
2201100,62.768514,65.485854,65.103542
2201400,2.0235529999999997,69.903554,59.539364
2201700,63.964231999999996,88.285065,68.91291700000001
2202000,60.605493,66.514948,64.276934
2202300,62.666515000000004,75.553742,65.884425
2202600,2.433344,70.095786,59.559029
2202900,0.446201,67.618707,58.919114
2203200,62.825685,65.799313,64.868579
2203500,62.479339,99.853264,68.357403
2203800,63.981939000000004,66.022922,65.02699799999999
2204100,62.391794999999995,98.46709399999999,68.141288
2204400,63.650119999999994,66.314427,64.97761899999999
2204700,61.968768000000004,98.14419000000001,68.169523
2205000,64.262288,65.72686999999999,65.058075
2205300,63.230143000000005,98.86392,71.195137
2205600,61.95876,98.002447,67.389881
2205900,63.690753,65.434273,64.889818
2206200,62.64253299999999,93.396649,67.722516
2206500,64.92911099999999,65.322594,65.170218
2206800,44.432912,68.577413,63.444246
2207100,64.615057,65.284309,65.01094599999999
2207400,61.818903000000006,65.580384,64.41066500000001
2207700,64.733746,65.293644,65.046301
2208000,62.39578,98.164636,67.354601
2208300,64.176227,98.383927,68.33237199999999
2208600,62.954162,65.453678,65.08870300000001
2208900,0.457617,91.516638,63.15379300000001
2209200,64.507024,65.86245500000001,65.248632
2209500,16.826572,66.327455,60.387212
2209800,63.555335,66.371895,65.009139
2210100,63.58404,99.02188199999999,68.35028199999999
2210400,64.286124,66.23298,65.062397
2210700,62.088078,98.968267,67.857661
2211000,63.49895,99.738967,68.43252700000001
2211300,63.914667,65.783407,65.10293100000001
2211600,62.122528,99.60084499999999,68.232349
2211900,63.778406999999994,66.31235799999999,65.07804300000001
2212200,62.910224,99.266697,68.31499000000001
2212500,64.36073499999999,82.380059,66.691932
2212800,62.654613,99.075317,68.01786700000001
2213100,65.196066,65.509785,65.375949
2213400,62.590711999999996,69.772995,65.519549
2213700,1.374198,70.064207,59.481463
2214000,62.722787,65.487263,65.126341
2214300,2.3307279999999997,69.990323,59.322874
2214600,65.205834,65.659796,65.36497299999999
2214900,62.911480000000005,67.75147,65.30082
2215200,65.229364,65.575014,65.386224
2215500,1.3976629999999999,70.08801700000001,59.616071
2215800,65.006695,65.39724,65.24829
2216100,2.196078,79.504524,61.02457
2216400,62.86006999999999,99.066241,68.12747
2216700,64.20449,65.76084399999999,64.976512
2217000,59.429005000000004,99.33804599999999,67.637149
2217300,61.71945899999999,66.839038,64.78919599999999
2217600,61.812279000000004,99.184143,68.00567099999999
2217900,60.301779,69.015786,65.042085
2218200,62.460987,99.195747,67.806494
2218500,64.063564,66.408046,64.990886
2218800,63.018537,99.324552,68.255139
2219100,61.593801,99.101324,67.95122099999999
2219400,62.107048999999996,66.501713,64.861041
2219700,64.78282800000001,98.183524,69.098605
2220000,62.893758999999996,65.507063,65.136137
2220300,8.198329,69.942669,60.08290699999999
2220600,65.080625,65.521792,65.285237
2220900,0.296951,70.257447,59.136688
2221200,63.81104499999999,66.73342199999999,64.969668
2221500,2.957424,67.282586,58.801602
2221800,0.186299,70.03803,59.52013
2222100,65.123129,65.4242,65.252228
2222400,0.31819000000000003,70.01130500000001,59.062152000000005
2222700,65.064256,65.378357,65.22199
2223000,0.312972,70.468581,59.391906000000006
2223300,64.173353,76.722523,66.33489200000001
2223600,62.255712,98.911764,67.775711
2223900,63.161089000000004,66.560548,64.827274
2224200,62.532039000000005,99.418409,68.054473
2224500,62.520663,99.806714,69.666589
2224800,64.28939,78.621737,66.418766
2225100,62.743373999999996,98.523053,68.206851
2225400,62.24558199999999,65.82594499999999,64.714569
2225700,62.446532999999995,96.843861,67.80228000000001
2226000,63.082461,67.34617800000001,65.198177
2226300,60.104151,99.218948,69.198461
2226600,61.34680600000001,65.681189,64.581769
2226900,61.704246,98.90808100000001,69.450391
2227200,62.435593000000004,99.20363499999999,68.060424
2227500,62.527170999999996,67.378474,64.971209
2227800,63.934286,99.575577,68.459487
2228100,64.46146,65.837964,65.135614
2228400,64.646468,99.062086,68.53863
2228700,64.562752,65.928116,65.29462099999999
2229000,47.654695000000004,67.106321,63.69763100000001
2229300,64.50304,65.24788199999999,64.970727
2229600,63.906478,69.167218,65.273269
2229900,61.904977,99.020557,67.889585
2230200,64.43588299999999,65.347338,65.081194
2230500,48.567792,80.30910300000001,65.838151
2230800,63.102174,65.609626,65.22501700000001
2231100,0.297083,70.321775,59.12260799999999
2231400,62.1749,65.99628100000001,64.766501
2231700,62.077360999999996,98.72861800000001,67.722112
2232000,62.865255000000005,66.630768,64.854072
2232300,62.513411,99.66353199999999,68.372097
2232600,62.501836,100.0,68.358651
2232900,64.228806,66.909572,65.23893299999999
2233200,62.232524,99.308549,67.994792
2233500,63.034052,65.903223,64.70695
2233800,62.07815,99.208763,67.926834
2234100,64.151227,88.834197,67.539726
2234400,62.393553000000004,94.208616,67.755988
2234700,62.95335,65.604496,64.872518
2235000,18.555398,66.72505100000001,60.571973
2235300,62.039136,96.233875,67.735562
2235600,64.578377,65.350864,65.085258
2235900,63.927653,99.025588,69.280469
2236200,63.218137,65.816668,65.051389
2236500,36.401625,68.357731,62.442615
2236800,64.435123,65.247231,64.89652
2237100,63.044256000000004,87.574952,66.988054
2237400,64.90087,65.337783,65.164289
2237700,62.53500699999999,98.758065,70.956119
2238000,39.361164,65.579084,62.12591
2238300,63.735980000000005,66.42987600000001,65.036102
2238600,63.789398999999996,98.245952,68.27696
2238900,64.084409,66.228873,64.932417
2239200,63.833748,99.069203,68.26867800000001
2239500,60.22770799999999,67.754307,64.980357
2239800,62.357004,100.0,68.108657
2240100,63.584414,66.19869200000001,65.116203
2240400,61.211641,98.867912,68.051378
2240700,62.391662,99.435437,67.876391
2241000,62.749226,66.105127,64.769286
2241300,62.688212,99.955546,69.939491
2241600,62.509814,71.155521,65.25137
2241900,60.286924,98.59699300000001,67.919093
2242200,62.729478,65.465975,64.987719
2242500,62.262549,98.356717,68.085144
2242800,65.070396,65.494033,65.305839
2243100,65.36686999999999,90.632723,68.56679399999999
2243400,65.12808199999999,96.79106800000001,68.39862
2243700,62.359715,78.540708,66.102046
2244000,22.020228,65.95026899999999,60.593374
2244300,64.920604,65.378752,65.17387
2244600,62.703702,96.689192,68.045937
2244900,65.10588299999999,65.397644,65.247695
2245200,0.7959970000000001,92.002978,62.347017
2245500,62.227169999999994,65.813076,65.06296999999999
2245800,1.013002,70.192553,59.56672
2246100,0.7085859999999999,65.74186999999999,58.876775
2246400,63.488861,70.094888,65.492204
2246700,64.210583,70.322409,65.791453
2247000,63.233676,65.630454,65.272878
2247300,0.7152390000000001,70.293555,59.429939000000005
2247600,61.403856999999995,67.90579699999999,64.858517
2247900,61.138760999999995,97.83120100000001,67.67232299999999
2248200,62.611906999999995,67.45100699999999,65.01347700000001
2248500,62.497537,99.134152,68.020124
2248800,63.689627,79.02944000000001,66.08320400000001
2249100,64.572973,65.332082,65.090998
2249400,63.084652,94.871167,67.76115
2249700,64.607489,65.45920600000001,65.188091
2250000,62.88921,98.165437,68.26271
2250300,64.786068,65.305313,65.122265
2250600,62.89226899999999,98.072999,68.273709
2250900,64.59780400000001,65.32126600000001,65.074374
2251200,63.23306899999999,99.016091,68.492317
2251500,52.731106000000004,65.872773,64.06111700000001
2251800,65.122325,68.072761,65.517455
2252100,1.843474,69.995289,59.39810500000001
2252400,61.696034999999995,82.150131,67.32822900000001
2252700,59.61308100000001,99.27516999999999,67.926314
2253000,63.331056000000004,67.623201,65.06709000000001
2253300,61.200323,99.380988,68.15397800000001
2253600,64.016533,65.837827,65.058317
2253900,62.500648999999996,100.0,68.33205699999999
2254200,64.584828,99.363912,68.55389
2254500,61.28615500000001,68.64559399999999,65.05850500000001
2254800,62.219467,98.834565,68.172024
2255100,62.61263,65.89425,64.671705
2255400,63.748430000000006,96.32521899999999,68.286097
2255700,64.903646,65.511697,65.319948
2256000,0.272905,86.470052,61.45535699999999
2256300,65.393924,65.567176,65.479079
2256600,0.154425,70.300372,59.398267000000004
2256900,0.575711,66.89115100000001,58.728322999999996
2257200,63.633171,68.115611,65.60153000000001
2257500,62.346861,81.464628,66.278639
2257800,64.455276,66.56636999999999,65.184274
2258100,61.028828000000004,97.37565699999999,67.88924399999999
2258400,60.71948199999999,70.428161,64.716074
2258700,0.286837,68.812039,58.931277
2259000,64.42839599999999,66.222943,65.236347
2259300,51.647444,66.26247099999999,63.13247
2259600,62.082753000000004,99.085595,70.039226
2259900,62.925794999999994,65.845694,65.02615300000001
2260200,62.494718999999996,99.010811,68.134869
2260500,64.241547,66.599122,65.150184
2260800,63.161021,98.284635,68.372813
2261100,62.822718,66.03218199999999,64.828091
2261400,61.699637,99.227032,68.25987099999999
2261700,64.486874,66.143396,65.215876
2262000,61.988764,97.593367,67.94682399999999
2262300,63.768336,98.948025,68.231134
2262600,62.176753000000005,66.043939,64.782865
2262900,56.45867,66.54723299999999,64.468154
2263200,65.04348399999999,85.110062,67.33089
2263500,62.490226,99.021765,68.31374
2263800,65.156424,65.48421,65.266508
2264100,17.457512,69.225534,60.929338
2264400,65.164653,65.54934399999999,65.34300999999999
2264700,1.357954,70.037871,59.507273
2265000,0.809632,65.529833,58.706241000000006
2265300,65.311362,70.227582,65.916522
2265600,0.292757,69.791158,59.081325
2265900,62.74480500000001,65.434837,65.07260699999999
2266200,0.236758,67.219027,59.049053
2266500,64.72605,65.88888100000001,65.238624
2266800,2.187766,83.55788299999999,61.108298
2267100,62.689014,65.784631,64.998136
2267400,62.21702,99.645125,68.179203
2267700,62.647013,99.420423,68.25525
2268000,62.391144999999995,66.402489,65.004361
2268300,62.790466,99.34071800000001,68.436041
2268600,63.420508,66.908567,65.246783
2268900,62.425368000000006,98.96965300000001,68.368234
2269200,64.39874300000001,65.648915,65.186582
2269500,63.090120999999996,99.66292,68.38752
2269800,62.838573,66.01973100000001,64.768659
2270100,62.544851,99.51939200000001,68.166159
2270400,1.495274,73.63811700000001,59.932632
2270700,65.155879,70.15209399999999,65.807626
2271000,0.299848,67.728594,58.905251
2271300,62.633879,65.618018,64.92223800000001
2271600,0.240654,70.130325,59.404903000000004
2271900,64.71038399999999,66.041698,65.3496
2272200,0.152276,71.197305,58.895704
2272500,62.84800500000001,67.669004,65.207414
2272800,12.373571,70.416573,59.751396
2273100,40.719449,68.28142,62.544731000000006
2273400,61.653252,69.0043,65.30084699999999
2273700,47.976426000000004,68.234861,63.526088
2274000,64.191514,68.099762,65.361752
2274300,64.67580500000001,92.068673,68.025803
2274600,62.341049,65.50426999999999,64.924414
2274900,13.916745,66.938037,60.327291
2275200,64.701533,65.621664,65.250596
2275500,22.673301000000002,65.460849,60.527127
2275800,65.095242,91.614655,67.91773
2276100,63.107202,65.341589,64.86541899999999
2276400,62.831249,98.560123,68.073582
2276700,62.587978,65.265328,64.82299
2277000,62.423752,98.765601,68.20546999999999
2277300,62.826997,65.49346899999999,65.050315
2277600,60.942937,99.49303499999999,71.660524
2277900,63.209706000000004,66.349223,65.161763
2278200,61.315562,98.462441,67.791077
2278500,59.488764,99.310835,68.461129
2278800,60.934135999999995,67.067626,64.42197
2279100,60.562619999999995,99.367171,68.068055
2279400,61.669688,67.23889399999999,64.71534100000001
2279700,60.807683,99.708042,68.340336
2280000,63.640552,66.45642600000001,65.306575
2280300,62.106134,99.39515,69.739673
2280600,61.389212,69.994699,65.085587
2280900,60.790282,94.575928,67.831992
2281200,41.224581,70.048121,63.70496899999999
2281500,64.407213,67.266875,65.557815
2281800,23.655002,65.56361899999999,61.08053100000001
2282100,62.719373,72.43816,65.788066
2282400,64.533404,96.807583,68.341219
2282700,65.109476,65.869298,65.460813
2283000,61.304683,99.41511899999999,69.344954
2283300,62.887207,66.17349399999999,65.010301
2283600,62.269117,99.475923,67.909306
2283900,64.767213,65.461805,65.202332
2284200,64.811324,92.008328,67.948559
2284500,49.21985,68.04006700000001,63.98724
2284800,63.646241,88.217466,67.480644
2285100,0.11249100000000001,69.894316,59.31023199999999
2285400,65.080538,65.384559,65.255903
2285700,0.25045100000000003,70.2368,59.247370999999994
2286000,65.09064599999999,65.37700799999999,65.237737
2286300,2.275433,69.994659,59.347964000000005
2286600,64.336518,66.242372,65.367194
2286900,0.402481,68.995947,59.076406999999996
2287200,42.164846000000004,66.05125799999999,62.970448
2287500,65.373036,67.480225,65.690883
2287800,0.21693400000000002,70.48904300000001,59.176504
2288100,65.165679,65.496421,65.37009
2288400,0.213365,89.773748,61.739566
2288700,63.992011,65.999071,65.055145
2289000,62.692432,98.079619,68.29215400000001
2289300,64.315881,65.77589300000001,65.071664
2289600,62.766138,99.668876,68.224817
2289900,62.6651,99.650413,68.189711
2290200,64.051813,65.71542,65.160586
2290500,63.684785,99.73902,68.408557
2290800,64.197908,66.243848,65.159329
2291100,61.173984,98.96860500000001,67.87145100000001
2291400,63.041605000000004,65.42228399999999,64.721882
2291700,63.843573,97.476772,69.462805
2292000,61.237064000000004,79.872915,66.032475
2292300,62.891135999999996,97.873982,68.17331999999999
2292600,63.150487,67.982723,65.690287
2292900,63.24101999999999,65.752889,65.350167
2293200,0.19133699999999998,70.35512800000001,59.0095
2293500,65.3853,65.650778,65.49183000000001
2293800,0.607934,67.116957,59.18996800000001
2294100,65.197161,65.585747,65.422723
2294400,0.194277,70.143297,59.346292000000005
2294700,65.34645,65.586683,65.424308
2295000,0.23408299999999999,70.258786,59.393457
2295300,2.662794,68.297139,59.252308
2295600,64.09727099999999,82.552604,66.809168
2295900,61.79913199999999,99.234628,68.176684
2296200,64.50294699999999,66.31403900000001,65.223062
2296500,62.281093000000006,98.958506,68.232747
2296800,64.177725,67.253592,65.237248
2297100,62.236829,99.23719799999999,68.28878
2297400,64.04853299999999,66.010143,65.219143
2297700,63.046237,99.34269599999999,68.55324
2298000,63.091733999999995,98.97623,68.613927
2298300,62.943571999999996,65.43393,65.072047
2298600,63.253308999999994,99.32205400000001,68.511883
2298900,65.20468000000001,65.544094,65.323709
2299200,64.27539200000001,96.058521,69.663107
2299500,65.259603,71.589229,65.979316
2299800,65.251801,99.004922,68.822978
2300100,65.373143,65.749994,65.583189
2300400,1.548325,70.185592,59.239828
2300700,2.224022,70.136902,59.293574
2301000,65.11899100000001,65.504352,65.302514
2301300,0.113372,70.083968,59.22596600000001
2301600,65.20107,65.590744,65.32697900000001
2301900,0.355056,69.880088,59.31349300000001
2302200,65.133986,65.500489,65.339115
2302500,0.703919,69.802014,59.37351700000001
2302800,62.572014,65.525188,65.111294
2303100,58.48425699999999,99.245885,68.026855
2303400,63.235744,99.487318,68.43115999999999
2303700,61.76950600000001,67.086842,64.836087
2304000,64.278638,98.581299,68.434511
2304300,64.58805500000001,65.955653,65.149497
2304600,62.844196999999994,99.694362,68.34038000000001
2304900,61.861566,66.145682,64.682066
2305200,63.213416,99.810373,68.403201
2305500,64.23115,66.668143,65.353365
2305800,63.340782,99.39805,68.565753
2306100,63.033649,91.327632,67.644559
2306400,62.884366,65.57531800000001,65.152247
2306700,0.172701,84.20065,61.381412
2307000,65.298754,65.497704,65.42022800000001
2307300,0.23691700000000002,70.206017,59.363193
2307600,65.083713,65.540989,65.36840600000001
2307900,0.320267,68.88297,58.956239000000004
2308200,62.80291999999999,67.708898,64.894937
2308500,51.982512,66.87418100000001,63.67058000000001
2308800,61.912006000000005,98.295121,68.103983
2309100,64.259764,67.008195,65.360883
2309400,63.218403,98.497556,68.926688
2309700,62.99075,66.158603,65.26011
2310000,0.487063,69.974898,59.107514
2310300,64.59440500000001,70.805821,65.95392
2310600,64.27489399999999,95.490689,68.132938
2310900,64.118065,66.515998,65.388075
2311200,62.297109999999996,97.947452,69.462003
2311500,61.827507,97.568043,67.936683
2311800,62.983029,65.991168,64.837653
2312100,63.82709499999999,81.013458,66.688502
2312400,64.68925899999999,66.110375,65.26138900000001
2312700,61.680292,97.465848,68.054636
2313000,64.832595,66.010671,65.263375
2313300,62.32656600000001,99.751398,68.474726
2313600,64.365158,65.85221899999999,65.078126
2313900,63.561455,88.799534,69.031575
2314200,0.253301,70.168356,59.123222
2314500,62.648689000000005,65.573223,65.074782
2314800,0.193302,70.1892,59.110315
2315100,62.676368000000004,65.616954,65.186082
2315400,1.371443,70.162036,58.784447
2315700,65.179955,65.77445300000001,65.390819
2316000,0.251965,69.041478,59.022693000000004
2316300,56.61995400000001,73.754991,65.08624499999999
2316600,11.317383999999999,66.569556,59.840015
2316900,64.292624,98.398027,68.506466
2317200,62.87961899999999,66.182918,65.033712
2317500,62.733577000000004,99.10057900000001,70.46844300000001
2317800,64.249841,65.62107900000001,65.02042900000001
2318100,59.985853000000006,98.614246,68.004855
2318400,62.097539000000005,66.23416999999999,64.811594
2318700,63.452752000000004,98.96894300000001,68.372647
2319000,64.013554,66.245068,65.211984
2319300,62.76336800000001,99.270275,68.48265500000001
2319600,62.946186,66.10578000000001,65.045552
2319900,63.078236,98.93079300000001,68.112201
2320200,63.094628,98.887855,68.40185799999999
2320500,64.681519,66.012908,65.210883
2320800,62.387377,92.59265500000001,67.339783
2321100,62.620543999999995,87.87669100000001,67.244344
2321400,65.38300500000001,97.869823,68.766834
2321700,63.088884,65.63099799999999,65.207356
2322000,3.495505,70.154377,59.679587
2322300,64.771743,67.36014499999999,65.543524
2322600,62.872395999999995,98.550624,68.22138000000001
2322900,29.090721000000002,69.304568,62.296377
2323200,65.295629,65.619241,65.49561700000001
2323500,0.484961,69.967285,59.390299
2323800,62.763318000000005,65.62508000000001,64.956243
2324100,0.290583,70.18288199999999,59.330780000000004
2324400,62.941102,65.564815,65.147818
2324700,0.45634399999999997,84.278826,61.810261
2325000,61.783048,66.19851700000001,64.669441
2325300,63.056396,98.136278,68.372199
2325600,62.45603199999999,97.226299,67.765499
2325900,64.473201,66.35500400000001,65.18624100000001
2326200,62.415051,96.111951,67.53959
2326500,64.543051,66.121678,65.24211700000001
2326800,60.231198,97.90578199999999,69.394401
2327100,62.998371,65.86442199999999,65.00641999999999
2327400,62.659125,98.993342,68.08782099999999
2327700,63.751771,65.803627,64.965478
2328000,58.687630000000006,97.84313399999999,67.793287
2328300,1.3625399999999999,71.632188,60.56173199999999
2328600,65.262979,65.588385,65.45206999999999
2328900,0.259321,70.37079,59.497108999999995
2329200,65.38538199999999,65.70424200000001,65.499085
2329500,0.274351,70.385513,59.441451
2329800,63.02624,65.631395,65.185047
2330100,0.352097,70.055815,59.41924399999999
2330400,65.244298,65.52135600000001,65.395048
2330700,0.273942,70.092124,59.134961
2331000,25.3013,65.690229,61.231374
2331300,64.239449,65.710936,65.25285500000001
2331600,62.598442000000006,97.727817,68.092915
2331900,61.344661,73.667289,65.862721
2332200,64.974954,92.785653,68.050174
2332500,64.537471,65.53563199999999,65.266182
2332800,12.718417,67.398062,60.252860999999996
2333100,64.58787199999999,65.581631,65.234036
2333400,63.878046,76.32264599999999,66.066222
2333700,63.122905,98.266438,68.128251
2334000,63.100196999999994,65.364008,64.89242800000001
2334300,65.358177,92.774517,68.31221500000001
2334600,65.266076,65.573895,65.439382
2334900,1.41392,70.134867,59.585648
2335200,65.286663,65.679171,65.523431
2335500,2.403228,86.41611400000001,61.44339599999999
2335800,64.325681,65.832856,65.105395
2336100,62.921319,99.519126,68.352063
2336400,63.352952,99.188457,68.547896
2336700,64.055851,65.999517,65.150155
2337000,62.853196,99.17715600000001,68.286178
2337300,62.710069999999995,65.572662,65.04219300000001
2337600,48.467261,67.195678,63.966795
2337900,62.619818,66.287148,65.008778
2338200,30.487512,67.025212,61.63418000000001
2338500,64.74940699999999,65.320296,65.128699
2338800,62.570689,95.227663,68.046718
2339100,1.725034,90.014871,61.768268000000006
2339400,65.325597,65.409245,65.37723100000001
2339700,1.715585,70.21292199999999,59.559875
2340000,65.232736,65.608923,65.392751
2340300,2.416102,70.034565,59.396623
2340600,62.663658999999996,65.667579,65.203551
2340900,12.087135,69.61749300000001,60.506294999999994
2341200,65.23578499999999,65.54047299999999,65.384249
2341500,0.149177,70.28268100000001,59.365217
2341800,2.357067,70.135233,59.544489
2342100,65.275477,65.661311,65.42616600000001
2342400,2.456259,70.144114,59.12550400000001
2342700,62.842693000000004,75.136636,66.744069
2343000,61.804185,96.954359,67.67991500000001
2343300,63.891887,66.207477,65.101475
2343600,62.958352000000005,96.918139,68.241928
2343900,64.525221,65.78736500000001,65.206485
2344200,62.754386,94.863667,67.89412
2344500,62.549445999999996,95.140619,67.59958
2344800,64.236501,66.530086,65.280061
2345100,62.654247999999995,97.23889100000001,69.44834200000001
2345400,63.614992,66.85684599999999,65.328147
2345700,61.882991000000004,98.94126700000001,68.450743
2346000,62.638296999999994,66.335453,64.959705
2346300,62.524752,97.98876,69.116857
2346600,64.415451,65.46154,65.008368
2346900,63.425539,96.97059300000001,68.476883
2347200,42.8795,68.804148,63.611599
2347500,63.257654,65.69461,65.334571
2347800,1.452883,70.42793499999999,59.606235999999996
2348100,65.461263,65.78304,65.61553
2348400,0.093221,70.29127,59.524687
2348700,65.320941,65.64057700000001,65.483148
2349000,0.159851,70.093417,59.342374
2349300,65.16277,65.597601,65.40215699999999
2349600,0.221773,70.20631,59.183671999999994
2349900,0.384296,76.371838,60.061342
2350200,64.745626,67.324313,65.483554
2350500,61.937718999999994,99.099848,68.05433199999999
2350800,63.59782,65.907563,64.877569
2351100,61.186665000000005,99.668453,68.207043
2351400,63.572791,66.80752199999999,65.246045
2351700,63.73938199999999,97.437058,68.25133000000001
2352000,59.265496,70.957302,65.27409399999999
2352300,63.130199,99.530908,68.53624
2352600,63.169713,99.266319,68.440148
2352900,64.62768,66.120558,65.256555
2353200,62.08784300000001,99.388561,68.265064
2353500,63.842307,66.349873,64.926812
2353800,53.097216,83.32813900000001,66.286567
2354100,62.913074,65.713444,65.186059
2354400,3.4621239999999998,70.088095,59.75614300000001
2354700,62.841719999999995,65.641358,65.214744
2355000,2.2892080000000004,70.21406400000001,59.636672999999995
2355300,2.257152,70.234765,59.392817
2355600,65.191418,65.66994,65.42848599999999
2355900,0.301439,70.024436,58.668620999999995
2356200,62.671963,65.776289,65.178889
2356500,0.310711,70.23174,59.429065
2356800,63.000645999999996,65.583484,65.151781
2357100,0.310448,70.08510799999999,59.321276
2357400,64.082707,88.18395600000001,67.502767
2357700,61.589560999999996,99.829561,68.325784
2358000,61.939958,99.437188,68.410679
2358300,63.238085,67.25497299999999,65.208649
2358600,64.247206,98.565279,68.334466
2358900,61.421663,67.198276,64.67258000000001
2359200,63.48983199999999,99.110017,68.24208399999999
2359500,48.183136,65.674164,62.43419300000001
2359800,65.144152,87.28915400000001,67.776187
2360100,65.252486,65.557769,65.402661
2360400,10.378587,73.401647,61.182605
2360700,63.046011,98.133705,68.186002
2361000,65.339884,89.83533100000001,68.755753
2361300,2.272669,70.05098100000001,59.583940000000005
2361600,65.285129,65.551063,65.432295
2361900,57.345849,65.463128,64.00122900000001
2362200,63.910484999999994,66.02503399999999,65.033997
2362500,62.886231,99.25139399999999,68.241049
2362800,64.656419,66.046773,65.345865
2363100,62.73134,98.934799,68.375283
2363400,62.526091,99.369057,68.363585
2363700,64.665052,65.526483,65.272123
2364000,61.49441899999999,99.333173,68.177444
2364300,64.586219,66.005909,65.284063
2364600,64.02501099999999,99.14711199999999,70.94168499999999
2364900,64.722468,66.22324,65.485753
2365200,62.717686,93.808516,68.005476
2365500,64.497188,66.149434,65.37571700000001
2365800,4.740933999999999,66.491922,59.378057999999996
2366100,64.521342,97.98990400000001,68.383942
2366400,62.327813,65.59472199999999,64.91853499999999
2366700,63.026927,98.071038,68.305637
2367000,65.156097,65.490934,65.392037
2367300,63.001206999999994,99.026096,68.366529
2367600,62.702262,65.569588,65.079299
2367900,63.611757999999995,98.456847,68.523555
2368200,65.293711,88.31670600000001,69.400562
2368500,0.35468,70.084661,59.656565
2368800,2.418326,65.693993,59.164559
2369100,64.882521,70.23961899999999,65.955454
2369400,56.88094,67.107377,64.518955
2369700,64.555984,65.805146,65.238939
2370000,63.615101,98.517841,68.27274
2370300,63.85555600000001,65.967005,65.14635600000001
2370600,63.620716,99.26416400000001,68.509176
2370900,64.330074,65.883517,65.02805
2371200,62.582761,99.695355,68.401336
2371500,62.070502000000005,99.126817,68.31501899999999
2371800,63.410253000000004,89.803247,67.764324
2372100,30.027682000000002,66.750884,61.794204
2372400,62.316767000000006,65.21481899999999,64.672111
2372700,62.851183999999996,98.474762,68.19234
2373000,62.21038299999999,65.422892,64.883847
2373300,62.909985,98.64859,68.480678
2373600,65.36094,65.697089,65.509178
2373900,65.330892,83.375201,67.413611
2374200,3.5079839999999995,65.751976,59.395216000000005
2374500,63.030646,70.242508,65.479036
2374800,63.035867,98.472583,68.505124
2375100,65.238571,65.736008,65.47161700000001
2375400,0.349825,92.018126,62.891371
2375700,64.700506,65.480523,65.11317
2376000,63.040023,98.543977,68.229617
2376300,62.350706,65.96652399999999,64.971586
2376600,62.759423999999996,99.65017399999999,68.51503199999999
2376900,64.75085899999999,99.59074,68.83006800000001
2377200,62.693695,65.819389,64.932581
2377500,63.282488,99.079481,68.477999
2377800,64.58558199999999,66.220794,65.272032
2378100,61.991125,99.03495500000001,68.27868199999999
2378400,64.832665,66.241058,65.282765
2378700,62.613746,99.109673,69.703689
2379000,61.569908999999996,72.74601700000001,65.482686
2379300,62.979999,98.207373,68.388514
2379600,65.23491899999999,82.75788399999999,67.240414
2379900,62.888614000000004,67.26269599999999,65.428798
2380200,3.3553620000000004,67.693549,59.49019499999999
2380500,62.997125,65.610799,65.16830999999999
2380800,1.3542459999999998,70.082577,59.538286
2381100,63.318839000000004,65.707077,65.281309
2381400,0.86316,70.100041,59.498906999999996
2381700,62.958934,65.679963,65.253877
2382000,0.373185,70.464988,59.276579000000005
2382300,0.595032,65.704689,58.805437
2382600,57.524564,80.71044,66.62276
2382900,62.951494,99.136128,68.39227
2383200,64.76764,66.043256,65.416483
2383500,61.916963,99.169391,67.936148
2383800,62.677426000000004,66.154104,64.987378
2384100,64.51260400000001,97.28064599999999,68.460183
2384400,64.988638,66.292688,65.580815
2384700,41.819217,67.40746,62.76870400000001
2385000,53.8182,65.47340200000001,63.770888
2385300,64.47199,65.39089799999999,65.053724
2385600,63.113902,96.886075,68.176957
2385900,62.783584999999995,65.460403,64.905029
2386200,64.799184,96.620081,70.178938
2386500,63.258342000000006,65.88788000000001,65.459631
2386800,0.844685,70.396528,59.497907999999995
2387100,64.52391,65.30980600000001,64.917335
2387400,63.302122,97.153588,68.05739
2387700,64.06665100000001,98.961051,68.705019
2388000,63.27114,66.919537,65.061032
2388300,62.055040000000005,99.12481700000001,68.026037
2388600,62.924735999999996,66.08389,65.04802
2388900,62.964923999999996,98.56458,68.36611500000001
2389200,62.265825,66.729104,65.356477
2389500,62.789382999999994,98.946141,68.166225
2389800,63.451398,91.13387,67.737204
2390100,38.237468,68.271997,62.258399
2390400,64.82924,97.50805799999999,68.521846
2390700,63.200014,65.49714,65.065775
2391000,62.22381,98.031249,68.285726
2391300,64.657135,65.615606,65.285751
2391600,65.196178,90.928815,69.133238
2391900,63.083602,65.510139,65.044249
2392200,62.161421999999995,98.31298199999999,68.24261899999999
2392500,64.804371,65.564565,65.239102
2392800,63.150273999999996,98.517699,68.51390400000001
2393100,23.154595,65.62169499999999,61.23013100000001
2393400,65.135176,86.209655,69.618252
2393700,2.063861,69.98528,59.34805600000001
2394000,65.333412,65.552877,65.452158
2394300,3.8801989999999997,70.13392900000001,59.758644999999994
2394600,62.764391,65.73675899999999,65.225374
2394900,0.810531,70.381838,59.610797
2395200,63.404814,65.970212,65.518486
2395500,0.311281,70.529911,59.393251
2395800,12.888894,66.532718,59.999115
2396100,64.874502,65.867951,65.403432
2396400,63.432435999999996,99.467386,68.557502
2396700,64.195325,66.621944,65.350809
2397000,62.882298,96.56149,68.480863
2397300,64.264447,72.951128,66.00012
2397600,62.804202000000004,97.15442,68.02521
2397900,63.265640000000005,66.05673900000001,65.162858
2398200,64.34462099999999,79.05035500000001,66.78914499999999
2398500,7.395841000000001,65.700776,59.253997
2398800,64.51425,67.34899999999999,65.40604499999999
2399100,63.304892,88.14771999999999,67.368181
2399400,65.26299,65.64643199999999,65.486087
2399700,63.498941,91.498808,67.832413
2400000,63.179517000000004,65.642382,65.237216
2400300,62.610608,95.126565,67.82167
2400600,61.702261,97.075174,68.304583
2400900,16.293298999999998,66.379755,60.573312
2401200,62.260085,99.045273,68.372816
2401500,61.400679000000004,66.345349,64.646074
2401800,62.235051,98.703464,68.310505
2402100,61.788289,66.08346999999999,64.896253
2402400,60.182398,94.496999,67.710047
2402700,64.455153,65.712591,65.161067
2403000,62.433282999999996,99.59271700000001,68.205963
2403300,64.349991,65.687101,65.163133
2403600,62.23474100000001,96.509813,67.921878
2403900,62.50713100000001,99.261808,68.28621600000001
2404200,64.332617,69.619159,65.850169
2404500,62.874815000000005,92.647684,67.572013
2404800,64.727908,65.54065,65.329014
2405100,62.770423,97.942401,68.368443
2405400,64.81219499999999,65.458287,65.283464
2405700,62.34425,97.577366,68.20146
2406000,62.816276,65.530617,64.92505
2406300,63.704618,98.420596,68.543566
2406600,65.286565,68.543595,65.774511
2406900,62.924604,67.617053,65.439705
2407200,7.524402,69.89887399999999,60.136945999999995
2407500,65.305874,65.578484,65.47940899999999
2407800,0.21600500000000003,76.300462,60.243304
2408100,63.011028,66.042002,64.985452
2408400,61.951657,98.52143199999999,68.146446
2408700,64.181635,66.012023,65.324561
2409000,62.795026,99.402586,68.492333
2409300,47.567271000000005,65.655539,63.652106
2409600,62.89420500000001,67.19913100000001,65.32984599999999
2409900,7.926009,66.797593,59.73409300000001
2410200,65.163574,65.652396,65.45169
2410500,63.19583000000001,70.06613,65.550762
2410800,64.723517,65.592812,65.330126
2411100,63.273112,91.71645500000001,67.81147299999999
2411400,63.193105,68.61594000000001,65.453461
2411700,0.22164699999999998,91.324973,61.968847
2412000,62.90958199999999,66.40989499999999,64.853616
2412300,62.774435,66.499954,65.23145799999999
2412600,62.709762,98.052777,68.22999899999999
2412900,64.246238,65.867942,65.081393
2413200,63.392346999999994,98.911236,68.168056
2413500,64.158855,66.515199,65.239285
2413800,63.578548,99.335154,68.51097800000001
2414100,64.54020899999999,66.618018,65.300923
2414400,63.089084,97.807652,68.23091
2414700,61.80475,99.57890400000001,68.258874
2415000,61.466639,66.671089,64.583512
2415300,62.516777000000005,98.543605,71.140819
2415600,64.716513,65.470226,65.274067
2415900,62.835161,98.887437,68.361335
2416200,65.24676600000001,65.555335,65.406186
2416500,64.03575500000001,98.90695600000001,68.69386899999999
2416800,65.392834,65.70859399999999,65.486427
2417100,58.676312,68.041116,64.892709
2417400,13.461001999999999,65.677356,60.308223999999996
2417700,65.3958,69.602468,65.957094
2418000,62.421261,98.783262,68.284374
2418300,64.75385899999999,78.959847,66.62068199999999
2418600,63.809422,69.683642,65.542914
2418900,65.108628,92.775705,68.28641999999999
2419200,0.381762,70.56451899999999,59.345499
2419500,64.50620699999999,65.961555,65.31801800000001
2419800,0.561207,66.977541,59.321653000000005
2420100,64.068935,67.432445,65.337529
2420400,62.44806,98.98429,68.396229
2420700,63.086768000000006,99.301415,68.368544
2421000,63.097124,67.533472,65.395864
2421300,63.524046999999996,99.862999,68.48771500000001
2421600,64.69579300000001,66.062543,65.337497
2421900,61.045987,99.872763,68.200688
2422200,64.508121,66.572056,65.550062
2422500,63.069078000000005,97.528124,68.756029
2422800,62.653897,65.547658,65.047585
2423100,63.044672,98.622469,68.411808
2423400,63.293856000000005,98.154866,68.491025
2423700,63.303870999999994,65.99719,65.51584100000001
2424000,10.233118,70.176461,60.37084599999999
2424300,65.59228399999999,65.996291,65.816732
2424600,0.278927,70.32889300000001,59.556746999999994
2424900,65.28388000000001,65.660061,65.448931
2425200,2.182515,70.178783,59.60345600000001
2425500,65.24803299999999,65.555207,65.41819699999999
2425800,0.266756,70.15928100000001,59.365103000000005
2426100,63.042668000000006,99.66248399999999,68.518592
2426400,62.240237,66.330253,65.04528
2426700,64.135458,99.596154,68.66582199999999
2427000,64.681826,65.684075,65.326175
2427300,47.874553999999996,67.200316,63.924595
2427600,62.704188,65.845646,65.058339
2427900,12.029404,65.821433,59.969255000000004
2428200,64.79610500000001,65.613248,65.361743
2428500,64.009052,65.454044,64.846866
2428800,62.449918000000004,97.97599699999999,67.896644
2429100,64.697038,65.574039,65.279332
2429400,62.968538,98.372522,68.18052
2429700,64.948617,96.49604599999999,68.58759599999999
2430000,61.88029,99.102202,68.239018
2430300,63.416631,67.25738100000001,65.099321
2430600,62.687158,99.3604,68.43883000000001
2430900,62.753533999999995,67.930103,65.189234
2431200,62.903696,99.087456,68.560192
2431500,62.445347,100.0,68.43513100000001
2431800,63.947675,65.926281,65.285898
2432100,61.878398,96.699463,67.786286
2432400,63.781124,65.982842,65.06753
2432700,61.691679,99.61724,68.446875
2433000,63.723771,66.20545200000001,65.191676
2433300,63.266456000000005,99.142965,70.77162299999999
2433600,64.889688,65.713065,65.401677
2433900,63.165365,97.813348,68.50397099999999
2434200,65.547822,72.126312,66.533181
2434500,65.649428,65.934076,65.751416
2434800,2.259387,70.382111,59.33284200000001
2435100,65.431314,65.872227,65.61383000000001
2435400,0.280131,70.305837,59.654121999999994
2435700,62.949298,65.854968,65.355713
2436000,2.799402,70.37489000000001,59.535785
2436300,64.092848,66.298114,65.17671899999999
2436600,0.10796800000000001,67.163934,59.032964
2436900,62.113845,99.136014,69.70557099999999
2437200,61.367012,68.773539,65.005799
2437500,62.432253,99.44632,68.432221
2437800,62.039749,65.7072,64.876365
2438100,63.18434499999999,99.873991,68.66927
2438400,64.68214499999999,66.543247,65.49725699999999
2438700,63.153158,97.300776,69.571563
2439000,63.05315699999999,65.87120300000001,64.641305
2439300,62.534161,99.09827,68.25264200000001
2439600,61.58967,98.869186,68.3861
2439900,64.6658,66.42740400000001,65.5045
2440200,63.586335,99.04819599999999,68.613438
2440500,64.884288,80.64161899999999,67.422843
2440800,62.949215,97.432724,69.625201
2441100,65.19332,65.59600400000001,65.375192
2441400,62.641698,88.863777,67.241934
2441700,64.987175,65.624437,65.310078
2442000,63.217849,97.186388,68.374928
2442300,62.852757999999994,98.693386,68.350362
2442600,64.879707,65.671044,65.457665
2442900,63.026697999999996,98.14149,68.45559399999999
2443200,64.543536,65.510164,65.09458199999999
2443500,62.881305000000005,98.223669,68.334311
2443800,65.14032900000001,65.700572,65.49924200000001
2444100,52.427626000000004,87.342435,67.079992
2444400,64.559662,66.518901,65.344062
2444700,63.07005,98.17639100000001,68.423736
2445000,63.346362,98.58725600000001,68.528767
2445300,64.374059,65.919736,65.269848
2445600,62.95326800000001,99.281931,68.265374
2445900,63.139095999999995,66.191861,65.007351
2446200,61.941886,99.648328,67.989039
2446500,64.588222,65.921711,65.238272
2446800,64.880398,99.299939,68.685487
2447100,61.793517,66.473469,64.722388
2447400,62.752512,99.03890899999999,68.092529
2447700,61.645462,94.153469,67.785303
2448000,64.60305100000001,65.614136,65.21791400000001
2448300,63.078777,99.004515,69.215942
2448600,64.556004,66.172527,65.41205500000001
2448900,45.153201,68.544577,63.728012
2449200,62.960331000000004,65.899263,64.891113
2449500,11.830159,66.717448,60.168537
2449800,64.9175,65.668413,65.372097
2450100,62.430986,65.623333,64.789746
2450400,62.744428000000006,67.563333,65.289638
2450700,64.757014,65.674886,65.40744000000001
2451000,63.270647,86.323325,67.24226999999999
2451300,62.265515,92.684304,68.11865999999999
2451600,0.426938,70.050263,59.509866
2451900,64.380579,66.481348,65.125473
2452200,14.035314999999999,66.106144,59.917170999999996
2452500,64.184268,65.83232,65.37895300000001
2452800,62.990348,95.970614,68.216306
2453100,63.621221,96.116919,68.177803
2453400,63.765296,66.57415999999999,65.337544
2453700,62.88372,96.730887,68.08269200000001
2454000,64.10916999999999,66.08542,65.483628
2454300,62.89145799999999,97.763589,68.454083
2454600,63.821289,67.237316,65.417362
2454900,63.13223000000001,97.14679699999999,69.76959699999999
2455200,63.295607999999994,65.668433,65.25829
2455500,40.529494,67.56688299999999,63.077954000000005
2455800,50.289827,65.59351600000001,63.711015
2456100,64.78027800000001,65.549357,65.36013
2456400,63.278353,89.96220799999999,67.412368
2456700,65.16206899999999,65.604484,65.435914
2457000,63.184302,98.367542,68.486192
2457300,62.948942,65.717019,65.107197
2457600,62.827084,95.530179,68.034196
2457900,65.274712,65.633185,65.51599499999999
2458200,62.846676,97.5561,68.455919
2458500,61.85244599999999,98.09143900000001,68.51648
2458800,64.562235,66.368593,65.459131
2459100,62.719581999999996,98.15141899999999,68.47289
2459400,63.368486,66.385475,65.083135
2459700,63.000914,97.981588,68.48497900000001
2460000,63.588343,67.58587299999999,65.303062
2460300,61.957386,99.219771,68.435532
2460600,64.383719,66.136268,65.409121
2460900,62.317876,98.65760300000001,68.436131
2461200,63.266824,97.417571,68.36885699999999
2461500,64.844782,65.574143,65.2994
2461800,63.960297,97.99373800000001,68.505719
2462100,64.734494,85.341163,67.638275
2462400,0.478412,70.41779100000001,59.600112
2462700,65.558514,65.7409,65.631074
2463000,0.304361,70.76897,59.392474
2463300,65.477525,65.75988000000001,65.622926
2463600,0.158669,70.317177,59.617779000000006
2463900,0.40671799999999997,67.587397,59.241548
2464200,61.89099100000001,66.22981899999999,64.854446
2464500,62.214932999999995,98.824219,68.23574
2464800,63.263978,66.406917,65.32722
2465100,63.266892000000006,98.258115,68.454086
2465400,61.310178,67.690325,65.263349
2465700,61.830741,98.342033,68.90695699999999
2466000,64.850798,72.491863,66.002771
2466300,36.065443,65.546581,62.455114
2466600,64.955501,93.986857,68.223727
2466900,62.50844300000001,65.493892,64.754919
2467200,62.802349,97.260302,68.053721
2467500,65.00225400000001,65.540453,65.34187299999999
2467800,64.452205,97.859799,68.581171
2468100,65.366218,65.662461,65.51032099999999
2468400,1.248942,70.26100699999999,59.589082999999995
2468700,65.34629,65.743452,65.513361
2469000,0.20787600000000003,70.315462,59.455939
2469300,0.6416930000000001,65.943073,59.124635
2469600,64.87933199999999,82.642829,67.891802
2469900,62.721883999999996,98.04614699999999,68.09195799999999
2470200,64.2012,66.010357,65.419503
2470500,61.727739,96.838113,67.807487
2470800,64.03806,66.216889,65.22346800000001
2471100,62.17585,99.833962,68.687613
2471400,63.7148,66.132582,65.234925
2471700,62.743784,99.347503,68.358547
2472000,64.876829,98.72339699999999,68.72908699999999
2472300,63.683675,65.625284,65.209828
2472600,46.878145,67.403638,63.902774
2472900,63.691340000000004,67.35604599999999,65.517003
2473200,2.188006,86.65958,61.628919999999994
2473500,65.624145,65.866355,65.73269599999999
2473800,10.362055999999999,70.11988000000001,60.616780000000006
2474100,65.491681,65.875352,65.653853
2474400,0.454653,70.401278,59.635886
2474700,2.807427,66.375771,59.523855000000005
2475000,65.519897,70.402221,66.20704
2475300,0.18313,70.097726,59.359974
2475600,64.886163,66.78273,65.44143299999999
2475900,42.193356,66.520173,62.957611
2476200,64.62342199999999,66.383886,65.522918
2476500,62.46646,97.999353,68.18616
2476800,62.409954000000006,86.773963,66.870329
2477100,62.385711,97.886845,68.468118
2477400,64.460185,94.15875799999999,68.14350400000001
2477700,62.531905,65.823454,64.880535
2478000,64.067593,96.01749000000001,68.38216700000001
2478300,64.751204,65.60298399999999,65.40458000000001
2478600,62.895878,72.445924,66.087686
2478900,64.82485,65.699448,65.378777
2479200,15.964695,66.3434,60.461059999999996
2479500,64.749185,65.557509,65.247874
2479800,63.06112099999999,99.13420699999999,68.343671
2480100,62.717104000000006,98.699501,68.438434
2480400,63.073609999999995,90.128001,68.983497
2480700,0.19786700000000002,70.256534,59.149106
2481000,65.46103000000001,65.73127,65.57619100000001
2481300,0.37224,69.463022,59.375898
2481600,64.023586,67.163184,65.334747
2481900,56.665344,67.041375,64.233758
2482200,64.09093100000001,66.496927,65.437696
2482500,62.896439,95.797528,68.071995
2482800,64.294822,96.287995,68.304146
2483100,62.929642,66.037325,64.817423
2483400,62.304821999999994,97.345724,67.834111
2483700,64.900279,65.961414,65.410202
2484000,65.103348,93.30105999999999,70.55762
2484300,65.162674,65.69039000000001,65.52414
2484600,46.844640000000005,67.286463,63.854977000000005
2484900,65.412515,65.607265,65.51435699999999
2485200,52.959419,66.877589,64.34224300000001
2485500,40.769631,65.777796,62.74404200000001
2485800,64.823577,67.82523499999999,65.70599200000001
2486100,41.230608000000004,66.918665,62.96801
2486400,64.847087,65.673819,65.402008
2486700,62.375746,94.388688,67.58061
2487000,65.223747,65.456091,65.349254
2487300,63.153923,97.890854,68.43591500000001
2487600,61.289081,85.85530899999999,68.820091
2487900,2.361887,69.675173,59.701556999999994
2488200,0.23438,66.251204,58.862705000000005
2488500,64.369905,67.430759,65.588512
2488800,62.398749,92.15746999999999,67.725752
2489100,62.314676,66.980814,65.109016
2489400,62.509243000000005,99.408887,68.523073
2489700,64.294011,66.343389,65.39433000000001
2490000,62.774209,99.51046,68.546019
2490300,62.666915,66.437379,64.996183
2490600,62.797916,98.00251300000001,69.77584300000001
2490900,0.615474,65.921879,58.81405899999999
2491200,63.094462,72.43763299999999,66.80970500000001
2491500,63.838875,99.128331,68.612026
2491800,64.551338,66.378059,65.359367
2492100,63.105622,98.19203900000001,68.277723
2492400,63.828269999999996,65.81781600000001,65.085213
2492700,62.41869499999999,99.16510600000001,67.979483
2493000,63.874938,66.24578000000001,65.226978
2493300,62.010054000000004,99.808994,68.276873
2493600,63.904842,99.15034,68.77358000000001
2493900,63.378979,66.173884,65.006698
2494200,62.873226,99.165176,68.284559
2494500,64.966505,66.199606,65.44493
2494800,1.4150530000000001,71.49457,59.624212
2495100,63.062749,65.734684,65.33841899999999
2495400,2.366924,70.19004100000001,59.689191
2495700,65.49684,65.652761,65.581248
2496000,0.258644,70.185707,59.4731
2496300,2.311642,65.724744,58.998263
2496600,65.394368,70.23071800000001,66.037772
2496900,0.23521799999999998,70.23133299999999,59.48282
2497200,63.401272,65.68096700000001,65.316401
2497500,0.218354,70.236935,59.265896999999995
2497800,63.122089,66.327007,65.199668
2498100,3.020168,66.382793,59.377517000000005
2498400,62.757830000000006,83.962929,67.142761
2498700,63.190835,98.654847,68.286243
2499000,62.98681800000001,99.90594499999999,68.585388
2499300,62.026619999999994,66.551375,64.998195
2499600,63.225984999999994,99.582918,68.5897
2499900,63.742658,66.14143299999999,65.37308
2500200,62.939329,98.85876400000001,68.446809
2500500,65.374507,65.793425,65.565547
2500800,65.323293,93.005427,68.427091
2501100,65.64960699999999,65.827563,65.747979
2501400,47.084515,68.71759899999999,63.984501
2501700,64.79255400000001,93.509615,68.190526
2502000,60.405635,88.30499,67.80310300000001
2502300,0.129967,70.439151,59.61078199999999
2502600,65.34830799999999,65.75059,65.57129599999999
2502900,0.209306,70.317207,59.494493999999996
2503200,65.585739,65.96019,65.72156
2503500,0.7457159999999999,70.318285,59.670266000000005
2503800,63.442367000000004,65.857929,65.443105
2504100,2.480466,67.790239,59.18041899999999
2504400,64.308301,66.282987,65.309397
2504700,63.11251800000001,98.61195500000001,68.45799
2505000,62.40798100000001,99.239884,68.269417
2505300,64.35951,66.55812,65.33640799999999
2505600,64.00403100000001,98.838526,70.768407
2505900,63.969545,66.43108199999999,65.24039499999999
2506200,63.122,95.80444,68.386969
2506500,65.218694,65.811587,65.503804
2506800,64.12253199999999,99.20423100000001,68.716987
2507100,63.013792,65.751008,65.38091899999999
2507400,39.615262,68.669588,62.662087
2507700,54.149120999999994,65.782368,64.096078
2508000,64.733624,65.620912,65.312033
2508300,62.660467000000004,98.128909,68.368889
2508600,63.347299,65.491284,65.14824200000001
2508900,62.244727000000005,99.27710400000001,69.54689499999999
2509200,64.72478100000001,84.570197,68.26028199999999
2509500,1.43387,70.66269,59.319697
2509800,62.987572,65.781133,65.396182
2510100,0.08834600000000001,70.439663,59.606462
2510400,2.247472,70.60892,59.824321
2510700,65.555791,65.86653299999999,65.667185
2511000,0.161646,70.38829,59.45330500000001
2511300,64.42195500000001,65.991555,65.21329200000001
2511600,63.664081,98.106586,68.51999599999999
2511900,64.318472,66.595164,65.34799699999999
2512200,63.399235,99.873983,68.577766
2512500,63.227332999999994,66.14606500000001,65.05027199999999
2512800,62.956298,99.63896700000001,70.57542
2513100,62.047826,93.19821400000001,67.889847
2513400,62.663939,65.944838,65.427647
2513700,34.565573,66.46516,62.439684
2514000,63.162461,65.60574,64.881926
2514300,62.690109,98.640299,68.19931899999999
2514600,64.73464799999999,65.66157700000001,65.372003
2514900,62.250586,98.54512700000001,67.663472
2515200,65.121895,65.64734,65.492413
2515500,62.758607999999995,98.847678,68.476188
2515800,11.808129,69.94977,60.501481000000005
2516100,65.48801999999999,65.710965,65.574327
2516400,2.510098,89.82807,63.437148
2516700,64.013315,66.332374,65.407476
2517000,7.965462,70.236591,59.657815
2517300,65.38396,65.746236,65.555869
2517600,2.333184,70.308667,59.747896
2517900,65.475317,65.834727,65.649883
2518200,0.21946300000000002,70.24018000000001,59.547012
2518500,2.203198,66.599705,59.223895
2518800,64.94404,65.787287,65.334376
2519100,62.532724,98.551864,68.375493
2519400,62.45294200000001,66.23176,65.075071
2519700,62.220096999999996,98.978321,68.43197099999999
2520000,63.117151,80.164536,66.612939
2520300,63.285447,99.407522,69.060061
2520600,64.714564,66.038248,65.57074200000001
2520900,62.074312,99.604951,68.448146
2521200,63.257886,99.46512,68.61084
2521500,64.084405,66.898708,65.383546
2521800,62.861338,99.116786,68.590972
2522100,62.195034,69.110547,65.325376
2522400,62.964422,66.647819,65.403033
2522700,63.009657999999995,65.797822,65.33781
2523000,15.927035,67.284272,60.624991
2523300,63.732932,72.86491099999999,66.088699
2523600,62.739538,99.234893,68.829685
2523900,10.351725,77.193536,61.703205000000004
2524200,65.386902,65.742263,65.57245999999999
2524500,1.393332,70.124886,59.61594
2524800,65.372952,65.611722,65.512686
2525100,1.782456,70.036699,59.627855000000004
2525400,65.403642,65.692402,65.538837
2525700,0.334594,70.21135600000001,59.503074
2526000,65.404341,66.07728900000001,65.598916
2526300,0.266,70.338753,59.263594
2526600,2.4388389999999998,70.322395,59.704301
2526900,65.398247,65.76639499999999,65.635935
2527200,0.23105799999999999,70.287185,59.554446999999996
2527500,65.105626,75.19008000000001,66.728064
2527800,63.571367,98.696118,68.420485
2528100,62.640116000000006,78.205286,66.445894
2528400,63.092774,98.728426,68.46444699999999
2528700,63.765941000000005,67.226546,65.509642
2529000,62.978372,98.815999,68.535154
2529300,63.445147,98.400464,69.032925
2529600,60.168257,66.868197,65.181368
2529900,62.664848,99.166265,68.295831
2530200,64.37525,66.752332,65.40844399999999
2530500,62.420202,98.999257,68.215191
2530800,63.125073,66.176761,65.18964
2531100,11.019304,93.608417,62.88440799999999
2531400,64.87512,65.633051,65.30795400000001
2531700,63.110009999999996,89.847636,67.358937
2532000,65.459179,97.18704100000001,68.774653
2532300,62.730823,65.796647,65.263757
2532600,63.099652,96.361153,68.103088
2532900,63.04869300000001,65.646114,65.18463100000001
2533200,62.364578,97.870181,68.128401
2533500,65.03253000000001,65.53795799999999,65.38647900000001
2533800,63.197614,97.997749,68.489326
2534100,63.245437,65.914866,65.43353499999999
2534400,41.347189,68.696226,63.167055000000005
2534700,1.141424,93.057983,62.933209999999995
2535000,62.430989000000004,67.816601,65.20330200000001
2535300,62.246368000000004,97.59951600000001,68.121268
2535600,63.84705,67.11238,65.482509
2535900,60.597289,96.344825,68.072528
2536200,64.639969,66.06012700000001,65.453299
2536500,62.40916800000001,99.220314,68.30546
2536800,62.585731,66.65793199999999,65.092219
2537100,59.509147999999996,99.311428,68.109475
2537400,64.40003,99.650796,68.862225
2537700,62.62140600000001,66.512601,65.060604
2538000,63.364316,98.763322,68.36350300000001
2538300,64.132729,90.76038299999999,68.14607
2538600,49.026379,68.15414100000001,63.906735999999995
2538900,64.79817800000001,65.62993,65.371214
2539200,26.832265000000003,65.728494,61.373398
2539500,65.033369,65.790076,65.484164
2539800,62.998633,92.17782,67.72393000000001
2540100,64.744698,98.124687,68.661937
2540400,63.531068999999995,65.710297,65.34564499999999
2540700,62.43939399999999,98.642081,68.418335
2541000,65.403037,65.986726,65.638685
2541300,42.200706,68.78447,63.909364000000004
2541600,63.474088,65.749167,65.37035999999999
2541900,57.56535600000001,91.340929,69.485316
2542200,62.245298999999996,66.09402,65.039836
2542500,63.430769999999995,99.02188100000001,68.195697
2542800,64.872713,65.792527,65.341735
2543100,62.531989,98.902766,67.811531
2543400,62.45806700000001,99.36071899999999,68.60803299999999
2543700,62.497049,66.63839,65.192035
2544000,63.956123,98.765997,68.54167199999999
2544300,64.732789,66.485293,65.54294200000001
2544600,62.557418000000006,96.890998,68.168412
2544900,65.16580400000001,66.1846,65.593114
2545200,64.898313,70.895358,66.180741
2545500,65.012945,88.582279,67.787152
2545800,65.477497,98.820217,68.967191
2546100,29.621066,69.36215899999999,62.392483999999996
2546400,65.62297099999999,65.85325300000001,65.756845
2546700,1.398259,70.452708,59.783331999999994
2547000,63.506325,65.94935,65.542506
2547300,0.23460599999999998,70.483401,59.505254
2547600,63.582799,66.033968,65.621585
2547900,0.425778,70.563133,59.707403
2548200,64.219167,66.24296700000001,65.30908000000001
2548500,37.534425,66.475424,62.613751
2548800,60.552924,97.301355,67.963362
2549100,62.658152,88.554087,67.298013
2549400,63.443289,99.19111600000001,68.580321
2549700,62.721728000000006,66.30224399999999,64.899282
2550000,64.915121,96.22662199999999,68.476489
2550300,65.613008,65.838274,65.733812
2550600,0.512901,65.858326,57.590193000000006
2550900,65.49177399999999,65.65803100000001,65.579061
2551200,65.588288,75.417109,66.8235
2551500,2.320229,70.4281,59.79375699999999
2551800,63.507748,66.05888399999999,65.511842
2552100,1.390011,70.743412,59.910106000000006
2552400,65.51829000000001,66.02972199999999,65.855387
2552700,0.326237,74.20695400000001,60.618269
2553000,62.470503,66.641409,65.076413
2553300,63.009029000000005,97.851506,68.335052
2553600,64.28094,66.34042600000001,65.37160899999999
2553900,64.877607,94.910624,68.47806
2554200,39.677268,67.312269,63.080224
2554500,62.428814,74.059398,65.963758
2554800,61.956949,99.172348,68.211878
2555100,65.029995,65.876008,65.512962
2555400,47.187481,67.32611800000001,63.658002
2555700,62.885277,65.709503,65.156426
2556000,8.450516,66.846985,59.907623
2556300,65.345352,90.631176,68.083206
2556600,45.919399,68.674277,64.012026
2556900,1.404934,70.622664,59.822325
2557200,65.609189,66.04065899999999,65.815497
2557500,0.8932680000000001,70.526825,59.866417000000006
2557800,65.668999,66.121942,65.83715600000001
2558100,2.3812900000000004,70.420425,59.821858999999996
2558400,64.337055,65.852471,65.53649399999999
2558700,0.254391,70.567809,59.262479000000006
2559000,65.71524000000001,65.959325,65.787183
2559300,0.327404,70.497284,59.67504399999999
2559600,0.209612,70.525198,59.642343999999994
2559900,65.22391400000001,88.361861,67.921095
2560200,62.881963,99.301816,68.63958199999999
2560500,62.258204000000006,66.094408,65.272655
2560800,63.629938,99.21364100000001,68.550397
2561100,63.157775,66.92615699999999,65.181802
2561400,62.144374,99.419398,68.501898
2561700,62.57494499999999,65.92697199999999,65.109328
2562000,64.044051,99.431371,68.688611
2562300,64.123693,99.14809699999999,68.792521
2562600,64.705294,79.12005,66.81345400000001
2562900,63.330017000000005,96.30364,68.266014
2563200,64.000159,66.08929499999999,65.185573
2563500,63.121331000000005,96.179699,68.886466
2563800,63.091791,66.57328000000001,65.37479499999999
2564100,5.898804,67.031444,59.505196
2564400,64.843305,65.73469899999999,65.489349
2564700,63.318495999999996,95.138841,67.97649200000001
2565000,63.717408,97.94550799999999,68.679506
2565300,65.972412,66.170025,66.066452
2565600,63.727291,98.49080699999999,68.92732099999999
2565900,62.658597,65.697695,64.928951
2566200,41.240815000000005,78.488687,64.100554
2566500,64.530644,65.604718,65.243199
2566800,63.035320999999996,98.634715,68.278762
2567100,63.345126,92.492213,68.52195999999999
2567400,2.505626,68.7046,59.581447
2567700,0.389268,69.479559,59.182485
2568000,63.309264,65.895335,65.19333
2568300,0.135604,70.523413,59.578136
2568600,65.423447,65.62943299999999,65.48892
2568900,0.408979,70.206239,59.454556000000004
2569200,65.45778299999999,66.022697,65.621617
2569500,0.165096,70.330187,59.441341
2569800,65.315845,65.581851,65.46830899999999
2570100,0.292964,70.14244000000001,59.193548
2570400,0.356134,69.999618,59.460515
2570700,65.02091,84.509613,67.400504
2571000,62.305071999999996,99.402795,68.410282
2571300,62.592661,66.49503299999999,65.334393
2571600,63.790881999999996,98.826285,68.459967
2571900,64.706225,66.389049,65.462337
2572200,60.191649,97.682893,67.931559
2572500,62.638114,65.885076,64.930686
2572800,63.150543000000006,99.29021,68.58991800000001
2573100,62.648543000000004,99.230136,68.488247
2573400,62.394408,66.320911,64.87024
2573700,62.246301,98.70513000000001,68.447592
2574000,63.749947,65.88471899999999,65.109838
2574300,65.52533000000001,95.527821,69.992604
2574600,65.631632,70.056166,66.20443
2574900,0.233082,70.461903,59.606478
2575200,65.59240799999999,65.842906,65.68994599999999
2575500,0.280333,70.545941,59.614385999999996
2575800,1.517528,70.669522,59.523987
2576100,63.350646,65.893417,65.536641
2576400,0.189745,70.40146700000001,59.347401
2576700,65.512404,65.800647,65.61510600000001
2577000,0.398937,70.245988,59.600525
2577300,65.431071,65.877183,65.715186
2577600,0.284026,70.450199,59.601577
2577900,65.554063,65.885799,65.721108
2578200,55.765999,98.956126,67.843335
2578500,63.51006700000001,98.726528,68.660978
2578800,63.394476,65.853792,65.480909
2579100,63.20651899999999,95.64380899999999,68.268309
2579400,65.197115,65.802853,65.54589
2579700,31.404518,68.984441,62.478462
2580000,62.715270999999994,66.072005,65.057183
2580300,60.74713199999999,65.609619,64.73885600000001
2580600,64.757653,65.787941,65.32387800000001
2580900,62.811501,99.323897,68.247597
2581200,64.69367700000001,98.909541,68.761675
2581500,62.627679,81.148668,66.48512099999999
2581800,58.572249,98.516809,69.481248
2582100,64.83142,67.630363,65.54195899999999
2582400,62.861045,99.520275,68.654314
2582700,64.573203,66.420978,65.54939399999999
2583000,55.154136,99.066224,68.187201
2583300,64.092906,65.934342,65.352058
2583600,63.852828,99.65203299999999,68.561476
2583900,63.309286,100.0,68.650315
2584200,63.205672,66.23942199999999,64.993628
2584500,63.15430500000001,100.0,68.303435
2584800,64.83796099999999,68.31984200000001,65.689197
2585100,61.584782999999995,99.595475,68.592475
2585400,65.139716,93.041133,68.257471
2585700,63.028473999999996,97.78950999999999,68.468761
2586000,65.02484100000001,78.935238,66.876902
2586300,13.206565,65.915283,60.136826
2586600,65.261161,98.726834,69.57141
2586900,62.860746999999996,67.30428,65.374121
2587200,48.903749,67.029717,64.222571
2587500,65.10793699999999,65.741175,65.426714
2587800,63.553171,80.439904,66.671735
2588100,62.326046,65.605283,64.99857800000001
2588400,63.456607999999996,98.91047900000001,68.5376
2588700,65.333935,65.833149,65.620891
2589000,63.903319999999994,99.551005,72.092199
2589300,62.186842000000006,99.014154,68.424518
2589600,61.422892000000004,66.16035699999999,64.743342
2589900,64.589924,98.00240500000001,68.84446899999999
2590200,64.816663,66.753286,65.48255400000001
2590500,62.680629,99.596681,68.67819
2590800,62.255699,66.35709399999999,65.04885999999999
2591100,62.796385,99.84011,68.634287
2591400,64.07796,66.737829,65.502101
2591700,63.476074,99.67720899999999,68.493561
